1:ItNr	2:Metric	3:StepSize	4:||Gradient||	Time[ms]
0	-0.299406	627.201626	0.002870	462.7
1	-1.875831	623.504937	0.011873	7.8
2	-1.324955	619.865785	0.016807	7.8
3	-0.309000	616.282728	0.004966	7.8
4	-1.266957	612.754375	0.012426	9.9
5	-1.924778	609.279381	0.028363	9.4
6	-0.656054	605.856447	0.010471	8.2
7	-0.835252	602.484317	0.013860	8.0
8	-1.533714	599.161779	0.023427	8.3
9	-1.507280	595.887656	0.011223	10.3
10	-0.840372	592.660813	0.009946	10.2
11	-0.276311	589.480151	0.006995	13.2
12	-2.002855	586.344606	0.018648	14.8
13	-1.439639	583.253145	0.023344	10.4
14	-1.203149	580.204771	0.008211	9.0
15	-0.524472	577.198517	0.011087	12.5
16	-1.419374	574.233444	0.044377	12.2
17	-1.700535	571.308645	0.014921	9.0
18	-0.454297	568.423237	0.016767	11.6
19	-1.538909	565.576365	0.024261	12.2
20	-1.600642	562.767201	0.019651	14.4
21	-1.694999	559.994938	0.031885	9.2
22	-1.552356	557.258797	0.015751	10.5
23	-0.225706	554.558018	0.002010	10.7
24	-0.901615	551.891865	0.011074	9.6
25	-0.988372	549.259621	0.013248	11.9
26	-0.519464	546.660592	0.007162	8.7
27	-1.802302	544.094102	0.020232	11.7
28	-0.282868	541.559494	0.004007	11.6
29	-0.748000	539.056129	0.011356	8.4
30	-1.767333	536.583387	0.022801	9.8
31	-1.809292	534.140663	0.021210	11.6
32	-0.951385	531.727370	0.014697	8.0
33	-1.013975	529.342935	0.011351	35.1
34	-0.939435	526.986802	0.010335	31.2
35	-0.358329	524.658430	0.004596	21.3
36	-0.291151	522.357290	0.003221	20.5
37	-0.944284	520.082868	0.008530	15.0
38	-0.535341	517.834665	0.006161	12.7
39	-0.434170	515.612193	0.007377	7.6
40	-0.933179	513.414976	0.015669	7.7
41	-1.120070	511.242551	0.008128	7.5
42	-1.288278	509.094468	0.012803	10.6
43	-1.655857	506.970285	0.018316	7.8
44	-0.525817	504.869574	0.004887	8.0
45	-1.003763	502.791916	0.013636	7.4
46	-1.521092	500.736903	0.007416	8.2
47	-0.221046	498.704137	0.003142	10.5
48	-0.502982	496.693228	0.005526	8.1
49	-1.092461	494.703798	0.012803	7.7
50	-0.461196	492.735476	0.005379	8.7
51	-0.743894	490.787900	0.010630	9.2
52	-0.609577	488.860718	0.015012	10.2
53	-0.275321	486.953585	0.003326	13.5
54	-1.536584	485.066164	0.010993	7.6
55	-1.849913	483.198126	0.024825	10.8
56	-1.572987	481.349149	0.023073	8.3
57	-0.165467	479.518920	0.003961	9.8
58	-0.915459	477.707132	0.008218	13.1
59	-1.162550	475.913485	0.014911	14.8
60	-1.298754	474.137684	0.010885	12.1
61	-1.264668	472.379445	0.014797	13.8
62	-1.036478	470.638485	0.005356	15.4
63	-1.524859	468.914531	0.014800	14.9
64	-1.120058	467.207315	0.009328	13.6
65	-0.033447	465.516573	0.000453	16.3
66	-1.980213	463.842050	0.013288	15.5
67	-1.023577	462.183494	0.014903	15.2
68	-0.676959	460.540658	0.005154	30.4
69	-0.562768	458.913303	0.008345	20.2
70	-0.611296	457.301192	0.005025	19.3
71	-0.390376	455.704096	0.007256	14.1
72	-0.516933	454.121787	0.013887	10.1
73	-1.834357	452.554045	0.011592	7.7
74	-1.608666	451.000653	0.012514	12.2
75	-0.564388	449.461399	0.010214	7.6
76	-1.788819	447.936075	0.026738	8.3
77	-0.543123	446.424477	0.005052	7.7
78	-1.625535	444.926406	0.017698	8.2
79	-1.477156	443.441666	0.016265	10.3
80	-1.039562	441.970065	0.013750	8.3
81	-0.595970	440.511415	0.004449	8.8
82	-1.805292	439.065533	0.037906	7.5
83	-0.424736	437.632238	0.011585	8.4
84	-1.291724	436.211351	0.017553	9.4
85	-1.407068	434.802701	0.027983	8.8
86	-0.444685	433.406117	0.005488	8.1
87	-1.319992	432.021430	0.010668	8.3
88	-1.948570	430.648479	0.014010	7.4
89	-0.738617	429.287101	0.010084	10.1
90	-0.791077	427.937140	0.006633	7.7
91	-1.176397	426.598440	0.013214	8.3
92	-1.377106	425.270849	0.014352	8.4
93	-1.835825	423.954220	0.014424	8.9
94	-1.449520	422.648404	0.012530	11.4
95	-0.654468	421.353259	0.007534	7.4
96	-0.308140	420.068643	0.004157	7.4
97	-1.343019	418.794419	0.005382	10.5
98	-1.324266	417.530451	0.008679	10.2
99	-1.308108	416.276604	0.014732	7.4
100	-1.325042	415.032748	0.010778	7.4
101	-1.159998	413.798754	0.010381	8.4
102	-1.244651	412.574495	0.018454	7.6
103	-1.414879	411.359849	0.014485	10.3
104	-1.081368	410.154691	0.011355	9.0
105	-1.564605	408.958904	0.042780	7.4
106	-0.186394	407.772368	0.005883	7.4
107	-1.573626	406.594968	0.036805	7.4
108	-1.747010	405.426590	0.014732	11.0
109	-1.320988	404.267122	0.041832	7.4
110	-1.330856	403.116456	0.007579	8.5
111	-0.162641	401.974481	0.004152	7.4
112	-0.988927	400.841093	0.003445	8.2
113	-1.458381	399.716187	0.017681	10.1
114	-0.810693	398.599660	0.008929	7.3
115	-0.603541	397.491411	0.004704	7.6
116	-0.431398	396.391342	0.006165	7.6
117	-0.878801	395.299353	0.009778	7.4
118	-0.313631	394.215350	0.002279	10.1
119	-1.008687	393.139238	0.018171	7.4
120	-0.837766	392.070924	0.004097	7.6
121	-1.237988	391.010316	0.005978	7.5
122	-1.597687	389.957325	0.029380	7.5
123	-1.800015	388.911862	0.025831	10.7
124	-1.065837	387.873839	0.008352	7.4
125	-1.871278	386.843173	0.019649	7.4
126	-1.034707	385.819777	0.011745	7.6
127	-0.322356	384.803569	0.004819	8.4
128	-1.602458	383.794468	0.010591	9.7
129	-1.323786	382.792393	0.021688	7.4
130	-1.607912	381.797264	0.011094	7.8
131	-1.560907	380.809005	0.023242	7.6
132	-0.798671	379.827537	0.004845	7.5
133	-1.594565	378.852786	0.014460	10.3
134	-1.274762	377.884678	0.018888	7.7
135	-0.743023	376.923138	0.010364	7.4
136	-1.700565	375.968095	0.014707	7.5
137	-0.863894	375.019479	0.007074	7.4
138	-1.412297	374.077218	0.025160	9.9
139	-1.923359	373.141244	0.011862	7.4
140	-0.616241	372.211489	0.005781	7.5
141	-0.888793	371.287887	0.008796	7.6
142	-1.479235	370.370370	0.011180	7.4
143	-0.455788	369.458876	0.004422	10.0
144	-0.564172	368.553338	0.017281	8.3
145	-0.822936	367.653696	0.011112	7.5
146	-1.877586	366.759885	0.014468	7.4
147	-1.609721	365.871846	0.011820	7.4
148	-0.529706	364.989518	0.003647	10.0
149	-0.171891	364.112841	0.002828	7.9
150	-0.199140	363.241757	0.004154	10.6
151	-1.866389	362.376208	0.028231	7.6
152	-1.321810	361.516137	0.007989	9.1
153	-0.764782	360.661488	0.011469	9.2
154	-1.611620	359.812206	0.007803	11.5
155	-1.025776	358.968236	0.003936	7.5
156	-1.243810	358.129524	0.035158	8.3
157	-0.411135	357.296018	0.010307	8.4
158	-0.687559	356.467665	0.003878	8.9
159	-1.612425	355.644414	0.027596	7.4
160	-1.752208	354.826213	0.028529	7.5
161	-1.604500	354.013012	0.021534	7.4
162	-1.149312	353.204763	0.010196	10.8
163	-0.354277	352.401415	0.003072	7.5
164	-0.945295	351.602922	0.013465	7.4
165	-1.097695	350.809235	0.008768	7.5
166	-1.243049	350.020308	0.012678	8.7
167	-1.481037	349.236095	0.024021	10.0
168	-0.227922	348.456550	0.001471	7.6
169	-1.338214	347.681627	0.010306	7.4
170	-1.650977	346.911283	0.032343	7.5
171	-1.322217	346.145474	0.011814	7.4
172	-0.216730	345.384157	0.002237	10.0
173	-0.445196	344.627288	0.005941	7.7
174	-1.386331	343.874826	0.021732	7.6
175	-0.912463	343.126729	0.013506	7.6
176	-0.204227	342.382957	0.004576	7.6
177	-0.509181	341.643469	0.011326	10.0
178	-0.234279	340.908224	0.006141	7.5
179	-1.773363	340.177184	0.013150	8.2
180	-1.311504	339.450309	0.014051	7.6
181	-1.431032	338.727561	0.027585	7.6
182	-1.001171	338.008902	0.010792	10.9
183	-1.203947	337.294295	0.009864	7.8
184	-1.555447	336.583703	0.004950	8.0
185	-1.767354	335.877089	0.035339	13.6
186	-0.909157	335.174416	0.007401	14.4
187	-0.734228	334.475651	0.010600	10.1
188	-0.925098	333.780756	0.013907	10.0
189	-1.565594	333.089698	0.013344	7.9
190	-2.029351	332.402443	0.004999	10.3
191	-0.950123	331.718955	0.010375	8.0
192	-1.805088	331.039203	0.019215	7.8
193	-0.716323	330.363153	0.005450	7.5
194	-1.360406	329.690771	0.008778	7.4
195	-1.928065	329.022027	0.018871	11.4
196	-1.674988	328.356888	0.028544	8.3
197	-1.319131	327.695322	0.027713	8.6
198	-0.484478	327.037299	0.003367	8.2
199	-0.823895	326.382787	0.009105	8.3
200	-1.394001	325.731758	0.008624	10.2
201	-1.041003	325.084179	0.008699	8.4
202	-0.590516	324.440023	0.016489	8.2
203	-1.215491	323.799258	0.018408	8.1
204	-0.704814	323.161858	0.008214	10.8
205	-1.589913	322.527792	0.031224	8.5
206	-1.332511	321.897034	0.016635	9.0
207	-1.196802	321.269554	0.010170	9.3
208	-0.198187	320.645325	0.005957	16.5
209	-0.158637	320.024320	0.001931	8.5
210	-1.727597	319.406512	0.030506	11.2
211	-1.774541	318.791875	0.005463	8.5
212	-1.518334	318.180381	0.016286	10.4
213	-0.912396	317.572005	0.011895	9.4
214	-0.895346	316.966721	0.004389	7.5
215	-1.734539	316.364504	0.015119	7.9
216	-1.308921	315.765329	0.011399	8.0
217	-0.460417	315.169170	0.002758	9.9
218	-0.233216	314.576003	0.001507	7.7
219	-1.512007	313.985804	0.016196	7.6
220	-1.872057	313.398548	0.013557	7.6
221	-1.640844	312.814213	0.017709	8.0
222	-1.603019	312.232773	0.026861	9.2
223	-1.341898	311.654207	0.006550	7.6
224	-0.649270	311.078491	0.007259	7.5
225	-0.680402	310.505602	0.012379	7.4
226	-0.337279	309.935518	0.003404	8.4
227	-1.350832	309.368217	0.009682	8.1
228	-1.084415	308.803676	0.005853	7.4
229	-1.767777	308.241874	0.009796	7.3
230	-0.466626	307.682789	0.009614	7.4
231	-1.846563	307.126400	0.031564	9.3
232	-1.740185	306.572687	0.036562	7.3
233	-1.522882	306.021627	0.018061	7.6
234	-1.488106	305.473201	0.014111	7.4
235	-1.529058	304.927388	0.005086	7.6
236	-0.342858	304.384168	0.006395	10.1
237	-0.603851	303.843521	0.005721	7.5
238	-0.934127	303.305427	0.006770	7.5
239	-1.276245	302.769867	0.009686	7.4
240	-0.523555	302.236821	0.017961	7.4
241	-0.825430	301.706270	0.002202	9.8
242	-0.905301	301.178196	0.005669	7.5
243	-0.619743	300.652580	0.006229	8.0
244	-1.930391	300.129402	0.005181	7.4
245	-1.833292	299.608645	0.006770	7.3
246	-1.325106	299.090291	0.026170	9.9
247	-2.057277	298.574321	0.012804	7.7
248	-0.798890	298.060718	0.008031	7.5
249	-1.597805	297.549465	0.018213	7.6
250	-1.849503	297.040543	0.009924	7.4
251	-0.570117	296.533936	0.004447	9.2
252	-1.096992	296.029626	0.006192	7.5
253	-0.578434	295.527597	0.011601	7.4
254	-1.080988	295.027832	0.014389	7.4
255	-1.525427	294.530315	0.006055	7.3
256	-1.836796	294.035028	0.010734	10.1
257	-1.019869	293.541956	0.004643	7.6
258	-1.631703	293.051083	0.007441	7.6
259	-1.943801	292.562393	0.006396	7.4
260	-0.077639	292.075870	0.000847	7.5
261	-1.576494	291.591498	0.027307	9.9
262	-1.950523	291.109263	0.028648	8.6
263	-0.966793	290.629149	0.017141	8.9
264	-1.525696	290.151140	0.010163	7.9
265	-1.816160	289.675222	0.019062	10.6
266	-1.822491	289.201380	0.014738	9.7
267	-1.143003	288.729600	0.009155	10.5
268	-0.907466	288.259866	0.011368	10.3
269	-1.041376	287.792165	0.003076	6.8
270	-0.373326	287.326481	0.011148	12.0
271	-1.396757	286.862802	0.012743	8.6
272	-1.221752	286.401113	0.016708	7.6
273	-0.700505	285.941400	0.009576	8.2
274	-1.849925	285.483649	0.033292	9.7
275	-0.909150	285.027847	0.012110	8.2
276	-0.601246	284.573981	0.005324	8.0
277	-1.925669	284.122037	0.015230	7.4
278	-0.891049	283.672002	0.017763	7.7
279	-1.012183	283.223863	0.008235	10.3
280	-1.366746	282.777607	0.019852	7.7
281	-0.656509	282.333221	0.004949	7.5
282	-1.196598	281.890692	0.028465	7.4
283	-1.902980	281.450008	0.020432	7.4
284	-1.513658	281.011157	0.005923	10.4
285	-1.929701	280.574125	0.008994	8.3
286	-0.720624	280.138901	0.011589	8.8
287	-0.182100	279.705473	0.001947	7.4
288	-0.449716	279.273829	0.008068	7.5
289	-0.990171	278.843956	0.028733	11.2
290	-0.877374	278.415844	0.007700	11.9
291	-0.524506	277.989479	0.005952	7.4
292	-1.352421	277.564851	0.011323	9.1
293	-0.449485	277.141949	0.012639	9.1
294	-1.869775	276.720761	0.024474	7.8
295	-1.853690	276.301275	0.016670	7.5
296	-0.738381	275.883480	0.005529	8.0
297	-1.424677	275.467366	0.008755	7.4
298	-0.745733	275.052922	0.013274	10.5
299	-2.029519	274.640136	0.015592	8.1
300	-1.232139	274.228998	0.023362	7.6
301	-1.756055	273.819497	0.010709	7.5
302	-1.640969	273.411623	0.013230	12.1
303	-0.304980	273.005365	0.003252	14.9
304	-0.552703	272.600712	0.005625	12.5
305	-1.746357	272.197655	0.011433	13.3
306	-1.929718	271.796184	0.011104	12.8
307	-1.890070	271.396287	0.018436	12.0
308	-0.348209	270.997956	0.003277	10.5
309	-1.467730	270.601180	0.011518	13.0
310	-1.261480	270.205949	0.011982	12.1
311	-1.856289	269.812254	0.020435	9.4
312	-0.523599	269.420085	0.007207	7.3
313	-0.803567	269.029432	0.006612	9.0
314	-1.335223	268.640287	0.013503	8.4
315	-0.573648	268.252638	0.018561	7.8
316	-1.674341	267.866478	0.022882	7.9
317	-1.745510	267.481796	0.025332	7.4
318	-1.918828	267.098584	0.021851	10.2
319	-1.596756	266.716833	0.020223	8.5
320	-0.530444	266.336533	0.004506	6.7
321	-1.212138	265.957676	0.008193	9.9
322	-0.737377	265.580253	0.006547	14.1
323	-1.634782	265.204254	0.032546	14.4
324	-0.557620	264.829672	0.002980	12.6
325	-0.266325	264.456497	0.005177	16.6
326	-1.247768	264.084721	0.007399	14.1
327	-1.889023	263.714335	0.011713	13.3
328	-1.091046	263.345332	0.008190	12.8
329	-0.427758	262.977702	0.007713	12.5
330	-1.844409	262.611438	0.015185	10.7
331	-1.009686	262.246531	0.010818	8.4
332	-1.924808	261.882973	0.023826	12.0
333	-0.875468	261.520756	0.008719	8.3
334	-0.700101	261.159871	0.008187	8.5
335	-0.366883	260.800312	0.006706	8.7
336	-0.486231	260.442070	0.005870	8.6
337	-0.497240	260.085137	0.006481	12.3
338	-1.088880	259.729505	0.028860	8.3
339	-1.673619	259.375167	0.014287	7.7
340	-0.207638	259.022116	0.002815	8.3
341	-1.082116	258.670343	0.014704	10.8
342	-0.164167	258.319841	0.001115	8.3
343	-1.848072	257.970602	0.011900	8.5
344	-0.343661	257.622620	0.003624	8.3
345	-0.551343	257.275887	0.020280	14.0
346	-1.824818	256.930396	0.009285	13.5
347	-1.659677	256.586139	0.005203	14.7
348	-1.456325	256.243109	0.013178	11.4
349	-2.011142	255.901300	0.007231	9.4
350	-1.157214	255.560703	0.033490	8.8
351	-0.826587	255.221313	0.028007	8.2
352	-0.720922	254.883122	0.008984	10.4
353	-0.194739	254.546124	0.003209	8.9
354	-1.735119	254.210311	0.033125	8.4
355	-0.299706	253.875677	0.003343	8.8
356	-0.485613	253.542215	0.003658	8.1
357	-1.213018	253.209918	0.017217	12.2
358	-0.677343	252.878781	0.009621	8.4
359	-0.773971	252.548795	0.010665	9.2
360	-1.240694	252.219956	0.016556	8.3
361	-1.632566	251.892255	0.006815	10.2
362	-0.939058	251.565688	0.009873	8.4
363	-1.344082	251.240247	0.022903	8.1
364	-0.200837	250.915926	0.002741	9.0
365	-0.720659	250.592720	0.009797	9.8
366	-0.918266	250.270621	0.014182	10.1
367	-1.801661	249.949624	0.013947	13.5
368	-0.681013	249.629723	0.008498	8.2
369	-1.970619	249.310911	0.020510	10.9
370	-1.625270	248.993182	0.024620	7.9
371	-0.823547	248.676531	0.013847	8.1
372	-1.002350	248.360952	0.007581	7.4
373	-1.282506	248.046438	0.033508	7.5
374	-1.780301	247.732984	0.021311	10.0
375	-1.943120	247.420584	0.011682	8.9
376	-1.434342	247.109233	0.012007	7.5
377	-0.650508	246.798924	0.006029	8.4
378	-1.651576	246.489652	0.020496	7.5
379	-0.400638	246.181412	0.003985	9.6
380	-0.701134	245.874197	0.012933	8.0
381	-1.795061	245.568002	0.036043	7.6
382	-1.860497	245.262822	0.026956	7.5
383	-1.831805	244.958652	0.018066	7.6
384	-1.463360	244.655485	0.004450	9.8
385	-0.625847	244.353317	0.006168	7.7
386	-1.565106	244.052142	0.018189	7.4
387	-1.754945	243.751955	0.006786	7.5
388	-1.258477	243.452750	0.006683	7.4
389	-0.706017	243.154523	0.004416	10.1
390	-1.006224	242.857268	0.020170	7.9
391	-0.827938	242.560980	0.008061	7.9
392	-0.980276	242.265654	0.018878	8.0
393	-1.283085	241.971285	0.007715	7.8
394	-1.814498	241.677868	0.021272	10.0
395	-1.668349	241.385397	0.011375	7.8
396	-1.731606	241.093869	0.008705	7.7
397	-1.014523	240.803278	0.007220	7.9
398	-1.870977	240.513619	0.026782	7.7
399	-0.373530	240.224887	0.004411	11.3
400	-1.870202	239.937077	0.009323	8.6
401	-1.444512	239.650186	0.008209	8.7
402	-0.274537	239.364207	0.002639	8.3
403	-0.307650	239.079136	0.002810	8.5
404	-1.938913	238.794969	0.020722	10.8
405	-1.482361	238.511701	0.009413	8.0
406	-0.582690	238.229327	0.007526	8.5
407	-1.137804	237.947843	0.008011	9.7
408	-1.589920	237.667244	0.022058	16.7
409	-1.338964	237.387526	0.017915	9.1
410	-1.282305	237.108684	0.019240	8.8
411	-0.023034	236.830714	0.000874	12.7
412	-1.953269	236.553610	0.020000	9.1
413	-0.561903	236.277370	0.004689	8.9
414	-0.546540	236.001989	0.008156	15.6
415	-1.906122	235.727461	0.018897	13.6
416	-0.996500	235.453784	0.007541	9.1
417	-0.752009	235.180952	0.009550	10.9
418	-1.896444	234.908962	0.012979	11.4
419	-0.492154	234.637809	0.005437	8.6
420	-1.543429	234.367488	0.009693	9.5
421	-0.702006	234.097997	0.008792	9.0
422	-1.657304	233.829331	0.020020	9.4
423	-1.686128	233.561485	0.011655	11.4
424	-0.999355	233.294456	0.015884	8.6
425	-1.872754	233.028239	0.009131	11.3
426	-1.268464	232.762831	0.003517	11.3
427	-0.665380	232.498228	0.004807	8.2
428	-0.729652	232.234425	0.015845	8.6
429	-1.359120	231.971419	0.038215	8.6
430	-1.536773	231.709205	0.017760	7.9
431	-0.633167	231.447781	0.014054	10.3
432	-1.949846	231.187141	0.012749	11.8
433	-1.489617	230.927283	0.009903	9.8
434	-0.949543	230.668202	0.010579	7.3
435	-0.196113	230.409895	0.002305	10.5
436	-1.919997	230.152358	0.005159	7.5
437	-1.795561	229.895587	0.022440	8.4
438	-0.906613	229.639578	0.010207	7.4
439	-0.449682	229.384329	0.005434	11.0
440	-0.390153	229.129834	0.002493	6.4
441	-1.550563	228.876091	0.011449	7.6
442	-0.259321	228.623096	0.003052	7.1
443	-1.971455	228.370846	0.006830	7.4
444	-1.502314	228.119336	0.011874	9.3
445	-1.006501	227.868563	0.009762	10.2
446	-0.321567	227.618525	0.004203	7.6
447	-1.504677	227.369216	0.016507	10.1
448	-1.650614	227.120635	0.007901	8.3
449	-1.561426	226.872777	0.007621	10.0
450	-1.365964	226.625638	0.018196	7.9
451	-0.996885	226.379217	0.009859	8.0
452	-1.860133	226.133509	0.016417	8.0
453	-0.441143	225.888510	0.004683	10.6
454	-1.798945	225.644218	0.014570	8.3
455	-0.677020	225.400630	0.005687	7.9
456	-1.959651	225.157741	0.018952	8.6
457	-1.366649	224.915549	0.005379	7.9
458	-0.632618	224.674051	0.003404	10.8
459	-0.840492	224.433242	0.023047	8.1
460	-1.073780	224.193121	0.024801	8.5
461	-0.126182	223.953684	0.001903	8.4
462	-1.876300	223.714927	0.005921	8.7
463	-0.595434	223.476848	0.010079	16.3
464	-1.039428	223.239444	0.012525	17.4
465	-0.676844	223.002710	0.007719	14.3
466	-1.467771	222.766645	0.016539	12.4
467	-1.406125	222.531245	0.013627	12.8
468	-1.379996	222.296508	0.030038	16.9
469	-1.495134	222.062429	0.007806	12.4
470	-0.900822	221.829007	0.012184	12.8
471	-1.398196	221.596238	0.031875	13.1
472	-1.090523	221.364119	0.012053	14.5
473	-1.710314	221.132647	0.012989	10.7
474	-0.736364	220.901820	0.007161	14.5
475	-0.670286	220.671634	0.007599	12.0
476	-1.674959	220.442086	0.020142	11.6
477	-1.557480	220.213174	0.013951	8.9
478	-1.048527	219.984895	0.004474	12.0
479	-0.819148	219.757246	0.015196	11.1
480	-0.768656	219.530224	0.018876	8.9
481	-1.556619	219.303826	0.010075	11.8
482	-1.921350	219.078050	0.010670	13.5
483	-1.358901	218.852893	0.008013	16.4
484	-0.679963	218.628352	0.008793	16.9
485	-1.851795	218.404424	0.008186	17.2
486	-1.797244	218.181106	0.011765	9.0
487	-1.550732	217.958397	0.009666	10.7
488	-0.634188	217.736292	0.005017	9.1
489	-0.501014	217.514790	0.010337	9.4
490	-0.366802	217.293888	0.008064	11.4
491	-1.204301	217.073584	0.015015	9.2
492	-1.301350	216.853873	0.004598	10.1
493	-1.337818	216.634755	0.012194	12.1
494	-0.841184	216.416227	0.018016	8.1
495	-1.691291	216.198285	0.006658	9.2
496	-0.202553	215.980927	0.001279	9.8
497	-1.154063	215.764151	0.006825	9.2
498	-0.441227	215.547955	0.002758	10.2
499	-1.831020	215.332335	0.017759	8.0
500	-0.362290	215.117289	0.008477	8.4
501	-1.164707	214.902815	0.013561	8.0
502	-1.469735	214.688911	0.007456	10.3
503	-1.248966	214.475573	0.009026	8.3
504	-1.928420	214.262800	0.021135	8.4
505	-1.114612	214.050588	0.008824	7.9
506	-0.557585	213.838936	0.005499	7.8
507	-1.910590	213.627842	0.012855	10.2
508	-1.132274	213.417302	0.022540	13.1
509	-1.334818	213.207314	0.007421	17.6
510	-1.906963	212.997877	0.015349	13.3
511	-0.978899	212.788987	0.037498	8.4
512	-1.497690	212.580642	0.010044	10.1
513	-0.611900	212.372841	0.007497	10.6
514	-0.474439	212.165581	0.004255	9.3
515	-0.737445	211.958859	0.005778	9.5
516	-0.488192	211.752673	0.007682	8.3
517	-1.805867	211.547021	0.022412	8.0
518	-1.154830	211.341902	0.012783	7.9
519	-1.236833	211.137311	0.004894	11.0
520	-0.640538	210.933248	0.005364	7.9
521	-1.858210	210.729710	0.020081	8.8
522	-1.051335	210.526695	0.022409	7.9
523	-0.962383	210.324200	0.025868	11.1
524	-1.543167	210.122224	0.011472	8.9
525	-1.629031	209.920765	0.023369	9.7
526	-0.745728	209.719820	0.018514	9.2
527	-1.706164	209.519387	0.019045	8.2
528	-0.088676	209.319463	0.001145	10.6
529	-0.727781	209.120048	0.023090	9.1
530	-0.495580	208.921139	0.008956	12.7
531	-1.376956	208.722733	0.005018	11.9
532	-1.419437	208.524829	0.013823	8.2
533	-1.452002	208.327425	0.011028	11.3
534	-0.670551	208.130518	0.011349	9.5
535	-0.881517	207.934107	0.003937	9.6
536	-0.521564	207.738189	0.001461	7.8
537	-0.653498	207.542762	0.009784	8.1
538	-0.395131	207.347825	0.005617	8.0
539	-0.494328	207.153376	0.010078	8.0
540	-1.188516	206.959412	0.005057	12.4
541	-1.699614	206.765932	0.029296	8.3
542	-1.408609	206.572933	0.008442	8.0
543	-1.265067	206.380414	0.005785	7.4
544	-0.118530	206.188373	0.001234	8.5
545	-1.166347	205.996807	0.023427	10.3
546	-1.639207	205.805716	0.011429	8.3
547	-0.502309	205.615096	0.002977	11.8
548	-0.958996	205.424946	0.012579	10.0
549	-0.944826	205.235265	0.025202	11.6
550	-1.209544	205.046050	0.012981	12.6
551	-1.695858	204.857299	0.010519	9.8
552	-0.316648	204.669011	0.006685	10.1
553	-1.586893	204.481184	0.025920	14.3
554	-1.641792	204.293816	0.030299	10.3
555	-1.508631	204.106905	0.008216	10.0
556	-1.755041	203.920449	0.028069	12.4
557	-0.865638	203.734447	0.025470	13.4
558	-1.236262	203.548896	0.010468	8.1
559	-0.582153	203.363795	0.008699	10.6
560	-0.658025	203.179143	0.005741	12.4
561	-1.999718	202.994937	0.022888	11.7
562	-2.042789	202.811176	0.013404	10.6
563	-1.181234	202.627857	0.017391	8.8
564	-0.791152	202.444980	0.024852	7.8
565	-1.962040	202.262543	0.013265	9.6
566	-0.180642	202.080543	0.001996	9.9
567	-1.245547	201.898979	0.028170	7.5
568	-1.822693	201.717849	0.009919	7.7
569	-0.825596	201.537153	0.028284	8.4
570	-0.896850	201.356887	0.015019	12.1
571	-0.428210	201.177050	0.008215	8.2
572	-0.594844	200.997642	0.003493	6.7
573	-1.263790	200.818659	0.006984	10.0
574	-0.696961	200.640100	0.009907	7.9
575	-0.557023	200.461965	0.004954	10.8
576	-1.657722	200.284250	0.025096	8.3
577	-0.687495	200.106955	0.007926	7.7
578	-1.100299	199.930078	0.006189	7.0
579	-1.936222	199.753617	0.012052	8.1
580	-1.538170	199.577571	0.017014	10.5
581	-0.955555	199.401938	0.008179	7.7
582	-1.572504	199.226717	0.011335	7.2
583	-1.589512	199.051905	0.013426	8.1
584	-0.906252	198.877502	0.008576	7.7
585	-0.511830	198.703506	0.002592	10.1
586	-1.429370	198.529916	0.008523	7.6
587	-1.277797	198.356729	0.039818	7.8
588	-0.644079	198.183944	0.006907	8.0
589	-1.076482	198.011560	0.005806	7.8
590	-1.919423	197.839576	0.016233	10.4
591	-1.395980	197.667989	0.019917	7.6
592	-1.397587	197.496798	0.014915	8.3
593	-0.891878	197.326002	0.005394	7.9
594	-1.730401	197.155600	0.016901	7.8
595	-1.241928	196.985589	0.009077	10.2
596	-0.098547	196.815969	0.001886	8.5
597	-1.969459	196.646738	0.007145	11.7
598	-0.921999	196.477894	0.025756	7.9
599	-0.961389	196.309436	0.004285	9.5
600	-1.733115	196.141363	0.017904	8.1
601	-1.474770	195.973673	0.005598	7.7
602	-1.312218	195.806365	0.013151	7.8
603	-0.607173	195.639437	0.008866	12.6
604	-1.829992	195.472888	0.021537	10.1
605	-1.688405	195.306717	0.014459	7.8
606	-1.743491	195.140922	0.009647	8.0
607	-0.870780	194.975501	0.003690	7.5
608	-1.765008	194.810454	0.020256	10.8
609	-1.238278	194.645779	0.007668	7.5
610	-0.369095	194.481475	0.006379	7.5
611	-1.424739	194.317540	0.014768	7.5
612	-1.118126	194.153973	0.007535	7.4
613	-0.860937	193.990773	0.007338	10.7
614	-0.227423	193.827938	0.002863	8.7
615	-0.392047	193.665467	0.005585	7.8
616	-1.977699	193.503358	0.010320	9.0
617	-1.306980	193.341611	0.011951	8.5
618	-1.460733	193.180224	0.008125	10.3
619	-1.032603	193.019196	0.006869	7.5
620	-0.183275	192.858525	0.003384	8.0
621	-0.442564	192.698210	0.005178	7.8
622	-1.226214	192.538251	0.007838	9.4
623	-1.856936	192.378644	0.008718	7.4
624	-0.430150	192.219391	0.004010	7.8
625	-0.719263	192.060488	0.006623	7.6
626	-1.801622	191.901935	0.014897	7.0
627	-1.098476	191.743730	0.005902	12.4
628	-1.691150	191.585873	0.027961	9.3
629	-1.840648	191.428362	0.009654	8.7
630	-1.735581	191.271196	0.007965	7.7
631	-1.865523	191.114374	0.019146	9.2
632	-1.735990	190.957893	0.011247	13.2
633	-1.189933	190.801755	0.011083	8.8
634	-1.703128	190.645956	0.014294	8.6
635	-0.797889	190.490495	0.019476	9.3
636	-0.626313	190.335373	0.006195	12.2
637	-1.466133	190.180587	0.014302	8.6
638	-0.202742	190.026136	0.003446	9.0
639	-1.590932	189.872019	0.007525	8.3
640	-1.658345	189.718235	0.009980	12.7
641	-1.809938	189.564782	0.009717	8.5
642	-0.260020	189.411661	0.002234	8.6
643	-1.539706	189.258868	0.020661	8.6
644	-1.626621	189.106404	0.016091	10.6
645	-2.004770	188.954267	0.011464	9.7
646	-0.569714	188.802456	0.004621	8.4
647	-0.321542	188.650969	0.005439	8.6
648	-1.620723	188.499807	0.020369	9.2
649	-0.319560	188.348967	0.003049	10.1
650	-1.078460	188.198448	0.010940	9.5
651	-1.125200	188.048250	0.022691	8.7
652	-1.942744	187.898371	0.012563	9.9
653	-1.557237	187.748810	0.020347	9.6
654	-0.561996	187.599566	0.005488	8.8
655	-1.820361	187.450638	0.017207	7.8
656	-1.025721	187.302025	0.013786	8.1
657	-0.659282	187.153725	0.019854	10.5
658	-1.459792	187.005739	0.007430	9.0
659	-1.033790	186.858064	0.013080	9.3
660	-0.964392	186.710699	0.023656	7.9
661	-0.988746	186.563645	0.013169	7.9
662	-0.909576	186.416898	0.009447	10.9
663	-1.463006	186.270459	0.013278	8.0
664	-0.863425	186.124326	0.020958	7.6
665	-1.514709	185.978499	0.014741	7.7
666	-1.305193	185.832976	0.008620	10.7
667	-0.791742	185.687756	0.019343	7.6
668	-1.986888	185.542838	0.013872	7.6
669	-1.723619	185.398222	0.016955	7.7
670	-1.747048	185.253906	0.014070	7.8
671	-1.117956	185.109889	0.007627	10.7
672	-1.635019	184.966170	0.027120	11.0
673	-1.083658	184.822748	0.010051	7.9
674	-0.283554	184.679623	0.005944	8.7
675	-0.081160	184.536792	0.000991	8.5
676	-0.197129	184.394256	0.002081	9.4
677	-0.662275	184.252013	0.011438	7.6
678	-1.437589	184.110062	0.008501	7.6
679	-1.361652	183.968403	0.007336	7.7
680	-0.272236	183.827034	0.002848	10.6
681	-1.742250	183.685954	0.012550	7.8
682	-1.938614	183.545163	0.023805	7.7
683	-1.042592	183.404658	0.010096	7.8
684	-1.190385	183.264441	0.023177	7.8
685	-1.863377	183.124509	0.017174	11.2
686	-1.599415	182.984861	0.008599	8.0
687	-1.221978	182.845497	0.012085	7.6
688	-0.548441	182.706416	0.007698	8.5
689	-0.907446	182.567616	0.011634	7.7
690	-1.565173	182.429098	0.031995	10.2
691	-0.705833	182.290859	0.004610	8.6
692	-1.403735	182.152899	0.016160	8.0
693	-0.216330	182.015217	0.003944	7.8
694	-0.886498	181.877813	0.007305	7.8
695	-1.397302	181.740684	0.026458	10.0
696	-1.591931	181.603832	0.021170	10.8
697	-1.762460	181.467253	0.020257	10.2
698	-1.699016	181.330948	0.019973	15.9
699	-1.736036	181.194916	0.018875	10.3
700	-0.951939	181.059155	0.007254	11.0
701	-0.515941	180.923666	0.006322	9.4
702	-1.710288	180.788446	0.012118	13.7
703	-1.570906	180.653496	0.008044	17.8
704	-1.698026	180.518814	0.018268	16.0
705	-1.820478	180.384399	0.026696	14.6
706	-1.690282	180.250251	0.005590	11.5
707	-1.741599	180.116369	0.010042	9.8
708	-1.463990	179.982752	0.027385	12.7
709	-1.695453	179.849398	0.010273	12.3
710	-1.765642	179.716308	0.019516	9.7
711	-0.345507	179.583480	0.007890	9.2
712	-0.803580	179.450913	0.007980	11.7
713	-1.565483	179.318607	0.009396	8.4
714	-0.141504	179.186561	0.002510	9.4
715	-1.236308	179.054774	0.008285	10.3
716	-1.301326	178.923245	0.025435	9.8
717	-1.237628	178.791973	0.023137	10.6
718	-1.774184	178.660958	0.012319	9.3
719	-1.872835	178.530199	0.027813	9.3
720	-1.075414	178.399694	0.009108	11.1
721	-0.296081	178.269444	0.007564	8.1
722	-1.067438	178.139447	0.006164	8.7
723	-1.624671	178.009702	0.017300	7.9
724	-1.851141	177.880209	0.013069	8.5
725	-1.603051	177.750967	0.016218	10.6
726	-1.597562	177.621975	0.010811	8.0
727	-0.748886	177.493232	0.010270	7.7
728	-1.154753	177.364738	0.012209	7.6
729	-1.187585	177.236492	0.005203	8.7
730	-1.518218	177.108492	0.009809	8.1
731	-1.841257	176.980739	0.008875	7.6
732	-0.871177	176.853231	0.008682	7.5
733	-1.786269	176.725968	0.013836	7.5
734	-2.002605	176.598949	0.016901	13.4
735	-0.860817	176.472173	0.007661	7.9
736	-0.682891	176.345639	0.005076	8.2
737	-0.848488	176.219348	0.011022	8.8
738	-1.958531	176.093296	0.006460	8.3
739	-1.961551	175.967486	0.015940	10.3
740	-1.857786	175.841914	0.009465	9.0
741	-0.636364	175.716581	0.014023	9.2
742	-1.773686	175.591486	0.009793	9.0
743	-1.969542	175.466629	0.009252	9.9
744	-1.622377	175.342008	0.005044	8.6
745	-0.912818	175.217622	0.005607	9.6
746	-1.586266	175.093472	0.026184	10.8
747	-1.853968	174.969556	0.025168	9.7
748	-0.703993	174.845873	0.010727	8.8
749	-1.339309	174.722423	0.013379	8.6
750	-1.607609	174.599206	0.004990	8.6
751	-0.872490	174.476220	0.010691	8.6
752	-1.271305	174.353464	0.023328	11.6
753	-1.564808	174.230939	0.026643	8.9
754	-0.148463	174.108643	0.001944	8.4
755	-1.161202	173.986576	0.013198	10.9
756	-0.720673	173.864737	0.007091	11.2
757	-0.522832	173.743124	0.007004	8.3
758	-0.630489	173.621739	0.020161	7.9
759	-0.579595	173.500579	0.009375	7.9
760	-1.631039	173.379645	0.006552	11.0
761	-1.467383	173.258935	0.024627	8.1
762	-0.216404	173.138449	0.002750	7.5
763	-1.735336	173.018186	0.013022	7.5
764	-1.407931	172.898146	0.004376	7.0
765	-1.590164	172.778327	0.011999	10.5
766	-1.777388	172.658730	0.010935	7.4
767	-1.954702	172.539353	0.009340	7.8
768	-0.183035	172.420196	0.001272	7.2
769	-0.700541	172.301258	0.008634	7.5
770	-0.637343	172.182539	0.013707	10.3
771	-1.760203	172.064037	0.017244	7.9
772	-1.730493	171.945753	0.018177	7.5
773	-0.935486	171.827686	0.006416	7.4
774	-0.914884	171.709834	0.005646	7.5
775	-1.289194	171.592198	0.010203	10.6
776	-1.521056	171.474776	0.011593	7.8
777	-0.296070	171.357568	0.004895	8.1
778	-1.502556	171.240574	0.010067	7.7
779	-0.830757	171.123793	0.009976	8.2
780	-0.600273	171.007223	0.008515	9.8
781	-1.414722	170.890865	0.008410	8.0
782	-1.486419	170.774718	0.006750	7.6
783	-1.944017	170.658782	0.015941	8.1
784	-0.215109	170.543055	0.001713	7.7
785	-1.936539	170.427537	0.014042	10.5
786	-2.069536	170.312227	0.010875	7.9
787	-1.354095	170.197125	0.012649	8.0
788	-1.432891	170.082231	0.016774	7.8
789	-1.902880	169.967543	0.028439	8.4
790	-1.769675	169.853061	0.024890	11.7
791	-0.765867	169.738784	0.019451	9.1
792	-1.532456	169.624713	0.009689	9.3
793	-1.563061	169.510845	0.009099	8.6
794	-0.667315	169.397181	0.009663	9.4
795	-1.722230	169.283720	0.041306	10.9
796	-1.907599	169.170462	0.013119	8.7
797	-1.135380	169.057405	0.007711	9.6
798	-1.334598	168.944549	0.020999	8.8
799	-0.763113	168.831895	0.006200	10.5
800	-2.018185	168.719440	0.015241	8.3
801	-0.732947	168.607185	0.013152	8.9
802	-1.856683	168.495129	0.017774	8.3
803	-0.500580	168.383271	0.018190	11.2
804	-0.333150	168.271611	0.004050	8.4
805	-1.658006	168.160148	0.011250	8.9
806	-1.276609	168.048882	0.009603	8.3
807	-0.216323	167.937812	0.003223	10.0
808	-1.555573	167.826938	0.038503	10.3
809	-1.919173	167.716258	0.006077	9.4
810	-0.265789	167.605773	0.002668	8.3
811	-1.783113	167.495482	0.010451	8.1
812	-2.012724	167.385384	0.011769	9.9
813	-0.140349	167.275479	0.000854	9.9
814	-0.557730	167.165766	0.006129	8.2
815	-1.825669	167.056245	0.010069	8.3
816	-1.255886	166.946915	0.015706	9.8
817	-1.650503	166.837776	0.014699	9.0
818	-0.403799	166.728826	0.007063	8.2
819	-1.235589	166.620067	0.011267	8.8
820	-0.793324	166.511496	0.005058	7.8
821	-1.651831	166.403113	0.011734	11.2
822	-0.475385	166.294919	0.002570	10.2
823	-0.743676	166.186912	0.008371	8.9
824	-0.318441	166.079091	0.005461	8.1
825	-1.698207	165.971458	0.014756	9.0
826	-1.932305	165.864009	0.023014	12.4
827	-1.172246	165.756747	0.023845	9.4
828	-1.432464	165.649669	0.010986	8.3
829	-1.910921	165.542775	0.013900	10.4
830	-1.509116	165.436065	0.010622	8.3
831	-1.705146	165.329538	0.025093	9.1
832	-0.634558	165.223194	0.009948	8.4
833	-0.281210	165.117032	0.004014	9.7
834	-0.860600	165.011052	0.009389	11.6
835	-0.822928	164.905253	0.016236	11.6
836	-1.700463	164.799635	0.010131	9.6
837	-0.762114	164.694197	0.012467	13.7
838	-1.721589	164.588939	0.005927	11.2
839	-1.736014	164.483859	0.022519	8.4
840	-1.100779	164.378959	0.013655	8.4
841	-1.901339	164.274237	0.005836	11.0
842	-0.253751	164.169692	0.003236	8.5
843	-1.623625	164.065325	0.016665	8.2
844	-1.931838	163.961135	0.005658	9.1
845	-1.551559	163.857120	0.029079	9.7
846	-0.541095	163.753282	0.005227	9.6
847	-1.958938	163.649619	0.005752	8.6
848	-1.975500	163.546130	0.006810	7.7
849	-0.888324	163.442816	0.006286	7.9
850	-0.169368	163.339676	0.002276	8.9
851	-0.903482	163.236709	0.005080	6.4
852	-0.779140	163.133915	0.005944	7.7
853	-0.267102	163.031294	0.002189	13.0
854	-1.830418	162.928844	0.007625	9.9
855	-0.220765	162.826566	0.003041	12.8
856	-1.779886	162.724459	0.021431	7.8
857	-1.309943	162.622523	0.024717	8.1
858	-0.652944	162.520757	0.005857	8.8
859	-1.325363	162.419160	0.012648	9.7
860	-1.822375	162.317733	0.022095	7.8
861	-0.571792	162.216474	0.014098	8.4
862	-1.785716	162.115383	0.010469	7.3
863	-1.223709	162.014461	0.006737	11.2
864	-1.944360	161.913705	0.021217	20.6
865	-1.520336	161.813117	0.004038	10.7
866	-0.518822	161.712695	0.012266	9.2
867	-0.772996	161.612439	0.004530	10.3
868	-0.388529	161.512349	0.003026	8.8
869	-1.805076	161.412424	0.005219	8.5
870	-1.558983	161.312663	0.008402	7.3
871	-0.913395	161.213067	0.010614	10.1
872	-0.760630	161.113635	0.009530	8.6
873	-0.641603	161.014366	0.009809	7.8
874	-0.420926	160.915260	0.004978	7.6
875	-0.527360	160.816316	0.005212	9.4
876	-0.627627	160.717535	0.008949	10.0
877	-0.951242	160.618915	0.005184	7.5
878	-0.540010	160.520456	0.005842	8.5
879	-0.160365	160.422158	0.001875	8.4
880	-1.884880	160.324021	0.010040	9.1
881	-1.675616	160.226043	0.008633	7.5
882	-0.487312	160.128225	0.018227	8.5
883	-1.008565	160.030566	0.010145	7.5
884	-1.335128	159.933066	0.005323	7.6
885	-1.787312	159.835723	0.033116	10.6
886	-1.910497	159.738539	0.023615	9.3
887	-1.535346	159.641512	0.021297	7.5
888	-0.491880	159.544642	0.003896	6.9
889	-1.784647	159.447929	0.028485	8.0
890	-0.526255	159.351372	0.006475	10.4
891	-1.674175	159.254971	0.007681	7.5
892	-1.705072	159.158725	0.012657	9.5
893	-1.098453	159.062634	0.007954	8.6
894	-1.179868	158.966697	0.008922	8.3
895	-1.659099	158.870915	0.011571	12.0
896	-0.420189	158.775286	0.007656	9.6
897	-1.780579	158.679811	0.012365	15.1
898	-0.664803	158.584489	0.010370	25.5
899	-1.560739	158.489319	0.003720	9.2
900	-1.590540	158.394302	0.008278	12.2
901	-0.240358	158.299436	0.001571	10.0
902	-0.233164	158.204721	0.003183	8.5
903	-2.033933	158.110158	0.012876	9.3
904	-0.230975	158.015745	0.002499	8.4
905	-1.129426	157.921482	0.009289	10.7
906	-1.022197	157.827369	0.006418	10.4
907	-0.598472	157.733406	0.003000	9.1
908	-0.941704	157.639591	0.006422	9.5
909	-1.275290	157.545925	0.032537	9.0
910	-1.231833	157.452408	0.012839	11.3
911	-1.534679	157.359038	0.023592	8.9
912	-1.258593	157.265816	0.013805	10.6
913	-1.291884	157.172741	0.019109	9.0
914	-0.946385	157.079813	0.007039	11.2
915	-0.321105	156.987031	0.004291	9.0
916	-1.713974	156.894395	0.005657	9.7
917	-1.837534	156.801904	0.014568	8.7
918	-1.465602	156.709559	0.038625	7.9
919	-1.700850	156.617359	0.019983	8.3
920	-1.863560	156.525304	0.017259	8.6
921	-0.576925	156.433392	0.008357	11.1
922	-0.377035	156.341624	0.004718	7.6
923	-0.103538	156.250000	0.001799	8.2
924	-2.021999	156.158519	0.013636	7.9
925	-0.714200	156.067180	0.008799	10.3
926	-0.503112	155.975984	0.004248	7.9
927	-1.867496	155.884930	0.012088	8.7
928	-1.559048	155.794017	0.007778	8.4
929	-1.584253	155.703246	0.005751	7.5
930	-1.707079	155.612615	0.013145	9.3
931	-1.010323	155.522125	0.006863	9.1
932	-1.355837	155.431775	0.003552	7.8
933	-0.247915	155.341565	0.002584	8.4
934	-1.052371	155.251495	0.012547	7.8
935	-0.631182	155.161563	0.022961	9.9
936	-1.475059	155.071771	0.022880	8.9
937	-0.876305	154.982117	0.007458	7.8
938	-1.007448	154.892601	0.010048	8.2
939	-0.804697	154.803222	0.026456	8.4
940	-0.257686	154.713981	0.002324	11.4
941	-1.876985	154.624878	0.017627	6.9
942	-1.857597	154.535910	0.020207	11.0
943	-0.649486	154.447080	0.003307	8.6
944	-0.689171	154.358385	0.007955	10.8
945	-0.707200	154.269826	0.008856	9.9
946	-0.724633	154.181402	0.004918	8.2
947	-0.518611	154.093114	0.006921	8.5
948	-1.208597	154.004960	0.023320	9.8
949	-0.212229	153.916940	0.002469	9.7
950	-1.935544	153.829054	0.026597	8.5
951	-1.351238	153.741303	0.006538	11.5
952	-0.477739	153.653684	0.005696	9.2
953	-0.323983	153.566198	0.005925	10.0
954	-1.808563	153.478846	0.012048	8.4
955	-1.751486	153.391625	0.021949	7.8
956	-1.517285	153.304537	0.014881	7.9
957	-0.681732	153.217580	0.010634	10.5
958	-2.016822	153.130755	0.017583	9.3
959	-0.716962	153.044061	0.007329	8.9
960	-0.471282	152.957498	0.007361	8.4
961	-1.532411	152.871065	0.007043	8.1
962	-1.414284	152.784762	0.004717	9.7
963	-0.887509	152.698589	0.007522	9.9
964	-0.714319	152.612545	0.016138	8.5
965	-1.502794	152.526631	0.035374	8.5
966	-1.931079	152.440845	0.007748	11.7
967	-0.556941	152.355188	0.005336	9.5
968	-1.293766	152.269660	0.008379	8.5
969	-1.976877	152.184259	0.010595	8.5
970	-0.679021	152.098986	0.020526	9.6
971	-1.926060	152.013840	0.007184	8.8
972	-1.786943	151.928821	0.016851	9.7
973	-0.210275	151.843928	0.002403	8.4
974	-0.192531	151.759163	0.002451	8.9
975	-1.954017	151.674523	0.014053	10.5
976	-1.962647	151.590009	0.004736	8.9
977	-1.124609	151.505620	0.005589	9.2
978	-0.119306	151.421357	0.001262	8.8
979	-1.397607	151.337218	0.013560	10.6
980	-0.298915	151.253204	0.003575	8.2
981	-0.682478	151.169314	0.013972	9.5
982	-1.196996	151.085549	0.016935	8.7
983	-0.640633	151.001907	0.013472	11.5
984	-1.818353	150.918388	0.008956	10.0
985	-1.423953	150.834992	0.005782	8.6
986	-0.166840	150.751719	0.002518	9.4
987	-0.456188	150.668569	0.005712	11.9
988	-1.977600	150.585541	0.008430	9.5
989	-1.199395	150.502634	0.008873	8.9
990	-1.543499	150.419849	0.010163	8.0
991	-1.673176	150.337186	0.007534	10.9
992	-1.937842	150.254644	0.004742	8.6
993	-1.663787	150.172222	0.012267	8.8
994	-1.842580	150.089921	0.007730	8.8
995	-0.523512	150.007740	0.014929	9.6
996	-0.279635	149.925679	0.004492	10.6
997	-0.270647	149.843737	0.002274	7.4
998	-1.583278	149.761915	0.004929	9.4
999	-1.024464	149.680212	0.012796	9.2
1000	-1.049890	149.598627	0.012296	9.7
1001	-0.746238	149.517161	0.006804	9.6
1002	-1.611859	149.435814	0.025221	9.9
1003	-1.637987	149.354584	0.016706	9.3
1004	-1.698100	149.273472	0.026033	9.6
1005	-1.233824	149.192477	0.005611	10.3
1006	-1.837256	149.111599	0.007081	10.5
1007	-1.645354	149.030838	0.015733	11.6
1008	-0.265171	148.950194	0.002302	11.5
1009	-0.575422	148.869666	0.013537	8.7
1010	-1.603788	148.789253	0.008732	8.7
1011	-1.265911	148.708957	0.013825	11.0
1012	-1.502617	148.628776	0.009196	8.5
1013	-1.842129	148.548710	0.011779	15.6
1014	-1.608261	148.468759	0.014954	13.5
1015	-1.579740	148.388923	0.030083	8.3
1016	-1.075746	148.309201	0.016885	9.3
1017	-1.306001	148.229594	0.011320	7.7
1018	-1.123480	148.150100	0.007156	7.4
1019	-1.401531	148.070719	0.023929	11.4
1020	-1.191385	147.991452	0.010450	7.7
1021	-1.828512	147.912298	0.023987	8.0
1022	-0.482932	147.833257	0.007141	7.9
1023	-0.596635	147.754329	0.004021	10.4
1024	-0.711753	147.675512	0.013568	8.5
1025	-0.656750	147.596808	0.009539	8.5
1026	-0.357376	147.518216	0.009118	7.9
1027	-0.805341	147.439735	0.011967	8.2
1028	-1.768466	147.361365	0.015020	10.1
1029	-1.984764	147.283106	0.016220	8.8
1030	-0.995195	147.204958	0.009114	7.8
1031	-0.649789	147.126920	0.011158	8.6
1032	-1.217224	147.048993	0.033269	8.4
1033	-0.306671	146.971175	0.003790	10.7
1034	-1.495754	146.893468	0.015682	9.2
1035	-0.408728	146.815869	0.008279	7.8
1036	-1.384267	146.738380	0.015099	7.9
1037	-1.676708	146.661000	0.013453	7.8
1038	-1.761173	146.583729	0.017282	11.1
1039	-0.819203	146.506566	0.026063	8.4
1040	-0.968483	146.429511	0.007526	9.7
1041	-0.775424	146.352565	0.010069	8.5
1042	-0.183753	146.275726	0.001936	8.9
1043	-1.428514	146.198994	0.017987	10.3
1044	-1.311618	146.122370	0.003491	7.7
1045	-1.112389	146.045853	0.012567	8.7
1046	-0.206427	145.969442	0.003629	8.3
1047	-1.226875	145.893139	0.016159	11.5
1048	-1.828424	145.816941	0.013536	8.3
1049	-1.194682	145.740849	0.010002	8.5
1050	-0.970152	145.664863	0.007836	8.5
1051	-1.993201	145.588983	0.011843	8.9
1052	-0.402527	145.513208	0.006284	12.3
1053	-1.698501	145.437538	0.007552	8.7
1054	-1.748648	145.361973	0.020789	9.8
1055	-1.134307	145.286513	0.008439	8.6
1056	-1.295736	145.211157	0.012138	12.8
1057	-1.202404	145.135905	0.016776	9.5
1058	-1.603774	145.060757	0.015117	8.3
1059	-1.816420	144.985712	0.021418	10.0
1060	-1.829805	144.910771	0.021373	9.4
1061	-1.879237	144.835934	0.009000	10.2
1062	-0.970526	144.761199	0.007669	8.3
1063	-1.473386	144.686567	0.007579	8.1
1064	-0.687300	144.612037	0.018667	11.1
1065	-0.539023	144.537610	0.008460	9.1
1066	-1.310042	144.463285	0.012895	7.5
1067	-1.724141	144.389062	0.016956	9.4
1068	-1.249228	144.314940	0.016987	7.7
1069	-1.880051	144.240920	0.007560	11.5
1070	-1.527135	144.167001	0.010402	9.6
1071	-0.778309	144.093182	0.009300	9.2
1072	-0.690700	144.019465	0.007047	8.9
1073	-1.914202	143.945848	0.006878	11.8
1074	-1.872749	143.872331	0.014158	8.5
1075	-1.200109	143.798914	0.007546	8.9
1076	-1.605405	143.725597	0.015898	8.0
1077	-0.637377	143.652380	0.015808	11.5
1078	-1.292264	143.579262	0.008500	8.6
1079	-0.700211	143.506243	0.007386	8.9
1080	-1.213299	143.433323	0.007963	8.4
1081	-2.002509	143.360502	0.012579	10.9
1082	-1.870342	143.287780	0.020647	9.0
1083	-1.767116	143.215155	0.011715	7.5
1084	-1.700786	143.142629	0.007825	9.4
1085	-1.725195	143.070201	0.010885	8.6
1086	-0.106066	142.997870	0.001091	10.3
1087	-0.992507	142.925637	0.009439	9.3
1088	-1.265095	142.853501	0.009052	9.5
1089	-1.862253	142.781462	0.018216	8.6
1090	-1.188118	142.709519	0.008128	10.8
1091	-1.783755	142.637674	0.005805	9.4
1092	-0.875569	142.565924	0.016094	8.3
1093	-1.666464	142.494271	0.007540	8.6
1094	-1.458258	142.422714	0.011754	12.2
1095	-1.783248	142.351252	0.006839	8.1
1096	-1.695212	142.279886	0.042178	8.2
1097	-0.504129	142.208616	0.004424	8.1
1098	-0.554692	142.137440	0.009415	8.3
1099	-1.832836	142.066360	0.007631	9.7
1100	-1.018193	141.995374	0.007510	8.8
1101	-1.934917	141.924483	0.010881	7.4
1102	-1.549507	141.853685	0.007444	38.7
1103	-1.396598	141.782983	0.010608	26.6
1104	-0.595239	141.712373	0.008606	23.4
1105	-2.071297	141.641858	0.006882	20.8
1106	-1.300337	141.571436	0.008365	16.3
1107	-1.839958	141.501108	0.010975	37.7
1108	-1.677204	141.430872	0.013404	15.7
1109	-1.244551	141.360730	0.008211	16.1
1110	-1.211751	141.290680	0.006707	14.7
1111	-0.662111	141.220722	0.018912	103.9
1112	-0.129602	141.150857	0.001514	23.6
1113	-1.607736	141.081084	0.005501	24.8
1114	-1.479833	141.011403	0.021820	27.3
1115	-1.731098	140.941813	0.016985	55.6
1116	-1.088806	140.872315	0.004537	51.7
1117	-1.286957	140.802909	0.038665	14.2
1118	-1.804738	140.733593	0.026663	18.2
1119	-1.905814	140.664369	0.015556	15.2
1120	-1.856043	140.595235	0.015455	12.6
1121	-2.016115	140.526192	0.012213	14.7
1122	-0.527948	140.457239	0.003229	8.7
1123	-1.827177	140.388376	0.002810	9.1
1124	-1.694335	140.319603	0.013364	8.0
1125	-1.492314	140.250920	0.015618	11.1
1126	-0.935686	140.182326	0.007350	12.2
1127	-0.552147	140.113822	0.005427	8.3
1128	-1.794327	140.045407	0.008934	9.3
1129	-0.756759	139.977081	0.006409	9.5
1130	-1.408667	139.908844	0.006612	9.5
1131	-1.856063	139.840696	0.015496	12.0
1132	-0.672594	139.772635	0.009310	16.1
1133	-1.043657	139.704664	0.008681	19.1
1134	-1.423406	139.636780	0.008327	20.4
1135	-0.166680	139.568984	0.002020	18.4
1136	-1.524204	139.501276	0.005971	17.8
1137	-1.750120	139.433655	0.012786	20.3
1138	-1.499209	139.366122	0.024341	15.7
1139	-1.284620	139.298676	0.013662	17.8
1140	-0.929862	139.231317	0.009966	13.6
1141	-0.754228	139.164045	0.008030	12.7
1142	-0.740808	139.096859	0.020137	10.4
1143	-0.508722	139.029760	0.007900	12.8
1144	-1.211832	138.962747	0.011391	9.0
1145	-0.755548	138.895820	0.011220	8.6
1146	-0.597285	138.828978	0.012748	13.2
1147	-1.881800	138.762223	0.018879	16.2
1148	-1.841114	138.695553	0.013467	19.2
1149	-1.647028	138.628969	0.025610	13.9
1150	-0.978184	138.562469	0.011617	14.9
1151	-1.090854	138.496055	0.013364	10.8
1152	-1.892332	138.429725	0.012867	8.6
1153	-1.868320	138.363481	0.012581	9.8
1154	-1.530903	138.297320	0.010981	9.5
1155	-0.563372	138.231244	0.005392	8.4
1156	-0.251893	138.165252	0.002917	9.6
1157	-1.865801	138.099344	0.011882	7.8
1158	-1.988839	138.033520	0.011142	12.4
1159	-0.537448	137.967779	0.004768	6.6
1160	-1.530547	137.902122	0.014831	8.5
1161	-1.711790	137.836548	0.005925	8.8
1162	-1.087279	137.771057	0.031380	12.0
1163	-1.870414	137.705649	0.020401	8.4
1164	-0.372740	137.640324	0.006368	8.9
1165	-1.976154	137.575081	0.007287	8.4
1166	-1.936799	137.509921	0.003873	8.9
1167	-0.155268	137.444842	0.001487	11.0
1168	-0.148365	137.379846	0.002264	8.5
1169	-1.890265	137.314932	0.012791	8.0
1170	-1.093144	137.250100	0.010864	8.1
1171	-1.338800	137.185349	0.039786	10.9
1172	-1.553550	137.120680	0.028734	8.2
1173	-1.766856	137.056092	0.009276	8.4
1174	-1.395130	136.991585	0.012337	8.8
1175	-1.628901	136.927158	0.017576	7.9
1176	-2.025923	136.862813	0.011478	10.9
1177	-0.855074	136.798548	0.008414	8.3
1178	-1.779198	136.734363	0.013420	14.0
1179	-1.759138	136.670259	0.008091	8.4
1180	-0.264469	136.606235	0.003447	10.5
1181	-0.614930	136.542291	0.004387	8.3
1182	-0.880359	136.478426	0.003005	8.0
1183	-1.683142	136.414641	0.017850	8.3
1184	-1.950532	136.350936	0.003662	9.3
1185	-1.549663	136.287310	0.010223	12.2
1186	-0.718140	136.223763	0.008133	15.2
1187	-0.237358	136.160295	0.004400	16.0
1188	-2.029576	136.096905	0.019491	10.7
1189	-0.670302	136.033594	0.005176	8.6
1190	-0.628698	135.970362	0.006490	8.3
1191	-1.196614	135.907208	0.015352	9.9
1192	-0.534906	135.844133	0.005945	11.9
1193	-1.928334	135.781135	0.010536	8.4
1194	-1.812336	135.718215	0.007007	8.4
1195	-0.303077	135.655373	0.006961	9.6
1196	-1.216790	135.592608	0.023583	10.8
1197	-1.426118	135.529921	0.012335	7.8
1198	-0.373523	135.467311	0.003668	9.2
1199	-0.121610	135.404778	0.001522	8.1
1200	-0.818224	135.342322	0.011986	10.5
1201	-1.656743	135.279942	0.012133	9.0
1202	-0.741301	135.217640	0.005331	8.4
1203	-0.608172	135.155413	0.007806	8.0
1204	-0.928570	135.093263	0.013187	8.5
1205	-0.501126	135.031190	0.006507	10.2
1206	-1.394403	134.969192	0.003071	9.1
1207	-0.577082	134.907270	0.006769	9.1
1208	-1.775578	134.845424	0.010643	11.4
1209	-1.916034	134.783653	0.012496	12.2
1210	-1.557544	134.721958	0.006330	10.3
1211	-0.622322	134.660338	0.007684	10.0
1212	-0.700377	134.598793	0.005178	9.3
1213	-1.385733	134.537323	0.005282	9.3
1214	-1.836109	134.475927	0.011381	8.3
1215	-1.858321	134.414607	0.006263	7.9
1216	-1.545261	134.353361	0.014100	8.3
1217	-1.433767	134.292189	0.015764	10.5
1218	-0.849957	134.231092	0.008142	9.0
1219	-1.631120	134.170068	0.010324	7.9
1220	-1.469628	134.109119	0.006351	8.4
1221	-0.795439	134.048243	0.009155	8.1
1222	-0.462771	133.987441	0.008746	11.1
1223	-0.997630	133.926713	0.011118	8.3
1224	-1.430217	133.866057	0.015772	8.4
1225	-1.617713	133.805475	0.030115	8.3
1226	-1.211930	133.744966	0.007578	11.3
1227	-1.507919	133.684530	0.007262	7.6
1228	-1.500075	133.624167	0.006441	8.9
1229	-0.800653	133.563877	0.010281	8.1
1230	-0.845918	133.503658	0.011336	8.2
1231	-0.773374	133.443513	0.028066	10.1
1232	-0.173757	133.383439	0.001300	8.0
1233	-1.145102	133.323437	0.027252	8.2
1234	-1.514111	133.263508	0.010015	7.9
1235	-1.826432	133.203650	0.018293	8.1
1236	-1.754845	133.143864	0.018805	11.1
1237	-1.772133	133.084149	0.029974	8.0
1238	-1.005543	133.024506	0.010164	8.2
1239	-0.394354	132.964934	0.006098	8.1
1240	-0.835903	132.905433	0.015216	8.0
1241	-1.379054	132.846003	0.005065	11.0
1242	-0.829427	132.786643	0.006355	8.2
1243	-0.296369	132.727355	0.003756	8.0
1244	-1.170948	132.668137	0.018833	8.3
1245	-1.857872	132.608989	0.018080	8.0
1246	-0.682641	132.549912	0.006775	11.4
1247	-1.181016	132.490904	0.008625	7.7
1248	-0.810738	132.431967	0.004499	8.1
1249	-1.905171	132.373100	0.007979	7.8
1250	-1.636703	132.314302	0.010928	7.5
1251	-1.090080	132.255574	0.007723	11.1
1252	-1.858566	132.196916	0.031630	8.0
1253	-1.266535	132.138326	0.013850	7.9
1254	-1.830689	132.079806	0.004599	8.2
1255	-1.360712	132.021355	0.029663	8.3
1256	-1.363112	131.962973	0.011877	10.0
1257	-1.737703	131.904660	0.014273	7.4
1258	-1.971253	131.846415	0.008077	8.8
1259	-1.159960	131.788239	0.016841	8.3
1260	-1.509578	131.730131	0.010586	8.1
1261	-1.285177	131.672092	0.011184	10.6
1262	-0.757668	131.614121	0.005799	7.6
1263	-1.283282	131.556217	0.008554	8.9
1264	-0.911497	131.498382	0.031390	8.1
1265	-0.506789	131.440614	0.007673	8.1
1266	-0.926766	131.382914	0.009758	10.5
1267	-1.780162	131.325282	0.021128	8.7
1268	-0.993072	131.267717	0.012133	8.4
1269	-1.585353	131.210219	0.025791	7.7
1270	-1.022128	131.152788	0.009856	7.9
1271	-0.146347	131.095424	0.001757	11.2
1272	-1.658309	131.038127	0.021406	7.4
1273	-1.591729	130.980897	0.022062	8.7
1274	-1.443475	130.923733	0.012691	8.6
1275	-1.493311	130.866636	0.007992	8.7
1276	-1.223286	130.809605	0.008388	10.7
1277	-1.608205	130.752641	0.013487	8.0
1278	-1.926564	130.695742	0.005750	8.1
1279	-0.575885	130.638910	0.003987	7.6
1280	-1.915446	130.582143	0.015071	11.2
1281	-1.826625	130.525442	0.005798	8.3
1282	-1.816009	130.468807	0.021970	8.2
1283	-1.889752	130.412237	0.015992	8.0
1284	-1.046688	130.355733	0.008621	7.9
1285	-1.946653	130.299294	0.007489	10.1
1286	-0.849062	130.242920	0.008413	8.2
1287	-1.317319	130.186611	0.008558	8.1
1288	-0.802215	130.130366	0.004268	8.0
1289	-1.894568	130.074187	0.010340	8.5
1290	-0.320776	130.018072	0.003997	11.9
1291	-0.843410	129.962022	0.010201	7.7
1292	-0.987788	129.906036	0.005494	7.8
1293	-0.311966	129.850114	0.003359	8.0
1294	-1.134481	129.794257	0.004712	8.1
1295	-1.122104	129.738463	0.009419	10.6
1296	-1.114782	129.682734	0.007837	8.4
1297	-1.925922	129.627068	0.021219	7.9
1298	-0.774963	129.571466	0.009795	8.2
1299	-0.813749	129.515927	0.008451	7.8
1300	-1.696111	129.460452	0.006893	10.1
1301	-0.475859	129.405040	0.006735	8.1
1302	-1.891497	129.349692	0.016066	7.8
1303	-0.687550	129.294406	0.004477	8.1
1304	-0.602323	129.239183	0.002620	8.1
1305	-1.291153	129.184024	0.009229	12.6
1306	-0.397326	129.128927	0.003348	7.7
1307	-1.351988	129.073892	0.009726	8.1
1308	-1.394755	129.018921	0.007770	7.8
1309	-1.833387	128.964011	0.024591	8.2
1310	-0.999820	128.909164	0.025067	10.6
1311	-0.423652	128.854379	0.003371	10.2
1312	-1.408544	128.799656	0.014278	9.3
1313	-0.691989	128.744995	0.005670	9.3
1314	-2.005797	128.690396	0.018624	10.0
1315	-1.873589	128.635858	0.013473	9.3
1316	-1.142803	128.581382	0.016803	8.3
1317	-1.535843	128.526968	0.005123	8.6
1318	-1.614941	128.472615	0.006994	8.2
1319	-1.446223	128.418323	0.008847	10.4
1320	-1.034474	128.364092	0.009887	8.6
1321	-0.028555	128.309922	0.000773	7.8
1322	-1.626704	128.255814	0.026281	8.0
1323	-0.898626	128.201766	0.012842	10.9
1324	-1.848171	128.147778	0.017097	7.5
1325	-0.939282	128.093852	0.010694	9.0
1326	-1.907147	128.039985	0.030061	7.6
1327	-1.173919	127.986180	0.011725	7.5
1328	-1.687270	127.932434	0.012434	10.6
1329	-0.623194	127.878749	0.005810	8.7
1330	-0.450312	127.825123	0.007288	8.0
1331	-0.841745	127.771558	0.007459	8.0
1332	-0.885685	127.718052	0.006456	9.0
1333	-0.709186	127.664606	0.008492	10.9
1334	-1.311944	127.611220	0.009559	7.7
1335	-1.769819	127.557893	0.023439	8.7
1336	-1.934168	127.504625	0.016565	8.1
1337	-1.182923	127.451417	0.011694	10.2
1338	-1.430099	127.398268	0.014483	7.7
1339	-1.728134	127.345178	0.006455	7.7
1340	-0.413205	127.292147	0.004104	8.2
1341	-0.669944	127.239175	0.012624	7.8
1342	-1.906277	127.186261	0.014760	10.5
1343	-0.539137	127.133407	0.011211	8.7
1344	-1.030576	127.080610	0.007175	7.8
1345	-1.185620	127.027872	0.007491	7.6
1346	-1.379507	126.975193	0.013422	7.8
1347	-1.912573	126.922572	0.015952	10.1
1348	-1.673141	126.870008	0.005724	8.4
1349	-0.438852	126.817503	0.007479	7.7
1350	-1.636258	126.765056	0.014627	7.9
1351	-0.226433	126.712667	0.003770	7.8
1352	-1.721623	126.660335	0.012426	10.1
1353	-1.637162	126.608061	0.007104	7.7
1354	-0.957288	126.555844	0.006732	8.4
1355	-0.630806	126.503685	0.009401	7.7
1356	-0.555631	126.451583	0.017450	7.6
1357	-0.567628	126.399538	0.008851	10.6
1358	-1.180222	126.347550	0.007060	8.0
1359	-1.782057	126.295619	0.015163	8.1
1360	-1.847602	126.243745	0.009908	7.8
1361	-0.084444	126.191928	0.000360	8.6
1362	-0.526155	126.140168	0.005980	9.8
1363	-1.186614	126.088464	0.029546	8.0
1364	-0.778591	126.036817	0.006125	7.2
1365	-1.625276	125.985226	0.005462	8.0
1366	-1.762690	125.933691	0.022347	8.4
1367	-1.368395	125.882212	0.014585	10.4
1368	-0.649133	125.830790	0.005078	7.8
1369	-1.700869	125.779423	0.021200	8.0
1370	-1.826719	125.728113	0.018640	7.9
1371	-1.487956	125.676858	0.006330	7.7
1372	-0.191580	125.625659	0.002262	10.2
1373	-1.248914	125.574515	0.007716	7.7
1374	-0.284293	125.523427	0.003657	9.1
1375	-0.477559	125.472394	0.004956	7.6
1376	-1.291581	125.421417	0.023835	7.7
1377	-0.747424	125.370495	0.007392	9.9
1378	-1.620279	125.319628	0.014901	8.1
1379	-0.817706	125.268815	0.019125	7.9
1380	-0.335946	125.218058	0.005542	7.7
1381	-1.429854	125.167356	0.003272	8.4
1382	-1.277529	125.116708	0.026265	10.3
1383	-1.950504	125.066115	0.018338	7.9
1384	-1.145845	125.015576	0.010862	7.8
1385	-1.159966	124.965092	0.009634	7.7
1386	-1.208250	124.914662	0.015401	7.7
1387	-1.575159	124.864287	0.010163	10.3
1388	-1.556992	124.813965	0.013828	7.7
1389	-0.879937	124.763698	0.008211	7.8
1390	-1.368012	124.713485	0.010520	8.4
1391	-1.421000	124.663325	0.003808	8.4
1392	-0.549367	124.613219	0.010550	10.5
1393	-1.752739	124.563167	0.013998	7.4
1394	-1.263324	124.513168	0.014273	8.0
1395	-0.619349	124.463223	0.003508	7.7
1396	-1.688330	124.413332	0.020583	7.5
1397	-0.374144	124.363493	0.004571	10.1
1398	-1.029792	124.313708	0.022512	7.9
1399	-0.370975	124.263976	0.005684	8.1
1400	-0.413802	124.214297	0.004177	7.8
1401	-0.608574	124.164671	0.012797	7.9
1402	-1.852033	124.115097	0.015799	14.5
1403	-1.047288	124.065577	0.008447	7.4
1404	-1.127611	124.016109	0.016898	7.8
1405	-0.800525	123.966693	0.007777	7.7
1406	-1.337919	123.917330	0.009703	7.6
1407	-0.490505	123.868020	0.006004	10.1
1408	-0.956921	123.818762	0.016222	7.7
1409	-1.470772	123.769556	0.033175	9.1
1410	-1.332532	123.720402	0.012955	7.9
1411	-0.918789	123.671300	0.014800	8.3
1412	-1.337165	123.622250	0.012261	9.8
1413	-0.357415	123.573252	0.008775	8.0
1414	-1.361970	123.524305	0.018196	8.6
1415	-0.442339	123.475411	0.006263	8.0
1416	-1.819552	123.426568	0.013183	8.4
1417	-1.713952	123.377776	0.017286	9.9
1418	-1.803879	123.329036	0.008651	7.9
1419	-1.097381	123.280347	0.011994	7.4
1420	-0.548433	123.231709	0.005431	8.0
1421	-1.931157	123.183122	0.014609	7.8
1422	-0.594657	123.134587	0.006659	10.8
1423	-0.570733	123.086102	0.007308	8.6
1424	-0.639949	123.037669	0.007976	8.8
1425	-1.775161	122.989286	0.013153	8.1
1426	-1.863011	122.940954	0.012287	9.3
1427	-1.675038	122.892672	0.008683	10.4
1428	-1.849214	122.844441	0.015770	9.1
1429	-0.585697	122.796261	0.013945	8.2
1430	-0.920137	122.748130	0.012687	8.1
1431	-1.551531	122.700050	0.019438	11.1
1432	-1.709026	122.652021	0.016658	14.2
1433	-0.687366	122.604041	0.007204	53.0
1434	-0.512199	122.556111	0.006041	23.3
1435	-1.967043	122.508232	0.012662	17.4
1436	-1.965482	122.460402	0.019799	12.7
1437	-0.099372	122.412622	0.001987	16.8
1438	-0.923037	122.364891	0.006529	26.1
1439	-0.409395	122.317210	0.007351	15.0
1440	-0.571275	122.269579	0.003583	16.8
1441	-1.793342	122.221997	0.012178	19.5
1442	-1.310540	122.174465	0.009393	20.0
1443	-0.032565	122.126981	0.000741	12.4
1444	-0.451378	122.079547	0.006033	17.1
1445	-1.894558	122.032162	0.015155	15.4
1446	-1.510675	121.984826	0.034586	12.5
1447	-0.506115	121.937539	0.006739	14.4
1448	-0.540026	121.890301	0.006141	12.1
1449	-0.289555	121.843112	0.003620	14.9
1450	-0.938305	121.795971	0.006659	31.9
1451	-0.798713	121.748879	0.005746	21.6
1452	-1.386132	121.701835	0.014650	16.3
1453	-1.517992	121.654840	0.012623	11.3
1454	-1.325740	121.607893	0.012997	15.0
1455	-1.895685	121.560994	0.016445	13.0
1456	-0.549031	121.514144	0.012449	11.7
1457	-1.640671	121.467342	0.018049	7.7
1458	-1.345200	121.420588	0.017286	8.7
1459	-1.469218	121.373882	0.011917	9.7
1460	-0.693183	121.327223	0.023554	9.4
1461	-1.066602	121.280613	0.017430	8.4
1462	-1.176779	121.234050	0.014116	8.7
1463	-1.937243	121.187535	0.006856	7.9
1464	-0.248728	121.141067	0.003528	10.1
1465	-0.425256	121.094647	0.005117	8.5
1466	-0.511283	121.048274	0.004134	8.6
1467	-1.294255	121.001949	0.011961	8.9
1468	-0.962809	120.955671	0.016852	8.9
1469	-1.440782	120.909440	0.011035	9.9
1470	-0.492760	120.863256	0.004198	6.9
1471	-0.259611	120.817119	0.005836	8.6
1472	-0.285780	120.771029	0.004824	7.9
1473	-1.486373	120.724986	0.008651	10.5
1474	-0.977772	120.678990	0.009772	7.6
1475	-0.991678	120.633040	0.009120	9.1
1476	-0.936037	120.587137	0.008140	7.6
1477	-1.563013	120.541281	0.023330	8.6
1478	-2.024999	120.495471	0.012863	10.0
1479	-1.992779	120.449707	0.010246	7.7
1480	-1.637234	120.403990	0.017765	8.4
1481	-1.644833	120.358319	0.004374	8.0
1482	-0.474775	120.312694	0.006108	7.8
1483	-1.870479	120.267115	0.019278	10.1
1484	-0.290195	120.221582	0.003040	8.1
1485	-0.772648	120.176096	0.003707	7.1
1486	-1.121563	120.130655	0.010776	7.5
1487	-1.474876	120.085260	0.004956	10.3
1488	-0.302256	120.039910	0.006030	10.3
1489	-1.291131	119.994606	0.027045	7.9
1490	-0.919937	119.949348	0.015269	7.9
1491	-1.633281	119.904135	0.005625	8.5
1492	-1.107650	119.858968	0.008535	8.5
1493	-1.077998	119.813846	0.006583	10.0
1494	-0.486351	119.768769	0.006307	8.5
1495	-1.925435	119.723738	0.011663	7.9
1496	-1.822383	119.678752	0.010852	8.2
1497	-0.870916	119.633810	0.004837	8.0
1498	-1.224476	119.588914	0.008843	10.1
1499	-1.924597	119.544062	0.023662	8.5
1500	-1.917451	119.499256	0.011632	8.3
1501	-1.262223	119.454494	0.012076	9.8
1502	-0.291789	119.409777	0.005673	8.4
1503	-0.967217	119.365104	0.014630	10.7
1504	-0.401276	119.320476	0.006693	8.7
1505	-0.641054	119.275893	0.008929	8.7
1506	-0.446772	119.231353	0.003602	8.1
1507	-0.722110	119.186859	0.010692	10.2
1508	-1.383471	119.142408	0.008072	8.9
1509	-1.073397	119.098002	0.008398	7.9
1510	-0.670353	119.053639	0.005041	7.7
1511	-0.581862	119.009321	0.008744	8.6
1512	-0.345330	118.965047	0.006894	9.6
1513	-0.660729	118.920816	0.011427	8.6
1514	-0.781239	118.876630	0.007035	7.8
1515	-1.505011	118.832487	0.019199	8.7
1516	-0.739020	118.788388	0.011920	8.0
1517	-0.701462	118.744332	0.011575	9.9
1518	-1.901978	118.700320	0.009969	8.6
1519	-1.396350	118.656352	0.005397	7.4
1520	-2.038956	118.612427	0.004200	8.3
1521	-0.810321	118.568545	0.008338	8.4
1522	-0.483445	118.524706	0.004227	10.5
1523	-1.883780	118.480911	0.026913	8.7
1524	-1.722659	118.437159	0.009340	8.4
1525	-1.864129	118.393450	0.018814	8.1
1526	-1.624224	118.349784	0.023023	8.3
1527	-1.871844	118.306160	0.006115	12.0
1528	-2.013220	118.262580	0.012629	8.0
1529	-1.765472	118.219042	0.010336	16.2
1530	-1.905992	118.175548	0.012860	14.2
1531	-1.743805	118.132095	0.010548	8.4
1532	-1.532509	118.088686	0.016025	7.9
1533	-1.861457	118.045319	0.006393	9.2
1534	-1.981931	118.001994	0.023466	8.6
1535	-1.196024	117.958712	0.008775	10.1
1536	-1.637257	117.915472	0.013336	8.7
1537	-1.662291	117.872274	0.010170	14.8
1538	-1.047983	117.829118	0.005705	20.8
1539	-1.862231	117.786005	0.020230	19.3
1540	-1.321076	117.742933	0.019422	24.5
1541	-1.951077	117.699904	0.010127	21.7
1542	-1.955112	117.656916	0.007411	13.3
1543	-1.809227	117.613971	0.012243	11.7
1544	-1.876169	117.571067	0.014070	8.8
1545	-1.911053	117.528205	0.009918	8.6
1546	-1.376247	117.485384	0.006606	9.6
1547	-0.744435	117.442605	0.019014	12.7
1548	-1.374337	117.399867	0.021421	18.5
1549	-0.509460	117.357171	0.012301	17.4
1550	-0.500072	117.314517	0.010382	16.2
1551	-1.812557	117.271903	0.012239	16.8
1552	-0.338874	117.229331	0.005830	18.5
1553	-0.571951	117.186800	0.006065	13.4
1554	-1.669709	117.144311	0.007484	14.6
1555	-0.428443	117.101862	0.003015	12.0
1556	-1.726834	117.059454	0.007523	9.8
1557	-1.930726	117.017087	0.015706	13.9
1558	-0.828640	116.974762	0.011848	18.1
1559	-0.755034	116.932476	0.005575	24.2
1560	-0.328875	116.890232	0.005491	19.3
1561	-1.779366	116.848028	0.005577	16.7
1562	-1.828925	116.805865	0.019131	16.4
1563	-1.553479	116.763743	0.021765	18.9
1564	-1.750005	116.721661	0.007322	27.8
1565	-1.574607	116.679619	0.009195	13.9
1566	-0.657640	116.637618	0.008875	11.6
1567	-1.069569	116.595657	0.008102	7.7
1568	-1.796421	116.553736	0.009792	13.6
1569	-1.830465	116.511855	0.009586	9.5
1570	-1.775141	116.470015	0.014133	8.0
1571	-0.985451	116.428214	0.010821	9.8
1572	-1.299026	116.386454	0.017433	10.9
1573	-1.548672	116.344733	0.017996	8.4
1574	-1.211482	116.303052	0.015129	9.5
1575	-1.949757	116.261412	0.003291	8.3
1576	-1.047507	116.219810	0.007996	10.6
1577	-1.923581	116.178249	0.008320	8.2
1578	-0.893135	116.136727	0.006081	8.3
1579	-0.771662	116.095245	0.005557	9.4
1580	-1.227753	116.053802	0.021058	7.6
1581	-2.035281	116.012398	0.011070	10.5
1582	-1.736073	115.971034	0.011105	8.6
1583	-1.914444	115.929710	0.011679	9.9
1584	-1.635865	115.888424	0.027684	7.7
1585	-1.821137	115.847178	0.007838	10.2
1586	-1.929864	115.805970	0.008109	8.6
1587	-0.529210	115.764802	0.007129	7.9
1588	-1.119268	115.723673	0.007158	7.9
1589	-0.715361	115.682583	0.012741	8.1
1590	-1.221078	115.641532	0.005457	11.3
1591	-1.222621	115.600519	0.007946	8.1
1592	-1.630624	115.559546	0.009033	8.3
1593	-0.300517	115.518610	0.002470	8.6
1594	-1.174254	115.477714	0.004722	7.7
1595	-2.007377	115.436856	0.010341	10.7
1596	-0.627398	115.396037	0.008622	8.2
1597	-0.421647	115.355256	0.004787	8.6
1598	-1.169376	115.314514	0.004943	8.1
1599	-1.791792	115.273810	0.013466	7.9
1600	-0.810372	115.233144	0.008263	9.6
1601	-0.702348	115.192517	0.005036	8.5
1602	-1.464290	115.151927	0.003135	8.3
1603	-0.941155	115.111376	0.009361	8.6
1604	-1.664932	115.070863	0.037162	8.0
1605	-1.482659	115.030388	0.023847	10.0
1606	-0.318794	114.989951	0.003112	7.9
1607	-0.831189	114.949551	0.009552	7.7
1608	-1.809384	114.909190	0.010636	8.1
1609	-1.584960	114.868866	0.014376	8.7
1610	-1.956037	114.828580	0.011571	11.0
1611	-0.586848	114.788332	0.004578	8.0
1612	-1.937078	114.748121	0.007639	8.1
1613	-1.775571	114.707948	0.010400	8.5
1614	-1.438744	114.667812	0.024987	8.2
1615	-0.940211	114.627714	0.007138	11.0
1616	-1.730450	114.587653	0.014155	9.6
1617	-0.798899	114.547629	0.012401	10.0
1618	-0.295285	114.507643	0.003224	8.5
1619	-1.481485	114.467693	0.035411	14.1
1620	-0.148002	114.427781	0.001866	8.6
1621	-0.279070	114.387907	0.002072	8.9
1622	-1.944921	114.348069	0.011470	9.0
1623	-0.478432	114.308268	0.008974	7.5
1624	-1.273010	114.268504	0.010316	11.3
1625	-0.928324	114.228777	0.008281	13.1
1626	-0.577874	114.189086	0.009688	10.1
1627	-1.333231	114.149433	0.025406	12.5
1628	-1.428652	114.109816	0.004483	7.1
1629	-1.341879	114.070235	0.007336	7.8
1630	-1.863804	114.030692	0.016059	7.8
1631	-0.650830	113.991185	0.007402	7.6
1632	-1.370616	113.951714	0.007924	10.3
1633	-0.403173	113.912280	0.006581	8.4
1634	-1.901701	113.872882	0.011899	7.8
1635	-1.217875	113.833521	0.009186	7.8
1636	-0.842813	113.794195	0.005254	7.3
1637	-1.920885	113.754906	0.013226	10.8
1638	-1.269406	113.715653	0.010329	8.6
1639	-1.129327	113.676437	0.004827	8.0
1640	-1.973774	113.637256	0.003807	8.2
1641	-1.257475	113.598111	0.024617	8.3
1642	-1.487282	113.559002	0.016445	10.0
1643	-1.186157	113.519929	0.007223	7.9
1644	-0.252629	113.480892	0.003204	8.1
1645	-0.576283	113.441891	0.019289	7.9
1646	-0.340018	113.402925	0.006567	8.2
1647	-1.334735	113.363995	0.013098	11.6
1648	-0.398780	113.325101	0.006462	8.5
1649	-2.053819	113.286242	0.016833	8.0
1650	-1.790806	113.247419	0.015273	8.0
1651	-1.840015	113.208631	0.017651	7.9
1652	-0.801388	113.169879	0.012237	10.9
1653	-0.758537	113.131162	0.010326	8.0
1654	-1.796866	113.092480	0.012457	7.6
1655	-0.700401	113.053833	0.006575	13.2
1656	-1.886268	113.015222	0.013147	16.9
1657	-0.441645	112.976646	0.005220	8.7
1658	-0.971279	112.938105	0.005001	8.7
1659	-1.555460	112.899599	0.014400	8.2
1660	-1.931772	112.861128	0.008106	8.9
1661	-0.933641	112.822692	0.003310	10.7
1662	-1.234970	112.784291	0.004855	8.4
1663	-0.316961	112.745924	0.003234	8.1
1664	-1.984746	112.707593	0.012724	10.0
1665	-1.686222	112.669296	0.009815	29.8
1666	-1.699016	112.631034	0.009992	77.0
1667	-1.948553	112.592806	0.008125	12.6
1668	-0.867822	112.554613	0.024578	16.1
1669	-1.785700	112.516455	0.012546	15.9
1670	-1.823813	112.478331	0.008034	15.6
1671	-0.281132	112.440241	0.002912	12.9
1672	-1.155943	112.402186	0.010789	41.0
1673	-1.376376	112.364165	0.009396	23.5
1674	-0.454563	112.326179	0.004144	20.2
1675	-1.945996	112.288227	0.010222	16.1
1676	-1.868823	112.250309	0.025393	15.1
1677	-1.071188	112.212425	0.010837	12.9
1678	-2.041750	112.174575	0.010691	10.3
1679	-1.688891	112.136759	0.008767	10.5
1680	-1.480156	112.098977	0.010304	11.0
1681	-0.984921	112.061229	0.010714	11.8
1682	-0.665230	112.023515	0.011681	11.9
1683	-1.253895	111.985834	0.013910	9.9
1684	-1.089536	111.948188	0.007416	9.0
1685	-0.372508	111.910575	0.005987	12.1
1686	-1.602466	111.872996	0.011283	10.1
1687	-1.731720	111.835450	0.016216	8.3
1688	-1.503894	111.797939	0.003819	11.2
1689	-1.899671	111.760460	0.006569	13.6
1690	-0.454442	111.723015	0.004707	12.5
1691	-1.643535	111.685604	0.012375	10.9
1692	-1.332544	111.648226	0.015787	18.6
1693	-0.705848	111.610881	0.006196	14.6
1694	-0.271728	111.573570	0.004826	12.1
1695	-1.301082	111.536292	0.003506	12.5
1696	-1.550094	111.499047	0.019030	14.0
1697	-1.516499	111.461835	0.032679	9.0
1698	-1.599203	111.424656	0.023690	8.3
1699	-1.810831	111.387510	0.017751	15.6
1700	-1.391054	111.350398	0.007488	16.1
1701	-1.286120	111.313318	0.010011	16.9
1702	-1.545798	111.276271	0.014659	22.9
1703	-0.326411	111.239257	0.003486	15.9
1704	-1.224905	111.202276	0.023850	14.8
1705	-1.471258	111.165328	0.013526	24.5
1706	-1.945485	111.128412	0.014096	26.2
1707	-1.878174	111.091529	0.015011	28.7
1708	-1.264152	111.054679	0.014354	22.9
1709	-1.720327	111.017861	0.013057	28.4
1710	-0.700354	110.981076	0.011180	15.8
1711	-2.021184	110.944323	0.021714	26.5
1712	-1.528541	110.907603	0.012039	16.9
1713	-0.467076	110.870915	0.004373	25.2
1714	-0.258672	110.834259	0.003040	17.0
1715	-1.952815	110.797636	0.012478	13.5
1716	-0.489779	110.761045	0.004056	12.2
1717	-2.039229	110.724486	0.010649	7.5
1718	-2.014599	110.687959	0.006035	8.0
1719	-1.486914	110.651465	0.003058	8.1
1720	-1.445601	110.615002	0.010871	9.7
1721	-0.529795	110.578572	0.004818	11.9
1722	-2.014187	110.542173	0.012782	8.8
1723	-0.942167	110.505807	0.006227	9.4
1724	-1.596689	110.469472	0.011277	9.6
1725	-0.783825	110.433169	0.003580	14.0
1726	-1.537441	110.396898	0.012537	8.3
1727	-0.555700	110.360659	0.010998	12.2
1728	-1.236807	110.324451	0.026515	13.8
1729	-1.899338	110.288276	0.016049	7.6
1730	-0.863752	110.252131	0.005640	12.1
1731	-0.746044	110.216019	0.005864	14.6
1732	-0.778740	110.179937	0.007203	15.8
1733	-1.257683	110.143888	0.014008	13.2
1734	-0.822300	110.107869	0.009605	9.2
1735	-0.413468	110.071882	0.007382	11.8
1736	-1.735580	110.035927	0.018495	12.9
1737	-1.729584	110.000003	0.011842	11.9
1738	-0.775558	109.964110	0.006808	19.5
1739	-1.871515	109.928248	0.023915	10.8
1740	-1.976016	109.892417	0.025733	8.6
1741	-1.260787	109.856618	0.009176	10.4
1742	-1.985000	109.820850	0.012955	12.3
1743	-0.611519	109.785112	0.006393	8.0
1744	-2.017314	109.749406	0.003808	10.8
1745	-1.712815	109.713730	0.015845	12.9
1746	-1.662129	109.678086	0.031694	11.9
1747	-1.185094	109.642472	0.010818	12.8
1748	-1.713191	109.606890	0.008513	10.3
1749	-1.655901	109.571337	0.016838	9.2
1750	-0.782594	109.535816	0.012082	13.2
1751	-1.150977	109.500326	0.005544	8.9
1752	-0.602882	109.464866	0.006254	9.6
1753	-0.751725	109.429436	0.005625	10.1
1754	-0.445451	109.394038	0.003566	10.1
1755	-0.373182	109.358669	0.005118	9.8
1756	-1.385287	109.323331	0.004721	9.2
1757	-0.847269	109.288024	0.013007	10.8
1758	-1.728990	109.252747	0.019858	10.8
1759	-1.301851	109.217501	0.005175	11.0
1760	-0.585526	109.182284	0.004804	10.5
1761	-2.000082	109.147098	0.011172	10.9
1762	-2.037570	109.111942	0.005283	12.3
1763	-1.529869	109.076817	0.020137	8.4
1764	-0.436540	109.041721	0.007606	9.3
1765	-1.874871	109.006656	0.018091	8.1
1766	-1.702556	108.971620	0.029113	8.4
1767	-0.519279	108.936615	0.010439	11.1
1768	-0.672145	108.901640	0.008975	9.0
1769	-1.889719	108.866694	0.015841	7.9
1770	-2.067103	108.831779	0.020814	7.6
1771	-0.307811	108.796893	0.004869	10.7
1772	-0.349051	108.762037	0.006538	7.8
1773	-1.383535	108.727211	0.009905	7.9
1774	-0.785029	108.692415	0.005274	8.3
1775	-0.343956	108.657648	0.003517	8.0
1776	-1.011293	108.622911	0.005395	11.1
1777	-1.904571	108.588203	0.020397	8.7
1778	-0.756736	108.553525	0.015747	8.7
1779	-1.514125	108.518877	0.005961	9.6
1780	-1.219870	108.484258	0.015005	9.6
1781	-0.699025	108.449668	0.007794	8.6
1782	-0.701977	108.415108	0.006443	8.4
1783	-0.849777	108.380578	0.025319	8.2
1784	-1.865063	108.346076	0.015703	7.8
1785	-1.759222	108.311604	0.007282	10.8
1786	-0.830941	108.277161	0.011241	8.0
1787	-0.751828	108.242747	0.007568	7.7
1788	-1.460014	108.208363	0.005431	8.3
1789	-0.870117	108.174007	0.022595	8.9
1790	-1.252764	108.139681	0.010155	10.7
1791	-1.664108	108.105383	0.018242	12.0
1792	-0.902257	108.071115	0.008268	8.7
1793	-1.571807	108.036875	0.002937	8.7
1794	-0.792018	108.002665	0.007133	9.9
1795	-0.448631	107.968483	0.005552	8.2
1796	-1.285705	107.934330	0.014128	8.5
1797	-0.963350	107.900206	0.005404	8.6
1798	-1.417388	107.866111	0.007755	8.0
1799	-0.515964	107.832044	0.006595	11.0
1800	-1.566260	107.798007	0.002537	7.6
1801	-1.577939	107.763997	0.033176	9.9
1802	-0.627507	107.730017	0.008703	8.1
1803	-0.993265	107.696065	0.010875	10.6
1804	-1.670579	107.662141	0.012955	7.8
1805	-1.957524	107.628246	0.004643	8.1
1806	-0.759496	107.594379	0.012387	8.7
1807	-1.534640	107.560541	0.015280	15.2
1808	-1.722000	107.526731	0.021074	9.1
1809	-1.558202	107.492949	0.018158	7.7
1810	-1.367950	107.459196	0.013289	8.9
1811	-0.810932	107.425471	0.007504	8.2
1812	-1.146868	107.391774	0.010183	13.3
1813	-1.731489	107.358106	0.027139	10.0
1814	-1.930841	107.324465	0.008597	8.7
1815	-1.586403	107.290853	0.007110	9.1
1816	-0.881907	107.257268	0.008183	8.8
1817	-0.595785	107.223712	0.005758	8.4
1818	-0.346415	107.190184	0.007418	8.1
1819	-1.283336	107.156683	0.012497	7.8
1820	-0.826384	107.123211	0.004156	12.7
1821	-1.468868	107.089766	0.008898	11.8
1822	-0.450581	107.056349	0.004614	14.3
1823	-1.397522	107.022960	0.006788	10.1
1824	-1.557506	106.989599	0.020553	9.9
1825	-1.995252	106.956265	0.011085	9.2
1826	-1.461450	106.922960	0.013411	8.9
1827	-1.853585	106.889681	0.016263	8.3
1828	-1.619626	106.856431	0.006310	16.6
1829	-1.847474	106.823208	0.015700	14.8
1830	-1.843338	106.790012	0.010471	16.9
1831	-1.794016	106.756844	0.009041	12.1
1832	-1.883978	106.723703	0.011095	12.3
1833	-1.633344	106.690590	0.007585	12.7
1834	-0.804931	106.657505	0.008624	12.5
1835	-1.395323	106.624446	0.004807	14.5
1836	-1.956856	106.591415	0.007487	17.8
1837	-1.526931	106.558411	0.014349	34.7
1838	-0.386186	106.525435	0.003298	12.2
1839	-1.197993	106.492485	0.035935	12.2
1840	-1.854375	106.459563	0.013108	7.8
1841	-0.701496	106.426668	0.007237	12.1
1842	-0.633506	106.393800	0.004665	10.5
1843	-1.270618	106.360959	0.010514	15.3
1844	-1.810985	106.328145	0.008248	12.9
1845	-0.663823	106.295358	0.005130	14.0
1846	-1.840693	106.262598	0.015507	7.9
1847	-1.700958	106.229865	0.006560	10.2
1848	-0.522658	106.197158	0.006561	12.0
1849	-0.531344	106.164479	0.006719	11.4
1850	-0.942560	106.131826	0.007608	13.4
1851	-1.854119	106.099201	0.014960	7.9
1852	-1.156679	106.066602	0.008172	18.3
1853	-1.999718	106.034029	0.011556	12.1
1854	-1.594463	106.001483	0.010288	10.6
1855	-0.735643	105.968964	0.005027	10.7
1856	-0.878788	105.936472	0.016385	21.3
1857	-1.865244	105.904006	0.013344	19.6
1858	-1.754313	105.871566	0.009687	15.0
1859	-0.369331	105.839153	0.009638	16.7
1860	-0.310372	105.806767	0.004499	23.8
1861	-0.441196	105.774407	0.006036	17.1
1862	-1.672327	105.742073	0.010993	10.5
1863	-1.845518	105.709766	0.023225	8.7
1864	-0.922859	105.677485	0.009588	12.9
1865	-1.838425	105.645230	0.008510	9.7
1866	-1.703294	105.613001	0.019735	8.4
1867	-1.107683	105.580799	0.013907	10.7
1868	-1.986252	105.548623	0.015493	9.6
1869	-0.427305	105.516473	0.003198	10.0
1870	-0.708069	105.484349	0.016903	8.6
1871	-0.642561	105.452251	0.004951	8.2
1872	-1.575684	105.420179	0.006818	13.4
1873	-1.780050	105.388133	0.020772	13.2
1874	-0.796916	105.356113	0.009234	19.1
1875	-0.788137	105.324119	0.008972	13.9
1876	-1.286003	105.292151	0.018423	13.4
1877	-1.799174	105.260209	0.017962	11.5
1878	-0.725915	105.228293	0.009085	12.7
1879	-0.753146	105.196402	0.004572	8.8
1880	-0.877552	105.164537	0.007122	11.4
1881	-1.990057	105.132698	0.008608	7.8
1882	-1.828102	105.100885	0.024176	14.4
1883	-0.400465	105.069097	0.006189	11.6
1884	-1.267197	105.037335	0.009723	11.9
1885	-1.316439	105.005598	0.014370	13.1
1886	-1.422589	104.973887	0.012103	15.5
1887	-1.723436	104.942202	0.012299	9.6
1888	-1.210728	104.910542	0.015623	8.0
1889	-1.787381	104.878907	0.017817	11.9
1890	-0.863291	104.847298	0.006362	11.5
1891	-1.833992	104.815715	0.012100	16.5
1892	-1.661010	104.784156	0.024600	17.0
1893	-1.273872	104.752623	0.011161	11.9
1894	-1.328053	104.721116	0.002739	11.4
1895	-1.279363	104.689633	0.021456	12.9
1896	-1.472628	104.658176	0.007591	11.6
1897	-1.738398	104.626744	0.023574	10.4
1898	-1.223670	104.595337	0.005605	11.2
1899	-1.754907	104.563955	0.010434	13.3
1900	-1.924084	104.532599	0.003577	10.7
1901	-1.749996	104.501267	0.005711	12.1
1902	-1.605666	104.469960	0.026828	11.3
1903	-0.565737	104.438679	0.008510	15.8
1904	-1.337601	104.407422	0.009489	14.3
1905	-1.446536	104.376191	0.011875	15.0
1906	-1.378703	104.344984	0.010998	10.2
1907	-1.614333	104.313802	0.008943	8.7
1908	-0.442184	104.282645	0.004305	9.1
1909	-1.918142	104.251513	0.007839	10.7
1910	-0.877769	104.220405	0.027954	10.9
1911	-0.435706	104.189323	0.005352	9.1
1912	-1.274808	104.158265	0.005207	9.7
1913	-1.100776	104.127231	0.012260	14.5
1914	-0.896247	104.096222	0.023305	11.1
1915	-1.604155	104.065238	0.022780	11.4
1916	-0.660818	104.034279	0.009943	18.3
1917	-1.423988	104.003344	0.010557	15.5
1918	-1.923608	103.972433	0.010585	10.3
1919	-1.559823	103.941547	0.018191	7.8
1920	-1.911307	103.910686	0.012575	15.7
1921	-1.356463	103.879849	0.011150	13.2
1922	-1.724410	103.849036	0.004857	14.7
1923	-0.862739	103.818248	0.004630	13.5
1924	-0.369332	103.787484	0.007202	14.4
1925	-1.273338	103.756744	0.010082	13.2
1926	-1.980000	103.726029	0.019053	18.8
1927	-1.506058	103.695338	0.014132	9.7
1928	-1.849473	103.664671	0.022777	10.1
1929	-0.673785	103.634028	0.005656	10.9
1930	-1.487234	103.603409	0.006375	12.4
1931	-0.624306	103.572814	0.007922	11.8
1932	-0.270668	103.542244	0.003010	15.2
1933	-1.879194	103.511698	0.006376	16.3
1934	-1.120028	103.481175	0.009581	14.3
1935	-0.309870	103.450677	0.003571	13.4
1936	-0.957039	103.420202	0.006317	16.2
1937	-1.693014	103.389752	0.011072	9.4
1938	-1.941790	103.359325	0.012048	11.4
1939	-1.422674	103.328922	0.014596	12.1
1940	-0.078415	103.298543	0.001040	12.2
1941	-1.354849	103.268188	0.006082	9.8
1942	-1.595103	103.237857	0.010320	13.0
1943	-0.645328	103.207549	0.004671	9.9
1944	-0.679140	103.177265	0.009898	11.7
1945	-1.839750	103.147005	0.015762	13.2
1946	-1.930074	103.116768	0.010638	13.1
1947	-1.877578	103.086556	0.015162	9.3
1948	-0.997951	103.056366	0.010906	12.5
1949	-0.233407	103.026200	0.003569	9.6
1950	-0.520944	102.996058	0.005233	9.1
1951	-1.867558	102.965939	0.023184	11.9
1952	-1.081357	102.935844	0.016009	12.0
1953	-2.006263	102.905772	0.009451	8.5
1954	-1.220942	102.875724	0.008689	14.4
1955	-1.910318	102.845699	0.005136	12.9
1956	-1.007800	102.815697	0.009689	9.2
1957	-1.898113	102.785719	0.013736	8.9
1958	-1.989454	102.755764	0.004517	9.8
1959	-2.031143	102.725832	0.010847	9.7
1960	-0.811772	102.695924	0.012151	8.9
1961	-1.428942	102.666038	0.011661	7.8
1962	-0.852806	102.636176	0.018577	8.1
1963	-0.684205	102.606337	0.007014	10.2
1964	-1.277361	102.576521	0.008223	7.8
1965	-1.961374	102.546728	0.021356	7.5
1966	-1.166733	102.516959	0.024517	10.3
1967	-1.545032	102.487212	0.018532	7.6
1968	-1.909566	102.457488	0.010145	10.8
1969	-1.214896	102.427788	0.014122	8.4
1970	-1.563225	102.398110	0.005277	8.0
1971	-1.905726	102.368455	0.005161	7.5
1972	-0.432156	102.338823	0.004168	8.4
1973	-0.270463	102.309214	0.004965	10.1
1974	-1.963909	102.279628	0.010754	7.6
1975	-1.052628	102.250064	0.006657	7.4
1976	-1.554788	102.220524	0.007531	7.7
1977	-0.231774	102.191006	0.002663	7.5
1978	-1.975673	102.161511	0.009670	10.0
1979	-0.636285	102.132038	0.004988	7.4
1980	-1.642069	102.102588	0.009827	7.6
1981	-1.423182	102.073161	0.016484	7.9
1982	-1.835765	102.043757	0.010000	7.5
1983	-1.866279	102.014375	0.028586	11.6
1984	-0.732378	101.985015	0.008435	11.4
1985	-1.707771	101.955678	0.006194	8.1
1986	-0.281315	101.926364	0.003356	7.5
1987	-1.928980	101.897072	0.017795	8.5
1988	-0.305875	101.867802	0.002940	9.5
1989	-1.635969	101.838555	0.004775	7.9
1990	-0.579984	101.809330	0.011793	8.1
1991	-1.640032	101.780128	0.013522	7.5
1992	-1.987005	101.750948	0.009408	10.1
1993	-1.701697	101.721790	0.019300	7.6
1994	-0.466058	101.692654	0.004379	8.4
1995	-2.020355	101.663541	0.015410	7.7
1996	-1.829243	101.634450	0.027436	7.5
1997	-1.825243	101.605381	0.017321	10.7
1998	-0.761544	101.576335	0.010541	7.6
1999	-0.704996	101.547310	0.005044	7.8
