1:ItNr	2:Metric	3:StepSize	4:||Gradient||	Time[ms]
0	-1.235033	627.201626	0.027613	465.5
1	-0.397203	623.504937	0.013681	7.9
2	-0.976652	619.865785	0.014273	9.8
3	-0.767175	616.282728	0.008461	11.5
4	-0.438835	612.754375	0.006004	12.1
5	-1.470676	609.279381	0.023978	12.7
6	-0.904150	605.856447	0.010601	20.6
7	-1.202062	602.484317	0.030783	8.0
8	-1.330302	599.161779	0.013223	8.6
9	-0.001100	595.887656	0.000111	9.6
10	-0.821265	592.660813	0.014751	8.9
11	-1.458384	589.480151	0.021120	12.0
12	-0.957465	586.344606	0.014461	7.7
13	-0.711036	583.253145	0.021759	7.7
14	-1.125509	580.204771	0.018420	11.8
15	-0.523939	577.198517	0.007050	13.6
16	-0.416826	574.233444	0.013944	12.6
17	-1.047739	571.308645	0.021604	14.1
18	-0.617092	568.423237	0.010604	10.9
19	-1.453704	565.576365	0.018754	12.9
20	-0.656439	562.767201	0.011645	11.8
21	-1.341885	559.994938	0.026001	10.2
22	-0.656585	557.258797	0.015146	7.7
23	-0.953726	554.558018	0.018901	8.0
24	-1.164739	551.891865	0.017118	9.4
25	-0.482872	549.259621	0.014202	11.2
26	-0.637044	546.660592	0.014359	8.5
27	-1.200494	544.094102	0.015377	28.9
28	-1.150534	541.559494	0.015431	14.4
29	-0.659199	539.056129	0.010297	13.0
30	-0.841398	536.583387	0.028774	14.9
31	-0.808941	534.140663	0.016798	14.5
32	-1.450801	531.727370	0.021320	15.3
33	-1.518231	529.342935	0.016746	15.5
34	-0.693867	526.986802	0.012960	8.4
35	-1.429638	524.658430	0.018430	10.7
36	-0.958507	522.357290	0.017722	7.7
37	-0.990259	520.082868	0.024258	8.2
38	-1.230864	517.834665	0.019202	13.7
39	-0.394528	515.612193	0.007454	9.0
40	-1.306588	513.414976	0.014070	9.5
41	-0.669114	511.242551	0.011443	11.9
42	-1.595518	509.094468	0.007193	10.9
43	-1.343599	506.970285	0.026756	12.9
44	-0.983153	504.869574	0.008147	7.0
45	-1.274908	502.791916	0.021884	11.0
46	-0.941056	500.736903	0.017590	8.4
47	-1.536458	498.704137	0.021135	12.0
48	-0.668702	496.693228	0.010602	12.2
49	-1.050034	494.703798	0.011071	12.1
50	-1.472581	492.735476	0.015719	11.2
51	-1.062861	490.787900	0.020186	11.3
52	-1.438944	488.860718	0.023476	12.5
53	-1.563604	486.953585	0.010030	10.4
54	-1.514804	485.066164	0.022667	12.4
55	-0.711563	483.198126	0.023739	9.7
56	-1.505568	481.349149	0.029459	10.9
57	-0.751936	479.518920	0.025635	11.0
58	-1.197281	477.707132	0.023045	7.6
59	-1.227418	475.913485	0.020052	7.9
60	-0.608621	474.137684	0.006528	8.3
61	-1.469262	472.379445	0.025071	12.3
62	-0.779246	470.638485	0.006633	7.3
63	-1.342062	468.914531	0.025046	7.4
64	-1.455271	467.207315	0.024848	8.8
65	-0.506991	465.516573	0.014027	10.3
66	-0.259373	463.842050	0.003316	9.4
67	-0.819637	462.183494	0.013394	9.3
68	-1.369892	460.540658	0.034111	7.6
69	-0.956443	458.913303	0.014782	8.0
70	-1.566530	457.301192	0.011501	10.9
71	-1.158453	455.704096	0.037825	11.9
72	-0.060680	454.121787	0.001064	12.0
73	-0.296703	452.554045	0.004057	14.1
74	-0.423099	451.000653	0.006591	11.9
75	-1.166182	449.461399	0.019236	10.1
76	-0.175948	447.936075	0.002130	8.8
77	-1.162380	446.424477	0.015168	11.3
78	-1.240747	444.926406	0.005865	9.6
79	-1.559784	443.441666	0.022089	9.3
80	-0.592710	441.970065	0.020141	12.5
81	-1.042327	440.511415	0.019976	11.2
82	-1.369164	439.065533	0.019488	15.7
83	-1.361133	437.632238	0.018382	13.0
84	-1.502507	436.211351	0.035734	15.4
85	-1.407004	434.802701	0.017926	12.1
86	-1.364554	433.406117	0.025130	12.3
87	-0.566120	432.021430	0.015398	13.5
88	-1.380575	430.648479	0.012982	12.3
89	-0.365459	429.287101	0.006826	11.6
90	-0.495781	427.937140	0.012387	12.4
91	-1.628801	426.598440	0.021687	15.5
92	-0.194926	425.270849	0.003668	13.8
93	-1.489387	423.954220	0.020155	14.1
94	-1.049528	422.648404	0.018941	13.9
95	-1.448049	421.353259	0.024822	13.6
96	-1.421160	420.068643	0.033570	15.0
97	-1.041245	418.794419	0.009912	13.1
98	-0.982536	417.530451	0.015784	12.1
99	-0.421131	416.276604	0.003648	14.0
100	-1.606331	415.032748	0.016169	12.4
101	-1.305276	413.798754	0.029943	8.0
102	-1.360212	412.574495	0.014667	11.6
103	-0.178507	411.359849	0.002675	13.0
104	-0.863008	410.154691	0.010557	10.8
105	-1.558091	408.958904	0.018955	14.6
106	-0.764422	407.772368	0.012714	11.7
107	-0.598574	406.594968	0.013968	11.0
108	-0.352812	405.426590	0.006417	9.9
109	-0.515512	404.267122	0.009823	9.3
110	-0.367663	403.116456	0.004523	8.4
111	-1.275319	401.974481	0.016419	10.3
112	-1.131060	400.841093	0.028025	7.9
113	-0.531500	399.716187	0.010176	10.4
114	-1.581715	398.599660	0.019976	14.6
115	-1.514221	397.491411	0.015789	7.9
116	-1.253121	396.391342	0.020029	10.9
117	-1.138259	395.299353	0.015787	11.0
118	-1.667541	394.215350	0.015075	12.4
119	-0.841498	393.139238	0.026336	8.5
120	-0.268016	392.070924	0.003113	10.9
121	-1.090459	391.010316	0.016934	7.8
122	-0.584748	389.957325	0.011705	10.0
123	-0.515097	388.911862	0.002810	9.5
124	-1.311463	387.873839	0.008055	7.7
125	-0.820172	386.843173	0.022926	10.4
126	-0.520893	385.819777	0.007322	13.5
127	-1.534120	384.803569	0.009210	8.6
128	-1.238846	383.794468	0.007474	8.1
129	-0.326678	382.792393	0.004193	7.5
130	-0.210424	381.797264	0.004407	7.9
131	-0.304466	380.809005	0.005654	10.4
132	-0.744377	379.827537	0.005791	9.7
133	-0.462508	378.852786	0.009286	10.5
134	-1.466911	377.884678	0.018967	11.9
135	-0.643019	376.923138	0.007247	13.8
136	-0.080921	375.968095	0.000939	11.5
137	-0.891250	375.019479	0.015276	11.2
138	-0.685743	374.077218	0.009642	11.3
139	-1.603646	373.141244	0.016286	13.7
140	-0.996867	372.211489	0.011331	7.9
141	-0.403757	371.287887	0.003657	9.6
142	-0.616431	370.370370	0.009817	9.9
143	-0.776801	369.458876	0.014848	12.8
144	-1.528859	368.553338	0.018660	8.2
145	-0.754000	367.653696	0.013524	7.6
146	-1.168546	366.759885	0.022459	12.2
147	-0.372058	365.871846	0.005413	12.1
148	-1.421643	364.989518	0.008363	12.3
149	-0.707861	364.112841	0.011995	13.6
150	-1.060692	363.241757	0.022039	9.7
151	-1.195577	362.376208	0.009846	9.6
152	-1.485193	361.516137	0.017942	7.5
153	-1.395310	360.661488	0.014122	10.9
154	-0.817317	359.812206	0.017283	12.2
155	-1.356498	358.968236	0.013444	10.1
156	-1.013324	358.129524	0.010436	9.5
157	-0.661984	357.296018	0.011978	12.5
158	-1.546592	356.467665	0.028063	8.0
159	-1.405228	355.644414	0.017544	7.8
160	-1.400827	354.826213	0.015622	11.0
161	-1.590059	354.013012	0.017813	8.0
162	-0.715820	353.204763	0.008675	10.5
163	-0.288243	352.401415	0.002548	9.6
164	-1.430175	351.602922	0.018483	7.8
165	-0.959095	350.809235	0.020419	8.4
166	-1.351410	350.020308	0.014776	11.8
167	-1.488814	349.236095	0.017579	10.0
168	-0.234682	348.456550	0.002721	8.0
169	-1.544535	347.681627	0.018393	7.9
170	-0.640968	346.911283	0.005105	13.4
171	-0.966491	346.145474	0.007499	9.9
172	-1.590040	345.384157	0.014742	9.6
173	-0.943329	344.627288	0.013746	10.3
174	-0.866041	343.874826	0.010058	11.7
175	-1.568179	343.126729	0.028065	11.2
176	-0.777803	342.382957	0.009124	8.3
177	-1.020156	341.643469	0.029189	11.9
178	-1.559521	340.908224	0.018608	12.1
179	-0.108020	340.177184	0.001113	10.3
180	-0.496877	339.450309	0.004340	10.6
181	-0.693270	338.727561	0.006778	10.2
182	-0.842277	338.008902	0.007941	11.8
183	-0.976410	337.294295	0.012974	7.8
184	-1.481023	336.583703	0.023057	10.1
185	-1.499021	335.877089	0.016013	9.8
186	-1.525246	335.174416	0.026333	10.7
187	-1.611265	334.475651	0.012282	10.4
188	-0.544232	333.780756	0.006466	10.6
189	-0.825956	333.089698	0.021429	11.9
190	-1.552875	332.402443	0.026942	11.0
191	-0.016832	331.718955	0.000057	7.8
192	-1.304426	331.039203	0.013471	12.1
193	-0.308963	330.363153	0.004312	12.0
194	-0.163762	329.690771	0.002218	10.7
195	-0.857869	329.022027	0.014462	9.8
196	-1.381537	328.356888	0.028231	12.3
197	-0.667247	327.695322	0.007651	9.0
198	-1.564742	327.037299	0.020048	10.6
199	-0.612507	326.382787	0.006931	7.6
200	-0.790443	325.731758	0.009075	7.7
201	-1.134301	325.084179	0.008250	7.5
202	-1.172421	324.440023	0.013507	7.7
203	-1.503673	323.799258	0.008127	10.6
204	-0.208033	323.161858	0.002839	8.3
205	-0.437322	322.527792	0.007097	11.9
206	-1.172841	321.897034	0.013751	15.0
207	-0.518816	321.269554	0.005621	13.9
208	-1.487610	320.645325	0.015615	10.8
209	-0.854018	320.024320	0.014493	12.1
210	-1.395950	319.406512	0.012107	11.2
211	-0.839109	318.791875	0.008230	11.3
212	-1.481934	318.180381	0.006231	7.6
213	-0.688629	317.572005	0.011977	7.5
214	-0.031266	316.966721	0.000682	6.6
215	-0.740908	316.364504	0.012287	10.7
216	-0.143748	315.765329	0.001373	10.8
217	-0.301877	315.169170	0.004688	11.0
218	-0.311854	314.576003	0.005140	14.5
219	-1.390520	313.985804	0.014114	11.1
220	-0.797450	313.398548	0.018551	9.3
221	-0.497423	312.814213	0.006769	12.3
222	-1.044032	312.232773	0.007667	13.8
223	-0.609735	311.654207	0.013758	11.7
224	-1.496388	311.078491	0.013446	12.5
225	-0.806942	310.505602	0.010411	13.5
226	-1.027075	309.935518	0.006847	12.4
227	-0.072206	309.368217	0.000986	11.8
228	-1.467825	308.803676	0.015548	12.8
229	-0.339439	308.241874	0.005796	13.4
230	-1.593288	307.682789	0.011002	11.8
231	-0.962718	307.126400	0.016347	13.8
232	-1.403022	306.572687	0.019492	10.5
233	-1.010248	306.021627	0.014059	8.6
234	-1.329967	305.473201	0.019760	11.7
235	-1.336866	304.927388	0.022285	8.5
236	-1.493329	304.384168	0.028865	11.9
237	-1.621495	303.843521	0.008397	11.8
238	-1.323437	303.305427	0.017189	8.6
239	-1.029310	302.769867	0.012146	9.7
240	-0.178528	302.236821	0.001886	12.1
241	-1.293434	301.706270	0.018867	11.6
242	-1.455436	301.178196	0.021454	8.1
243	-1.291949	300.652580	0.027321	12.5
244	-1.256753	300.129402	0.013507	11.0
245	-1.250393	299.608645	0.022221	9.5
246	-0.934195	299.090291	0.014647	7.5
247	-1.506737	298.574321	0.011721	8.7
248	-1.556688	298.060718	0.010407	9.4
249	-0.987867	297.549465	0.008964	7.9
250	-1.223289	297.040543	0.012592	7.8
251	-0.717663	296.533936	0.009668	10.4
252	-0.161041	296.029626	0.002018	13.1
253	-1.484447	295.527597	0.026568	11.8
254	-0.122451	295.027832	0.002213	11.6
255	-0.455876	294.530315	0.006973	9.4
256	-1.316935	294.035028	0.027368	10.8
257	-1.572743	293.541956	0.022903	8.6
258	-0.833597	293.051083	0.009845	12.2
259	-1.662482	292.562393	0.015600	7.6
260	-0.784971	292.075870	0.012192	10.5
261	-1.351437	291.591498	0.026261	15.0
262	-1.558777	291.109263	0.019249	9.5
263	-1.413370	290.629149	0.013678	8.1
264	-0.937937	290.151140	0.006505	11.7
265	-1.155595	289.675222	0.013548	8.8
266	-0.622062	289.201380	0.022795	7.5
267	-1.115714	288.729600	0.007057	10.2
268	-0.279187	288.259866	0.004762	13.7
269	-1.099904	287.792165	0.017049	12.1
270	-0.722119	287.326481	0.015492	11.7
271	-1.521132	286.862802	0.020379	11.9
272	-1.584162	286.401113	0.012302	15.0
273	-1.111917	285.941400	0.018128	12.3
274	-1.051552	285.483649	0.020859	10.2
275	-1.102031	285.027847	0.006298	14.6
276	-1.509412	284.573981	0.023468	11.0
277	-1.282204	284.122037	0.013233	12.1
278	-0.769100	283.672002	0.010807	13.2
279	-0.672558	283.223863	0.006646	9.8
280	-0.963228	282.777607	0.017682	10.4
281	-0.396195	282.333221	0.003132	9.5
282	-1.094785	281.890692	0.006701	10.2
283	-1.359712	281.450008	0.016205	7.7
284	-0.711627	281.011157	0.008777	7.5
285	-1.602346	280.574125	0.010411	7.8
286	-0.528318	280.138901	0.010682	8.5
287	-1.228745	279.705473	0.027170	10.6
288	-1.554153	279.273829	0.024741	10.5
289	-0.527173	278.843956	0.011813	7.8
290	-1.388099	278.415844	0.017900	10.2
291	-0.449077	277.989479	0.002347	14.9
292	-1.602069	277.564851	0.019622	22.3
293	-1.202341	277.141949	0.019356	18.6
294	-0.818056	276.720761	0.018129	11.6
295	-1.476164	276.301275	0.023990	11.8
296	-0.731333	275.883480	0.007933	12.9
297	-1.150053	275.467366	0.008726	13.1
298	-1.273393	275.052922	0.018819	12.6
299	-0.610089	274.640136	0.017788	12.1
300	-1.593151	274.228998	0.025524	11.7
301	-1.392034	273.819497	0.021201	10.9
302	-0.352703	273.411623	0.010398	9.5
303	-0.248682	273.005365	0.002650	8.7
304	-0.511784	272.600712	0.005187	10.2
305	-0.247634	272.197655	0.003885	8.5
306	-0.481974	271.796184	0.003703	12.3
307	-1.329845	271.396287	0.023576	13.2
308	-0.201205	270.997956	0.004375	11.7
309	-0.593543	270.601180	0.006826	11.2
310	-1.369789	270.205949	0.010135	9.9
311	-0.910220	269.812254	0.025190	10.5
312	-1.574956	269.420085	0.011960	12.0
313	-0.351500	269.029432	0.008430	8.7
314	-1.198298	268.640287	0.012873	8.6
315	-0.779553	268.252638	0.011479	10.3
316	-0.548539	267.866478	0.005312	10.5
317	-1.321351	267.481796	0.022468	12.1
318	-1.527512	267.098584	0.022756	12.1
319	-1.089517	266.716833	0.017423	11.0
320	-1.247517	266.336533	0.015890	11.8
321	-1.036670	265.957676	0.012369	7.7
322	-0.991554	265.580253	0.012536	10.7
323	-0.590545	265.204254	0.009591	13.0
324	-0.495256	264.829672	0.009857	10.0
325	-1.359247	264.456497	0.017029	10.1
326	-1.497029	264.084721	0.020711	12.2
327	-1.520535	263.714335	0.016299	12.1
328	-0.723109	263.345332	0.005490	11.0
329	-1.196337	262.977702	0.013553	9.3
330	-1.468111	262.611438	0.018095	12.4
331	-1.412487	262.246531	0.014394	9.8
332	-0.702671	261.882973	0.022172	9.8
333	-0.794891	261.520756	0.017619	10.2
334	-0.903120	261.159871	0.019409	10.6
335	-0.423045	260.800312	0.004029	7.9
336	-1.534846	260.442070	0.017927	7.4
337	-0.683326	260.085137	0.007491	7.8
338	-1.367076	259.729505	0.013102	7.5
339	-0.507486	259.375167	0.006948	11.1
340	-0.623048	259.022116	0.006261	8.0
341	-1.422462	258.670343	0.007643	11.6
342	-1.290741	258.319841	0.013149	12.7
343	-0.997384	257.970602	0.014697	12.8
344	-1.487598	257.622620	0.011402	10.6
345	-1.413002	257.275887	0.018540	11.9
346	-0.693320	256.930396	0.005723	11.7
347	-1.601934	256.586139	0.021333	13.2
348	-0.414351	256.243109	0.008000	12.2
349	-1.272865	255.901300	0.012825	10.6
350	-0.890240	255.560703	0.011003	11.5
351	-1.279433	255.221313	0.018186	7.9
352	-1.234947	254.883122	0.013699	8.1
353	-1.079868	254.546124	0.012061	10.2
354	-1.129560	254.210311	0.010261	11.3
355	-0.858513	253.875677	0.021222	10.0
356	-0.566010	253.542215	0.012438	8.8
357	-1.191819	253.209918	0.025070	7.8
358	-0.223408	252.878781	0.005837	12.0
359	-1.288875	252.548795	0.012167	8.8
360	-0.689898	252.219956	0.008488	9.5
361	-1.332702	251.892255	0.020123	11.9
362	-0.782735	251.565688	0.019266	11.1
363	-0.681241	251.240247	0.007963	11.8
364	-1.285429	250.915926	0.016188	10.2
365	-0.885536	250.592720	0.010197	8.0
366	-0.727314	250.270621	0.006165	20.6
367	-0.787721	249.949624	0.015738	22.7
368	-1.022433	249.629723	0.004758	18.6
369	-1.472503	249.310911	0.022612	14.1
370	-1.118044	248.993182	0.010431	12.2
371	-0.769747	248.676531	0.012320	13.9
372	-0.114115	248.360952	0.001689	7.5
373	-0.242531	248.046438	0.003680	9.7
374	-1.523422	247.732984	0.011275	7.8
375	-0.964678	247.420584	0.007683	7.6
376	-1.580699	247.109233	0.016770	10.6
377	-0.061592	246.798924	0.000720	7.7
378	-0.861579	246.489652	0.009892	7.7
379	-0.375017	246.181412	0.002609	11.1
380	-1.037737	245.874197	0.008749	14.6
381	-1.531306	245.568002	0.017835	11.6
382	-1.068274	245.262822	0.019096	12.0
383	-0.602827	244.958652	0.003233	12.7
384	-1.352944	244.655485	0.035225	10.4
385	-0.747913	244.353317	0.007442	8.9
386	-0.897972	244.052142	0.014880	8.1
387	-0.516129	243.751955	0.002893	6.9
388	-0.732200	243.452750	0.010394	10.6
389	-1.475530	243.154523	0.015718	7.8
390	-1.264889	242.857268	0.024733	8.9
391	-1.366387	242.560980	0.023958	10.2
392	-1.540644	242.265654	0.031130	11.7
393	-1.600002	241.971285	0.034907	11.3
394	-1.480359	241.677868	0.011960	11.7
395	-0.654366	241.385397	0.014789	8.4
396	-1.047190	241.093869	0.017483	11.9
397	-1.124641	240.803278	0.011582	8.2
398	-1.044835	240.513619	0.014267	12.2
399	-1.451253	240.224887	0.017553	12.4
400	-0.764280	239.937077	0.018301	10.7
401	-0.817970	239.650186	0.014311	12.9
402	-0.627424	239.364207	0.011941	14.9
403	-1.311953	239.079136	0.011424	18.6
404	-0.849739	238.794969	0.007891	16.0
405	-1.608682	238.511701	0.025761	16.1
406	-0.692598	238.229327	0.006087	15.1
407	-0.343920	237.947843	0.003410	14.8
408	-0.744972	237.667244	0.007344	14.7
409	-0.654452	237.387526	0.006346	14.1
410	-1.577054	237.108684	0.014722	13.9
411	-0.502884	236.830714	0.012293	14.4
412	-1.619556	236.553610	0.022842	15.5
413	-0.595582	236.277370	0.010763	14.5
414	-1.639636	236.001989	0.025495	13.3
415	-0.312154	235.727461	0.006221	13.9
416	-0.784440	235.453784	0.023685	13.6
417	-1.230443	235.180952	0.014936	12.8
418	-0.861747	234.908962	0.010196	13.9
419	-0.130068	234.637809	0.001804	13.7
420	-0.665553	234.367488	0.008123	17.9
421	-1.591283	234.097997	0.017479	14.3
422	-0.938911	233.829331	0.012234	8.3
423	-0.148544	233.561485	0.003226	10.3
424	-1.556399	233.294456	0.018965	8.2
425	-1.605085	233.028239	0.009482	29.6
426	-0.627543	232.762831	0.012206	8.3
427	-1.393879	232.498228	0.009030	9.5
428	-0.739329	232.234425	0.010780	7.5
429	-1.172852	231.971419	0.015919	8.4
430	-1.175421	231.709205	0.019249	10.5
431	-1.578758	231.447781	0.015786	7.9
432	-1.205332	231.187141	0.014763	8.0
433	-1.068324	230.927283	0.019805	8.2
434	-1.599243	230.668202	0.006482	9.1
435	-1.415620	230.409895	0.018894	7.7
436	-0.797138	230.152358	0.026997	7.5
437	-1.438546	229.895587	0.014575	7.6
438	-1.328475	229.639578	0.032984	10.6
439	-0.498573	229.384329	0.007860	11.3
440	-1.256137	229.129834	0.015795	12.0
441	-1.293454	228.876091	0.028052	7.4
442	-1.307250	228.623096	0.014067	7.9
443	-1.289938	228.370846	0.016238	7.5
444	-0.668353	228.119336	0.018787	7.9
445	-0.353572	227.868563	0.005927	10.4
446	-1.519082	227.618525	0.026430	7.9
447	-1.278037	227.369216	0.013451	9.3
448	-0.323508	227.120635	0.003786	7.6
449	-1.119788	226.872777	0.007619	7.0
450	-1.018369	226.625638	0.014463	11.1
451	-1.622250	226.379217	0.024504	7.6
452	-1.526861	226.133509	0.018225	7.7
453	-0.393876	225.888510	0.007998	7.6
454	-0.547521	225.644218	0.008131	7.4
455	-1.443138	225.400630	0.016743	10.8
456	-0.645660	225.157741	0.003286	7.5
457	-1.634208	224.915549	0.019302	8.6
458	-0.844276	224.674051	0.017146	9.4
459	-1.338281	224.433242	0.024138	7.7
460	-0.368489	224.193121	0.002247	10.8
461	-1.602758	223.953684	0.012735	8.0
462	-0.699463	223.714927	0.009041	7.5
463	-0.563061	223.476848	0.003424	7.5
464	-0.585672	223.239444	0.009641	8.9
465	-1.534438	223.002710	0.014289	8.3
466	-1.298428	222.766645	0.012964	7.4
467	-0.726114	222.531245	0.004991	7.4
468	-1.128335	222.296508	0.006191	7.5
469	-1.527093	222.062429	0.014554	10.0
470	-0.379767	221.829007	0.006376	7.4
471	-0.558390	221.596238	0.008199	7.4
472	-0.694392	221.364119	0.011539	8.4
473	-0.763325	221.132647	0.009013	7.7
474	-1.180145	220.901820	0.014360	9.7
475	-1.358829	220.671634	0.010867	7.7
476	-1.480582	220.442086	0.009711	8.1
477	-1.491490	220.213174	0.014366	7.9
478	-1.357639	219.984895	0.028757	7.9
479	-0.690174	219.757246	0.004442	10.9
480	-0.684140	219.530224	0.018497	7.5
481	-0.947131	219.303826	0.008814	7.2
482	-1.313376	219.078050	0.011816	7.5
483	-1.474047	218.852893	0.008711	7.5
484	-0.956558	218.628352	0.008615	9.3
485	-0.405745	218.404424	0.005266	7.6
486	-1.426062	218.181106	0.016160	7.8
487	-1.239015	217.958397	0.023041	8.7
488	-1.513538	217.736292	0.015207	7.9
489	-0.638640	217.514790	0.004140	10.5
490	-0.325527	217.293888	0.002146	7.3
491	-1.524393	217.073584	0.029262	7.6
492	-1.382246	216.853873	0.027671	8.2
493	-1.342938	216.634755	0.007115	7.6
494	-0.448257	216.416227	0.003211	11.0
495	-1.525742	216.198285	0.012718	8.6
496	-0.746490	215.980927	0.008621	7.5
497	-0.919583	215.764151	0.011248	8.0
498	-0.610487	215.547955	0.008049	7.6
499	-1.664823	215.332335	0.017756	10.3
500	-1.578636	215.117289	0.011426	8.4
501	-0.305995	214.902815	0.003865	7.4
502	-0.201244	214.688911	0.002411	7.6
503	-0.836018	214.475573	0.012433	8.7
504	-0.284289	214.262800	0.005681	9.6
505	-1.321871	214.050588	0.008870	7.5
506	-1.322324	213.838936	0.006252	7.4
507	-0.115124	213.627842	0.001925	7.6
508	-1.363247	213.417302	0.014678	7.4
509	-1.232173	213.207314	0.010209	8.7
510	-0.816643	212.997877	0.011705	8.1
511	-1.104770	212.788987	0.008340	7.5
512	-0.408454	212.580642	0.010003	9.7
513	-1.639317	212.372841	0.019655	8.3
514	-0.529871	212.165581	0.005091	10.2
515	-1.099854	211.958859	0.014601	7.3
516	-1.160937	211.752673	0.009998	7.5
517	-0.878751	211.547021	0.010715	8.3
518	-1.285638	211.341902	0.020910	8.4
519	-0.953039	211.137311	0.007724	8.7
520	-0.420712	210.933248	0.004663	7.5
521	-0.998332	210.729710	0.005046	7.6
522	-0.584760	210.526695	0.011591	7.6
523	-0.910013	210.324200	0.010067	9.0
524	-1.425619	210.122224	0.025955	7.5
525	-0.555508	209.920765	0.003917	7.5
526	-1.389523	209.719820	0.008242	7.6
527	-0.830733	209.519387	0.010861	7.5
528	-1.510392	209.319463	0.018235	10.6
529	-1.342307	209.120048	0.012468	11.8
530	-1.508276	208.921139	0.019046	8.3
531	-1.077156	208.722733	0.009383	8.4
532	-0.601162	208.524829	0.005726	8.4
533	-1.500362	208.327425	0.013197	9.3
534	-0.968031	208.130518	0.008131	7.0
535	-1.235610	207.934107	0.020913	7.6
536	-1.624344	207.738189	0.011397	7.5
537	-0.781267	207.542762	0.009687	9.6
538	-1.028404	207.347825	0.007514	7.8
539	-1.414478	207.153376	0.018319	7.5
540	-0.403810	206.959412	0.005753	7.7
541	-1.095941	206.765932	0.016733	8.3
542	-0.934102	206.572933	0.006798	10.0
543	-0.987837	206.380414	0.016765	7.6
544	-0.903343	206.188373	0.010143	7.5
545	-0.427145	205.996807	0.002873	7.2
546	-0.651956	205.805716	0.010601	7.9
547	-0.744460	205.615096	0.011135	12.0
548	-1.351513	205.424946	0.016093	7.4
549	-1.344956	205.235265	0.007041	8.6
550	-1.399817	205.046050	0.013471	7.5
551	-0.853125	204.857299	0.011111	8.3
552	-0.849251	204.669011	0.014491	10.2
553	-1.510901	204.481184	0.015613	7.9
554	-0.947017	204.293816	0.007575	7.5
555	-1.292004	204.106905	0.016799	8.3
556	-1.055210	203.920449	0.007206	7.4
557	-1.466590	203.734447	0.025415	10.2
558	-1.479651	203.548896	0.023903	8.5
559	-1.216802	203.363795	0.008849	7.6
560	-1.399011	203.179143	0.010867	7.4
561	-1.534369	202.994937	0.013021	7.5
562	-1.089638	202.811176	0.009691	9.9
563	-1.249641	202.627857	0.008323	7.8
564	-0.191547	202.444980	0.002884	8.0
565	-1.053397	202.262543	0.007641	9.3
566	-0.591080	202.080543	0.010777	7.5
567	-1.504965	201.898979	0.028026	10.7
568	-1.603340	201.717849	0.016542	7.7
569	-0.343684	201.537153	0.002863	7.4
570	-0.799755	201.356887	0.009408	7.5
571	-1.575129	201.177050	0.025407	7.4
572	-0.645450	200.997642	0.007899	10.2
573	-0.435189	200.818659	0.005898	7.5
574	-0.963437	200.640100	0.010501	8.3
575	-0.579661	200.461965	0.008724	7.9
576	-0.882005	200.284250	0.015149	7.5
577	-0.001548	200.106955	0.000085	8.9
578	-1.587981	199.930078	0.010071	10.6
579	-1.139802	199.753617	0.013206	7.4
580	-1.028568	199.577571	0.016573	7.3
581	-1.131534	199.401938	0.014759	8.8
582	-1.446378	199.226717	0.012999	12.6
583	-0.421442	199.051905	0.007749	7.5
584	-1.176951	198.877502	0.009302	8.3
585	-1.379259	198.703506	0.013619	9.3
586	-1.170754	198.529916	0.011658	10.9
587	-1.357277	198.356729	0.023942	7.4
588	-1.444955	198.183944	0.021347	7.6
589	-0.397307	198.011560	0.007819	7.4
590	-1.134486	197.839576	0.005702	8.2
591	-1.354697	197.667989	0.010652	9.9
592	-1.342336	197.496798	0.010218	7.5
593	-1.111282	197.326002	0.005552	7.4
594	-1.544244	197.155600	0.015140	7.6
595	-0.531847	196.985589	0.006434	9.8
596	-0.987296	196.815969	0.006482	7.5
597	-0.293629	196.646738	0.004219	7.2
598	-1.233856	196.477894	0.005066	7.6
599	-1.098449	196.309436	0.008093	7.7
600	-0.694403	196.141363	0.009875	11.4
601	-1.440552	195.973673	0.007452	7.4
602	-1.435552	195.806365	0.017657	8.7
603	-1.555268	195.639437	0.007863	7.5
604	-1.270948	195.472888	0.024540	7.6
605	-0.928128	195.306717	0.007929	10.2
606	-1.023501	195.140922	0.007456	7.7
607	-0.552752	194.975501	0.014490	7.7
608	-0.882697	194.810454	0.009263	7.7
609	-0.935102	194.645779	0.005718	7.4
610	-0.683107	194.481475	0.016899	9.4
611	-1.457670	194.317540	0.011582	7.7
612	-0.925842	194.153973	0.005768	8.5
613	-0.632177	193.990773	0.008228	7.3
614	-1.327410	193.827938	0.012045	7.6
615	-1.571713	193.665467	0.028388	10.9
616	-0.509341	193.503358	0.002987	7.9
617	-1.526827	193.341611	0.016044	7.5
618	-1.396900	193.180224	0.014445	7.6
619	-1.585950	193.019196	0.014772	8.9
620	-1.572427	192.858525	0.008050	10.3
621	-1.462621	192.698210	0.017073	7.4
622	-1.538514	192.538251	0.015773	7.7
623	-1.636706	192.378644	0.012479	7.6
624	-1.041572	192.219391	0.015747	7.5
625	-1.596931	192.060488	0.013228	9.9
626	-1.155393	191.901935	0.018376	7.6
627	-1.231149	191.743730	0.016163	7.4
628	-1.427835	191.585873	0.028651	7.5
629	-1.464388	191.428362	0.018616	7.5
630	-1.409791	191.271196	0.007876	9.9
631	-0.904156	191.114374	0.008732	6.8
632	-1.267880	190.957893	0.011847	7.4
633	-1.604405	190.801755	0.019006	7.4
634	-1.641092	190.645956	0.025118	6.6
635	-0.939787	190.490495	0.013860	8.8
636	-1.645010	190.335373	0.006912	8.7
637	-0.922195	190.180587	0.009406	8.9
638	-0.982811	190.026136	0.013873	8.5
639	-1.420403	189.872019	0.027474	7.3
640	-1.517151	189.718235	0.025855	9.2
641	-1.454534	189.564782	0.029577	7.4
642	-1.397530	189.411661	0.010478	7.7
643	-0.362101	189.258868	0.006629	7.5
644	-1.360892	189.106404	0.008567	6.6
645	-1.130460	188.954267	0.003710	8.0
646	-0.092039	188.802456	0.000815	8.2
647	-1.143761	188.650969	0.010789	7.7
648	-0.705396	188.499807	0.008137	7.3
649	-1.155126	188.348967	0.012234	7.6
650	-1.237301	188.198448	0.014825	9.9
651	-1.541653	188.048250	0.019082	7.6
652	-1.637947	187.898371	0.016795	7.3
653	-1.463998	187.748810	0.016596	7.5
654	-0.206760	187.599566	0.003933	7.6
655	-1.560471	187.450638	0.016591	10.4
656	-0.871319	187.302025	0.008964	7.5
657	-1.410529	187.153725	0.018416	8.8
658	-1.418528	187.005739	0.022414	7.4
659	-0.534759	186.858064	0.013686	7.7
660	-1.666269	186.710699	0.011392	10.4
661	-1.428070	186.563645	0.010712	7.4
662	-1.409269	186.416898	0.033506	7.4
663	-1.327249	186.270459	0.013974	7.6
664	-0.703394	186.124326	0.005163	7.4
665	-1.530538	185.978499	0.011660	9.1
666	-1.127856	185.832976	0.010197	7.4
667	-0.940509	185.687756	0.007624	7.6
668	-1.447840	185.542838	0.009077	7.1
669	-1.526990	185.398222	0.015518	7.9
670	-0.804555	185.253906	0.013317	10.0
671	-0.279635	185.109889	0.004490	7.5
672	-1.442365	184.966170	0.009096	7.6
673	-0.169968	184.822748	0.001980	7.8
674	-0.858272	184.679623	0.013242	8.0
675	-1.131524	184.536792	0.010335	10.8
676	-0.094176	184.394256	0.001625	7.5
677	-1.657885	184.252013	0.015432	7.8
678	-1.613140	184.110062	0.010945	7.4
679	-1.397516	183.968403	0.017368	8.5
680	-0.866176	183.827034	0.011297	10.0
681	-1.470513	183.685954	0.014653	7.5
682	-1.343528	183.545163	0.014103	7.4
683	-0.512445	183.404658	0.008850	7.6
684	-1.012067	183.264441	0.014070	8.0
685	-1.410812	183.124509	0.016645	10.2
686	-0.533540	182.984861	0.009279	7.7
687	-0.849867	182.845497	0.009236	7.5
688	-1.650080	182.706416	0.016844	6.8
689	-1.276624	182.567616	0.011746	7.4
690	-0.602689	182.429098	0.017762	8.9
691	-1.466350	182.290859	0.014535	8.1
692	-1.506838	182.152899	0.020467	7.6
693	-1.136926	182.015217	0.015898	7.9
694	-1.054685	181.877813	0.014001	8.0
695	-1.422284	181.740684	0.012354	10.2
696	-0.263733	181.603832	0.003357	7.7
697	-1.571314	181.467253	0.016042	7.6
698	-0.083684	181.330948	0.000963	7.4
699	-0.817371	181.194916	0.016593	8.3
700	-0.552778	181.059155	0.005498	11.1
701	-1.230973	180.923666	0.013754	8.0
702	-0.155787	180.788446	0.002407	6.9
703	-1.592555	180.653496	0.015302	7.8
704	-0.440242	180.518814	0.010278	7.7
705	-1.326253	180.384399	0.021476	10.1
706	-1.455739	180.250251	0.013874	8.2
707	-1.059584	180.116369	0.013254	8.2
708	-0.008585	179.982752	0.000143	8.2
709	-1.571437	179.849398	0.014114	7.2
710	-0.551431	179.716308	0.004037	14.0
711	-0.762599	179.583480	0.004735	8.3
712	-1.084837	179.450913	0.025069	8.2
713	-1.243302	179.318607	0.009396	8.0
714	-0.928896	179.186561	0.012376	16.3
715	-1.173072	179.054774	0.024254	13.6
716	-1.634370	178.923245	0.009116	13.1
717	-1.415233	178.791973	0.014312	13.5
718	-1.653071	178.660958	0.013767	13.5
719	-1.333392	178.530199	0.011369	12.8
720	-1.469367	178.399694	0.013547	12.6
721	-1.389778	178.269444	0.008386	13.3
722	-1.574972	178.139447	0.013458	15.4
723	-0.502329	178.009702	0.005466	13.5
724	-1.008920	177.880209	0.004226	9.7
725	-1.487359	177.750967	0.009519	10.3
726	-1.569445	177.621975	0.018766	7.5
727	-1.289145	177.493232	0.018130	7.5
728	-1.534176	177.364738	0.015774	8.3
729	-1.045401	177.236492	0.005849	7.6
730	-1.531218	177.108492	0.017968	9.9
731	-1.261424	176.980739	0.008594	7.5
732	-1.045347	176.853231	0.007453	7.5
733	-0.589962	176.725968	0.007495	7.8
734	-0.408926	176.598949	0.007127	9.5
735	-1.337890	176.472173	0.012068	15.8
736	-1.616919	176.345639	0.011695	13.9
737	-0.402682	176.219348	0.002998	7.4
738	-0.960875	176.093296	0.010534	9.2
739	-0.457423	175.967486	0.003694	10.6
740	-0.891082	175.841914	0.010853	7.9
741	-1.487180	175.716581	0.004461	7.6
742	-0.886503	175.591486	0.006081	9.0
743	-1.469657	175.466629	0.018183	13.5
744	-1.436998	175.342008	0.016161	11.8
745	-1.520543	175.217622	0.005351	8.2
746	-0.362373	175.093472	0.002543	8.7
747	-1.116688	174.969556	0.013681	8.7
748	-1.527623	174.845873	0.015735	8.7
749	-0.093410	174.722423	0.000901	7.7
750	-1.598232	174.599206	0.011960	10.4
751	-1.332195	174.476220	0.020444	7.4
752	-1.464204	174.353464	0.019903	10.6
753	-1.625112	174.230939	0.013447	7.6
754	-1.449047	174.108643	0.013463	8.0
755	-1.592431	173.986576	0.017669	6.7
756	-0.200381	173.864737	0.002115	6.5
757	-0.693242	173.743124	0.018412	10.9
758	-1.379840	173.621739	0.016012	7.7
759	-1.598490	173.500579	0.026979	7.5
760	-1.493506	173.379645	0.016619	7.4
761	-0.492025	173.258935	0.010709	8.6
762	-0.709895	173.138449	0.019217	8.0
763	-0.693341	173.018186	0.005938	9.4
764	-1.415553	172.898146	0.009873	7.8
765	-1.370100	172.778327	0.013139	7.5
766	-0.921490	172.658730	0.007734	10.8
767	-0.580883	172.539353	0.012213	7.4
768	-0.854444	172.420196	0.005900	10.6
769	-0.972911	172.301258	0.010710	7.5
770	-1.326186	172.182539	0.027189	7.7
771	-1.359936	172.064037	0.013261	10.6
772	-1.496270	171.945753	0.015255	7.7
773	-1.020004	171.827686	0.014828	7.4
774	-0.724600	171.709834	0.008694	8.8
775	-1.268702	171.592198	0.005803	9.3
776	-1.271450	171.474776	0.015839	7.7
777	-1.211034	171.357568	0.008792	7.5
778	-1.424735	171.240574	0.007555	7.8
779	-0.840727	171.123793	0.007620	10.6
780	-1.414502	171.007223	0.007257	16.5
781	-0.496244	170.890865	0.010484	14.1
782	-0.860362	170.774718	0.014266	15.3
783	-1.015227	170.658782	0.005122	9.5
784	-1.048937	170.543055	0.009756	8.8
785	-1.561271	170.427537	0.011511	8.7
786	-0.569808	170.312227	0.007966	8.1
787	-1.514201	170.197125	0.013619	9.2
788	-1.146386	170.082231	0.007163	7.7
789	-1.244420	169.967543	0.006986	7.5
790	-1.309183	169.853061	0.014593	7.6
791	-1.551800	169.738784	0.009986	9.0
792	-0.460075	169.624713	0.006178	7.6
793	-1.520650	169.510845	0.009032	7.6
794	-1.633788	169.397181	0.007540	7.6
795	-1.049822	169.283720	0.005407	7.8
796	-1.423342	169.170462	0.022072	10.0
797	-0.455547	169.057405	0.004783	7.6
798	-0.751055	168.944549	0.005468	7.4
799	-0.659844	168.831895	0.017218	8.2
800	-1.331925	168.719440	0.013951	9.1
801	-1.525280	168.607185	0.018092	9.8
802	-1.266038	168.495129	0.010862	7.6
803	-0.850481	168.383271	0.007875	8.2
804	-0.775793	168.271611	0.009769	7.9
805	-0.199129	168.160148	0.003624	7.7
806	-0.951425	168.048882	0.006810	10.4
807	-1.293999	167.937812	0.015111	7.4
808	-1.192371	167.826938	0.006115	7.5
809	-0.785507	167.716258	0.018258	7.4
810	-0.986288	167.605773	0.008741	7.4
811	-1.150228	167.495482	0.021731	9.5
812	-0.752371	167.385384	0.005809	7.3
813	-0.943670	167.275479	0.008410	7.4
814	-1.496815	167.165766	0.017841	7.4
815	-0.790082	167.056245	0.005618	9.1
816	-1.346195	166.946915	0.010468	11.1
817	-1.323336	166.837776	0.005206	7.6
818	-0.948199	166.728826	0.007633	7.8
819	-1.078177	166.620067	0.013993	8.6
820	-0.347728	166.511496	0.005958	7.5
821	-0.458162	166.403113	0.003257	10.2
822	-0.015166	166.294919	0.000373	7.9
823	-0.782734	166.186912	0.007251	8.4
824	-1.446127	166.079091	0.010241	7.6
825	-0.542593	165.971458	0.011627	7.5
826	-0.656959	165.864009	0.013095	10.2
827	-0.643279	165.756747	0.021207	8.4
828	-1.086057	165.649669	0.012790	7.5
829	-1.220812	165.542775	0.019864	7.6
830	-1.178833	165.436065	0.013195	7.5
831	-1.094206	165.329538	0.011332	10.7
832	-1.519237	165.223194	0.016712	8.8
833	-1.583891	165.117032	0.014365	7.5
834	-1.468127	165.011052	0.016764	7.6
835	-1.096533	164.905253	0.009941	7.4
836	-0.879925	164.799635	0.008759	11.1
837	-1.138047	164.694197	0.013177	7.6
838	-1.274110	164.588939	0.014964	8.5
839	-0.616060	164.483859	0.007682	7.4
840	-1.195334	164.378959	0.010282	7.6
841	-1.653053	164.274237	0.015816	10.5
842	-0.566034	164.169692	0.008138	7.6
843	-1.498099	164.065325	0.011687	7.4
844	-0.828932	163.961135	0.009859	7.6
845	-1.532294	163.857120	0.010463	7.5
846	-1.610899	163.753282	0.006097	10.4
847	-1.523218	163.649619	0.007081	7.4
848	-1.026291	163.546130	0.010887	7.8
849	-1.409310	163.442816	0.009924	7.3
850	-1.246186	163.339676	0.015471	7.7
851	-0.716984	163.236709	0.012310	10.0
852	-1.335846	163.133915	0.016772	7.7
853	-0.524621	163.031294	0.007065	7.0
854	-1.562929	162.928844	0.011389	8.1
855	-0.355790	162.826566	0.007270	8.5
856	-0.740238	162.724459	0.013015	10.4
857	-0.978832	162.622523	0.008794	6.7
858	-1.467892	162.520757	0.012811	7.7
859	-1.597814	162.419160	0.007469	8.9
860	-1.403435	162.317733	0.006356	7.5
861	-1.040314	162.216474	0.008386	10.3
862	-1.121396	162.115383	0.008958	7.8
863	-0.648485	162.014461	0.011903	7.6
864	-1.601018	161.913705	0.021219	7.5
865	-0.702076	161.813117	0.007898	7.5
866	-1.134360	161.712695	0.009211	10.1
867	-1.527790	161.612439	0.022030	6.8
868	-0.916349	161.512349	0.015467	8.2
869	-0.656879	161.412424	0.012490	7.7
870	-1.529304	161.312663	0.014687	7.8
871	-1.130602	161.213067	0.006601	9.9
872	-1.550353	161.113635	0.006857	8.3
873	-0.108027	161.014366	0.003173	8.7
874	-1.618365	160.915260	0.016924	8.1
875	-1.176983	160.816316	0.008294	7.4
876	-1.323088	160.717535	0.016435	9.4
877	-1.664361	160.618915	0.015586	7.6
878	-1.021537	160.520456	0.012139	7.7
879	-0.756070	160.422158	0.005032	7.4
880	-1.420168	160.324021	0.018250	7.5
881	-0.941609	160.226043	0.014037	10.1
882	-1.615432	160.128225	0.023160	8.1
883	-1.620746	160.030566	0.009038	7.4
884	-0.462585	159.933066	0.004296	7.4
885	-1.226451	159.835723	0.017451	7.6
886	-1.261949	159.738539	0.017485	10.4
887	-0.539841	159.641512	0.008738	14.4
888	-1.270648	159.544642	0.010731	15.1
889	-0.490967	159.447929	0.003901	10.9
890	-1.529305	159.351372	0.017260	10.3
891	-0.294911	159.254971	0.002989	9.8
892	-0.668366	159.158725	0.013951	7.5
893	-1.548455	159.062634	0.024733	8.8
894	-0.915773	158.966697	0.014937	9.2
895	-1.291017	158.870915	0.008308	7.3
896	-1.513121	158.775286	0.030362	7.7
897	-0.520607	158.679811	0.005819	7.4
898	-1.483886	158.584489	0.008758	10.0
899	-0.618582	158.489319	0.012007	9.8
900	-0.842749	158.394302	0.009786	7.5
901	-0.671318	158.299436	0.009753	7.5
902	-1.294101	158.204721	0.013833	7.5
903	-0.818693	158.110158	0.006010	9.9
904	-0.439836	158.015745	0.007270	9.0
905	-0.611201	157.921482	0.009559	10.9
906	-1.214762	157.827369	0.008447	7.7
907	-0.656831	157.733406	0.017851	8.5
908	-1.449018	157.639591	0.012160	9.6
909	-1.207700	157.545925	0.018462	7.7
910	-0.766408	157.452408	0.016465	7.6
911	-1.460985	157.359038	0.015827	7.7
912	-1.024896	157.265816	0.007591	10.1
913	-1.378014	157.172741	0.008875	6.8
914	-1.373491	157.079813	0.011671	8.5
915	-0.823466	156.987031	0.004916	7.7
916	-0.352207	156.894395	0.007520	7.7
917	-1.418797	156.801904	0.017754	9.5
918	-0.839278	156.709559	0.011236	9.1
919	-1.560849	156.617359	0.018441	7.6
920	-1.136389	156.525304	0.009293	8.2
921	-1.390254	156.433392	0.012732	9.1
922	-0.767427	156.341624	0.005293	11.9
923	-1.552395	156.250000	0.015117	7.6
924	-1.595630	156.158519	0.023270	7.7
925	-0.780284	156.067180	0.003399	9.1
926	-1.657353	155.975984	0.012160	10.4
927	-0.806545	155.884930	0.006946	7.4
928	-1.473984	155.794017	0.011317	7.6
929	-0.594268	155.703246	0.009580	8.5
930	-0.970942	155.612615	0.012780	12.0
931	-1.394238	155.522125	0.013288	9.7
932	-1.135088	155.431775	0.007147	7.7
933	-1.284019	155.341565	0.016953	7.4
934	-0.851388	155.251495	0.010070	7.5
935	-1.685687	155.161563	0.006593	9.7
936	-1.070666	155.071771	0.018111	10.9
937	-0.854793	154.982117	0.014677	8.6
938	-1.316605	154.892601	0.016481	7.5
939	-0.621634	154.803222	0.002975	10.1
940	-1.172488	154.713981	0.008798	9.9
941	-0.693481	154.624878	0.008073	8.6
942	-0.069328	154.535910	0.000955	9.0
943	-1.526658	154.447080	0.013827	9.3
944	-0.410074	154.358385	0.004179	8.7
945	-1.419872	154.269826	0.022987	10.0
946	-1.270946	154.181402	0.013287	8.2
947	-1.255683	154.093114	0.009606	7.5
948	-0.406782	154.004960	0.006387	11.0
949	-1.600141	153.916940	0.009435	10.0
950	-1.437231	153.829054	0.009265	7.4
951	-1.533829	153.741303	0.023380	7.5
952	-1.445045	153.653684	0.019630	7.7
953	-0.943264	153.566198	0.016062	12.6
954	-1.350242	153.478846	0.010203	7.9
955	-0.445729	153.391625	0.005725	9.8
956	-1.276935	153.304537	0.005724	7.6
957	-1.406158	153.217580	0.009057	7.7
958	-0.423708	153.130755	0.004599	11.1
959	-1.550357	153.044061	0.022492	8.1
960	-1.483461	152.957498	0.006878	7.9
961	-0.996951	152.871065	0.006224	7.8
962	-0.224182	152.784762	0.002569	8.5
963	-1.557604	152.698589	0.020718	7.6
964	-1.452494	152.612545	0.015533	7.6
965	-1.159022	152.526631	0.007403	12.4
966	-1.010836	152.440845	0.013470	13.4
967	-0.721333	152.355188	0.006495	13.7
968	-1.382423	152.269660	0.007726	13.1
969	-0.948081	152.184259	0.013259	11.2
970	-1.569925	152.098986	0.014911	7.9
971	-0.944075	152.013840	0.014742	8.2
972	-1.002361	151.928821	0.009600	7.7
973	-1.529825	151.843928	0.009040	8.4
974	-0.795075	151.759163	0.005135	10.3
975	-1.324568	151.674523	0.012706	7.3
976	-1.529937	151.590009	0.015135	7.5
977	-1.671663	151.505620	0.011308	7.5
978	-1.216183	151.421357	0.015171	7.4
979	-1.510603	151.337218	0.015845	10.0
980	-0.135867	151.253204	0.001732	7.4
981	-1.593880	151.169314	0.014329	8.1
982	-1.455129	151.085549	0.020722	7.3
983	-1.676093	151.001907	0.016383	7.4
984	-1.034164	150.918388	0.004866	9.9
985	-1.375898	150.834992	0.017710	7.7
986	-0.987648	150.751719	0.006450	7.4
987	-1.202059	150.668569	0.012796	7.5
988	-0.478787	150.585541	0.005254	7.6
989	-1.320418	150.502634	0.009615	11.3
990	-0.314203	150.419849	0.005653	7.8
991	-1.468995	150.337186	0.012783	8.6
992	-1.416901	150.254644	0.012594	7.7
993	-1.284780	150.172222	0.017223	7.5
994	-1.539140	150.089921	0.016429	10.3
995	-1.460129	150.007740	0.009857	7.1
996	-1.725275	149.925679	0.013776	7.4
997	-1.340304	149.843737	0.008618	7.5
998	-0.840922	149.761915	0.016955	7.5
999	-1.553846	149.680212	0.009748	9.5
1000	-1.293594	149.598627	0.007632	9.2
1001	-1.331693	149.517161	0.012965	7.4
1002	-1.309160	149.435814	0.009613	7.2
1003	-1.526313	149.354584	0.011616	8.2
1004	-0.824847	149.273472	0.009134	10.0
1005	-0.446463	149.192477	0.002915	7.9
1006	-1.578298	149.111599	0.013441	7.5
1007	-1.247803	149.030838	0.008568	8.8
1008	-1.597154	148.950194	0.010633	7.5
1009	-1.031653	148.869666	0.014942	10.3
1010	-0.138600	148.789253	0.001189	7.7
1011	-0.590734	148.708957	0.011226	7.5
1012	-1.141667	148.628776	0.014208	8.3
1013	-1.457670	148.548710	0.010334	7.5
1014	-0.767461	148.468759	0.009412	10.2
1015	-0.871427	148.388923	0.008053	7.6
1016	-1.337201	148.309201	0.010318	7.5
1017	-1.606401	148.229594	0.009337	7.5
1018	-0.959740	148.150100	0.004558	7.4
1019	-1.683762	148.070719	0.007235	9.5
1020	-1.346905	147.991452	0.009797	7.4
1021	-1.286371	147.912298	0.010082	7.6
1022	-0.447776	147.833257	0.007764	9.4
1023	-1.209313	147.754329	0.020336	7.8
1024	-1.133385	147.675512	0.004966	11.1
1025	-0.271490	147.596808	0.005128	8.0
1026	-1.306124	147.518216	0.009968	7.8
1027	-0.818394	147.439735	0.009263	7.8
1028	-0.700520	147.361365	0.006101	8.3
1029	-1.339470	147.283106	0.010970	10.0
1030	-1.131210	147.204958	0.006401	7.6
1031	-1.584026	147.126920	0.017994	7.4
1032	-1.529963	147.048993	0.013848	7.5
1033	-0.432256	146.971175	0.011157	7.4
1034	-0.246950	146.893468	0.004948	10.1
1035	-1.573221	146.815869	0.011832	7.8
1036	-0.608005	146.738380	0.007836	7.4
1037	-0.953152	146.661000	0.011021	7.5
1038	-1.466676	146.583729	0.008874	8.2
1039	-1.517587	146.506566	0.015296	10.0
1040	-1.510377	146.429511	0.012875	7.6
1041	-1.407515	146.352565	0.013578	7.6
1042	-0.765406	146.275726	0.007810	7.4
1043	-0.717552	146.198994	0.016284	8.8
1044	-1.083420	146.122370	0.010718	11.7
1045	-1.514136	146.045853	0.007202	7.4
1046	-0.491713	145.969442	0.008007	8.5
1047	-1.068708	145.893139	0.010983	7.6
1048	-0.196224	145.816941	0.004359	7.6
1049	-1.453089	145.740849	0.016050	10.7
1050	-0.973364	145.664863	0.008655	7.6
1051	-0.769856	145.588983	0.011180	7.5
1052	-1.601964	145.513208	0.018786	7.7
1053	-1.309774	145.437538	0.012551	7.4
1054	-0.067140	145.361973	0.000931	9.9
1055	-1.187976	145.286513	0.005876	6.9
1056	-1.387637	145.211157	0.010525	7.3
1057	-0.899358	145.135905	0.009526	7.4
1058	-1.228153	145.060757	0.005074	7.3
1059	-0.475338	144.985712	0.004708	9.9
1060	-1.467427	144.910771	0.021956	7.9
1061	-1.585868	144.835934	0.014380	8.5
1062	-0.586014	144.761199	0.007184	8.8
1063	-0.093904	144.686567	0.000895	8.2
1064	-1.566926	144.612037	0.016744	12.4
1065	-1.205104	144.537610	0.006081	7.6
1066	-0.382622	144.463285	0.003823	8.0
1067	-1.265034	144.389062	0.009000	7.8
1068	-0.974332	144.314940	0.015070	11.0
1069	-1.465920	144.240920	0.007761	7.8
1070	-0.836825	144.167001	0.006650	8.0
1071	-1.326491	144.093182	0.014103	7.9
1072	-0.151554	144.019465	0.001408	7.5
1073	-1.499195	143.945848	0.016397	10.3
1074	-1.530969	143.872331	0.011103	7.5
1075	-1.058978	143.798914	0.005292	7.4
1076	-1.062729	143.725597	0.008232	7.6
1077	-0.483577	143.652380	0.010683	9.7
1078	-1.452936	143.579262	0.016719	9.5
1079	-0.452959	143.506243	0.006529	9.4
1080	-0.870480	143.433323	0.005522	7.6
1081	-0.983169	143.360502	0.009279	8.2
1082	-1.263795	143.287780	0.019293	7.5
1083	-1.409224	143.215155	0.017008	9.7
1084	-1.612175	143.142629	0.016994	7.6
1085	-0.781836	143.070201	0.007019	7.6
1086	-0.552669	142.997870	0.003873	6.5
1087	-1.401321	142.925637	0.018815	7.7
1088	-1.308979	142.853501	0.019584	9.4
1089	-1.622781	142.781462	0.018496	8.8
1090	-1.513630	142.709519	0.018308	8.7
1091	-1.200920	142.637674	0.009363	7.6
1092	-1.419688	142.565924	0.011514	7.6
1093	-1.012529	142.494271	0.007356	10.3
1094	-0.160658	142.422714	0.001692	8.1
1095	-1.600940	142.351252	0.009275	10.1
1096	-1.683949	142.279886	0.010570	7.6
1097	-1.522170	142.208616	0.009023	7.7
1098	-1.466022	142.137440	0.014984	10.7
1099	-1.468527	142.066360	0.010423	7.8
1100	-0.577674	141.995374	0.006794	7.5
1101	-1.147217	141.924483	0.023432	7.6
1102	-1.015046	141.853685	0.010225	8.3
1103	-0.566780	141.782983	0.002975	9.2
1104	-1.197887	141.712373	0.010582	7.8
1105	-1.305140	141.641858	0.004577	7.6
1106	-1.573576	141.571436	0.014009	7.5
1107	-1.050534	141.501108	0.008094	9.3
1108	-1.058137	141.430872	0.006114	7.4
1109	-1.719653	141.360730	0.018635	8.0
1110	-1.151802	141.290680	0.014982	7.7
1111	-0.867162	141.220722	0.016743	8.4
1112	-1.165889	141.150857	0.018050	10.8
1113	-1.352262	141.081084	0.043077	8.7
1114	-0.998594	141.011403	0.011613	7.7
1115	-1.431350	140.941813	0.018973	7.8
1116	-0.857595	140.872315	0.009500	8.1
1117	-0.598256	140.802909	0.008757	9.9
1118	-1.618748	140.733593	0.009755	7.6
1119	-1.359505	140.664369	0.016191	7.8
1120	-0.901234	140.595235	0.006788	8.0
1121	-1.606789	140.526192	0.016828	7.6
1122	-1.338272	140.457239	0.017964	10.0
1123	-1.565887	140.388376	0.015083	7.8
1124	-1.286367	140.319603	0.012416	9.3
1125	-0.213620	140.250920	0.005040	7.5
1126	-0.639474	140.182326	0.005960	7.6
1127	-1.617226	140.113822	0.013776	10.2
1128	-1.356808	140.045407	0.016582	7.9
1129	-1.140525	139.977081	0.006288	8.4
1130	-1.419447	139.908844	0.029645	10.9
1131	-1.542338	139.840696	0.016918	8.9
1132	-1.253515	139.772635	0.010578	9.2
1133	-0.032392	139.704664	0.000505	7.6
1134	-1.514788	139.636780	0.024939	7.8
1135	-0.815240	139.568984	0.010371	7.6
1136	-1.496672	139.501276	0.009896	9.2
1137	-1.508660	139.433655	0.017853	7.5
1138	-0.492331	139.366122	0.012396	7.6
1139	-1.409295	139.298676	0.027962	7.5
1140	-1.471614	139.231317	0.014163	7.5
1141	-1.210488	139.164045	0.008485	9.9
1142	-0.147339	139.096859	0.003383	7.7
1143	-1.589548	139.029760	0.026402	7.5
1144	-1.391019	138.962747	0.012404	7.4
1145	-1.620758	138.895820	0.010778	7.4
1146	-0.446168	138.828978	0.006486	10.7
1147	-0.966913	138.762223	0.012649	7.4
1148	-0.220479	138.695553	0.003730	10.2
1149	-0.172685	138.628969	0.002837	7.7
1150	-1.581351	138.562469	0.009557	7.7
1151	-0.618521	138.496055	0.005848	9.8
1152	-0.846440	138.429725	0.004591	6.7
1153	-0.627287	138.363481	0.003969	7.5
1154	-1.094576	138.297320	0.011482	8.7
1155	-0.864969	138.231244	0.004815	8.4
1156	-1.014382	138.165252	0.004366	8.5
1157	-0.966933	138.099344	0.004757	7.6
1158	-1.538856	138.033520	0.013999	7.7
1159	-0.847135	137.967779	0.018140	7.4
1160	-1.562596	137.902122	0.011921	9.4
1161	-1.069534	137.836548	0.014249	7.6
1162	-1.041105	137.771057	0.005378	7.5
1163	-0.787356	137.705649	0.011845	7.5
1164	-0.692491	137.640324	0.010447	7.7
1165	-1.310777	137.575081	0.017992	11.0
1166	-1.425376	137.509921	0.015626	10.0
1167	-0.600299	137.444842	0.010849	7.6
1168	-0.464199	137.379846	0.009157	7.5
1169	-1.403521	137.314932	0.030893	7.5
1170	-0.705119	137.250100	0.007535	9.9
1171	-0.147507	137.185349	0.002389	9.9
1172	-0.438399	137.120680	0.006600	7.6
1173	-0.265056	137.056092	0.004045	7.5
1174	-1.563667	136.991585	0.007951	6.8
1175	-1.346775	136.927158	0.015198	10.1
1176	-0.301784	136.862813	0.003287	7.5
1177	-0.743753	136.798548	0.008763	7.4
1178	-1.450572	136.734363	0.012075	7.4
1179	-0.543845	136.670259	0.012729	8.1
1180	-0.400717	136.606235	0.005002	10.0
1181	-0.605912	136.542291	0.006592	7.5
1182	-1.350441	136.478426	0.009686	8.4
1183	-0.322987	136.414641	0.003303	7.5
1184	-0.246813	136.350936	0.004419	10.1
1185	-1.083671	136.287310	0.015080	10.4
1186	-1.037054	136.223763	0.007161	7.7
1187	-1.518922	136.160295	0.010631	8.7
1188	-0.968042	136.096905	0.021447	7.4
1189	-0.620857	136.033594	0.006652	9.4
1190	-0.770333	135.970362	0.014187	7.8
1191	-0.821334	135.907208	0.006787	7.4
1192	-1.378043	135.844133	0.016491	7.8
1193	-0.423698	135.781135	0.005325	7.8
1194	-1.548827	135.718215	0.012223	10.6
1195	-0.627526	135.655373	0.002658	6.4
1196	-0.857901	135.592608	0.007828	7.6
1197	-1.162893	135.529921	0.010406	7.5
1198	-0.383949	135.467311	0.004387	7.6
1199	-0.767442	135.404778	0.011347	10.6
1200	-0.812971	135.342322	0.009593	7.5
1201	-1.204961	135.279942	0.023342	7.6
1202	-0.488840	135.217640	0.006663	9.0
1203	-1.552320	135.155413	0.010490	7.6
1204	-1.374359	135.093263	0.023247	10.5
1205	-1.606630	135.031190	0.010476	7.8
1206	-0.824121	134.969192	0.008136	7.9
1207	-1.612602	134.907270	0.017683	7.6
1208	-0.920374	134.845424	0.019002	7.5
1209	-1.246886	134.783653	0.010136	10.0
1210	-0.359879	134.721958	0.005800	7.5
1211	-1.470765	134.660338	0.017548	7.8
1212	-1.500122	134.598793	0.015151	8.1
1213	-1.644320	134.537323	0.019560	8.5
1214	-0.890480	134.475927	0.009437	10.2
1215	-1.263727	134.414607	0.014355	7.7
1216	-1.102341	134.353361	0.012851	7.6
1217	-1.070808	134.292189	0.008543	6.7
1218	-1.385109	134.231092	0.016312	8.5
1219	-0.720678	134.170068	0.006785	11.1
1220	-0.844558	134.109119	0.016172	7.4
1221	-1.580648	134.048243	0.013403	9.4
1222	-1.549915	133.987441	0.014445	8.7
1223	-0.878463	133.926713	0.009982	7.6
1224	-0.079188	133.866057	0.001083	9.5
1225	-1.392968	133.805475	0.008805	8.0
1226	-0.592708	133.744966	0.003903	7.0
1227	-1.422566	133.684530	0.010882	7.5
1228	-1.003658	133.624167	0.012643	7.6
1229	-1.499043	133.563877	0.007197	8.9
1230	-0.351823	133.503658	0.004390	7.6
1231	-1.506526	133.443513	0.016415	7.7
1232	-0.118743	133.383439	0.001345	7.4
1233	-1.332532	133.323437	0.012986	7.8
1234	-1.042673	133.263508	0.007543	9.9
1235	-1.386883	133.203650	0.015553	8.0
1236	-0.053411	133.143864	0.001234	7.5
1237	-0.060208	133.084149	0.000963	10.2
1238	-1.568010	133.024506	0.017477	7.6
1239	-1.691780	132.964934	0.010422	10.3
1240	-1.284261	132.905433	0.011144	7.8
1241	-0.744112	132.846003	0.005272	7.6
1242	-1.170275	132.786643	0.010027	7.5
1243	-1.246633	132.727355	0.018237	8.4
1244	-0.610923	132.668137	0.010930	10.4
1245	-0.535058	132.608989	0.011568	7.7
1246	-1.539265	132.549912	0.013873	7.5
1247	-1.211492	132.490904	0.008825	7.5
1248	-0.935524	132.431967	0.012780	7.6
1249	-1.562847	132.373100	0.026559	11.1
1250	-0.132636	132.314302	0.001730	7.5
1251	-1.517717	132.255574	0.010167	7.6
1252	-0.873552	132.196916	0.012721	7.5
1253	-1.227782	132.138326	0.006262	8.3
1254	-1.490066	132.079806	0.019380	10.7
1255	-1.658932	132.021355	0.014153	8.5
1256	-1.578197	131.962973	0.011844	7.8
1257	-1.135283	131.904660	0.005857	7.8
1258	-1.370299	131.846415	0.006472	7.7
1259	-0.391385	131.788239	0.003518	9.5
1260	-1.207260	131.730131	0.007339	7.6
1261	-0.473477	131.672092	0.002837	7.5
1262	-0.457636	131.614121	0.004058	7.9
1263	-0.510236	131.556217	0.013652	7.4
1264	-0.170290	131.498382	0.001386	10.0
1265	-0.746117	131.440614	0.008542	7.8
1266	-0.663540	131.382914	0.003211	7.3
1267	-0.647475	131.325282	0.011280	7.5
1268	-0.752592	131.267717	0.019013	7.6
1269	-0.978537	131.210219	0.022203	11.1
1270	-1.511265	131.152788	0.020115	9.6
1271	-1.636734	131.095424	0.020266	8.7
1272	-1.494221	131.038127	0.015741	12.5
1273	-1.068350	130.980897	0.011563	11.7
1274	-1.389827	130.923733	0.011858	8.9
1275	-1.007424	130.866636	0.012639	8.1
1276	-0.567695	130.809605	0.009059	7.5
1277	-1.170559	130.752641	0.010449	7.4
1278	-1.222709	130.695742	0.011187	9.9
1279	-1.581631	130.638910	0.007700	7.6
1280	-0.794582	130.582143	0.012181	7.7
1281	-1.061012	130.525442	0.008289	7.4
1282	-0.902756	130.468807	0.012606	8.7
1283	-0.960227	130.412237	0.012559	10.0
1284	-0.970815	130.355733	0.009135	7.4
1285	-1.657682	130.299294	0.012947	7.4
1286	-0.726014	130.242920	0.011258	7.5
1287	-0.482797	130.186611	0.008294	7.7
1288	-1.521553	130.130366	0.015137	10.9
1289	-0.610274	130.074187	0.019140	10.3
1290	-1.494391	130.018072	0.014737	7.4
1291	-0.987707	129.962022	0.015331	7.7
1292	-1.638544	129.906036	0.009546	8.3
1293	-0.988793	129.850114	0.006291	10.8
1294	-1.591659	129.794257	0.009024	7.7
1295	-1.242000	129.738463	0.007643	9.0
1296	-1.570505	129.682734	0.016965	10.0
1297	-0.431075	129.627068	0.002585	11.1
1298	-1.550772	129.571466	0.018625	12.9
1299	-0.848887	129.515927	0.011178	13.3
1300	-1.333792	129.460452	0.016379	12.4
1301	-1.464216	129.405040	0.015816	15.9
1302	-0.842524	129.349692	0.016879	11.3
1303	-1.410067	129.294406	0.013561	16.1
1304	-1.283826	129.239183	0.008550	13.5
1305	-0.774176	129.184024	0.005053	14.3
1306	-1.340975	129.128927	0.012323	14.1
1307	-1.388882	129.073892	0.014764	10.6
1308	-1.555027	129.018921	0.020033	12.5
1309	-1.152682	128.964011	0.007412	13.0
1310	-1.660057	128.909164	0.007827	10.4
1311	-1.240009	128.854379	0.015255	9.2
1312	-1.307595	128.799656	0.009525	12.0
1313	-1.151600	128.744995	0.015205	12.7
1314	-1.566297	128.690396	0.010142	9.4
1315	-0.568034	128.635858	0.009254	20.2
1316	-1.457455	128.581382	0.016976	15.0
1317	-1.545481	128.526968	0.008631	10.7
1318	-0.790647	128.472615	0.008986	15.6
1319	-1.217527	128.418323	0.006706	26.4
1320	-1.442280	128.364092	0.025920	15.0
1321	-1.495735	128.309922	0.008243	16.9
1322	-0.006424	128.255814	0.000144	20.4
1323	-0.673109	128.201766	0.009872	20.8
1324	-1.659198	128.147778	0.010538	16.0
1325	-1.206225	128.093852	0.007947	13.8
1326	-1.513157	128.039985	0.006357	10.3
1327	-1.233539	127.986180	0.014025	8.7
1328	-0.639486	127.932434	0.005324	12.7
1329	-1.064870	127.878749	0.009925	9.6
1330	-0.555997	127.825123	0.005019	10.1
1331	-0.719649	127.771558	0.014395	9.2
1332	-0.702460	127.718052	0.010206	12.8
1333	-0.958186	127.664606	0.006738	15.2
1334	-0.952631	127.611220	0.008285	14.3
1335	-0.865083	127.557893	0.009297	14.2
1336	-0.977500	127.504625	0.006123	12.6
1337	-0.773953	127.451417	0.005556	8.9
1338	-1.620610	127.398268	0.009185	7.8
1339	-1.081073	127.345178	0.009033	10.6
1340	-0.397269	127.292147	0.004391	6.6
1341	-0.790673	127.239175	0.011685	7.8
1342	-0.885349	127.186261	0.012375	7.5
1343	-0.346513	127.133407	0.004857	7.5
1344	-1.093149	127.080610	0.016102	10.7
1345	-0.519319	127.027872	0.007935	10.5
1346	-1.530567	126.975193	0.014988	15.5
1347	-0.768824	126.922572	0.011073	8.7
1348	-1.368792	126.870008	0.009917	10.8
1349	-0.596442	126.817503	0.003126	7.7
1350	-0.586119	126.765056	0.005779	9.7
1351	-0.583053	126.712667	0.006299	8.8
1352	-0.266221	126.660335	0.004277	9.5
1353	-1.021419	126.608061	0.014400	7.7
1354	-0.735177	126.555844	0.015322	8.4
1355	-0.937892	126.503685	0.006742	7.7
1356	-1.367808	126.451583	0.017886	7.8
1357	-1.600286	126.399538	0.020397	10.4
1358	-1.058172	126.347550	0.021479	8.9
1359	-0.348744	126.295619	0.006102	7.5
1360	-1.217864	126.243745	0.011965	7.4
1361	-0.704045	126.191928	0.011871	7.6
1362	-0.974291	126.140168	0.005616	10.5
1363	-0.300589	126.088464	0.003636	9.0
1364	-1.396220	126.036817	0.010176	8.0
1365	-0.937277	125.985226	0.012355	8.7
1366	-1.555010	125.933691	0.013380	8.5
1367	-1.421175	125.882212	0.013976	51.5
1368	-1.523623	125.830790	0.022505	23.1
1369	-0.678139	125.779423	0.002552	20.2
1370	-0.305302	125.728113	0.002007	11.4
1371	-1.206213	125.676858	0.011299	12.2
1372	-1.571716	125.625659	0.012040	10.3
1373	-1.663163	125.574515	0.016561	13.8
1374	-1.092345	125.523427	0.019981	12.5
1375	-1.053919	125.472394	0.011141	11.3
1376	-0.476025	125.421417	0.005227	10.2
1377	-1.499557	125.370495	0.019972	13.9
1378	-1.615536	125.319628	0.010678	11.8
1379	-0.627282	125.268815	0.003999	11.7
1380	-1.534893	125.218058	0.015343	11.5
1381	-0.824828	125.167356	0.008959	12.8
1382	-1.584240	125.116708	0.011551	12.1
1383	-1.576817	125.066115	0.006802	14.0
1384	-1.581798	125.015576	0.008214	9.8
1385	-1.267172	124.965092	0.010012	12.4
1386	-0.823056	124.914662	0.009921	27.2
1387	-0.702472	124.864287	0.006648	16.7
1388	-1.162521	124.813965	0.008820	16.2
1389	-1.000020	124.763698	0.010441	12.0
1390	-1.232217	124.713485	0.005754	10.6
1391	-1.270991	124.663325	0.005950	11.1
1392	-0.933470	124.613219	0.017403	8.2
1393	-0.808139	124.563167	0.008634	14.3
1394	-1.592975	124.513168	0.016763	13.4
1395	-1.395630	124.463223	0.012516	11.7
1396	-1.591372	124.413332	0.007193	8.0
1397	-0.784855	124.363493	0.009137	12.7
1398	-0.649254	124.313708	0.008016	8.0
1399	-0.789084	124.263976	0.003235	9.7
1400	-1.036346	124.214297	0.013830	7.7
1401	-1.564634	124.164671	0.015372	10.3
1402	-0.552798	124.115097	0.004825	16.1
1403	-1.442575	124.065577	0.008502	13.9
1404	-0.970143	124.016109	0.012922	11.4
1405	-0.786024	123.966693	0.010537	9.8
1406	-1.020390	123.917330	0.006387	10.7
1407	-1.381579	123.868020	0.007088	12.8
1408	-1.597833	123.818762	0.020257	14.4
1409	-0.637317	123.769556	0.008207	11.1
1410	-1.438505	123.720402	0.011242	11.3
1411	-1.472921	123.671300	0.011429	13.3
1412	-1.449431	123.622250	0.006929	12.1
1413	-1.025522	123.573252	0.016751	9.0
1414	-0.065067	123.524305	0.000758	10.1
1415	-1.512188	123.475411	0.018431	12.1
1416	-0.799543	123.426568	0.011161	9.6
1417	-0.413305	123.377776	0.007171	10.2
1418	-1.528720	123.329036	0.015500	10.0
1419	-1.499308	123.280347	0.016372	11.3
1420	-1.241802	123.231709	0.013950	11.2
1421	-1.546280	123.183122	0.008654	12.3
1422	-1.391228	123.134587	0.018686	8.3
1423	-1.255413	123.086102	0.006987	13.0
1424	-1.065495	123.037669	0.012266	9.5
1425	-1.426454	122.989286	0.012410	8.5
1426	-0.865387	122.940954	0.004803	9.7
1427	-1.470283	122.892672	0.012709	8.0
1428	-0.739821	122.844441	0.007669	11.0
1429	-0.211365	122.796261	0.002551	7.4
1430	-1.422203	122.748130	0.006506	9.0
1431	-1.521636	122.700050	0.011485	8.3
1432	-1.147193	122.652021	0.022026	10.6
1433	-0.838675	122.604041	0.010210	8.3
1434	-1.254794	122.556111	0.010923	8.3
1435	-1.084566	122.508232	0.017036	7.8
1436	-1.393414	122.460402	0.014580	13.5
1437	-1.479436	122.412622	0.008217	13.0
1438	-1.221571	122.364891	0.017288	11.4
1439	-0.899034	122.317210	0.008483	13.9
1440	-0.918531	122.269579	0.008151	8.8
1441	-1.380789	122.221997	0.012148	8.4
1442	-0.732556	122.174465	0.006758	8.2
1443	-1.599958	122.126981	0.023518	13.8
1444	-1.212896	122.079547	0.009594	9.1
1445	-1.488880	122.032162	0.013118	10.9
1446	-0.809168	121.984826	0.009674	11.2
1447	-0.720144	121.937539	0.002472	15.2
1448	-0.895995	121.890301	0.010447	8.6
1449	-0.858307	121.843112	0.010113	11.0
1450	-0.379697	121.795971	0.003929	12.9
1451	-0.933177	121.748879	0.012907	20.8
1452	-0.379293	121.701835	0.006632	13.5
1453	-0.458542	121.654840	0.005926	14.2
1454	-1.283727	121.607893	0.010863	16.6
1455	-0.416368	121.560994	0.007476	22.0
1456	-1.484723	121.514144	0.015440	10.4
1457	-0.714305	121.467342	0.007535	13.1
1458	-1.147461	121.420588	0.010601	10.0
1459	-1.611874	121.373882	0.009750	12.4
1460	-0.996057	121.327223	0.006769	9.7
1461	-1.544502	121.280613	0.009170	12.4
1462	-0.986282	121.234050	0.006575	15.1
1463	-0.749530	121.187535	0.006397	9.4
1464	-1.355748	121.141067	0.020108	18.5
1465	-1.464467	121.094647	0.015580	8.1
1466	-1.569133	121.048274	0.021372	7.9
1467	-1.638516	121.001949	0.011524	10.5
1468	-1.484385	120.955671	0.021031	13.8
1469	-1.534551	120.909440	0.008330	8.8
1470	-0.715555	120.863256	0.010676	11.0
1471	-1.593986	120.817119	0.008489	8.9
1472	-1.195297	120.771029	0.009621	11.4
1473	-1.651579	120.724986	0.007028	7.4
1474	-0.971693	120.678990	0.014028	8.2
1475	-1.118546	120.633040	0.013099	10.1
1476	-1.492416	120.587137	0.017977	8.0
1477	-0.769461	120.541281	0.014236	14.5
1478	-1.441018	120.495471	0.007299	9.2
1479	-1.432156	120.449707	0.013251	8.1
1480	-0.901253	120.403990	0.012756	9.9
1481	-0.948665	120.358319	0.009706	14.0
1482	-1.248100	120.312694	0.008153	15.8
1483	-0.650062	120.267115	0.010513	12.2
1484	-0.513586	120.221582	0.011412	7.4
1485	-1.528870	120.176096	0.011330	7.9
1486	-0.731398	120.130655	0.005496	7.4
1487	-1.664042	120.085260	0.012427	7.5
1488	-1.538085	120.039910	0.009775	11.2
1489	-1.137395	119.994606	0.005501	9.6
1490	-1.401256	119.949348	0.012413	9.3
1491	-0.618552	119.904135	0.007557	10.5
1492	-1.432525	119.858968	0.022356	13.7
1493	-1.352034	119.813846	0.023511	12.7
1494	-0.885150	119.768769	0.011651	10.5
1495	-0.401571	119.723738	0.011571	18.7
1496	-1.333106	119.678752	0.013719	7.6
1497	-0.812964	119.633810	0.011200	8.9
1498	-0.326068	119.588914	0.003763	10.0
1499	-1.377717	119.544062	0.020025	8.2
1500	-0.378585	119.499256	0.005363	11.0
1501	-1.680294	119.454494	0.015727	9.9
1502	-1.555322	119.409777	0.016001	7.8
1503	-1.242058	119.365104	0.005211	7.6
1504	-0.496630	119.320476	0.010126	13.7
1505	-1.061271	119.275893	0.012521	7.9
1506	-1.224681	119.231353	0.008800	9.1
1507	-0.904166	119.186859	0.005836	10.0
1508	-0.822525	119.142408	0.008183	8.8
1509	-1.621513	119.098002	0.011555	8.8
1510	-1.495801	119.053639	0.014259	7.4
1511	-0.710279	119.009321	0.005330	7.6
1512	-1.338562	118.965047	0.017086	7.5
1513	-1.187604	118.920816	0.008606	10.3
1514	-1.009860	118.876630	0.009346	12.2
1515	-0.467330	118.832487	0.004271	7.9
1516	-0.402272	118.788388	0.003383	7.9
1517	-0.854460	118.744332	0.010045	8.1
1518	-0.566940	118.700320	0.011459	9.4
1519	-0.653879	118.656352	0.003789	7.6
1520	-1.013354	118.612427	0.004981	8.3
1521	-0.784517	118.568545	0.010818	7.7
1522	-1.599690	118.524706	0.011646	11.2
1523	-0.725637	118.480911	0.008521	8.5
1524	-0.521784	118.437159	0.002066	7.5
1525	-1.422267	118.393450	0.018474	8.0
1526	-1.291067	118.349784	0.009050	7.4
1527	-0.594413	118.306160	0.010258	10.8
1528	-0.609627	118.262580	0.008841	12.0
1529	-1.107121	118.219042	0.016047	10.8
1530	-0.264462	118.175548	0.004180	7.6
1531	-1.471395	118.132095	0.017895	13.4
1532	-1.226380	118.088686	0.012351	8.5
1533	-0.491435	118.045319	0.002401	7.5
1534	-0.817210	118.001994	0.020324	7.5
1535	-1.395965	117.958712	0.007459	7.4
1536	-1.363970	117.915472	0.008137	10.4
1537	-1.380448	117.872274	0.011338	8.3
1538	-1.393778	117.829118	0.011787	9.3
1539	-0.269868	117.786005	0.003497	8.4
1540	-1.560488	117.742933	0.011564	7.4
1541	-1.013061	117.699904	0.011754	11.5
1542	-0.682164	117.656916	0.011052	12.6
1543	-1.430742	117.613971	0.010689	8.0
1544	-0.626815	117.571067	0.005934	7.5
1545	-0.501554	117.528205	0.009189	10.2
1546	-0.626320	117.485384	0.005743	7.9
1547	-1.076105	117.442605	0.008423	10.8
1548	-0.924897	117.399867	0.005856	10.5
1549	-0.098500	117.357171	0.001291	10.1
1550	-1.389649	117.314517	0.010137	7.4
1551	-1.543087	117.271903	0.012369	7.5
1552	-1.469969	117.229331	0.023873	8.4
1553	-0.244038	117.186800	0.004114	12.7
1554	-0.366125	117.144311	0.002571	7.5
1555	-1.125362	117.101862	0.010932	9.8
1556	-0.711402	117.059454	0.013242	7.7
1557	-0.756185	117.017087	0.012862	10.2
1558	-0.950460	116.974762	0.015511	10.5
1559	-1.340699	116.932476	0.011440	8.3
1560	-1.603300	116.890232	0.015281	10.7
1561	-1.542365	116.848028	0.007026	7.5
1562	-0.449312	116.805865	0.008712	10.6
1563	-1.326922	116.763743	0.010717	7.8
1564	-1.529450	116.721661	0.017406	7.5
1565	-1.048704	116.679619	0.015486	7.7
1566	-0.845993	116.637618	0.006171	12.0
1567	-1.291737	116.595657	0.013884	7.5
1568	-1.188371	116.553736	0.016660	8.6
1569	-0.667678	116.511855	0.007788	8.1
1570	-1.574294	116.470015	0.016727	8.7
1571	-1.166272	116.428214	0.005553	10.8
1572	-1.649446	116.386454	0.013690	7.2
1573	-0.276197	116.344733	0.003112	9.1
1574	-0.977065	116.303052	0.012241	7.5
1575	-1.581314	116.261412	0.010468	9.4
1576	-1.461978	116.219810	0.010932	7.6
1577	-1.372796	116.178249	0.009981	7.7
1578	-1.582749	116.136727	0.010254	7.4
1579	-1.286916	116.095245	0.006933	9.6
1580	-1.188174	116.053802	0.007960	10.1
1581	-1.521075	116.012398	0.031874	7.4
1582	-1.465429	115.971034	0.014477	7.4
1583	-0.704571	115.929710	0.011825	7.7
1584	-1.031482	115.888424	0.011318	7.6
1585	-0.702157	115.847178	0.007094	10.3
1586	-0.873934	115.805970	0.006708	10.5
1587	-1.389456	115.764802	0.011897	7.9
1588	-0.773981	115.723673	0.003263	7.8
1589	-0.783386	115.682583	0.008751	7.9
1590	-1.014841	115.641532	0.006902	10.6
1591	-1.407456	115.600519	0.009623	7.5
1592	-1.123419	115.559546	0.005907	7.2
1593	-1.442667	115.518610	0.010203	7.4
1594	-0.587979	115.477714	0.006397	8.0
1595	-0.970828	115.436856	0.007536	9.1
1596	-0.343101	115.396037	0.005436	7.6
1597	-1.314591	115.355256	0.006833	6.7
1598	-1.523268	115.314514	0.015218	8.2
1599	-0.545700	115.273810	0.003442	10.0
1600	-1.210200	115.233144	0.008328	9.4
1601	-0.834212	115.192517	0.012724	7.4
1602	-1.416360	115.151927	0.019074	7.6
1603	-0.676714	115.111376	0.007398	7.4
1604	-0.522016	115.070863	0.008185	10.8
1605	-0.570394	115.030388	0.007842	11.0
1606	-0.856571	114.989951	0.009500	11.3
1607	-1.020441	114.949551	0.010585	8.6
1608	-1.406239	114.909190	0.014788	10.3
1609	-1.128436	114.868866	0.005725	7.7
1610	-1.538138	114.828580	0.007884	7.7
1611	-0.835631	114.788332	0.011191	7.6
1612	-1.197090	114.748121	0.012298	7.6
1613	-0.650980	114.707948	0.005736	10.1
1614	-0.081176	114.667812	0.002040	7.7
1615	-1.623281	114.627714	0.015055	7.8
1616	-0.940815	114.587653	0.009563	7.5
1617	-1.033594	114.547629	0.005479	7.3
1618	-1.437291	114.507643	0.021192	11.0
1619	-0.991237	114.467693	0.010881	8.7
1620	-1.527424	114.427781	0.017788	12.3
1621	-0.530389	114.387907	0.010993	9.8
1622	-0.237369	114.348069	0.004268	12.6
1623	-1.595451	114.308268	0.015287	8.7
1624	-1.502037	114.268504	0.007035	10.4
1625	-0.675748	114.228777	0.011971	9.5
1626	-0.250874	114.189086	0.004569	12.2
1627	-1.597549	114.149433	0.019483	7.6
1628	-0.750779	114.109816	0.007949	7.5
1629	-1.486735	114.070235	0.015372	7.6
1630	-0.340521	114.030692	0.006158	7.7
1631	-1.443488	113.991185	0.016081	10.2
1632	-1.528351	113.951714	0.017264	7.7
1633	-1.452695	113.912280	0.016514	8.0
1634	-0.795958	113.872882	0.014709	7.5
1635	-1.317307	113.833521	0.016864	7.5
1636	-0.739463	113.794195	0.008612	10.0
1637	-1.540159	113.754906	0.009028	8.2
1638	-0.571611	113.715653	0.006356	7.4
1639	-1.586936	113.676437	0.015560	11.9
1640	-0.938640	113.637256	0.011068	13.1
1641	-0.732469	113.598111	0.008558	10.4
1642	-0.070613	113.559002	0.001089	8.2
1643	-1.432950	113.519929	0.013984	7.5
1644	-0.843895	113.480892	0.009394	9.0
1645	-0.576273	113.441891	0.003775	9.7
1646	-1.343332	113.402925	0.015346	7.6
1647	-0.950502	113.363995	0.008787	7.5
1648	-0.943011	113.325101	0.014536	7.7
1649	-0.676071	113.286242	0.012755	8.8
1650	-0.086750	113.247419	0.001478	7.8
1651	-1.479608	113.208631	0.007514	7.6
1652	-1.383882	113.169879	0.010074	7.5
1653	-1.457533	113.131162	0.020513	8.0
1654	-1.657037	113.092480	0.012409	14.2
1655	-1.238322	113.053833	0.013009	10.0
1656	-1.395267	113.015222	0.009402	7.7
1657	-1.457817	112.976646	0.025087	9.0
1658	-1.483743	112.938105	0.010532	7.6
1659	-0.974223	112.899599	0.019690	14.6
1660	-1.448620	112.861128	0.012408	12.7
1661	-1.480634	112.822692	0.018823	7.4
1662	-1.422648	112.784291	0.014835	10.0
1663	-0.000000	112.745924	0.000000	7.8
1664	-1.358909	112.707593	0.013568	7.6
1665	-0.992653	112.669296	0.011253	7.4
1666	-0.934605	112.631034	0.021863	7.5
1667	-1.254674	112.592806	0.008755	10.1
1668	-0.934591	112.554613	0.010822	8.5
1669	-1.536893	112.516455	0.010098	8.2
1670	-0.879371	112.478331	0.010554	9.4
1671	-1.472865	112.440241	0.019569	7.8
1672	-1.326900	112.402186	0.012654	12.5
1673	-1.220534	112.364165	0.012630	10.2
1674	-0.746930	112.326179	0.005052	7.6
1675	-0.935781	112.288227	0.009333	7.6
1676	-0.952791	112.250309	0.010915	9.9
1677	-1.594405	112.212425	0.014225	7.7
1678	-0.513452	112.174575	0.006686	7.7
1679	-1.143121	112.136759	0.006157	9.4
1680	-1.345534	112.098977	0.009085	9.5
1681	-0.956846	112.061229	0.005896	10.5
1682	-1.641843	112.023515	0.014429	7.6
1683	-0.181428	111.985834	0.002637	8.4
1684	-0.703550	111.948188	0.010843	7.6
1685	-0.936480	111.910575	0.008373	10.5
1686	-0.147327	111.872996	0.001593	9.3
1687	-0.393326	111.835450	0.003449	7.5
1688	-0.641098	111.797939	0.009084	8.8
1689	-0.600573	111.760460	0.009582	7.5
1690	-1.642356	111.723015	0.013793	9.9
1691	-1.233124	111.685604	0.003544	7.6
1692	-0.710353	111.648226	0.005723	7.7
1693	-1.520364	111.610881	0.015454	11.1
1694	-0.841649	111.573570	0.006664	8.6
1695	-0.422945	111.536292	0.008373	10.1
1696	-0.000042	111.499047	0.000010	7.5
1697	-1.233616	111.461835	0.018871	8.0
1698	-0.334251	111.424656	0.002246	6.8
1699	-0.266052	111.387510	0.002657	12.5
1700	-0.540295	111.350398	0.006432	7.5
1701	-1.159498	111.313318	0.016714	8.0
1702	-0.740831	111.276271	0.006335	7.5
1703	-0.491044	111.239257	0.002418	7.6
1704	-1.512927	111.202276	0.018826	11.6
1705	-1.014235	111.165328	0.014844	8.4
1706	-1.428192	111.128412	0.020286	7.5
1707	-1.681017	111.091529	0.018304	7.7
1708	-0.780595	111.054679	0.007071	7.6
1709	-1.416294	111.017861	0.017587	10.7
1710	-1.270828	110.981076	0.005899	7.5
1711	-1.584909	110.944323	0.008470	7.6
1712	-1.422084	110.907603	0.011375	7.5
1713	-1.450054	110.870915	0.009243	10.4
1714	-1.423092	110.834259	0.004928	13.4
1715	-1.384211	110.797636	0.013874	12.5
1716	-1.049576	110.761045	0.010677	8.2
1717	-1.414514	110.724486	0.014546	7.8
1718	-1.316243	110.687959	0.007953	12.1
1719	-0.787289	110.651465	0.016042	10.2
1720	-1.534048	110.615002	0.009219	7.6
1721	-0.951296	110.578572	0.009417	8.6
1722	-0.494067	110.542173	0.004187	7.0
1723	-1.112367	110.505807	0.014689	9.6
1724	-0.797780	110.469472	0.004855	7.6
1725	-1.102144	110.433169	0.008314	7.8
1726	-1.483588	110.396898	0.009453	7.6
1727	-0.538160	110.360659	0.004728	7.6
1728	-1.479037	110.324451	0.011077	10.4
1729	-1.461448	110.288276	0.010740	7.8
1730	-1.232060	110.252131	0.014036	8.4
1731	-0.875706	110.216019	0.007922	7.6
1732	-1.520579	110.179937	0.012505	11.5
1733	-0.658977	110.143888	0.012687	9.0
1734	-1.435525	110.107869	0.009331	7.0
1735	-0.479466	110.071882	0.006943	7.8
1736	-0.667357	110.035927	0.007324	8.2
1737	-0.790866	110.000003	0.007941	13.4
1738	-0.776046	109.964110	0.009104	12.9
1739	-0.586228	109.928248	0.011669	7.5
1740	-1.104465	109.892417	0.015036	7.5
1741	-1.576440	109.856618	0.015681	9.4
1742	-1.223579	109.820850	0.013480	7.6
1743	-0.193118	109.785112	0.005612	8.4
1744	-0.373302	109.749406	0.005599	7.8
1745	-0.798174	109.713730	0.010400	7.7
1746	-1.560320	109.678086	0.027427	10.0
1747	-1.601979	109.642472	0.008086	8.6
1748	-0.110529	109.606890	0.001255	7.6
1749	-1.261213	109.571337	0.013012	7.9
1750	-0.674374	109.535816	0.015247	7.6
1751	-0.901409	109.500326	0.004913	11.1
1752	-1.341709	109.464866	0.008335	19.6
1753	-1.469104	109.429436	0.013421	13.1
1754	-1.583765	109.394038	0.006889	11.7
1755	-1.251077	109.358669	0.010636	8.2
1756	-0.382967	109.323331	0.005174	8.0
1757	-1.547417	109.288024	0.012177	8.1
1758	-0.600930	109.252747	0.008885	7.8
1759	-1.669001	109.217501	0.010421	10.1
1760	-1.106772	109.182284	0.014047	7.6
1761	-1.244506	109.147098	0.011905	7.7
1762	-1.446262	109.111942	0.020681	7.7
1763	-1.563585	109.076817	0.006328	6.8
1764	-1.556777	109.041721	0.009951	10.2
1765	-0.108074	109.006656	0.001036	11.0
1766	-1.602009	108.971620	0.014155	7.5
1767	-1.453178	108.936615	0.010001	7.6
1768	-0.857210	108.901640	0.015350	7.6
1769	-0.630812	108.866694	0.009064	12.2
1770	-1.599853	108.831779	0.017597	10.8
1771	-1.470524	108.796893	0.015505	12.1
1772	-0.113857	108.762037	0.000966	9.1
1773	-0.849814	108.727211	0.010831	8.0
1774	-0.754883	108.692415	0.010201	8.2
1775	-0.010500	108.657648	0.000277	7.9
1776	-1.354909	108.622911	0.009144	7.9
1777	-0.215074	108.588203	0.002108	10.7
1778	-1.496613	108.553525	0.008957	7.7
1779	-1.463922	108.518877	0.011292	7.8
1780	-1.356527	108.484258	0.005582	8.4
1781	-1.244498	108.449668	0.017360	7.6
1782	-0.679817	108.415108	0.009587	10.3
1783	-1.351473	108.380578	0.015478	7.9
1784	-1.146864	108.346076	0.011552	12.6
1785	-1.177720	108.311604	0.011786	9.1
1786	-0.420745	108.277161	0.002955	10.5
1787	-1.657537	108.242747	0.015620	7.9
1788	-1.064382	108.208363	0.022130	8.4
1789	-0.718136	108.174007	0.012330	9.3
1790	-1.549994	108.139681	0.010615	10.3
1791	-0.958783	108.105383	0.010990	9.4
1792	-0.858939	108.071115	0.011976	9.0
1793	-0.193332	108.036875	0.001960	10.0
1794	-1.066695	108.002665	0.013095	7.9
1795	-0.744768	107.968483	0.007193	13.6
1796	-1.199272	107.934330	0.010353	9.3
1797	-0.679758	107.900206	0.008419	8.7
1798	-1.476941	107.866111	0.017431	7.9
1799	-1.382825	107.832044	0.005393	11.0
1800	-0.748034	107.798007	0.012518	10.4
1801	-0.709224	107.763997	0.010272	11.8
1802	-1.095456	107.730017	0.008621	8.9
1803	-0.849115	107.696065	0.011210	8.1
1804	-1.164810	107.662141	0.016549	7.5
1805	-0.889663	107.628246	0.009511	8.4
1806	-0.967034	107.594379	0.010333	7.7
1807	-1.419008	107.560541	0.015146	10.5
1808	-0.175139	107.526731	0.002636	7.4
1809	-1.116315	107.492949	0.007104	7.5
1810	-0.705017	107.459196	0.008448	7.7
1811	-1.276225	107.425471	0.013859	7.6
1812	-0.891017	107.391774	0.005550	10.2
1813	-0.812570	107.358106	0.004819	7.9
1814	-1.252463	107.324465	0.008428	8.8
1815	-1.015005	107.290853	0.015534	10.2
1816	-1.273589	107.257268	0.014389	8.6
1817	-1.630119	107.223712	0.014869	10.7
1818	-1.678234	107.190184	0.008607	7.8
1819	-0.765698	107.156683	0.014084	10.4
1820	-1.578168	107.123211	0.009602	11.0
1821	-1.462355	107.089766	0.007864	10.0
1822	-1.496305	107.056349	0.010607	7.7
1823	-1.538732	107.022960	0.011644	7.6
1824	-1.546905	106.989599	0.015315	8.1
1825	-0.539654	106.956265	0.003976	9.0
1826	-0.827354	106.922960	0.007642	7.8
1827	-1.385227	106.889681	0.014411	7.5
1828	-1.325842	106.856431	0.010224	7.4
1829	-1.567677	106.823208	0.039965	7.4
1830	-1.298436	106.790012	0.015970	9.9
1831	-1.449309	106.756844	0.013607	7.6
1832	-0.132510	106.723703	0.001601	8.2
1833	-1.316718	106.690590	0.005313	7.5
1834	-1.559377	106.657505	0.010844	8.3
1835	-1.482280	106.624446	0.012187	13.5
1836	-1.342885	106.591415	0.008254	8.8
1837	-1.454411	106.558411	0.009411	7.6
1838	-1.303426	106.525435	0.011551	8.1
1839	-0.934706	106.492485	0.008236	8.3
1840	-1.260252	106.459563	0.010892	10.3
1841	-1.307751	106.426668	0.008372	8.7
1842	-1.392919	106.393800	0.009872	7.6
1843	-0.372882	106.360959	0.006229	7.6
1844	-1.230088	106.328145	0.011406	10.0
1845	-0.196671	106.295358	0.001833	7.5
1846	-0.520852	106.262598	0.010856	8.5
1847	-1.571943	106.229865	0.009010	8.2
1848	-0.852692	106.197158	0.011370	7.5
1849	-0.834990	106.164479	0.005918	10.3
1850	-0.773569	106.131826	0.009201	8.3
1851	-1.323572	106.099201	0.012579	9.2
1852	-0.696957	106.066602	0.007040	6.6
1853	-0.850658	106.034029	0.006070	7.5
1854	-1.039725	106.001483	0.010104	10.7
1855	-1.201228	105.968964	0.010965	9.2
1856	-1.560655	105.936472	0.010854	8.1
1857	-1.650655	105.904006	0.008399	7.9
1858	-0.691794	105.871566	0.007051	8.6
1859	-1.270804	105.839153	0.006960	10.3
1860	-1.486688	105.806767	0.015633	7.4
1861	-1.161152	105.774407	0.008289	7.7
1862	-0.733196	105.742073	0.018720	8.1
1863	-0.763093	105.709766	0.008846	8.8
1864	-1.449976	105.677485	0.011204	7.7
1865	-1.234363	105.645230	0.010039	7.7
1866	-0.333086	105.613001	0.004850	6.0
1867	-0.136025	105.580799	0.001689	8.1
1868	-1.182099	105.548623	0.009069	10.7
1869	-1.625032	105.516473	0.019623	12.2
1870	-0.854183	105.484349	0.010679	9.9
1871	-0.925436	105.452251	0.011424	7.5
1872	-0.873143	105.420179	0.014449	12.0
1873	-1.325461	105.388133	0.008795	7.9
1874	-0.674989	105.356113	0.007220	8.5
1875	-1.431140	105.324119	0.005669	10.3
1876	-0.586341	105.292151	0.005066	9.2
1877	-1.556701	105.260209	0.012136	9.6
1878	-0.909899	105.228293	0.007493	7.9
1879	-0.766350	105.196402	0.013662	10.0
1880	-1.318604	105.164537	0.013847	8.6
1881	-1.132009	105.132698	0.008526	10.9
1882	-1.616099	105.100885	0.011612	10.0
1883	-0.823414	105.069097	0.010832	8.4
1884	-0.523661	105.037335	0.005710	8.2
1885	-0.747367	105.005598	0.006795	12.3
1886	-1.019860	104.973887	0.004243	9.7
1887	-0.671088	104.942202	0.007589	7.6
1888	-1.475101	104.910542	0.017877	7.6
1889	-1.602875	104.878907	0.010785	7.5
1890	-0.676131	104.847298	0.009947	9.8
1891	-1.551478	104.815715	0.024459	7.8
1892	-0.079127	104.784156	0.001317	8.0
1893	-0.954226	104.752623	0.007903	7.5
1894	-0.777569	104.721116	0.008925	8.2
1895	-0.740904	104.689633	0.011781	10.5
1896	-0.760511	104.658176	0.007837	9.0
1897	-0.330675	104.626744	0.005502	8.5
1898	-1.037848	104.595337	0.010783	7.4
1899	-0.805946	104.563955	0.004935	7.7
1900	-1.494139	104.532599	0.007301	10.2
1901	-0.809582	104.501267	0.006639	9.4
1902	-1.529150	104.469960	0.011450	12.6
1903	-1.241293	104.438679	0.003910	8.4
1904	-1.014081	104.407422	0.007167	11.2
1905	-0.621099	104.376191	0.009645	9.4
1906	-0.637920	104.344984	0.006093	7.6
1907	-1.620551	104.313802	0.008537	8.3
1908	-1.636571	104.282645	0.014382	11.7
1909	-1.685437	104.251513	0.010159	9.1
1910	-0.816093	104.220405	0.007571	8.6
1911	-0.818052	104.189323	0.009838	7.9
1912	-0.111556	104.158265	0.002290	11.1
1913	-1.539681	104.127231	0.018913	11.3
1914	-0.683541	104.096222	0.005035	7.5
1915	-1.425182	104.065238	0.011525	8.2
1916	-1.206626	104.034279	0.015040	11.7
1917	-1.523520	104.003344	0.021156	10.8
1918	-0.793430	103.972433	0.009127	11.0
1919	-1.009996	103.941547	0.006769	9.1
1920	-0.937427	103.910686	0.010281	8.4
1921	-1.066207	103.879849	0.015574	9.9
1922	-1.115253	103.849036	0.025373	9.0
1923	-0.080349	103.818248	0.000886	9.4
1924	-0.702078	103.787484	0.003127	6.9
1925	-0.500009	103.756744	0.005513	10.5
1926	-1.483954	103.726029	0.008421	10.3
1927	-1.055935	103.695338	0.010084	7.5
1928	-0.584176	103.664671	0.007481	7.5
1929	-1.669545	103.634028	0.013642	10.9
1930	-0.288003	103.603409	0.003286	9.9
1931	-0.249674	103.572814	0.003592	7.7
1932	-0.935514	103.542244	0.011047	7.8
1933	-1.423969	103.511698	0.016043	9.0
1934	-1.395398	103.481175	0.019818	14.0
1935	-0.971133	103.450677	0.010102	7.7
1936	-0.567797	103.420202	0.003862	8.4
1937	-1.711126	103.389752	0.011913	10.0
1938	-1.258675	103.359325	0.008421	8.6
1939	-0.554666	103.328922	0.005710	10.5
1940	-0.776124	103.298543	0.016672	10.3
1941	-1.652294	103.268188	0.013276	9.3
1942	-0.559410	103.237857	0.005847	7.9
1943	-1.168574	103.207549	0.010540	9.9
1944	-0.285879	103.177265	0.002194	8.5
1945	-0.858131	103.147005	0.006622	11.7
1946	-1.246511	103.116768	0.012077	7.5
1947	-1.527923	103.086556	0.012898	9.2
1948	-0.977826	103.056366	0.003888	12.9
1949	-1.000172	103.026200	0.010846	8.4
1950	-1.295492	102.996058	0.009927	9.0
1951	-1.077100	102.965939	0.007735	12.1
1952	-0.820733	102.935844	0.009050	7.5
1953	-0.664057	102.905772	0.005395	7.7
1954	-1.351091	102.875724	0.007979	8.5
1955	-1.156606	102.845699	0.009802	7.6
1956	-1.458695	102.815697	0.015494	12.1
1957	-1.297942	102.785719	0.007950	7.7
1958	-0.974107	102.755764	0.005884	7.7
1959	-0.755599	102.725832	0.013342	7.5
1960	-1.150886	102.695924	0.008802	7.8
1961	-1.509677	102.666038	0.014962	10.0
1962	-0.587030	102.636176	0.007328	7.6
1963	-1.645367	102.606337	0.021744	7.2
1964	-1.650787	102.576521	0.013398	9.1
1965	-0.752117	102.546728	0.004814	10.2
1966	-0.689583	102.516959	0.013826	10.2
1967	-1.512084	102.487212	0.013705	8.4
1968	-1.581529	102.457488	0.009101	7.7
1969	-1.536893	102.427788	0.010476	7.6
1970	-0.836427	102.398110	0.012028	9.1
1971	-1.666209	102.368455	0.012062	7.7
1972	-1.211488	102.338823	0.006307	7.0
1973	-1.476565	102.309214	0.017783	7.9
1974	-1.705636	102.279628	0.019369	8.4
1975	-0.574339	102.250064	0.003762	9.5
1976	-1.306071	102.220524	0.016048	7.8
1977	-1.598108	102.191006	0.013162	8.1
1978	-0.569636	102.161511	0.006824	7.6
1979	-1.146043	102.132038	0.009936	7.5
1980	-1.536265	102.102588	0.011071	10.0
1981	-0.664336	102.073161	0.006199	7.9
1982	-0.665041	102.043757	0.004877	7.6
1983	-1.504093	102.014375	0.010356	9.8
1984	-1.714566	101.985015	0.006702	6.8
1985	-1.358148	101.955678	0.010224	10.3
1986	-0.503184	101.926364	0.005550	7.8
1987	-0.728678	101.897072	0.011713	7.8
1988	-0.774167	101.867802	0.010777	7.6
1989	-1.436303	101.838555	0.010724	7.6
1990	-1.216301	101.809330	0.005851	9.9
1991	-0.791795	101.780128	0.010553	10.2
1992	-0.508450	101.750948	0.006212	7.8
1993	-1.565350	101.721790	0.006813	7.6
1994	-1.546493	101.692654	0.007617	7.5
1995	-0.854686	101.663541	0.016179	9.3
1996	-1.579524	101.634450	0.013892	7.4
1997	-0.743338	101.605381	0.016078	8.2
1998	-0.581124	101.576335	0.006936	8.0
1999	-1.315831	101.547310	0.019277	8.5
