1:ItNr	2:Metric	3:StepSize	4:||Gradient||	Time[ms]
0	-1.058102	627.201626	0.006443	488.5
1	-1.124049	623.504937	0.007497	9.7
2	-1.163850	619.865785	0.009181	9.3
3	-0.741546	616.282728	0.007836	9.4
4	-0.834616	612.754375	0.008729	9.2
5	-1.189326	609.279381	0.008445	10.2
6	-0.151608	605.856447	0.003289	9.2
7	-1.098485	602.484317	0.010061	9.3
8	-0.992026	599.161779	0.008536	9.3
9	-0.959562	595.887656	0.006738	9.1
10	-0.613590	592.660813	0.007571	9.1
11	-0.112208	589.480151	0.003993	9.3
12	-0.706554	586.344606	0.006725	9.2
13	-0.328834	583.253145	0.005451	9.2
14	-0.894226	580.204771	0.009120	9.2
15	-0.395159	577.198517	0.005513	8.6
16	-1.206661	574.233444	0.009751	9.1
17	-0.935909	571.308645	0.007860	9.1
18	-0.690789	568.423237	0.006305	10.1
19	-0.694818	565.576365	0.008048	10.1
20	-0.844953	562.767201	0.006769	9.1
21	-1.082415	559.994938	0.007751	9.6
22	-1.012369	557.258797	0.008312	9.3
23	-0.728836	554.558018	0.007826	9.2
24	-0.978715	551.891865	0.010458	9.4
25	-0.971841	549.259621	0.009061	8.4
26	-0.957317	546.660592	0.009235	9.2
27	-0.387128	544.094102	0.004809	9.4
28	-0.712649	541.559494	0.008304	10.0
29	-0.426435	539.056129	0.006602	8.4
30	-0.599105	536.583387	0.007302	9.5
31	-1.082741	534.140663	0.007855	9.1
32	-0.155980	531.727370	0.003956	9.8
33	-0.237830	529.342935	0.005670	8.8
34	-0.635923	526.986802	0.008941	9.5
35	-0.857764	524.658430	0.009924	9.8
36	-0.827202	522.357290	0.006812	9.6
37	-0.570886	520.082868	0.006165	9.6
38	-0.748170	517.834665	0.008173	9.3
39	-0.788087	515.612193	0.008300	10.7
40	-0.980609	513.414976	0.007755	10.2
41	-0.898041	511.242551	0.009748	9.9
42	-0.816412	509.094468	0.009015	10.1
43	-0.516176	506.970285	0.004233	9.6
44	-1.142489	504.869574	0.009966	9.2
45	-1.033276	502.791916	0.009214	9.3
46	-0.961482	500.736903	0.009176	9.2
47	-0.795438	498.704137	0.007801	9.4
48	-0.842310	496.693228	0.010762	9.3
49	-1.019148	494.703798	0.006747	9.2
50	-0.738186	492.735476	0.007500	9.1
51	-0.491550	490.787900	0.004814	10.0
52	-0.362623	488.860718	0.004623	9.2
53	-0.733439	486.953585	0.008607	9.6
54	-0.726613	485.066164	0.007899	9.2
55	-0.973556	483.198126	0.007462	9.2
56	-0.471598	481.349149	0.005815	9.2
57	-0.694755	479.518920	0.004593	9.2
58	-0.069661	477.707132	0.002840	10.7
59	-0.839539	475.913485	0.009841	10.1
60	-0.886971	474.137684	0.006596	9.2
61	-0.388527	472.379445	0.005495	9.3
62	-1.033353	470.638485	0.008143	9.9
63	-0.398318	468.914531	0.004405	9.2
64	-1.040543	467.207315	0.009111	9.3
65	-0.372959	465.516573	0.004947	9.4
66	-0.906396	463.842050	0.008425	9.2
67	-0.855789	462.183494	0.008429	9.3
68	-1.143993	460.540658	0.007953	9.3
69	-0.232305	458.913303	0.004289	9.7
70	-0.233900	457.301192	0.004371	10.0
71	-0.369129	455.704096	0.007032	9.6
72	-0.887737	454.121787	0.007172	9.0
73	-0.460932	452.554045	0.007956	9.5
74	-0.826317	451.000653	0.010592	9.7
75	-0.840365	449.461399	0.009061	10.6
76	-0.882364	447.936075	0.006702	9.5
77	-0.976307	446.424477	0.006259	9.2
78	-0.698658	444.926406	0.007462	9.3
79	-0.835729	443.441666	0.009161	9.9
80	-0.717059	441.970065	0.008587	11.6
81	-0.919379	440.511415	0.006587	9.9
82	-0.906624	439.065533	0.006229	9.2
83	-0.953337	437.632238	0.008552	9.2
84	-1.162652	436.211351	0.009140	9.4
85	-0.369705	434.802701	0.006645	9.8
86	-0.785763	433.406117	0.008127	9.1
87	-0.926018	432.021430	0.007409	9.6
88	-0.441813	430.648479	0.005908	9.1
89	-0.747631	429.287101	0.007956	9.6
90	-1.032000	427.937140	0.008628	9.4
91	-0.822567	426.598440	0.007331	11.2
92	-0.729769	425.270849	0.009645	9.6
93	-0.531856	423.954220	0.006898	9.7
94	-0.025558	422.648404	0.001741	10.5
95	-1.130536	421.353259	0.009455	14.8
96	-0.097433	420.068643	0.003999	9.8
97	-0.243062	418.794419	0.004628	12.6
98	-0.931570	417.530451	0.010327	12.3
99	-0.706325	416.276604	0.005922	16.7
100	-0.489820	415.032748	0.005048	12.5
101	-0.845672	413.798754	0.008578	10.5
102	-1.011677	412.574495	0.012051	15.0
103	-1.072171	411.359849	0.008151	16.1
104	-0.735797	410.154691	0.006792	22.2
105	-0.176785	408.958904	0.003429	16.9
106	-0.895127	407.772368	0.007761	10.6
107	-1.118016	406.594968	0.008075	13.1
108	-1.037200	405.426590	0.009312	11.0
109	-0.579198	404.267122	0.004987	9.5
110	-0.804443	403.116456	0.007252	10.1
111	-0.910745	401.974481	0.009464	10.0
112	-0.927197	400.841093	0.008843	10.2
113	-1.069697	399.716187	0.008741	13.1
114	-0.935627	398.599660	0.006146	11.8
115	-1.011991	397.491411	0.007081	10.5
116	-0.715094	396.391342	0.006363	12.8
117	-0.972991	395.299353	0.007931	11.5
118	-0.359422	394.215350	0.003154	10.9
119	-0.596796	393.139238	0.008015	12.6
120	-1.144292	392.070924	0.008311	12.1
121	-0.745976	391.010316	0.005067	11.2
122	-1.047774	389.957325	0.007943	10.5
123	-0.807331	388.911862	0.007856	12.8
124	-0.078858	387.873839	0.002685	11.7
125	-0.551794	386.843173	0.006506	16.8
126	-0.667869	385.819777	0.006833	22.2
127	-0.353772	384.803569	0.007579	10.3
128	-0.921662	383.794468	0.011027	10.2
129	-1.033919	382.792393	0.006820	11.9
130	-0.665087	381.797264	0.005248	10.0
131	-0.897351	380.809005	0.007294	9.5
132	-0.853278	379.827537	0.006582	9.3
133	-0.662634	378.852786	0.006960	9.4
134	-1.084366	377.884678	0.008294	9.3
135	-0.952879	376.923138	0.007208	9.7
136	-1.042609	375.968095	0.007436	9.6
137	-0.914637	375.019479	0.010395	9.3
138	-0.912210	374.077218	0.009282	10.0
139	-0.663230	373.141244	0.007825	10.6
140	-0.855502	372.211489	0.009516	10.4
141	-0.464836	371.287887	0.006400	9.3
142	-0.375869	370.370370	0.003873	10.1
143	-1.213934	369.458876	0.008772	10.0
144	-0.097002	368.553338	0.005994	9.2
145	-0.896678	367.653696	0.008802	9.3
146	-1.027496	366.759885	0.007368	9.9
147	-0.772948	365.871846	0.007198	9.4
148	-1.026816	364.989518	0.008404	9.6
149	-0.755757	364.112841	0.008134	10.1
150	-0.912519	363.241757	0.009419	10.7
151	-1.094790	362.376208	0.008273	10.2
152	-0.959344	361.516137	0.010958	9.6
153	-1.105609	360.661488	0.007434	10.8
154	-0.388826	359.812206	0.003893	9.3
155	-0.733868	358.968236	0.006004	10.5
156	-0.985754	358.129524	0.006566	17.5
157	-0.358516	357.296018	0.005795	23.2
158	-1.151296	356.467665	0.011100	23.0
159	-1.107733	355.644414	0.008076	17.4
160	-0.599603	354.826213	0.007924	14.3
161	-0.400364	354.013012	0.005483	13.8
162	-1.210776	353.204763	0.008689	14.5
163	-0.120960	352.401415	0.002615	14.1
164	-0.195797	351.602922	0.005716	11.6
165	-0.899570	350.809235	0.006680	15.5
166	-1.161725	350.020308	0.007664	15.2
167	-1.091802	349.236095	0.007615	13.7
168	-0.176847	348.456550	0.004019	12.8
169	-0.381194	347.681627	0.004670	11.2
170	-1.015541	346.911283	0.007614	13.2
171	-0.024164	346.145474	0.000644	13.2
172	-1.011762	345.384157	0.006435	13.8
173	-0.275855	344.627288	0.005640	13.2
174	-1.093148	343.874826	0.010314	11.7
175	-0.361695	343.126729	0.005833	10.0
176	-0.528341	342.382957	0.005517	14.2
177	-1.122635	341.643469	0.011281	12.8
178	-0.971653	340.908224	0.008293	15.2
179	-0.763609	340.177184	0.006930	10.4
180	-0.909632	339.450309	0.007357	12.5
181	-0.922193	338.727561	0.011447	14.0
182	-0.545206	338.008902	0.006806	11.9
183	-0.221539	337.294295	0.005384	9.5
184	-0.960633	336.583703	0.008045	15.1
185	-1.008306	335.877089	0.007252	14.7
186	-1.017716	335.174416	0.008959	14.7
187	-0.952757	334.475651	0.009563	14.0
188	-1.026582	333.780756	0.007602	9.7
189	-1.152315	333.089698	0.008330	13.4
190	-0.198658	332.402443	0.003976	13.7
191	-1.078380	331.718955	0.007189	11.5
192	-0.663940	331.039203	0.005455	11.0
193	-1.027736	330.363153	0.006079	13.1
194	-0.820004	329.690771	0.006365	12.0
195	-0.771212	329.022027	0.009026	13.3
196	-0.867596	328.356888	0.010667	10.4
197	-0.682641	327.695322	0.006137	10.7
198	-1.058074	327.037299	0.007699	14.5
199	-0.897394	326.382787	0.009031	14.0
200	-0.950514	325.731758	0.007640	15.1
201	-0.899897	325.084179	0.007444	14.4
202	-1.114402	324.440023	0.008095	13.6
203	-0.681470	323.799258	0.008122	15.2
204	-0.544592	323.161858	0.005420	15.4
205	-1.129903	322.527792	0.008387	14.6
206	-1.019706	321.897034	0.008669	14.0
207	-0.828557	321.269554	0.009467	14.9
208	-0.981247	320.645325	0.008744	12.3
209	-0.801056	320.024320	0.008848	19.9
210	-0.769139	319.406512	0.007907	13.7
211	-1.246424	318.791875	0.009847	11.6
212	-0.826081	318.180381	0.006502	12.8
213	-0.394733	317.572005	0.004346	12.2
214	-0.382576	316.966721	0.007937	11.5
215	-0.832248	316.364504	0.006364	13.8
216	-0.586602	315.765329	0.008033	16.9
217	-1.190381	315.169170	0.008888	15.6
218	-1.098337	314.576003	0.007357	17.4
219	-0.832700	313.985804	0.007881	14.6
220	-1.095550	313.398548	0.007020	13.7
221	-0.666013	312.814213	0.007104	13.4
222	-0.545211	312.232773	0.007120	12.0
223	-0.612081	311.654207	0.005843	12.9
224	-1.071041	311.078491	0.007476	12.9
225	-0.358603	310.505602	0.004534	13.7
226	-0.257147	309.935518	0.004781	12.3
227	-0.004301	309.368217	0.000001	11.3
228	-0.372894	308.803676	0.005773	11.5
229	-0.250195	308.241874	0.004510	14.0
230	-0.855435	307.682789	0.005673	11.2
231	-0.971265	307.126400	0.009022	11.7
232	-0.669701	306.572687	0.007887	12.7
233	-0.892394	306.021627	0.009873	13.7
234	-0.950959	305.473201	0.009518	14.0
235	-1.196628	304.927388	0.008409	15.8
236	-1.052062	304.384168	0.010379	9.0
237	-0.140182	303.843521	0.004802	11.0
238	-1.137507	303.305427	0.009249	10.6
239	-0.944881	302.769867	0.009260	11.3
240	-1.136146	302.236821	0.007556	9.8
241	-0.949613	301.706270	0.009133	11.1
242	-1.085604	301.178196	0.008758	16.5
243	-1.170693	300.652580	0.007508	13.5
244	-0.004268	300.129402	0.000083	13.8
245	-1.049355	299.608645	0.009937	14.1
246	-1.243320	299.090291	0.009708	14.6
247	-0.877997	298.574321	0.009958	14.7
248	-1.091293	298.060718	0.008738	14.4
249	-1.048358	297.549465	0.007015	12.6
250	-0.976221	297.040543	0.007301	14.2
251	-1.063817	296.533936	0.007877	13.7
252	-0.683681	296.029626	0.006404	15.0
253	-1.005112	295.527597	0.006211	12.7
254	-0.889251	295.027832	0.010047	10.2
255	-0.272920	294.530315	0.005830	10.2
256	-1.021538	294.035028	0.006469	13.2
257	-0.968524	293.541956	0.006517	11.6
258	-0.123785	293.051083	0.006521	10.2
259	-1.024458	292.562393	0.005957	12.0
260	-1.122378	292.075870	0.008032	11.6
261	-0.968975	291.591498	0.009838	9.8
262	-1.062404	291.109263	0.007515	13.1
263	-1.018661	290.629149	0.007019	13.3
264	-1.100219	290.151140	0.007575	10.5
265	-0.119904	289.675222	0.005750	8.4
266	-1.055839	289.201380	0.007782	9.8
267	-1.175916	288.729600	0.007649	13.5
268	-0.865421	288.259866	0.009942	9.6
269	-1.175063	287.792165	0.009134	10.5
270	-0.907291	287.326481	0.008428	10.2
271	-0.479110	286.862802	0.007165	10.2
272	-0.751992	286.401113	0.008112	10.2
273	-1.032713	285.941400	0.007750	11.1
274	-0.312232	285.483649	0.004142	10.7
275	-1.059452	285.027847	0.007942	10.1
276	-0.639468	284.573981	0.006263	12.0
277	-0.795362	284.122037	0.008783	14.9
278	-0.658034	283.672002	0.005800	15.1
279	-0.748208	283.223863	0.007152	20.9
280	-1.010567	282.777607	0.007546	11.5
281	-0.464794	282.333221	0.005501	18.7
282	-1.054632	281.890692	0.009234	15.3
283	-1.155363	281.450008	0.008595	15.1
284	-1.135466	281.011157	0.009933	13.1
285	-0.888658	280.574125	0.008985	13.2
286	-0.900950	280.138901	0.006194	13.5
287	-0.767773	279.705473	0.008985	13.4
288	-1.020075	279.273829	0.008277	14.5
289	-0.389643	278.843956	0.006045	15.4
290	-0.441621	278.415844	0.004446	15.3
291	-0.912257	277.989479	0.010945	13.9
292	-1.097156	277.564851	0.009423	12.3
293	-1.101397	277.141949	0.008651	10.8
294	-0.659607	276.720761	0.007385	10.6
295	-0.000000	276.301275	0.000000	10.6
296	-0.545590	275.883480	0.005417	9.8
297	-1.050872	275.467366	0.010914	10.2
298	-0.217033	275.052922	0.005126	11.8
299	-1.119514	274.640136	0.010780	10.2
300	-0.997312	274.228998	0.009969	10.6
301	-0.251633	273.819497	0.006363	9.9
302	-0.244309	273.411623	0.004929	10.9
303	-0.834544	273.005365	0.008263	8.6
304	-0.992262	272.600712	0.009774	9.8
305	-0.997096	272.197655	0.006402	9.2
306	-1.012353	271.796184	0.010967	9.3
307	-1.247801	271.396287	0.010913	9.1
308	-1.133479	270.997956	0.007454	9.8
309	-1.079028	270.601180	0.008012	10.2
310	-0.869277	270.205949	0.008897	9.4
311	-0.905871	269.812254	0.006320	9.2
312	-0.693210	269.420085	0.005981	9.7
313	-1.010850	269.029432	0.011489	9.1
314	-1.085450	268.640287	0.007372	9.2
315	-1.166310	268.252638	0.007935	9.1
316	-1.097598	267.866478	0.008010	9.3
317	-0.232651	267.481796	0.005889	9.3
318	-0.579447	267.098584	0.008747	9.6
319	-0.331332	266.716833	0.004847	10.5
320	-1.066100	266.336533	0.009670	9.2
321	-1.060681	265.957676	0.008920	9.5
322	-1.105343	265.580253	0.006879	9.3
323	-0.927886	265.204254	0.010882	9.2
324	-1.253503	264.829672	0.011091	9.1
325	-0.474701	264.456497	0.005490	9.4
326	-1.134321	264.084721	0.007924	9.2
327	-0.468560	263.714335	0.005696	8.9
328	-1.109930	263.345332	0.008195	9.1
329	-0.925671	262.977702	0.006927	9.3
330	-1.041274	262.611438	0.009076	10.2
331	-1.212852	262.246531	0.008875	9.1
332	-0.349005	261.882973	0.004952	9.0
333	-0.140209	261.520756	0.004625	9.2
334	-0.753642	261.159871	0.009095	9.2
335	-1.277825	260.800312	0.010605	10.0
336	-1.029887	260.442070	0.010040	9.0
337	-1.267607	260.085137	0.009793	9.2
338	-1.135453	259.729505	0.008253	9.1
339	-1.165732	259.375167	0.008801	9.1
340	-0.649703	259.022116	0.007907	9.1
341	-0.346308	258.670343	0.005853	9.0
342	-0.151706	258.319841	0.004713	9.4
343	-0.784658	257.970602	0.008460	9.3
344	-0.874744	257.622620	0.009181	9.1
345	-0.216740	257.275887	0.003162	9.9
346	-0.967213	256.930396	0.007541	8.9
347	-0.424902	256.586139	0.004644	9.1
348	-1.018325	256.243109	0.007539	9.2
349	-0.873942	255.901300	0.010197	9.9
350	-1.160306	255.560703	0.007687	10.5
351	-0.319173	255.221313	0.005613	11.3
352	-1.203311	254.883122	0.008783	9.7
353	-0.618279	254.546124	0.005899	9.5
354	-1.071992	254.210311	0.006638	9.6
355	-0.770751	253.875677	0.005762	10.0
356	-0.834973	253.542215	0.008631	9.7
357	-0.466490	253.209918	0.006536	9.9
358	-0.841636	252.878781	0.008700	9.6
359	-0.705495	252.548795	0.007028	9.4
360	-1.059705	252.219956	0.006361	9.5
361	-0.818348	251.892255	0.007326	9.9
362	-0.362145	251.565688	0.005430	9.7
363	-0.696286	251.240247	0.005993	9.5
364	-0.685357	250.915926	0.007125	9.1
365	-0.931635	250.592720	0.009129	10.1
366	-0.418947	250.270621	0.007534	10.0
367	-0.862490	249.949624	0.008202	9.7
368	-1.016816	249.629723	0.008199	9.9
369	-0.348616	249.310911	0.004138	9.6
370	-0.872479	248.993182	0.009022	9.6
371	-0.909239	248.676531	0.007965	10.0
372	-1.108875	248.360952	0.009658	9.3
373	-0.903016	248.046438	0.009881	9.5
374	-0.798383	247.732984	0.007200	9.5
375	-0.813047	247.420584	0.007846	11.0
376	-0.587304	247.109233	0.007412	9.6
377	-1.016712	246.798924	0.008472	9.6
378	-0.525347	246.489652	0.006868	9.6
379	-1.116808	246.181412	0.009618	9.5
380	-0.510681	245.874197	0.006332	9.6
381	-1.130567	245.568002	0.010580	10.4
382	-0.097090	245.262822	0.004359	9.5
383	-1.025113	244.958652	0.010179	11.3
384	-0.358050	244.655485	0.005816	10.0
385	-1.119059	244.353317	0.009761	9.7
386	-0.757231	244.052142	0.008445	9.8
387	-1.065465	243.751955	0.010161	9.9
388	-0.760975	243.452750	0.008438	9.9
389	-0.500739	243.154523	0.004364	9.9
390	-1.111764	242.857268	0.007791	9.8
391	-0.621755	242.560980	0.006875	14.2
392	-0.457255	242.265654	0.008738	13.7
393	-1.149828	241.971285	0.007911	13.6
394	-1.105629	241.677868	0.007698	20.3
395	-1.095136	241.385397	0.007684	17.3
396	-1.132067	241.093869	0.007306	21.1
397	-0.626905	240.803278	0.005128	15.4
398	-0.810393	240.513619	0.009719	14.3
399	-1.114910	240.224887	0.009386	14.9
400	-1.029934	239.937077	0.006571	13.3
401	-1.283189	239.650186	0.009561	13.1
402	-1.131940	239.364207	0.008297	12.5
403	-0.129617	239.079136	0.004282	15.6
404	-0.426944	238.794969	0.005998	15.6
405	-0.326550	238.511701	0.005608	10.3
406	-0.564892	238.229327	0.005007	10.7
407	-1.148762	237.947843	0.008350	9.9
408	-0.962561	237.667244	0.006410	10.6
409	-0.808783	237.387526	0.009195	10.1
410	-0.004307	237.108684	0.000026	9.8
411	-1.053962	236.830714	0.007546	9.7
412	-0.435406	236.553610	0.006962	14.9
413	-1.207555	236.277370	0.008362	13.7
414	-0.160651	236.001989	0.004361	12.6
415	-0.890590	235.727461	0.006707	10.8
416	-0.911016	235.453784	0.010313	9.7
417	-1.201672	235.180952	0.009434	10.1
418	-1.140440	234.908962	0.008417	9.9
419	-1.144474	234.637809	0.009151	9.3
420	-0.318197	234.367488	0.005551	8.4
421	-0.926683	234.097997	0.006553	10.2
422	-0.685745	233.829331	0.005017	9.4
423	-0.370710	233.561485	0.007875	9.9
424	-1.064442	233.294456	0.007866	9.7
425	-0.999924	233.028239	0.010724	9.4
426	-0.892446	232.762831	0.007972	9.1
427	-0.945231	232.498228	0.010235	10.6
428	-0.043878	232.234425	0.001827	9.2
429	-0.792922	231.971419	0.009270	9.4
430	-0.708118	231.709205	0.006211	9.2
431	-0.791119	231.447781	0.008818	9.3
432	-0.296408	231.187141	0.005992	10.1
433	-0.000004	230.927283	0.000009	8.0
434	-0.909205	230.668202	0.007441	9.8
435	-1.030666	230.409895	0.007996	9.6
436	-1.122007	230.152358	0.008516	9.7
437	-0.965553	229.895587	0.009084	9.3
438	-0.588913	229.639578	0.006444	10.2
439	-0.706611	229.384329	0.006988	9.6
440	-0.959381	229.129834	0.007010	9.3
441	-0.147156	228.876091	0.003956	9.3
442	-1.150633	228.623096	0.006759	9.9
443	-0.885881	228.370846	0.007186	10.5
444	-1.106573	228.119336	0.011008	9.5
445	-0.748404	227.868563	0.009932	9.5
446	-1.045366	227.618525	0.008783	9.6
447	-0.990260	227.369216	0.007225	10.5
448	-0.868561	227.120635	0.007860	9.9
449	-0.122297	226.872777	0.003580	10.3
450	-0.615342	226.625638	0.008690	9.8
451	-0.387866	226.379217	0.004943	10.4
452	-0.921489	226.133509	0.007047	9.7
453	-0.415841	225.888510	0.005548	10.5
454	-1.155795	225.644218	0.008420	10.3
455	-0.888847	225.400630	0.007640	9.9
456	-0.969029	225.157741	0.010560	9.8
457	-0.973795	224.915549	0.007684	10.3
458	-0.166007	224.674051	0.004009	10.3
459	-1.058654	224.433242	0.008081	9.7
460	-0.844694	224.193121	0.007882	10.0
461	-1.112329	223.953684	0.008100	9.6
462	-0.842297	223.714927	0.007343	10.2
463	-0.533659	223.476848	0.006199	10.5
464	-1.098576	223.239444	0.008516	10.7
465	-1.145243	223.002710	0.008308	9.7
466	-1.018599	222.766645	0.009822	10.5
467	-1.231252	222.531245	0.011168	9.7
468	-1.238015	222.296508	0.011742	9.7
469	-1.048973	222.062429	0.008172	9.5
470	-1.248393	221.829007	0.009243	9.6
471	-0.740946	221.596238	0.008912	10.0
472	-1.217482	221.364119	0.009610	9.7
473	-0.985195	221.132647	0.010533	9.3
474	-1.070454	220.901820	0.007234	9.5
475	-0.342098	220.671634	0.008814	8.2
476	-0.899173	220.442086	0.009324	9.4
477	-0.981344	220.213174	0.006393	10.0
478	-0.855410	219.984895	0.008815	9.7
479	-0.998007	219.757246	0.010277	11.0
480	-0.930009	219.530224	0.009299	14.8
481	-0.601097	219.303826	0.008535	12.0
482	-1.040967	219.078050	0.010402	14.5
483	-0.009914	218.852893	0.002051	15.4
484	-1.093317	218.628352	0.008281	15.4
485	-0.399717	218.404424	0.005166	16.0
486	-0.734637	218.181106	0.007182	15.8
487	-0.502311	217.958397	0.009097	14.9
488	-1.027884	217.736292	0.008993	14.1
489	-1.143901	217.514790	0.006662	12.2
490	-1.154591	217.293888	0.007586	16.1
491	-0.996832	217.073584	0.007364	17.0
492	-0.555336	216.853873	0.009372	14.3
493	-0.504826	216.634755	0.006275	13.7
494	-0.791203	216.416227	0.008768	14.2
495	-0.477965	216.198285	0.007603	11.4
496	-1.057759	215.980927	0.006240	9.9
497	-1.136002	215.764151	0.009569	10.4
498	-0.640033	215.547955	0.006043	10.5
499	-1.212558	215.332335	0.009110	10.0
500	-0.929099	215.117289	0.009744	13.2
501	-1.174894	214.902815	0.008896	11.7
502	-0.444487	214.688911	0.006391	15.6
503	-1.137548	214.475573	0.007996	15.4
504	-0.864330	214.262800	0.008009	10.6
505	-0.632536	214.050588	0.007967	10.0
506	-0.636890	213.838936	0.007037	13.6
507	-0.976695	213.627842	0.006714	16.2
508	-1.095902	213.417302	0.008669	14.3
509	-1.008632	213.207314	0.010823	10.0
510	-1.141342	212.997877	0.008656	10.4
511	-0.778743	212.788987	0.008388	11.2
512	-0.829944	212.580642	0.008405	12.6
513	-0.313290	212.372841	0.005181	11.8
514	-1.113406	212.165581	0.009032	9.8
515	-1.162660	211.958859	0.009928	9.5
516	-0.919266	211.752673	0.009079	9.1
517	-1.118182	211.547021	0.009416	10.2
518	-0.253945	211.341902	0.005033	9.2
519	-0.254392	211.137311	0.004091	9.3
520	-0.731683	210.933248	0.005668	9.2
521	-1.007396	210.729710	0.008603	9.5
522	-0.486201	210.526695	0.006710	9.3
523	-0.917385	210.324200	0.008721	10.3
524	-1.242072	210.122224	0.010320	9.5
525	-0.979823	209.920765	0.008740	10.1
526	-1.095859	209.719820	0.009231	11.8
527	-1.002397	209.519387	0.008035	10.9
528	-0.782091	209.319463	0.007617	10.6
529	-1.152449	209.120048	0.008556	10.7
530	-0.735374	208.921139	0.006651	10.7
531	-0.957164	208.722733	0.006303	10.2
532	-1.117090	208.524829	0.008094	10.2
533	-0.874369	208.327425	0.007366	10.6
534	-0.710107	208.130518	0.005789	11.1
535	-1.160141	207.934107	0.009313	9.6
536	-0.508860	207.738189	0.004945	15.4
537	-0.019921	207.542762	0.001114	13.7
538	-1.110683	207.347825	0.007643	14.7
539	-0.944499	207.153376	0.007816	14.6
540	-0.993939	206.959412	0.010831	15.9
541	-1.234509	206.765932	0.009253	12.6
542	-0.902108	206.572933	0.006302	13.7
543	-0.912264	206.380414	0.008624	13.9
544	-0.060789	206.188373	0.004286	13.0
545	-1.126284	205.996807	0.008289	16.2
546	-0.997500	205.805716	0.011587	21.2
547	-0.732700	205.615096	0.008430	13.5
548	-0.223855	205.424946	0.006622	14.7
549	-0.949480	205.235265	0.009878	16.2
550	-1.066542	205.046050	0.010580	14.1
551	-1.096601	204.857299	0.008059	10.8
552	-1.174152	204.669011	0.010643	9.8
553	-0.620386	204.481184	0.007121	9.6
554	-1.126535	204.293816	0.008654	9.6
555	-1.071755	204.106905	0.011823	10.2
556	-1.190985	203.920449	0.009035	10.0
557	-1.156611	203.734447	0.008140	9.5
558	-0.592653	203.548896	0.005459	9.5
559	-1.082673	203.363795	0.008767	12.8
560	-0.996280	203.179143	0.007695	14.6
561	-1.024146	202.994937	0.009114	10.6
562	-0.958581	202.811176	0.008381	12.5
563	-0.871493	202.627857	0.009700	17.7
564	-0.686299	202.444980	0.005298	11.4
565	-1.154707	202.262543	0.007958	10.5
566	-0.567072	202.080543	0.006186	9.7
567	-1.234242	201.898979	0.008049	14.0
568	-1.100736	201.717849	0.007325	11.2
569	-1.022546	201.537153	0.008617	14.7
570	-0.980205	201.356887	0.008875	14.1
571	-0.627015	201.177050	0.005773	11.6
572	-0.008186	200.997642	0.000124	12.6
573	-1.182039	200.818659	0.007332	13.4
574	-0.928163	200.640100	0.007067	14.1
575	-0.900826	200.461965	0.007958	11.7
576	-0.384464	200.284250	0.006750	12.0
577	-0.932690	200.106955	0.010138	10.8
578	-1.145010	199.930078	0.007782	12.3
579	-0.603989	199.753617	0.005894	10.9
580	-0.547113	199.577571	0.006214	10.0
581	-0.699678	199.401938	0.006659	10.8
582	-1.026974	199.226717	0.007398	13.8
583	-1.020427	199.051905	0.008271	11.7
584	-0.793990	198.877502	0.006232	14.2
585	-0.329133	198.703506	0.005026	15.1
586	-1.108705	198.529916	0.007566	15.1
587	-1.079360	198.356729	0.009571	15.6
588	-0.928287	198.183944	0.009511	12.0
589	-1.055502	198.011560	0.008291	16.8
590	-0.608806	197.839576	0.009027	25.6
591	-0.403463	197.667989	0.006075	15.0
592	-0.192038	197.496798	0.006905	13.3
593	-0.978224	197.326002	0.008746	12.3
594	-0.165861	197.155600	0.002993	11.8
595	-1.070544	196.985589	0.009747	21.0
596	-0.796909	196.815969	0.006774	11.7
597	-1.099989	196.646738	0.008827	10.8
598	-1.251504	196.477894	0.011426	10.0
599	-0.840511	196.309436	0.008755	10.6
600	-0.708014	196.141363	0.006056	10.7
601	-0.967274	195.973673	0.010404	10.6
602	-0.772822	195.806365	0.008320	10.8
603	-0.370669	195.639437	0.005103	10.2
604	-0.960807	195.472888	0.012797	14.6
605	-0.985250	195.306717	0.006777	14.9
606	-0.473810	195.140922	0.008261	19.4
607	-0.268673	194.975501	0.004361	16.4
608	-0.438345	194.810454	0.006613	12.7
609	-1.115539	194.645779	0.006925	10.9
610	-0.813087	194.481475	0.008544	10.4
611	-0.955422	194.317540	0.009848	10.2
612	-1.127976	194.153973	0.008562	10.4
613	-0.496353	193.990773	0.006088	10.3
614	-0.538863	193.827938	0.006146	9.9
615	-0.880995	193.665467	0.006853	10.8
616	-0.418621	193.503358	0.005472	12.0
617	-1.207461	193.341611	0.007359	10.0
618	-0.267082	193.180224	0.008277	9.8
619	-0.600078	193.019196	0.008767	10.9
620	-1.258276	192.858525	0.009376	11.1
621	-1.129820	192.698210	0.009142	10.1
622	-1.282810	192.538251	0.007835	9.8
623	-0.399327	192.378644	0.005940	10.8
624	-0.906451	192.219391	0.009999	11.9
625	-1.258082	192.060488	0.009418	10.1
626	-1.085720	191.901935	0.008902	10.5
627	-1.113655	191.743730	0.008477	11.5
628	-0.500991	191.585873	0.006151	10.1
629	-1.218734	191.428362	0.009259	11.1
630	-0.970335	191.271196	0.010370	10.2
631	-0.475273	191.114374	0.003539	11.3
632	-0.781217	190.957893	0.008772	9.5
633	-1.160675	190.801755	0.008140	10.4
634	-0.595994	190.645956	0.008692	10.1
635	-1.072988	190.490495	0.008682	9.3
636	-0.451515	190.335373	0.005020	9.8
637	-1.135696	190.180587	0.007782	9.6
638	-1.008410	190.026136	0.009501	9.7
639	-0.546959	189.872019	0.005642	10.5
640	-0.265226	189.718235	0.004432	9.5
641	-1.233945	189.564782	0.008859	9.5
642	-0.967889	189.411661	0.006555	9.5
643	-1.017249	189.258868	0.010972	9.9
644	-1.029415	189.106404	0.006660	12.5
645	-1.065566	188.954267	0.007214	12.9
646	-0.815404	188.802456	0.008610	13.0
647	-1.103341	188.650969	0.007480	14.1
648	-1.169139	188.499807	0.008247	12.1
649	-0.489269	188.348967	0.006926	10.4
650	-1.204265	188.198448	0.010203	12.4
651	-0.396607	188.048250	0.007332	11.0
652	-0.291586	187.898371	0.006445	10.7
653	-0.948652	187.748810	0.006958	13.1
654	-1.057120	187.599566	0.010347	12.4
655	-1.000746	187.450638	0.009113	11.5
656	-0.577367	187.302025	0.007259	11.8
657	-0.531020	187.153725	0.006188	16.1
658	-1.181796	187.005739	0.009436	13.3
659	-0.908891	186.858064	0.007813	14.9
660	-0.915475	186.710699	0.008011	16.4
661	-0.640402	186.563645	0.008688	17.0
662	-0.004545	186.416898	0.000236	19.6
663	-0.004380	186.270459	0.000112	16.6
664	-1.140510	186.124326	0.010600	12.7
665	-0.993376	185.978499	0.009707	9.8
666	-0.614546	185.832976	0.006123	9.4
667	-1.189664	185.687756	0.009354	9.9
668	-1.034918	185.542838	0.007755	10.1
669	-0.983719	185.398222	0.008324	11.1
670	-1.030105	185.253906	0.007837	9.6
671	-1.138962	185.109889	0.009419	10.1
672	-1.110722	184.966170	0.008791	13.6
673	-0.450666	184.822748	0.005654	13.1
674	-1.089748	184.679623	0.008017	11.2
675	-0.962897	184.536792	0.009546	10.3
676	-1.050477	184.394256	0.010501	13.0
677	-0.978491	184.252013	0.010534	11.6
678	-0.141289	184.110062	0.006428	16.1
679	-1.017974	183.968403	0.007410	15.9
680	-1.167054	183.827034	0.009115	12.0
681	-0.980168	183.685954	0.008066	14.6
682	-1.035195	183.545163	0.007411	12.4
683	-0.577352	183.404658	0.005372	12.1
684	-0.484114	183.264441	0.005888	17.1
685	-0.876387	183.124509	0.008138	16.3
686	-0.868741	182.984861	0.005974	18.5
687	-0.855356	182.845497	0.008125	11.5
688	-0.499838	182.706416	0.006484	11.8
689	-0.486453	182.567616	0.010548	13.4
690	-0.698530	182.429098	0.006101	12.4
691	-0.566168	182.290859	0.006815	11.7
692	-0.953551	182.152899	0.006624	11.8
693	-0.882832	182.015217	0.007823	13.2
694	-1.044021	181.877813	0.007561	12.8
695	-0.026898	181.740684	0.003120	12.6
696	-0.992779	181.603832	0.008913	10.9
697	-0.399547	181.467253	0.006509	13.0
698	-0.723465	181.330948	0.005792	11.5
699	-1.109492	181.194916	0.009863	9.9
700	-0.796409	181.059155	0.007404	9.4
701	-0.289122	180.923666	0.006139	10.1
702	-1.038755	180.788446	0.007698	9.9
703	-0.912048	180.653496	0.007169	10.6
704	-1.238911	180.518814	0.008282	9.3
705	-0.678707	180.384399	0.006951	10.0
706	-0.367274	180.250251	0.007555	10.8
707	-0.924160	180.116369	0.008294	8.5
708	-0.406825	179.982752	0.005479	9.3
709	-1.140319	179.849398	0.008482	9.8
710	-1.202038	179.716308	0.009770	9.7
711	-0.857249	179.583480	0.008702	11.7
712	-1.194788	179.450913	0.009258	9.7
713	-0.797797	179.318607	0.008392	9.9
714	-1.020400	179.186561	0.008192	15.8
715	-1.192434	179.054774	0.008431	15.3
716	-0.749323	178.923245	0.008087	12.0
717	-1.064316	178.791973	0.007475	14.7
718	-1.115344	178.660958	0.007992	12.4
719	-0.843073	178.530199	0.006796	12.2
720	-1.019692	178.399694	0.009128	12.3
721	-1.093366	178.269444	0.007916	16.5
722	-1.023133	178.139447	0.007111	14.8
723	-0.713485	178.009702	0.006948	36.1
724	-0.931578	177.880209	0.007285	24.0
725	-0.824880	177.750967	0.009405	19.8
726	-1.009133	177.621975	0.009294	27.4
727	-1.113868	177.493232	0.008709	24.3
728	-1.102377	177.364738	0.006911	14.5
729	-1.225709	177.236492	0.010290	15.0
730	-0.882949	177.108492	0.009302	20.5
731	-1.012094	176.980739	0.008746	20.0
732	-1.078308	176.853231	0.007229	10.4
733	-0.968018	176.725968	0.009150	10.9
734	-0.991839	176.598949	0.009340	10.3
735	-0.817619	176.472173	0.006613	9.7
736	-0.665153	176.345639	0.008502	9.9
737	-0.655637	176.219348	0.010944	13.0
738	-1.115961	176.093296	0.007208	10.7
739	-0.986539	175.967486	0.010351	12.4
740	-1.067905	175.841914	0.006453	12.2
741	-1.114188	175.716581	0.007650	12.6
742	-0.477266	175.591486	0.005268	11.5
743	-0.970622	175.466629	0.011602	12.5
744	-1.117789	175.342008	0.008449	14.8
745	-1.043179	175.217622	0.007670	10.8
746	-0.907965	175.093472	0.009408	10.7
747	-1.023455	174.969556	0.007049	13.4
748	-1.272974	174.845873	0.007503	13.6
749	-1.077498	174.722423	0.008289	13.4
750	-1.195253	174.599206	0.007664	10.1
751	-1.205454	174.476220	0.009214	10.7
752	-0.707706	174.353464	0.006065	12.5
753	-1.154099	174.230939	0.008074	9.9
754	-1.072042	174.108643	0.007023	10.6
755	-1.062891	173.986576	0.006863	11.4
756	-1.210839	173.864737	0.007082	17.5
757	-0.446919	173.743124	0.005395	24.8
758	-1.026607	173.621739	0.009930	19.3
759	-0.571960	173.500579	0.007559	14.3
760	-0.812815	173.379645	0.007124	14.5
761	-0.389482	173.258935	0.004989	14.5
762	-0.803972	173.138449	0.008606	12.9
763	-0.602723	173.018186	0.005954	13.2
764	-1.100376	172.898146	0.010393	13.9
765	-0.495032	172.778327	0.007550	16.3
766	-1.159374	172.658730	0.007673	16.2
767	-0.304262	172.539353	0.004958	16.7
768	-0.678272	172.420196	0.006116	17.4
769	-0.028895	172.301258	0.001129	14.2
770	-1.161319	172.182539	0.010631	15.5
771	-0.751575	172.064037	0.005705	16.7
772	-1.038188	171.945753	0.008888	15.1
773	-0.269189	171.827686	0.005092	14.3
774	-0.953861	171.709834	0.007477	12.4
775	-0.072655	171.592198	0.003581	8.4
776	-1.264874	171.474776	0.009675	9.7
777	-0.846896	171.357568	0.005822	14.7
778	-0.915524	171.240574	0.009694	13.5
779	-0.750707	171.123793	0.007059	15.3
780	-1.135884	171.007223	0.012425	11.0
781	-1.040197	170.890865	0.007223	15.1
782	-0.392854	170.774718	0.004087	15.5
783	-1.186354	170.658782	0.008930	14.3
784	-0.977923	170.543055	0.009346	11.2
785	-1.169574	170.427537	0.008728	12.0
786	-0.323420	170.312227	0.005068	12.5
787	-1.008559	170.197125	0.009124	13.0
788	-0.733296	170.082231	0.006318	10.9
789	-1.127537	169.967543	0.007494	16.7
790	-1.212899	169.853061	0.008354	15.4
791	-1.195597	169.738784	0.011872	18.0
792	-1.215905	169.624713	0.009984	25.2
793	-0.881557	169.510845	0.006648	18.8
794	-1.175680	169.397181	0.009467	27.6
795	-0.489490	169.283720	0.004722	28.6
796	-0.860294	169.170462	0.006062	21.1
797	-0.878819	169.057405	0.006545	11.9
798	-1.079278	168.944549	0.007816	17.2
799	-0.084252	168.831895	0.005020	9.1
800	-1.178143	168.719440	0.009156	13.5
801	-0.772442	168.607185	0.009233	12.0
802	-0.534705	168.495129	0.005099	10.8
803	-0.947195	168.383271	0.009185	12.7
804	-0.133747	168.271611	0.004113	12.5
805	-1.144180	168.160148	0.007841	12.6
806	-1.191402	168.048882	0.009435	11.0
807	-1.020490	167.937812	0.009319	16.8
808	-1.059889	167.826938	0.009801	14.0
809	-1.184025	167.716258	0.007897	12.2
810	-0.548410	167.605773	0.007217	12.0
811	-1.315538	167.495482	0.009556	11.4
812	-1.084461	167.385384	0.009444	17.1
813	-0.699994	167.275479	0.005668	10.8
814	-1.143652	167.165766	0.008277	12.2
815	-1.172121	167.056245	0.008621	10.4
816	-0.213129	166.946915	0.004460	11.6
817	-0.318289	166.837776	0.006043	17.8
818	-0.916736	166.728826	0.008541	14.3
819	-0.596682	166.620067	0.005351	11.2
820	-1.243373	166.511496	0.007984	11.0
821	-0.422050	166.403113	0.006381	9.8
822	-0.683866	166.294919	0.006502	15.4
823	-0.619765	166.186912	0.007194	17.9
824	-0.922552	166.079091	0.010366	15.5
825	-0.853782	165.971458	0.005173	15.2
826	-0.833520	165.864009	0.009159	18.4
827	-0.723780	165.756747	0.007726	10.8
828	-1.161230	165.649669	0.008586	9.6
829	-0.358319	165.542775	0.006555	10.1
830	-0.103999	165.436065	0.002981	9.8
831	-1.014950	165.329538	0.010607	9.4
832	-1.132926	165.223194	0.008574	9.1
833	-0.382748	165.117032	0.004600	9.2
834	-1.080550	165.011052	0.010764	9.5
835	-0.968961	164.905253	0.008435	10.7
836	-0.097027	164.799635	0.001470	9.4
837	-0.877534	164.694197	0.008198	10.6
838	-0.911080	164.588939	0.007892	11.3
839	-1.278201	164.483859	0.009580	9.8
840	-0.465863	164.378959	0.005354	10.2
841	-0.977855	164.274237	0.009601	11.0
842	-1.171503	164.169692	0.008495	10.9
843	-1.151389	164.065325	0.008855	13.1
844	-1.157580	163.961135	0.008703	10.4
845	-1.173018	163.857120	0.011085	12.5
846	-1.223893	163.753282	0.009637	12.2
847	-1.093546	163.649619	0.006682	12.2
848	-0.457230	163.546130	0.005219	16.0
849	-1.007085	163.442816	0.008646	22.5
850	-1.102742	163.339676	0.009170	10.9
851	-1.176176	163.236709	0.008521	11.1
852	-0.878067	163.133915	0.008517	11.4
853	-0.340333	163.031294	0.006618	12.4
854	-1.177430	162.928844	0.008613	10.4
855	-1.205708	162.826566	0.008959	11.9
856	-0.051142	162.724459	0.002930	13.2
857	-0.000000	162.622523	0.000000	11.8
858	-1.192210	162.520757	0.010146	10.2
859	-0.735147	162.419160	0.005742	12.5
860	-1.000341	162.317733	0.007345	15.1
861	-1.202115	162.216474	0.009020	16.9
862	-1.183501	162.115383	0.008289	21.0
863	-1.011689	162.014461	0.007488	18.9
864	-0.354925	161.913705	0.005979	15.0
865	-1.243384	161.813117	0.010248	20.7
866	-0.898518	161.712695	0.008883	21.4
867	-1.054382	161.612439	0.008861	19.0
868	-1.359760	161.512349	0.008863	14.9
869	-1.117476	161.412424	0.008452	10.1
870	-0.784461	161.312663	0.007636	14.2
871	-0.640940	161.213067	0.007328	17.5
872	-0.944045	161.113635	0.010285	20.6
873	-1.161573	161.014366	0.009958	16.6
874	-1.165199	160.915260	0.008378	15.6
875	-0.000000	160.816316	0.000000	19.1
876	-0.962783	160.717535	0.007203	16.2
877	-1.254663	160.618915	0.009922	17.9
878	-0.637577	160.520456	0.007438	18.9
879	-1.049516	160.422158	0.009969	15.7
880	-1.106664	160.324021	0.008486	15.1
881	-1.102541	160.226043	0.007932	17.7
882	-0.848086	160.128225	0.008263	17.8
883	-0.216430	160.030566	0.003942	15.7
884	-0.829855	159.933066	0.006436	14.7
885	-0.796943	159.835723	0.006738	21.7
886	-0.275036	159.738539	0.007686	24.8
887	-1.084123	159.641512	0.008029	21.1
888	-1.222714	159.544642	0.008156	28.4
889	-1.159080	159.447929	0.007206	21.1
890	-1.102992	159.351372	0.007017	23.5
891	-0.550681	159.254971	0.006676	16.6
892	-0.278474	159.158725	0.006588	17.6
893	-0.566664	159.062634	0.006055	30.1
894	-1.230238	158.966697	0.007881	30.3
895	-0.564123	158.870915	0.009546	19.8
896	-0.567658	158.775286	0.007823	20.2
897	-1.265324	158.679811	0.009970	19.9
898	-0.245959	158.584489	0.003665	19.0
899	-1.127015	158.489319	0.008878	14.4
900	-1.087188	158.394302	0.009240	26.4
901	-0.870838	158.299436	0.006433	22.4
902	-0.981611	158.204721	0.009836	24.3
903	-1.154261	158.110158	0.007946	21.1
904	-1.140356	158.015745	0.008238	23.8
905	-1.079635	157.921482	0.008875	25.6
906	-0.488703	157.827369	0.005660	25.1
907	-1.175121	157.733406	0.007511	20.8
908	-0.395851	157.639591	0.004928	18.2
909	-1.024784	157.545925	0.010516	24.5
910	-0.901794	157.452408	0.008702	20.2
911	-0.999661	157.359038	0.008402	15.0
912	-0.676883	157.265816	0.010201	18.5
913	-1.288770	157.172741	0.008256	16.6
914	-0.950446	157.079813	0.009231	18.1
915	-0.672970	156.987031	0.006578	15.4
916	-1.096004	156.894395	0.010446	11.8
917	-0.902586	156.801904	0.010612	10.1
918	-0.760792	156.709559	0.008329	11.8
919	-0.175767	156.617359	0.004309	11.2
920	-0.219580	156.525304	0.007803	10.2
921	-1.252233	156.433392	0.008271	11.1
922	-1.211342	156.341624	0.008911	10.4
923	-0.668480	156.250000	0.006685	13.2
924	-1.013429	156.158519	0.009183	10.5
925	-0.806738	156.067180	0.006842	11.2
926	-1.127248	155.975984	0.009339	10.5
927	-0.391996	155.884930	0.004616	9.6
928	-1.197389	155.794017	0.009576	9.9
929	-0.630511	155.703246	0.008448	9.7
930	-1.203240	155.612615	0.007829	11.3
931	-1.046697	155.522125	0.010250	10.1
932	-0.914424	155.431775	0.006912	10.7
933	-1.057889	155.341565	0.011469	11.6
934	-1.245568	155.251495	0.012257	10.1
935	-1.161667	155.161563	0.010027	10.8
936	-1.033146	155.071771	0.008742	10.9
937	-1.047456	154.982117	0.007371	10.1
938	-1.089674	154.892601	0.008866	10.7
939	-1.247316	154.803222	0.007467	10.8
940	-0.987035	154.713981	0.010108	10.0
941	-0.998345	154.624878	0.008601	10.9
942	-1.237893	154.535910	0.008718	10.5
943	-1.161753	154.447080	0.010179	9.5
944	-0.719465	154.358385	0.007824	11.3
945	-1.121287	154.269826	0.008712	9.8
946	-0.903449	154.181402	0.008913	11.3
947	-0.681079	154.093114	0.007586	10.8
948	-0.135859	154.004960	0.005312	10.2
949	-0.931054	153.916940	0.006113	10.8
950	-0.008172	153.829054	0.000188	11.3
951	-0.000000	153.741303	0.000000	8.4
952	-0.781452	153.653684	0.005384	11.0
953	-1.269658	153.566198	0.008567	10.6
954	-0.222713	153.478846	0.004641	9.3
955	-1.020958	153.391625	0.009254	11.0
956	-0.804848	153.304537	0.007797	9.7
957	-1.252931	153.217580	0.009757	10.1
958	-0.162774	153.130755	0.004231	10.3
959	-1.154957	153.044061	0.008465	9.7
960	-0.254727	152.957498	0.006345	9.8
961	-1.324734	152.871065	0.008756	10.1
962	-0.306474	152.784762	0.004228	9.3
963	-1.215906	152.698589	0.008577	9.7
964	-1.171339	152.612545	0.007126	9.5
965	-1.185315	152.526631	0.010567	9.7
966	-1.151458	152.440845	0.007902	9.2
967	-0.579353	152.355188	0.006151	9.5
968	-1.089180	152.269660	0.008924	9.5
969	-1.068945	152.184259	0.009790	9.2
970	-1.054708	152.098986	0.010002	9.5
971	-0.442314	152.013840	0.007590	9.7
972	-0.792895	151.928821	0.007618	9.4
973	-0.571072	151.843928	0.007408	9.4
974	-1.047509	151.759163	0.008198	9.5
975	-0.798410	151.674523	0.006226	9.7
976	-1.040170	151.590009	0.009430	9.8
977	-0.965963	151.505620	0.009075	9.5
978	-1.068286	151.421357	0.007186	9.8
979	-1.090462	151.337218	0.008394	10.0
980	-1.116914	151.253204	0.007961	19.4
981	-0.430290	151.169314	0.005730	20.3
982	-0.502176	151.085549	0.003851	20.3
983	-0.773173	151.001907	0.005984	17.9
984	-1.121835	150.918388	0.007541	11.4
985	-0.976168	150.834992	0.009599	19.0
986	-0.412800	150.751719	0.006071	18.3
987	-0.976849	150.668569	0.009392	14.8
988	-0.815628	150.585541	0.010134	14.5
989	-1.288264	150.502634	0.010084	12.7
990	-0.986870	150.419849	0.009328	21.9
991	-0.942302	150.337186	0.007978	11.6
992	-0.862861	150.254644	0.006739	12.3
993	-1.265509	150.172222	0.009351	10.2
994	-1.145564	150.089921	0.009799	10.3
995	-0.925609	150.007740	0.009290	9.8
996	-1.115362	149.925679	0.007689	9.9
997	-1.274963	149.843737	0.009435	9.7
998	-0.922120	149.761915	0.012300	10.1
999	-0.962181	149.680212	0.008475	9.3
1000	-1.180995	149.598627	0.011548	10.1
1001	-1.025348	149.517161	0.008453	9.7
1002	-0.204722	149.435814	0.006273	10.5
1003	-1.017723	149.354584	0.008979	10.3
1004	-0.708431	149.273472	0.006071	9.9
1005	-1.129886	149.192477	0.008587	10.1
1006	-1.217833	149.111599	0.008742	10.3
1007	-1.226161	149.030838	0.007623	9.6
1008	-1.176990	148.950194	0.008229	10.3
1009	-1.272247	148.869666	0.008058	9.7
1010	-1.231663	148.789253	0.008242	9.6
1011	-1.223796	148.708957	0.009569	10.6
1012	-1.219125	148.628776	0.008281	9.8
1013	-1.096259	148.548710	0.006677	11.1
1014	-0.847660	148.468759	0.008151	11.3
1015	-1.149739	148.388923	0.007915	12.0
1016	-0.045330	148.309201	0.002912	11.2
1017	-1.047937	148.229594	0.011473	11.4
1018	-1.238676	148.150100	0.007958	10.4
1019	-0.372696	148.070719	0.004412	10.5
1020	-1.194165	147.991452	0.007799	10.8
1021	-0.636412	147.912298	0.006555	10.4
1022	-0.618920	147.833257	0.006665	11.6
1023	-1.353251	147.754329	0.010537	12.7
1024	-0.286834	147.675512	0.005730	12.2
1025	-0.498122	147.596808	0.005962	10.5
1026	-1.073481	147.518216	0.010745	12.0
1027	-1.101158	147.439735	0.012212	12.9
1028	-1.160401	147.361365	0.007955	11.2
1029	-1.221322	147.283106	0.009936	11.5
1030	-1.178212	147.204958	0.008242	12.7
1031	-0.193683	147.126920	0.004964	11.2
1032	-0.482309	147.048993	0.005396	12.5
1033	-0.662809	146.971175	0.006443	20.6
1034	-1.174938	146.893468	0.007325	19.0
1035	-0.745924	146.815869	0.005412	16.3
1036	-0.751864	146.738380	0.009007	17.1
1037	-0.973448	146.661000	0.008069	16.6
1038	-1.012573	146.583729	0.010685	16.8
1039	-1.245904	146.506566	0.011098	19.0
1040	-0.342562	146.429511	0.007943	17.5
1041	-1.155178	146.352565	0.010258	16.7
1042	-1.085861	146.275726	0.010038	17.8
1043	-1.104405	146.198994	0.009487	23.1
1044	-0.941004	146.122370	0.008497	17.4
1045	-0.229335	146.045853	0.004495	18.0
1046	-1.146149	145.969442	0.008067	17.5
1047	-0.751284	145.893139	0.008122	15.8
1048	-0.579737	145.816941	0.006246	15.1
1049	-1.283312	145.740849	0.010920	16.8
1050	-0.675082	145.664863	0.007031	16.2
1051	-0.498890	145.588983	0.007082	17.5
1052	-0.683627	145.513208	0.007755	18.8
1053	-1.182530	145.437538	0.007104	33.9
1054	-0.363944	145.361973	0.004783	21.8
1055	-0.221464	145.286513	0.004090	12.4
1056	-0.765670	145.211157	0.006526	12.4
1057	-1.077397	145.135905	0.007748	13.8
1058	-0.980916	145.060757	0.010049	9.4
1059	-0.860200	144.985712	0.007701	11.5
1060	-1.227616	144.910771	0.009097	10.5
1061	-1.026169	144.835934	0.009217	11.6
1062	-0.688840	144.761199	0.006990	12.0
1063	-1.302037	144.686567	0.010083	10.7
1064	-1.159523	144.612037	0.009629	10.5
1065	-1.182200	144.537610	0.008768	11.5
1066	-1.041406	144.463285	0.009537	10.6
1067	-1.188435	144.389062	0.007436	9.6
1068	-1.001379	144.314940	0.011106	11.6
1069	-1.065800	144.240920	0.011028	10.6
1070	-1.274947	144.167001	0.009777	10.0
1071	-1.119989	144.093182	0.008681	11.2
1072	-0.683733	144.019465	0.008722	10.4
1073	-1.175319	143.945848	0.009244	10.9
1074	-0.349826	143.872331	0.005629	11.2
1075	-0.653088	143.798914	0.006089	10.7
1076	-1.101590	143.725597	0.008864	9.9
1077	-1.168448	143.652380	0.008426	10.2
1078	-0.040374	143.579262	0.002248	10.7
1079	-1.095261	143.506243	0.011243	11.8
1080	-1.260142	143.433323	0.010073	10.2
1081	-0.745197	143.360502	0.005876	12.3
1082	-1.181404	143.287780	0.008927	13.5
1083	-0.648693	143.215155	0.007257	15.6
1084	-1.278697	143.142629	0.008820	19.4
1085	-1.266916	143.070201	0.009540	17.0
1086	-0.815970	142.997870	0.008859	12.7
1087	-0.313913	142.925637	0.004906	12.1
1088	-0.992798	142.853501	0.007219	11.7
1089	-0.913173	142.781462	0.009444	11.7
1090	-0.482211	142.709519	0.005473	13.5
1091	-0.681617	142.637674	0.009498	12.9
1092	-0.633281	142.565924	0.005376	16.4
1093	-1.143679	142.494271	0.008169	23.0
1094	-0.232084	142.422714	0.005245	22.6
1095	-1.291833	142.351252	0.010845	17.1
1096	-0.451235	142.279886	0.006547	9.9
1097	-0.888385	142.208616	0.006563	13.3
1098	-0.802594	142.137440	0.006525	12.0
1099	-1.021015	142.066360	0.008779	12.8
1100	-0.844994	141.995374	0.008165	11.3
1101	-0.735161	141.924483	0.008251	18.6
1102	-1.215329	141.853685	0.007909	17.4
1103	-1.186872	141.782983	0.008001	13.2
1104	-1.150844	141.712373	0.009597	11.8
1105	-0.364923	141.641858	0.005774	13.2
1106	-1.040269	141.571436	0.010340	11.3
1107	-0.634839	141.501108	0.005727	12.7
1108	-0.695647	141.430872	0.009276	12.5
1109	-0.281641	141.360730	0.007273	10.6
1110	-0.479477	141.290680	0.004604	11.4
1111	-0.959088	141.220722	0.009055	13.8
1112	-1.080166	141.150857	0.008829	13.4
1113	-1.239541	141.081084	0.009674	11.5
1114	-1.022649	141.011403	0.010121	10.2
1115	-0.572833	140.941813	0.004425	11.2
1116	-0.445771	140.872315	0.005043	10.2
1117	-1.010161	140.802909	0.009245	11.1
1118	-0.764771	140.733593	0.007995	12.1
1119	-1.243555	140.664369	0.008121	14.5
1120	-1.216066	140.595235	0.008445	13.9
1121	-0.674024	140.526192	0.006907	12.3
1122	-1.170068	140.457239	0.009142	14.9
1123	-0.279370	140.388376	0.006111	13.6
1124	-0.272501	140.319603	0.003897	15.7
1125	-0.897917	140.250920	0.008359	12.1
1126	-0.840571	140.182326	0.008419	15.6
1127	-0.780481	140.113822	0.008780	13.3
1128	-0.481003	140.045407	0.007534	12.6
1129	-1.023713	139.977081	0.010552	12.5
1130	-0.449907	139.908844	0.005972	11.8
1131	-1.193020	139.840696	0.010584	18.4
1132	-0.310602	139.772635	0.006603	15.6
1133	-0.572345	139.704664	0.007087	13.0
1134	-1.193448	139.636780	0.007919	12.1
1135	-1.129453	139.568984	0.008944	14.4
1136	-0.862968	139.501276	0.008778	16.8
1137	-0.949881	139.433655	0.007190	18.9
1138	-0.791765	139.366122	0.008664	19.0
1139	-0.715873	139.298676	0.005417	19.3
1140	-1.233846	139.231317	0.009691	22.4
1141	-1.134276	139.164045	0.009220	20.8
1142	-0.927885	139.096859	0.009470	10.7
1143	-0.625813	139.029760	0.008330	17.1
1144	-1.000304	138.962747	0.006329	16.7
1145	-1.210949	138.895820	0.009971	11.9
1146	-0.884351	138.828978	0.008670	13.8
1147	-0.398289	138.762223	0.005524	15.4
1148	-0.302080	138.695553	0.004064	16.1
1149	-0.548571	138.628969	0.004488	15.8
1150	-0.909091	138.562469	0.006803	19.3
1151	-1.017695	138.496055	0.006521	24.4
1152	-1.019632	138.429725	0.011011	23.6
1153	-1.086492	138.363481	0.009024	28.0
1154	-1.094744	138.297320	0.008208	23.8
1155	-1.232613	138.231244	0.008946	17.6
1156	-1.034062	138.165252	0.009010	33.7
1157	-1.137185	138.099344	0.008849	24.7
1158	-0.829815	138.033520	0.006799	20.8
1159	-1.065704	137.967779	0.009869	19.7
1160	-1.031280	137.902122	0.007997	19.5
1161	-0.467340	137.836548	0.006237	16.6
1162	-1.308129	137.771057	0.008515	16.4
1163	-0.997063	137.705649	0.010090	16.3
1164	-1.132634	137.640324	0.012052	15.4
1165	-1.253418	137.575081	0.010212	19.1
1166	-1.071448	137.509921	0.009620	22.1
1167	-0.389193	137.444842	0.005024	18.8
1168	-1.178602	137.379846	0.007079	21.9
1169	-0.880616	137.314932	0.008249	18.8
1170	-0.914977	137.250100	0.009264	14.4
1171	-0.942713	137.185349	0.008091	12.3
1172	-0.932022	137.120680	0.009149	10.8
1173	-0.498967	137.056092	0.005747	16.9
1174	-0.862887	136.991585	0.008687	15.5
1175	-0.534495	136.927158	0.006994	19.2
1176	-1.027229	136.862813	0.009470	24.5
1177	-1.209807	136.798548	0.008350	40.4
1178	-1.237932	136.734363	0.011359	15.5
1179	-1.145824	136.670259	0.008174	18.5
1180	-1.029638	136.606235	0.007476	19.5
1181	-1.186149	136.542291	0.008747	20.8
1182	-0.916716	136.478426	0.007335	18.5
1183	-1.159893	136.414641	0.008953	14.0
1184	-1.211863	136.350936	0.009937	16.1
1185	-1.327740	136.287310	0.010951	15.0
1186	-0.969645	136.223763	0.010393	14.5
1187	-0.966363	136.160295	0.011524	26.4
1188	-0.967389	136.096905	0.006801	20.8
1189	-1.185403	136.033594	0.009300	15.4
1190	-0.899493	135.970362	0.005753	23.7
1191	-1.059093	135.907208	0.007883	17.8
1192	-1.203831	135.844133	0.010238	18.3
1193	-1.057709	135.781135	0.007911	15.6
1194	-1.279563	135.718215	0.009318	16.2
1195	-1.169132	135.655373	0.010607	18.8
1196	-0.975330	135.592608	0.006805	18.5
1197	-1.085440	135.529921	0.008198	28.5
1198	-0.074231	135.467311	0.002634	18.1
1199	-1.123088	135.404778	0.006798	19.5
1200	-1.199240	135.342322	0.007664	13.3
1201	-0.712550	135.279942	0.006635	14.7
1202	-0.342911	135.217640	0.004923	21.5
1203	-0.462886	135.155413	0.005408	17.6
1204	-0.919871	135.093263	0.009093	14.2
1205	-0.111757	135.031190	0.002948	15.5
1206	-1.221748	134.969192	0.008608	12.5
1207	-1.301544	134.907270	0.008218	12.8
1208	-0.893927	134.845424	0.007812	14.8
1209	-0.820225	134.783653	0.008367	22.5
1210	-1.277537	134.721958	0.008397	20.1
1211	-0.527562	134.660338	0.004938	17.0
1212	-1.273996	134.598793	0.008891	15.0
1213	-1.134043	134.537323	0.008871	14.3
1214	-1.180423	134.475927	0.009617	27.8
1215	-1.051437	134.414607	0.008430	21.6
1216	-1.181123	134.353361	0.008186	23.6
1217	-0.749986	134.292189	0.007781	18.1
1218	-1.164175	134.231092	0.008362	15.0
1219	-1.117465	134.170068	0.008704	15.3
1220	-1.165246	134.109119	0.008530	19.1
1221	-1.203351	134.048243	0.012123	20.1
1222	-1.081592	133.987441	0.007037	18.4
1223	-1.218227	133.926713	0.009780	15.0
1224	-1.046790	133.866057	0.006905	19.0
1225	-0.310964	133.805475	0.005707	16.9
1226	-0.446154	133.744966	0.006761	12.2
1227	-0.012258	133.684530	0.000506	14.5
1228	-0.859891	133.624167	0.007109	32.9
1229	-0.892762	133.563877	0.007999	15.6
1230	-1.179921	133.503658	0.009264	16.7
1231	-0.488742	133.443513	0.005690	14.3
1232	-1.290528	133.383439	0.010533	15.3
1233	-0.971901	133.323437	0.010504	15.1
1234	-1.177757	133.263508	0.007955	15.9
1235	-0.324179	133.203650	0.005043	16.6
1236	-0.965122	133.143864	0.009905	15.5
1237	-1.358578	133.084149	0.010997	13.4
1238	-0.424420	133.024506	0.005061	13.4
1239	-1.172830	132.964934	0.007854	15.1
1240	-1.238795	132.905433	0.007489	14.5
1241	-1.294692	132.846003	0.008334	19.1
1242	-0.955200	132.786643	0.008567	16.0
1243	-1.178095	132.727355	0.008064	14.9
1244	-0.337392	132.668137	0.005371	13.4
1245	-1.104007	132.608989	0.007112	19.1
1246	-1.056677	132.549912	0.009923	17.9
1247	-0.823376	132.490904	0.006406	17.5
1248	-1.250918	132.431967	0.009374	13.0
1249	-1.113828	132.373100	0.009341	17.7
1250	-1.193512	132.314302	0.008136	23.0
1251	-0.501532	132.255574	0.004907	18.7
1252	-0.283625	132.196916	0.004942	20.3
1253	-1.250387	132.138326	0.009319	21.0
1254	-1.006157	132.079806	0.010010	13.7
1255	-0.495874	132.021355	0.007040	13.2
1256	-0.374497	131.962973	0.005627	13.6
1257	-0.653273	131.904660	0.006392	14.8
1258	-0.703510	131.846415	0.014599	16.7
1259	-1.171074	131.788239	0.007980	15.0
1260	-0.773123	131.730131	0.007564	13.7
1261	-0.751456	131.672092	0.008022	13.2
1262	-1.166667	131.614121	0.010738	11.7
1263	-0.863630	131.556217	0.009370	9.5
1264	-0.781430	131.498382	0.006977	13.3
1265	-0.592577	131.440614	0.010082	11.5
1266	-1.136926	131.382914	0.009524	9.8
1267	-0.417130	131.325282	0.005456	11.9
1268	-0.589058	131.267717	0.007272	12.9
1269	-1.016200	131.210219	0.009806	11.4
1270	-1.126279	131.152788	0.009742	10.1
1271	-0.999471	131.095424	0.006181	11.6
1272	-1.248017	131.038127	0.010671	10.8
1273	-0.254306	130.980897	0.005770	10.0
1274	-0.943054	130.923733	0.007001	12.4
1275	-1.050440	130.866636	0.008939	14.5
1276	-0.630645	130.809605	0.004378	11.5
1277	-0.723976	130.752641	0.010185	15.6
1278	-1.204765	130.695742	0.007932	13.1
1279	-0.174372	130.638910	0.006201	13.6
1280	-1.123560	130.582143	0.012278	12.7
1281	-0.962574	130.525442	0.009293	15.6
1282	-1.209693	130.468807	0.009318	10.7
1283	-1.234917	130.412237	0.008322	14.4
1284	-0.693660	130.355733	0.005227	13.1
1285	-0.237406	130.299294	0.006713	19.9
1286	-0.892946	130.242920	0.008734	14.5
1287	-0.830219	130.186611	0.009000	41.3
1288	-0.173931	130.130366	0.005292	17.5
1289	-1.325150	130.074187	0.009419	17.3
1290	-1.162423	130.018072	0.008000	14.8
1291	-0.919746	129.962022	0.007817	10.3
1292	-0.440722	129.906036	0.008604	10.9
1293	-0.415215	129.850114	0.008202	17.1
1294	-0.909131	129.794257	0.007253	12.0
1295	-0.630077	129.738463	0.006182	18.0
1296	-1.206659	129.682734	0.012030	20.7
1297	-0.435895	129.627068	0.004739	13.3
1298	-1.063496	129.571466	0.007743	14.1
1299	-1.116142	129.515927	0.006914	16.0
1300	-0.745811	129.460452	0.006785	20.4
1301	-0.249576	129.405040	0.013908	18.2
1302	-0.810712	129.349692	0.008032	16.1
1303	-0.961607	129.294406	0.007393	12.1
1304	-0.990967	129.239183	0.008716	12.1
1305	-0.755457	129.184024	0.008304	10.3
1306	-0.263188	129.128927	0.004386	14.8
1307	-1.093835	129.073892	0.010732	13.0
1308	-0.835690	129.018921	0.007640	15.9
1309	-1.182774	128.964011	0.009520	15.7
1310	-0.940176	128.909164	0.009278	16.0
1311	-1.258814	128.854379	0.009339	10.7
1312	-0.223284	128.799656	0.005922	16.6
1313	-0.879738	128.744995	0.008142	13.7
1314	-1.252526	128.690396	0.008087	14.8
1315	-1.119059	128.635858	0.008148	11.9
1316	-0.485599	128.581382	0.008609	12.5
1317	-1.145008	128.526968	0.012341	11.4
1318	-1.098266	128.472615	0.008526	13.1
1319	-0.320824	128.418323	0.005525	15.3
1320	-1.060725	128.364092	0.009815	14.8
1321	-0.942530	128.309922	0.010502	14.6
1322	-1.029503	128.255814	0.009992	11.6
1323	-1.101622	128.201766	0.007450	26.9
1324	-0.206388	128.147778	0.003981	19.7
1325	-1.144697	128.093852	0.006894	22.6
1326	-1.079554	128.039985	0.011102	38.6
1327	-0.686845	127.986180	0.005238	43.4
1328	-0.785069	127.932434	0.009071	22.2
1329	-1.219499	127.878749	0.008937	28.9
1330	-1.201765	127.825123	0.008107	24.8
1331	-0.420151	127.771558	0.005910	24.0
1332	-0.953744	127.718052	0.007684	21.0
1333	-0.573871	127.664606	0.006124	21.6
1334	-1.280151	127.611220	0.009108	24.3
1335	-1.232104	127.557893	0.008986	18.8
1336	-1.360540	127.504625	0.009099	17.8
1337	-0.305088	127.451417	0.003767	27.9
1338	-0.863834	127.398268	0.006678	20.4
1339	-0.890898	127.345178	0.006401	13.6
1340	-0.918866	127.292147	0.006985	24.5
1341	-1.184610	127.239175	0.009454	23.3
1342	-1.131114	127.186261	0.008908	16.1
1343	-0.964794	127.133407	0.008708	19.7
1344	-1.065531	127.080610	0.006981	15.5
1345	-1.038385	127.027872	0.010798	23.5
1346	-0.865299	126.975193	0.006940	15.4
1347	-1.189352	126.922572	0.011569	12.5
1348	-1.194677	126.870008	0.006608	17.0
1349	-1.115222	126.817503	0.007808	18.9
1350	-1.091087	126.765056	0.009186	13.1
1351	-1.230433	126.712667	0.010275	23.5
1352	-0.672129	126.660335	0.007806	10.6
1353	-1.001133	126.608061	0.009801	13.4
1354	-0.931956	126.555844	0.007223	14.7
1355	-0.068510	126.503685	0.004323	14.3
1356	-0.448574	126.451583	0.005628	12.6
1357	-1.216635	126.399538	0.008267	13.5
1358	-0.009116	126.347550	0.000908	14.1
1359	-1.217886	126.295619	0.010768	11.8
1360	-0.977926	126.243745	0.010456	16.3
1361	-0.120609	126.191928	0.004440	16.4
1362	-1.098570	126.140168	0.008693	17.1
1363	-1.076375	126.088464	0.011422	33.2
1364	-1.066247	126.036817	0.010866	13.6
1365	-0.541262	125.985226	0.004290	12.5
1366	-0.842957	125.933691	0.006849	11.7
1367	-0.306181	125.882212	0.005182	10.9
1368	-0.490088	125.830790	0.004882	11.9
1369	-1.175222	125.779423	0.010527	10.6
1370	-0.007201	125.728113	0.002410	9.9
1371	-0.617187	125.676858	0.005012	12.4
1372	-1.325568	125.625659	0.008004	15.5
1373	-0.290570	125.574515	0.009016	9.7
1374	-1.143152	125.523427	0.007590	11.3
1375	-1.212249	125.472394	0.008724	11.9
1376	-0.998726	125.421417	0.007890	10.7
1377	-1.222248	125.370495	0.010623	13.7
1378	-1.310435	125.319628	0.009535	12.8
1379	-0.912561	125.268815	0.007721	12.5
1380	-1.256659	125.218058	0.009033	11.3
1381	-1.260950	125.167356	0.008198	10.4
1382	-1.220329	125.116708	0.008023	12.5
1383	-1.156976	125.066115	0.008284	10.4
1384	-1.278596	125.015576	0.008412	9.8
1385	-1.220719	124.965092	0.010294	12.3
1386	-1.119851	124.914662	0.008157	14.8
1387	-1.340721	124.864287	0.008464	15.1
1388	-1.200746	124.813965	0.009748	11.3
1389	-0.485353	124.763698	0.008015	13.6
1390	-1.345562	124.713485	0.011086	13.7
1391	-1.352435	124.663325	0.009515	27.8
1392	-0.539271	124.613219	0.006485	18.4
1393	-0.637423	124.563167	0.006520	19.7
1394	-1.188227	124.513168	0.008801	21.4
1395	-1.227612	124.463223	0.011799	24.3
1396	-0.812785	124.413332	0.008709	34.1
1397	-0.164127	124.363493	0.002359	20.5
1398	-1.182174	124.313708	0.009988	45.6
1399	-1.155441	124.263976	0.010488	16.1
1400	-1.242787	124.214297	0.010246	19.0
1401	-0.622376	124.164671	0.005513	13.2
1402	-0.977723	124.115097	0.009034	11.0
1403	-1.369900	124.065577	0.010338	11.9
1404	-0.000000	124.016109	0.000000	15.7
1405	-1.250834	123.966693	0.011167	17.1
1406	-1.301148	123.917330	0.010122	15.3
1407	-1.150447	123.868020	0.010356	15.1
1408	-0.342961	123.818762	0.004431	13.2
1409	-1.230261	123.769556	0.008610	11.6
1410	-0.601580	123.720402	0.006622	15.7
1411	-0.921690	123.671300	0.009124	13.3
1412	-0.944896	123.622250	0.008974	15.2
1413	-0.912823	123.573252	0.008991	18.2
1414	-0.009053	123.524305	0.000841	25.2
1415	-0.535097	123.475411	0.008786	15.3
1416	-0.898222	123.426568	0.010456	15.0
1417	-1.050449	123.377776	0.010797	20.7
1418	-0.733845	123.329036	0.006572	15.0
1419	-1.182442	123.280347	0.008892	20.1
1420	-1.317194	123.231709	0.008467	23.0
1421	-0.652480	123.183122	0.008443	34.9
1422	-0.009283	123.134587	0.000997	26.2
1423	-0.111690	123.086102	0.004197	95.3
1424	-0.765957	123.037669	0.006782	48.5
1425	-1.136016	122.989286	0.007927	42.5
1426	-1.072680	122.940954	0.010797	25.5
1427	-0.816897	122.892672	0.007208	25.1
1428	-0.947292	122.844441	0.007044	25.6
1429	-0.554501	122.796261	0.005903	17.4
1430	-1.265236	122.748130	0.012602	24.0
1431	-0.357163	122.700050	0.005299	31.5
1432	-1.272412	122.652021	0.009496	22.8
1433	-0.559200	122.604041	0.005228	17.5
1434	-1.284572	122.556111	0.010972	19.5
1435	-1.198390	122.508232	0.008650	25.6
1436	-1.239746	122.460402	0.009275	20.1
1437	-0.493729	122.412622	0.006824	14.1
1438	-0.814841	122.364891	0.008654	12.7
1439	-0.976286	122.317210	0.009307	14.9
1440	-0.221133	122.269579	0.004782	12.0
1441	-0.547742	122.221997	0.006271	11.7
1442	-0.745947	122.174465	0.006574	15.4
1443	-0.802167	122.126981	0.010141	16.9
1444	-1.260004	122.079547	0.009904	12.6
1445	-0.501879	122.032162	0.008789	12.9
1446	-0.951265	121.984826	0.006467	11.1
1447	-0.703160	121.937539	0.007960	13.9
1448	-0.189908	121.890301	0.003476	12.0
1449	-0.863245	121.843112	0.009085	12.2
1450	-0.782611	121.795971	0.006031	13.9
1451	-1.192945	121.748879	0.007730	10.2
1452	-0.917125	121.701835	0.011090	11.1
1453	-0.516886	121.654840	0.007391	11.9
1454	-0.697873	121.607893	0.006647	14.3
1455	-0.416685	121.560994	0.004337	14.2
1456	-0.684015	121.514144	0.006440	17.8
1457	-1.059446	121.467342	0.007629	15.3
1458	-1.185263	121.420588	0.009167	18.1
1459	-0.761799	121.373882	0.008651	14.1
1460	-1.150652	121.327223	0.010435	11.1
1461	-1.171971	121.280613	0.010274	9.7
1462	-0.688625	121.234050	0.005924	14.7
1463	-1.185327	121.187535	0.007514	12.6
1464	-0.000000	121.141067	0.000000	12.7
1465	-1.178492	121.094647	0.011818	11.8
1466	-1.229962	121.048274	0.011732	19.7
1467	-1.046762	121.001949	0.009558	28.1
1468	-1.033614	120.955671	0.007568	14.8
1469	-1.227153	120.909440	0.007360	21.2
1470	-0.429697	120.863256	0.006763	23.2
1471	-0.082484	120.817119	0.002685	18.2
1472	-0.908223	120.771029	0.008669	23.1
1473	-1.154757	120.724986	0.008187	116.8
1474	-0.933783	120.678990	0.006889	27.3
1475	-1.236059	120.633040	0.008575	39.6
1476	-1.177240	120.587137	0.010220	38.3
1477	-1.106453	120.541281	0.006536	27.2
1478	-1.290519	120.495471	0.010598	27.9
1479	-1.213257	120.449707	0.008911	32.4
1480	-1.036995	120.403990	0.009340	16.9
1481	-1.317012	120.358319	0.010223	29.6
1482	-1.107295	120.312694	0.009166	101.3
1483	-0.720254	120.267115	0.011117	144.7
1484	-1.259301	120.221582	0.008320	19.5
1485	-0.890320	120.176096	0.007532	18.6
1486	-0.862449	120.130655	0.010694	16.0
1487	-0.670304	120.085260	0.009248	11.5
1488	-0.411781	120.039910	0.006973	23.8
1489	-0.622973	119.994606	0.007738	15.3
1490	-1.236439	119.949348	0.011432	50.9
1491	-0.782445	119.904135	0.006893	21.1
1492	-0.971039	119.858968	0.007982	18.3
1493	-0.714650	119.813846	0.006367	15.4
1494	-0.839604	119.768769	0.008348	20.9
1495	-1.193342	119.723738	0.008490	17.3
1496	-1.112201	119.678752	0.007863	16.7
1497	-0.992789	119.633810	0.009647	14.2
1498	-0.279667	119.588914	0.004899	27.1
1499	-1.269279	119.544062	0.009130	34.1
1500	-0.801815	119.499256	0.008498	24.3
1501	-1.256881	119.454494	0.007649	18.6
1502	-0.273207	119.409777	0.005354	18.9
1503	-1.153587	119.365104	0.009815	19.3
1504	-1.240745	119.320476	0.008339	24.2
1505	-1.205159	119.275893	0.008535	12.6
1506	-0.926050	119.231353	0.012166	11.5
1507	-1.139840	119.186859	0.008992	10.7
1508	-0.519698	119.142408	0.007512	12.5
1509	-1.118815	119.098002	0.010918	14.3
1510	-0.560404	119.053639	0.006656	14.3
1511	-0.304689	119.009321	0.005749	16.9
1512	-1.271707	118.965047	0.008845	16.4
1513	-0.250842	118.920816	0.008445	17.0
1514	-1.268262	118.876630	0.009252	17.0
1515	-1.262223	118.832487	0.008613	15.8
1516	-1.229133	118.788388	0.011301	15.8
1517	-0.268984	118.744332	0.005975	12.3
1518	-1.140373	118.700320	0.007671	15.6
1519	-0.371457	118.656352	0.005442	12.1
1520	-0.453716	118.612427	0.004758	15.6
1521	-0.251382	118.568545	0.005758	27.2
1522	-0.545710	118.524706	0.005199	19.7
1523	-0.831288	118.480911	0.006690	23.7
1524	-1.268633	118.437159	0.008981	43.6
1525	-0.656554	118.393450	0.007019	33.1
1526	-0.950735	118.349784	0.008840	16.3
1527	-0.859878	118.306160	0.008531	16.8
1528	-0.688852	118.262580	0.006990	14.2
1529	-0.714088	118.219042	0.007068	21.3
1530	-0.461574	118.175548	0.008085	18.5
1531	-1.151910	118.132095	0.009620	16.0
1532	-0.840945	118.088686	0.007289	13.6
1533	-1.049147	118.045319	0.007315	24.1
1534	-0.776256	118.001994	0.008121	14.4
1535	-0.161711	117.958712	0.003197	20.3
1536	-1.225410	117.915472	0.008571	18.6
1537	-1.121278	117.872274	0.011014	16.8
1538	-1.042839	117.829118	0.010149	16.4
1539	-1.216470	117.786005	0.008950	19.4
1540	-1.280262	117.742933	0.009191	12.3
1541	-0.788037	117.699904	0.007469	9.5
1542	-1.008882	117.656916	0.010072	9.7
1543	-1.212020	117.613971	0.007120	10.4
1544	-1.157644	117.571067	0.007061	10.6
1545	-0.074103	117.528205	0.002439	14.7
1546	-1.157062	117.485384	0.007586	12.7
1547	-1.096385	117.442605	0.009861	13.7
1548	-1.189551	117.399867	0.009386	9.6
1549	-0.983958	117.357171	0.009753	11.3
1550	-0.476220	117.314517	0.006094	12.2
1551	-0.716039	117.271903	0.006803	10.2
1552	-0.700005	117.229331	0.007049	12.4
1553	-0.877760	117.186800	0.006803	12.9
1554	-1.220283	117.144311	0.009300	14.3
1555	-0.722414	117.101862	0.005809	16.6
1556	-0.962882	117.059454	0.009385	18.5
1557	-0.519556	117.017087	0.006630	32.0
1558	-1.047358	116.974762	0.009543	24.6
1559	-0.911983	116.932476	0.008873	19.6
1560	-1.200641	116.890232	0.008075	12.9
1561	-0.350552	116.848028	0.005510	14.8
1562	-1.004778	116.805865	0.007047	15.7
1563	-0.798259	116.763743	0.008065	12.9
1564	-1.111780	116.721661	0.011008	13.5
1565	-0.133240	116.679619	0.004352	12.8
1566	-1.159600	116.637618	0.011635	14.7
1567	-1.156054	116.595657	0.008367	11.6
1568	-1.141862	116.553736	0.009394	10.7
1569	-1.238050	116.511855	0.008959	12.1
1570	-1.037219	116.470015	0.010025	20.1
1571	-1.275763	116.428214	0.009386	15.7
1572	-1.022742	116.386454	0.008084	26.2
1573	-1.358267	116.344733	0.008715	20.6
1574	-0.689368	116.303052	0.007415	27.4
1575	-0.688640	116.261412	0.008343	17.4
1576	-0.958616	116.219810	0.008269	22.3
1577	-0.811587	116.178249	0.009230	10.6
1578	-1.230470	116.136727	0.010687	12.4
1579	-0.853020	116.095245	0.006251	17.6
1580	-1.108649	116.053802	0.008159	13.9
1581	-1.118917	116.012398	0.009383	10.8
1582	-1.334735	115.971034	0.008553	10.0
1583	-0.070613	115.929710	0.003342	9.5
1584	-0.303278	115.888424	0.003112	13.3
1585	-0.848537	115.847178	0.005899	15.2
1586	-0.989725	115.805970	0.010747	19.5
1587	-1.290411	115.764802	0.008107	22.1
1588	-1.106367	115.723673	0.010158	18.4
1589	-0.860718	115.682583	0.007594	20.7
1590	-0.530875	115.641532	0.006870	44.8
1591	-0.040107	115.600519	0.002524	20.3
1592	-0.771121	115.559546	0.006816	18.8
1593	-0.995196	115.518610	0.008970	18.5
1594	-1.294062	115.477714	0.009040	19.1
1595	-1.323404	115.436856	0.008067	19.9
1596	-0.389623	115.396037	0.008410	14.4
1597	-1.059982	115.355256	0.008194	15.1
1598	-1.092341	115.314514	0.013210	14.0
1599	-1.209336	115.273810	0.009618	15.5
1600	-1.166895	115.233144	0.006956	26.2
1601	-1.158401	115.192517	0.008671	15.5
1602	-1.037124	115.151927	0.008778	16.7
1603	-1.272820	115.111376	0.011633	21.9
1604	-0.000000	115.070863	0.000000	19.5
1605	-1.069654	115.030388	0.008828	8.6
1606	-1.188027	114.989951	0.009712	11.6
1607	-1.179127	114.949551	0.007868	11.4
1608	-0.037955	114.909190	0.002180	16.5
1609	-0.870708	114.868866	0.009500	11.7
1610	-1.173893	114.828580	0.011256	11.2
1611	-0.871331	114.788332	0.005831	14.1
1612	-1.081877	114.748121	0.011025	13.7
1613	-1.161533	114.707948	0.007741	19.9
1614	-1.236131	114.667812	0.010524	18.6
1615	-1.070386	114.627714	0.009577	16.1
1616	-1.169985	114.587653	0.007643	16.1
1617	-1.221918	114.547629	0.007927	12.1
1618	-1.050631	114.507643	0.007262	10.1
1619	-0.972798	114.467693	0.008968	14.5
1620	-1.239238	114.427781	0.008719	13.5
1621	-0.947223	114.387907	0.007821	17.0
1622	-1.176515	114.348069	0.009339	15.7
1623	-0.655839	114.308268	0.007656	19.3
1624	-0.925265	114.268504	0.007592	15.3
1625	-1.117532	114.228777	0.007951	13.4
1626	-1.354272	114.189086	0.008286	15.6
1627	-1.078168	114.149433	0.009735	14.9
1628	-0.387053	114.109816	0.005330	17.0
1629	-0.876734	114.070235	0.008400	11.4
1630	-1.191375	114.030692	0.007253	10.2
1631	-1.156734	113.991185	0.008118	13.9
1632	-0.983670	113.951714	0.009660	12.9
1633	-1.223995	113.912280	0.009180	13.6
1634	-0.130406	113.872882	0.003797	12.0
1635	-0.508130	113.833521	0.005970	16.3
1636	-0.892506	113.794195	0.008015	11.8
1637	-1.277776	113.754906	0.008878	15.8
1638	-0.850867	113.715653	0.006916	18.7
1639	-1.142978	113.676437	0.007294	19.5
1640	-1.315070	113.637256	0.008905	11.1
1641	-1.070079	113.598111	0.010253	12.8
1642	-1.124678	113.559002	0.009354	16.5
1643	-0.360303	113.519929	0.006321	11.4
1644	-1.095771	113.480892	0.008767	12.4
1645	-1.109802	113.441891	0.007876	19.0
1646	-0.386233	113.402925	0.006334	12.0
1647	-1.354554	113.363995	0.010799	28.9
1648	-1.198996	113.325101	0.008290	19.8
1649	-1.167213	113.286242	0.008555	25.2
1650	-1.015986	113.247419	0.008655	17.9
1651	-0.197154	113.208631	0.003574	17.4
1652	-1.059408	113.169879	0.007771	18.4
1653	-0.575523	113.131162	0.007458	13.3
1654	-1.183062	113.092480	0.009679	16.0
1655	-0.759758	113.053833	0.008369	16.4
1656	-1.150485	113.015222	0.007689	13.6
1657	-0.000000	112.976646	0.000000	18.0
1658	-1.147516	112.938105	0.009472	22.6
1659	-0.540565	112.899599	0.005886	12.8
1660	-1.303516	112.861128	0.010998	13.5
1661	-1.225253	112.822692	0.008367	12.6
1662	-0.012397	112.784291	0.003156	14.8
1663	-1.122628	112.745924	0.011182	14.0
1664	-0.426163	112.707593	0.008847	11.4
1665	-1.061328	112.669296	0.009495	16.0
1666	-0.987805	112.631034	0.009428	14.0
1667	-0.465449	112.592806	0.005363	25.4
1668	-1.350533	112.554613	0.010249	17.1
1669	-0.198493	112.516455	0.006176	15.5
1670	-0.024260	112.478331	0.000685	18.3
1671	-1.174243	112.440241	0.012454	16.5
1672	-0.767256	112.402186	0.008030	14.3
1673	-0.826726	112.364165	0.008751	18.6
1674	-0.964286	112.326179	0.008264	16.6
1675	-1.001060	112.288227	0.007210	16.0
1676	-1.040563	112.250309	0.009163	16.1
1677	-1.159581	112.212425	0.008187	41.3
1678	-1.232767	112.174575	0.009427	23.0
1679	-1.331837	112.136759	0.010332	16.7
1680	-1.054769	112.098977	0.008524	18.0
1681	-1.286050	112.061229	0.007823	17.0
1682	-0.686212	112.023515	0.008314	14.2
1683	-1.041581	111.985834	0.011397	14.2
1684	-1.046891	111.948188	0.010224	17.9
1685	-1.150807	111.910575	0.007726	17.8
1686	-0.749160	111.872996	0.008719	12.6
1687	-1.003018	111.835450	0.006652	10.5
1688	-1.023171	111.797939	0.010625	12.0
1689	-1.131753	111.760460	0.006698	13.6
1690	-0.981087	111.723015	0.009853	13.3
1691	-1.004233	111.685604	0.009109	11.7
1692	-0.855788	111.648226	0.006780	12.3
1693	-0.248387	111.610881	0.006846	12.5
1694	-1.239464	111.573570	0.008546	12.3
1695	-1.373641	111.536292	0.010153	10.9
1696	-0.420507	111.499047	0.006128	10.0
1697	-0.724538	111.461835	0.005627	13.9
1698	-0.379644	111.424656	0.007285	12.6
1699	-1.098795	111.387510	0.009234	14.0
1700	-1.068977	111.350398	0.011421	14.7
1701	-1.045352	111.313318	0.010391	13.7
1702	-1.257806	111.276271	0.009778	13.9
1703	-1.157998	111.239257	0.008578	10.7
1704	-0.486310	111.202276	0.006836	11.9
1705	-1.159136	111.165328	0.009086	16.0
1706	-0.784625	111.128412	0.008442	24.3
1707	-0.631908	111.091529	0.006723	10.5
1708	-0.450248	111.054679	0.008819	15.6
1709	-1.059911	111.017861	0.009475	15.6
1710	-1.149167	110.981076	0.010042	13.8
1711	-0.186534	110.944323	0.003079	11.2
1712	-0.890430	110.907603	0.008149	11.6
1713	-1.258949	110.870915	0.009315	16.2
1714	-1.203420	110.834259	0.008385	11.7
1715	-1.038373	110.797636	0.008066	11.6
1716	-1.299137	110.761045	0.008270	15.9
1717	-0.799651	110.724486	0.008939	12.2
1718	-1.076654	110.687959	0.009611	10.3
1719	-1.262955	110.651465	0.008456	9.4
1720	-0.080255	110.615002	0.006695	9.6
1721	-1.148699	110.578572	0.007404	9.9
1722	-0.365421	110.542173	0.007477	11.3
1723	-0.220236	110.505807	0.004384	10.1
1724	-1.178275	110.469472	0.007040	9.4
1725	-0.763377	110.433169	0.007315	10.1
1726	-1.282760	110.396898	0.010606	10.2
1727	-0.852685	110.360659	0.008380	10.4
1728	-0.799088	110.324451	0.007026	15.7
1729	-1.249704	110.288276	0.008083	18.4
1730	-0.966305	110.252131	0.009373	13.8
1731	-1.141617	110.216019	0.007462	13.0
1732	-1.167428	110.179937	0.009188	14.1
1733	-0.809635	110.143888	0.009498	14.9
1734	-1.156756	110.107869	0.010148	13.6
1735	-0.547179	110.071882	0.005105	23.1
1736	-1.055144	110.035927	0.010586	23.9
1737	-1.001486	110.000003	0.007426	17.2
1738	-0.939960	109.964110	0.007379	15.7
1739	-1.276615	109.928248	0.010738	14.8
1740	-0.999041	109.892417	0.009205	16.9
1741	-1.010610	109.856618	0.006404	14.3
1742	-1.141971	109.820850	0.009108	18.0
1743	-1.149388	109.785112	0.009439	15.4
1744	-1.181748	109.749406	0.007403	13.9
1745	-1.214592	109.713730	0.009993	17.1
1746	-0.768188	109.678086	0.009272	14.1
1747	-0.715973	109.642472	0.007923	12.8
1748	-0.780199	109.606890	0.008207	11.6
1749	-1.303083	109.571337	0.010101	11.7
1750	-0.985644	109.535816	0.009022	10.4
1751	-0.963417	109.500326	0.007350	10.0
1752	-0.966818	109.464866	0.010244	10.8
1753	-1.138481	109.429436	0.009331	11.9
1754	-0.296602	109.394038	0.004819	13.8
1755	-1.266047	109.358669	0.009450	14.8
1756	-1.172600	109.323331	0.008147	18.4
1757	-1.272014	109.288024	0.008937	24.6
1758	-1.178130	109.252747	0.007398	19.5
1759	-1.222631	109.217501	0.011391	15.1
1760	-1.088183	109.182284	0.010343	17.5
1761	-1.175674	109.147098	0.008757	18.2
1762	-0.881290	109.111942	0.009287	22.9
1763	-0.571579	109.076817	0.006788	15.8
1764	-0.217045	109.041721	0.007514	16.3
1765	-1.141206	109.006656	0.009142	16.2
1766	-1.314297	108.971620	0.008942	13.2
1767	-0.043066	108.936615	0.007524	14.8
1768	-1.234085	108.901640	0.008534	14.0
1769	-1.075803	108.866694	0.009706	12.1
1770	-1.334694	108.831779	0.012499	14.4
1771	-0.908926	108.796893	0.008343	11.6
1772	-0.646938	108.762037	0.007233	12.1
1773	-0.365146	108.727211	0.005857	14.7
1774	-1.109112	108.692415	0.008435	15.8
1775	-1.121588	108.657648	0.008186	21.0
1776	-1.143363	108.622911	0.010402	12.9
1777	-1.037554	108.588203	0.007831	28.1
1778	-0.472265	108.553525	0.005973	16.6
1779	-0.197867	108.518877	0.004607	11.6
1780	-0.377994	108.484258	0.006229	10.9
1781	-1.102009	108.449668	0.008313	13.1
1782	-1.025524	108.415108	0.010668	14.4
1783	-1.313144	108.380578	0.009303	11.9
1784	-1.204731	108.346076	0.010858	15.6
1785	-0.065247	108.311604	0.003758	13.2
1786	-0.813097	108.277161	0.008315	18.6
1787	-1.145726	108.242747	0.008075	19.0
1788	-1.192041	108.208363	0.012639	15.0
1789	-1.212481	108.174007	0.008700	16.0
1790	-0.747960	108.139681	0.008579	19.8
1791	-1.024054	108.105383	0.009564	15.6
1792	-0.843161	108.071115	0.009223	14.9
1793	-1.237486	108.036875	0.008057	13.6
1794	-1.310435	108.002665	0.011940	16.8
1795	-1.022758	107.968483	0.007196	15.9
1796	-0.316419	107.934330	0.005597	17.8
1797	-0.424474	107.900206	0.007092	16.1
1798	-0.742525	107.866111	0.008758	15.9
1799	-1.183876	107.832044	0.007404	14.5
1800	-1.182441	107.798007	0.008446	12.6
1801	-0.031772	107.763997	0.002817	13.8
1802	-0.201326	107.730017	0.003662	13.4
1803	-1.157287	107.696065	0.009044	13.8
1804	-0.305775	107.662141	0.006839	11.1
1805	-1.214163	107.628246	0.012100	9.9
1806	-1.229523	107.594379	0.009879	12.5
1807	-1.134423	107.560541	0.009012	12.7
1808	-1.121007	107.526731	0.008470	13.9
1809	-0.333624	107.492949	0.007068	14.4
1810	-1.144454	107.459196	0.008519	17.9
1811	-0.077582	107.425471	0.003199	15.4
1812	-0.724711	107.391774	0.008245	13.3
1813	-1.128734	107.358106	0.010260	14.1
1814	-0.880542	107.324465	0.008448	13.8
1815	-0.631312	107.290853	0.007062	14.1
1816	-1.107814	107.257268	0.009167	13.8
1817	-1.204462	107.223712	0.008022	15.1
1818	-1.241655	107.190184	0.010133	14.5
1819	-1.216673	107.156683	0.008201	14.4
1820	-0.880341	107.123211	0.008967	12.7
1821	-1.297040	107.089766	0.008970	20.7
1822	-0.953485	107.056349	0.007856	12.8
1823	-0.882534	107.022960	0.006802	11.5
1824	-1.018856	106.989599	0.006913	15.1
1825	-0.426926	106.956265	0.005721	14.0
1826	-1.155885	106.922960	0.009176	14.1
1827	-1.283764	106.889681	0.012852	16.3
1828	-0.319251	106.856431	0.004256	12.7
1829	-0.633769	106.823208	0.005474	12.2
1830	-1.083956	106.790012	0.011235	14.9
1831	-1.044941	106.756844	0.009953	14.8
1832	-1.203401	106.723703	0.009542	12.6
1833	-1.054696	106.690590	0.009104	9.5
1834	-0.735701	106.657505	0.006150	13.1
1835	-0.409593	106.624446	0.006452	15.7
1836	-0.931953	106.591415	0.007420	13.5
1837	-0.974632	106.558411	0.008915	13.0
1838	-0.902800	106.525435	0.008752	15.7
1839	-0.972407	106.492485	0.008192	13.2
1840	-1.107535	106.459563	0.009118	14.1
1841	-1.063324	106.426668	0.009956	10.9
1842	-1.156025	106.393800	0.010432	16.2
1843	-1.209018	106.360959	0.008778	13.0
1844	-1.270696	106.328145	0.012209	15.7
1845	-1.165655	106.295358	0.007238	34.3
1846	-0.942312	106.262598	0.007194	14.7
1847	-1.312981	106.229865	0.009016	27.1
1848	-0.163389	106.197158	0.004130	43.4
1849	-0.465061	106.164479	0.005053	16.0
1850	-0.930318	106.131826	0.007494	13.8
1851	-0.865021	106.099201	0.009071	15.8
1852	-1.082394	106.066602	0.011669	13.7
1853	-1.138304	106.034029	0.009222	11.8
1854	-1.089331	106.001483	0.010471	11.4
1855	-1.254909	105.968964	0.008715	16.0
1856	-1.386878	105.936472	0.010356	11.8
1857	-0.980911	105.904006	0.011318	9.9
1858	-1.148855	105.871566	0.007631	9.7
1859	-0.442068	105.839153	0.005605	14.4
1860	-1.145341	105.806767	0.008596	13.4
1861	-1.332054	105.774407	0.009811	11.7
1862	-0.936417	105.742073	0.010054	9.7
1863	-0.584459	105.709766	0.005726	10.2
1864	-0.264981	105.677485	0.006913	15.2
1865	-0.595922	105.645230	0.006622	9.0
1866	-0.370630	105.613001	0.005754	8.7
1867	-0.619757	105.580799	0.006991	10.1
1868	-0.166454	105.548623	0.003820	12.7
1869	-0.783148	105.516473	0.010931	10.3
1870	-0.557759	105.484349	0.007800	15.9
1871	-1.348164	105.452251	0.012070	18.0
1872	-1.124407	105.420179	0.008625	15.7
1873	-1.196332	105.388133	0.008889	16.6
1874	-1.198213	105.356113	0.012585	14.4
1875	-0.236164	105.324119	0.003627	16.0
1876	-0.477807	105.292151	0.005030	18.8
1877	-0.747442	105.260209	0.006904	13.2
1878	-0.341306	105.228293	0.005377	11.1
1879	-1.001418	105.196402	0.010851	17.2
1880	-1.280388	105.164537	0.009681	13.8
1881	-0.430511	105.132698	0.006045	14.0
1882	-1.189713	105.100885	0.008784	15.1
1883	-1.062831	105.069097	0.007639	16.3
1884	-0.955171	105.037335	0.006819	14.1
1885	-1.101445	105.005598	0.009440	14.0
1886	-0.711976	104.973887	0.007195	13.6
1887	-1.304601	104.942202	0.008999	12.8
1888	-0.961599	104.910542	0.007968	11.3
1889	-1.006672	104.878907	0.008915	14.1
1890	-0.317579	104.847298	0.005038	16.0
1891	-1.338210	104.815715	0.010173	15.4
1892	-0.597920	104.784156	0.011989	14.5
1893	-1.260791	104.752623	0.011759	11.3
1894	-0.637195	104.721116	0.012545	14.4
1895	-0.916564	104.689633	0.010087	19.8
1896	-1.065210	104.658176	0.009408	17.2
1897	-0.938475	104.626744	0.009608	16.4
1898	-0.697115	104.595337	0.005536	15.7
1899	-1.059532	104.563955	0.009655	13.2
1900	-1.322947	104.532599	0.009024	10.6
1901	-1.282388	104.501267	0.009818	14.9
1902	-1.220016	104.469960	0.008672	10.9
1903	-1.186013	104.438679	0.009433	13.9
1904	-0.691036	104.407422	0.008042	14.2
1905	-1.086749	104.376191	0.009629	9.3
1906	-1.101512	104.344984	0.007132	9.6
1907	-1.267916	104.313802	0.008829	15.5
1908	-0.755264	104.282645	0.007993	10.7
1909	-0.752464	104.251513	0.007418	10.0
1910	-1.008777	104.220405	0.007930	10.8
1911	-0.061679	104.189323	0.005243	11.3
1912	-0.681169	104.158265	0.005106	9.6
1913	-0.055632	104.127231	0.001953	8.3
1914	-0.192164	104.096222	0.005519	9.9
1915	-0.465881	104.065238	0.004119	14.7
1916	-0.967993	104.034279	0.009036	14.7
1917	-1.123520	104.003344	0.008080	15.9
1918	-0.420776	103.972433	0.005317	15.2
1919	-0.794808	103.941547	0.005098	13.2
1920	-1.271095	103.910686	0.009776	12.9
1921	-0.408191	103.879849	0.007317	17.8
1922	-1.047029	103.849036	0.009711	11.2
1923	-0.790398	103.818248	0.008501	10.4
1924	-1.056303	103.787484	0.006919	15.5
1925	-0.774308	103.756744	0.009500	16.1
1926	-1.219118	103.726029	0.009730	14.1
1927	-0.814996	103.695338	0.011444	11.6
1928	-1.043479	103.664671	0.006633	13.0
1929	-0.870494	103.634028	0.008387	21.4
1930	-0.941349	103.603409	0.007447	20.6
1931	-1.251641	103.572814	0.008499	14.6
1932	-0.767296	103.542244	0.006099	15.9
1933	-0.276788	103.511698	0.004551	11.8
1934	-0.615482	103.481175	0.005018	11.0
1935	-0.380625	103.450677	0.005359	15.4
1936	-1.187559	103.420202	0.007580	15.0
1937	-1.305910	103.389752	0.009191	10.7
1938	-1.016462	103.359325	0.009452	13.9
1939	-0.145225	103.328922	0.006570	15.9
1940	-0.958707	103.298543	0.008170	10.4
1941	-1.333645	103.268188	0.008868	13.2
1942	-1.067070	103.237857	0.010245	15.2
1943	-0.808512	103.207549	0.006881	14.1
1944	-0.428471	103.177265	0.005818	15.4
1945	-1.088016	103.147005	0.008498	13.9
1946	-0.878404	103.116768	0.007515	10.0
1947	-0.664940	103.086556	0.011117	13.0
1948	-0.978564	103.056366	0.010996	22.4
1949	-0.488250	103.026200	0.006433	15.0
1950	-0.806112	102.996058	0.011233	13.9
1951	-1.085668	102.965939	0.007986	12.6
1952	-0.403688	102.935844	0.005377	11.7
1953	-0.512868	102.905772	0.007277	10.7
1954	-0.697703	102.875724	0.007180	10.7
1955	-0.875004	102.845699	0.011642	8.8
1956	-0.679269	102.815697	0.008592	10.8
1957	-0.951161	102.785719	0.009928	10.2
1958	-1.026624	102.755764	0.008878	11.1
1959	-1.207835	102.725832	0.008727	11.3
1960	-0.994210	102.695924	0.009118	37.1
1961	-0.436852	102.666038	0.005308	23.9
1962	-1.226477	102.636176	0.009653	37.3
1963	-1.179925	102.606337	0.009196	18.3
1964	-1.121085	102.576521	0.007649	15.2
1965	-0.254026	102.546728	0.003988	26.3
1966	-1.111090	102.516959	0.007980	21.5
1967	-1.287395	102.487212	0.011061	32.5
1968	-0.081986	102.457488	0.002681	19.0
1969	-1.176575	102.427788	0.007487	14.5
1970	-1.035081	102.398110	0.007826	21.1
1971	-0.092357	102.368455	0.002668	19.4
1972	-1.157327	102.338823	0.009072	19.2
1973	-1.051895	102.309214	0.011561	15.4
1974	-1.075124	102.279628	0.010028	18.3
1975	-0.983363	102.250064	0.006519	19.4
1976	-0.621114	102.220524	0.007207	18.9
1977	-1.259147	102.191006	0.010288	11.5
1978	-1.302820	102.161511	0.009274	12.9
1979	-0.387877	102.132038	0.005374	12.7
1980	-0.415162	102.102588	0.006829	10.3
1981	-1.098856	102.073161	0.010379	10.5
1982	-1.056353	102.043757	0.006900	11.7
1983	-1.158342	102.014375	0.008788	11.8
1984	-0.547439	101.985015	0.008534	11.3
1985	-0.435161	101.955678	0.005490	10.8
1986	-1.080845	101.926364	0.009570	10.4
1987	-0.826927	101.897072	0.006290	11.3
1988	-0.709642	101.867802	0.006724	9.8
1989	-0.079712	101.838555	0.003888	9.8
1990	-0.361658	101.809330	0.005850	9.7
1991	-0.863057	101.780128	0.006805	9.4
1992	-0.631023	101.750948	0.007738	9.3
1993	-1.262873	101.721790	0.008088	9.6
1994	-0.646982	101.692654	0.006974	9.6
1995	-1.313974	101.663541	0.011585	9.3
1996	-0.913490	101.634450	0.009717	10.6
1997	-0.775649	101.605381	0.006483	10.0
1998	-0.411786	101.576335	0.006040	10.5
1999	-0.326413	101.547310	0.009142	9.8
