1:ItNr	2:Metric	3:StepSize	4:||Gradient||	Time[ms]
0	-0.283022	627.201626	0.003139	466.8
1	-1.726851	623.504937	0.024483	8.2
2	-1.318943	619.865785	0.015336	7.5
3	-0.329150	616.282728	0.004528	8.1
4	-1.100752	612.754375	0.011609	9.0
5	-1.944372	609.279381	0.019435	8.6
6	-0.533981	605.856447	0.012761	7.7
7	-0.713725	602.484317	0.010671	8.1
8	-1.583033	599.161779	0.025191	7.5
9	-1.545331	595.887656	0.007620	7.8
10	-0.733115	592.660813	0.006713	7.8
11	-0.214668	589.480151	0.005187	8.1
12	-1.913219	586.344606	0.033542	7.6
13	-1.184912	583.253145	0.027177	7.7
14	-1.143343	580.204771	0.013053	8.7
15	-0.521937	577.198517	0.022993	7.9
16	-1.334070	574.233444	0.032878	7.5
17	-1.695945	571.308645	0.013268	8.1
18	-0.509982	568.423237	0.005723	8.3
19	-1.688893	565.576365	0.016064	8.1
20	-1.594769	562.767201	0.016530	7.5
21	-1.441858	559.994938	0.035445	8.2
22	-1.431875	557.258797	0.018952	7.5
23	-0.210316	554.558018	0.001190	8.3
24	-0.938515	551.891865	0.007920	7.4
25	-0.996340	549.259621	0.010609	8.3
26	-0.548037	546.660592	0.005427	8.3
27	-1.801513	544.094102	0.012956	8.1
28	-0.281171	541.559494	0.003494	7.5
29	-0.850088	539.056129	0.009188	9.5
30	-1.684808	536.583387	0.026308	13.0
31	-1.792335	534.140663	0.019810	8.5
32	-0.759086	531.727370	0.015555	9.4
33	-1.048187	529.342935	0.010094	9.1
34	-1.012727	526.986802	0.007562	7.8
35	-0.399724	524.658430	0.007837	8.7
36	-0.243750	522.357290	0.002506	7.9
37	-0.900844	520.082868	0.015036	9.2
38	-0.554381	517.834665	0.005954	7.6
39	-0.349184	515.612193	0.006089	8.3
40	-0.838838	513.414976	0.006988	7.4
41	-1.016651	511.242551	0.006670	8.6
42	-1.229789	509.094468	0.012200	7.7
43	-1.611592	506.970285	0.020117	9.0
44	-0.519635	504.869574	0.005906	8.4
45	-1.110988	502.791916	0.006599	8.5
46	-1.433741	500.736903	0.016811	8.2
47	-0.199488	498.704137	0.002320	7.9
48	-0.518725	496.693228	0.004872	7.8
49	-0.963116	494.703798	0.006169	7.6
50	-0.488067	492.735476	0.009393	8.4
51	-0.695686	490.787900	0.013500	7.9
52	-0.543170	488.860718	0.004749	7.9
53	-0.250828	486.953585	0.002526	8.4
54	-1.422851	485.066164	0.009027	7.4
55	-1.897961	483.198126	0.014629	7.7
56	-1.731128	481.349149	0.018777	7.7
57	-0.128620	479.518920	0.002215	7.4
58	-0.956458	477.707132	0.009011	8.3
59	-1.200992	475.913485	0.014282	8.6
60	-1.289496	474.137684	0.016418	9.0
61	-1.343687	472.379445	0.010897	8.0
62	-1.047125	470.638485	0.006951	7.5
63	-1.385694	468.914531	0.020441	8.2
64	-1.005332	467.207315	0.011013	8.7
65	-0.035639	465.516573	0.000187	7.8
66	-1.962679	463.842050	0.012373	7.8
67	-0.840739	462.183494	0.007659	7.4
68	-0.572218	460.540658	0.007265	8.2
69	-0.605175	458.913303	0.010141	7.7
70	-0.537538	457.301192	0.003094	10.2
71	-0.468403	455.704096	0.007692	9.9
72	-0.595420	454.121787	0.009456	12.2
73	-1.739966	452.554045	0.021840	7.4
74	-1.691603	451.000653	0.012252	7.9
75	-0.529483	449.461399	0.009094	7.6
76	-1.722489	447.936075	0.019283	8.4
77	-0.452674	446.424477	0.004614	7.7
78	-1.655378	444.926406	0.020133	7.4
79	-1.493033	443.441666	0.016595	8.5
80	-1.116422	441.970065	0.014025	10.5
81	-0.619299	440.511415	0.004416	9.9
82	-1.749759	439.065533	0.036016	8.2
83	-0.420786	437.632238	0.019664	9.1
84	-1.266070	436.211351	0.020440	8.2
85	-1.526494	434.802701	0.013074	8.1
86	-0.388455	433.406117	0.005140	8.2
87	-1.546287	432.021430	0.014742	7.6
88	-1.954664	430.648479	0.012467	8.0
89	-0.788883	429.287101	0.010753	8.2
90	-0.580467	427.937140	0.004007	7.8
91	-1.220520	426.598440	0.019719	7.9
92	-1.310760	425.270849	0.010719	7.5
93	-1.865948	423.954220	0.009835	7.7
94	-1.538594	422.648404	0.008876	7.6
95	-0.653062	421.353259	0.011225	7.9
96	-0.268164	420.068643	0.003180	7.5
97	-1.347748	418.794419	0.007350	8.0
98	-1.228097	417.530451	0.007691	8.1
99	-1.445051	416.276604	0.017523	7.6
100	-1.232272	415.032748	0.011116	7.0
101	-0.991077	413.798754	0.019219	8.0
102	-1.246543	412.574495	0.022991	8.3
103	-1.386085	411.359849	0.015615	8.1
104	-1.088907	410.154691	0.009620	7.7
105	-1.589123	408.958904	0.017435	8.0
106	-0.191136	407.772368	0.003395	7.8
107	-1.832876	406.594968	0.015867	7.7
108	-1.738734	405.426590	0.020424	7.2
109	-1.590814	404.267122	0.024504	8.4
110	-1.296866	403.116456	0.025635	8.3
111	-0.104166	401.974481	0.001654	7.9
112	-0.999110	400.841093	0.004101	7.2
113	-1.456021	399.716187	0.017683	7.9
114	-0.795844	398.599660	0.008383	7.5
115	-0.531529	397.491411	0.003881	8.2
116	-0.475730	396.391342	0.005004	7.5
117	-0.629359	395.299353	0.014927	8.7
118	-0.287145	394.215350	0.002467	7.6
119	-1.214514	393.139238	0.020918	8.0
120	-0.841791	392.070924	0.003566	7.6
121	-1.223092	391.010316	0.008600	8.3
122	-1.667416	389.957325	0.021299	8.2
123	-1.840473	388.911862	0.038286	7.7
124	-1.057308	387.873839	0.014905	8.1
125	-1.802410	386.843173	0.016115	7.9
126	-0.929821	385.819777	0.016773	8.8
127	-0.361583	384.803569	0.001593	7.8
128	-1.638052	383.794468	0.019113	7.0
129	-1.458221	382.792393	0.023002	7.9
130	-1.602766	381.797264	0.013259	8.2
131	-1.585046	380.809005	0.034673	9.1
132	-0.802959	379.827537	0.006698	9.5
133	-1.633482	378.852786	0.009293	7.5
134	-1.293420	377.884678	0.015000	8.7
135	-0.737462	376.923138	0.008092	7.8
136	-1.549893	375.968095	0.022694	7.9
137	-0.857423	375.019479	0.008684	8.9
138	-1.290532	374.077218	0.028011	7.8
139	-1.838022	373.141244	0.015072	7.7
140	-0.620911	372.211489	0.002931	8.0
141	-0.810967	371.287887	0.008937	7.3
142	-1.594309	370.370370	0.017302	10.0
143	-0.374327	369.458876	0.005903	8.8
144	-0.494644	368.553338	0.012472	8.4
145	-0.885073	367.653696	0.006574	7.5
146	-1.828975	366.759885	0.015596	7.8
147	-1.615592	365.871846	0.014291	7.5
148	-0.544350	364.989518	0.001127	7.7
149	-0.150709	364.112841	0.002930	8.2
150	-0.158745	363.241757	0.003903	8.5
151	-1.937360	362.376208	0.020525	7.5
152	-1.269456	361.516137	0.012546	8.6
153	-0.799257	360.661488	0.014762	8.6
154	-1.527684	359.812206	0.013493	7.7
155	-1.009847	358.968236	0.006464	9.0
156	-1.335992	358.129524	0.030362	7.6
157	-0.559173	357.296018	0.009458	8.6
158	-0.682489	356.467665	0.005046	8.2
159	-1.756311	355.644414	0.025207	9.1
160	-1.711918	354.826213	0.025040	7.4
161	-1.656512	354.013012	0.027315	8.5
162	-1.263469	353.204763	0.014890	7.4
163	-0.337997	352.401415	0.002798	7.7
164	-0.985764	351.602922	0.016471	7.7
165	-1.133945	350.809235	0.003151	8.2
166	-1.211924	350.020308	0.010349	7.3
167	-1.606511	349.236095	0.018173	8.5
168	-0.228391	348.456550	0.001167	7.4
169	-1.366864	347.681627	0.004015	8.6
170	-1.731123	346.911283	0.025690	7.4
171	-1.321661	346.145474	0.011706	8.1
172	-0.189482	345.384157	0.002128	7.3
173	-0.521581	344.627288	0.009901	8.7
174	-1.386338	343.874826	0.017358	7.6
175	-0.772145	343.126729	0.014790	8.3
176	-0.234998	342.382957	0.001986	7.4
177	-0.319160	341.643469	0.007768	8.2
178	-0.172782	340.908224	0.004064	7.4
179	-1.736635	340.177184	0.013284	8.0
180	-1.281342	339.450309	0.011403	7.8
181	-1.596264	338.727561	0.024539	9.3
182	-1.089979	338.008902	0.012696	10.2
183	-1.201297	337.294295	0.014206	8.6
184	-1.546559	336.583703	0.012084	8.7
185	-1.735438	335.877089	0.039340	8.0
186	-0.944531	335.174416	0.004889	7.8
187	-0.686596	334.475651	0.020345	8.1
188	-1.036015	333.780756	0.008867	7.7
189	-1.597708	333.089698	0.010197	9.8
190	-1.969858	332.402443	0.016287	9.5
191	-0.974284	331.718955	0.009643	7.2
192	-1.838976	331.039203	0.015156	7.5
193	-0.536664	330.363153	0.006982	7.4
194	-1.316521	329.690771	0.008171	7.9
195	-1.811895	329.022027	0.030258	7.3
196	-1.727800	328.356888	0.031621	9.1
197	-1.477034	327.695322	0.029051	7.4
198	-0.484493	327.037299	0.003269	8.1
199	-0.725780	326.382787	0.019958	7.5
200	-1.377487	325.731758	0.014455	8.5
201	-1.067921	325.084179	0.002397	7.6
202	-0.647626	324.440023	0.006881	8.7
203	-1.306143	323.799258	0.016329	8.5
204	-0.504131	323.161858	0.005102	7.4
205	-1.640992	322.527792	0.018219	7.6
206	-1.445444	321.897034	0.016971	8.8
207	-1.210856	321.269554	0.009987	8.3
208	-0.244520	320.645325	0.003258	7.6
209	-0.160233	320.024320	0.001976	8.0
210	-1.740832	319.406512	0.031810	8.4
211	-1.691955	318.791875	0.012790	8.3
212	-1.558504	318.180381	0.010451	8.5
213	-0.993874	317.572005	0.005308	7.4
214	-0.916820	316.966721	0.003790	7.8
215	-1.694896	316.364504	0.015762	7.0
216	-1.292835	315.765329	0.012958	7.7
217	-0.472679	315.169170	0.001535	8.5
218	-0.236644	314.576003	0.000715	7.9
219	-1.473949	313.985804	0.018262	7.8
220	-1.816472	313.398548	0.014195	7.7
221	-1.644544	312.814213	0.011116	7.9
222	-1.495357	312.232773	0.029404	7.7
223	-1.355029	311.654207	0.010665	7.6
224	-0.501858	311.078491	0.006500	7.6
225	-0.776066	310.505602	0.011620	7.9
226	-0.329617	309.935518	0.002689	7.3
227	-1.280468	309.368217	0.020419	8.0
228	-0.953371	308.803676	0.009303	7.8
229	-1.723590	308.241874	0.010490	7.6
230	-0.554165	307.682789	0.008543	8.1
231	-1.889968	307.126400	0.021965	7.5
232	-1.655948	306.572687	0.035937	8.2
233	-1.502217	306.021627	0.014831	8.6
234	-1.523512	305.473201	0.017259	12.0
235	-1.535162	304.927388	0.009890	8.6
236	-0.392752	304.384168	0.007040	8.2
237	-0.623139	303.843521	0.003051	9.5
238	-0.930234	303.305427	0.008186	7.6
239	-1.257706	302.769867	0.013101	10.4
240	-0.527694	302.236821	0.019306	9.5
241	-0.820625	301.706270	0.006037	9.0
242	-0.814507	301.178196	0.005294	7.7
243	-0.620368	300.652580	0.006640	7.7
244	-1.866284	300.129402	0.011425	7.3
245	-1.834300	299.608645	0.004131	8.8
246	-1.392727	299.090291	0.030945	7.9
247	-2.005140	298.574321	0.016449	7.8
248	-0.763411	298.060718	0.007823	7.5
249	-1.643275	297.549465	0.012684	8.2
250	-1.805149	297.040543	0.006174	8.4
251	-0.546416	296.533936	0.002656	7.3
252	-1.125919	296.029626	0.011534	7.5
253	-0.492878	295.527597	0.009153	7.9
254	-1.184451	295.027832	0.014520	8.1
255	-1.519772	294.530315	0.012506	8.9
256	-1.798044	294.035028	0.013104	7.7
257	-1.029672	293.541956	0.007437	7.4
258	-1.613441	293.051083	0.013964	7.6
259	-1.947406	292.562393	0.004031	7.9
260	-0.081043	292.075870	0.000481	7.5
261	-1.647389	291.591498	0.029522	8.1
262	-1.953275	291.109263	0.011961	8.3
263	-1.005534	290.629149	0.021770	7.9
264	-1.532310	290.151140	0.009646	7.3
265	-1.804065	289.675222	0.009277	7.9
266	-1.770838	289.201380	0.029918	8.2
267	-1.180496	288.729600	0.008412	7.9
268	-0.929946	288.259866	0.013198	7.6
269	-1.008187	287.792165	0.003224	7.4
270	-0.523279	287.326481	0.008216	7.5
271	-1.378598	286.862802	0.009475	8.1
272	-1.399984	286.401113	0.033430	7.4
273	-0.531311	285.941400	0.007609	10.0
274	-1.909367	285.483649	0.032742	11.4
275	-1.089095	285.027847	0.009559	8.0
276	-0.607301	284.573981	0.003813	8.2
277	-1.886429	284.122037	0.018856	8.3
278	-0.791546	283.672002	0.013594	7.8
279	-1.061172	283.223863	0.003301	8.0
280	-1.323804	282.777607	0.023607	9.7
281	-0.673827	282.333221	0.003953	9.0
282	-1.520034	281.890692	0.009065	7.8
283	-1.856520	281.450008	0.022426	7.5
284	-1.488639	281.011157	0.002593	10.0
285	-1.911911	280.574125	0.016390	9.2
286	-0.629761	280.138901	0.012724	8.9
287	-0.192854	279.705473	0.000900	8.9
288	-0.243577	279.273829	0.003959	8.6
289	-0.911047	278.843956	0.011357	8.2
290	-0.858814	278.415844	0.012612	8.2
291	-0.557391	277.989479	0.002024	7.9
292	-1.349249	277.564851	0.016744	8.1
293	-0.610921	277.141949	0.011345	8.3
294	-1.922821	276.720761	0.013784	7.6
295	-1.864195	276.301275	0.011951	8.1
296	-0.670638	275.883480	0.006365	8.7
297	-1.459440	275.467366	0.002770	7.8
298	-0.754999	275.052922	0.018127	7.4
299	-2.017152	274.640136	0.021949	8.2
300	-1.302774	274.228998	0.016446	8.5
301	-1.788984	273.819497	0.012966	9.5
302	-1.670612	273.411623	0.013879	10.7
303	-0.298958	273.005365	0.003979	7.3
304	-0.569466	272.600712	0.004034	8.0
305	-1.654417	272.197655	0.005154	7.6
306	-1.910610	271.796184	0.007053	9.1
307	-1.886486	271.396287	0.018024	12.1
308	-0.334549	270.997956	0.002051	7.1
309	-1.458651	270.601180	0.009149	7.4
310	-1.405030	270.205949	0.005029	8.4
311	-1.853568	269.812254	0.025018	7.8
312	-0.410079	269.420085	0.008958	7.6
313	-0.828157	269.029432	0.004577	9.9
314	-1.339958	268.640287	0.013746	7.8
315	-0.677837	268.252638	0.016234	8.1
316	-1.751689	267.866478	0.023170	8.3
317	-1.779341	267.481796	0.010578	7.8
318	-1.901353	267.098584	0.020154	7.6
319	-1.540998	266.716833	0.009713	8.7
320	-0.496384	266.336533	0.003395	8.3
321	-1.257334	265.957676	0.004215	6.9
322	-0.672597	265.580253	0.006535	7.4
323	-1.670921	265.204254	0.027798	8.1
324	-0.561121	264.829672	0.002705	7.7
325	-0.209719	264.456497	0.002602	8.1
326	-1.266087	264.084721	0.003932	7.3
327	-1.780866	263.714335	0.016290	8.9
328	-1.142122	263.345332	0.004206	7.7
329	-0.321994	262.977702	0.005084	8.7
330	-1.870281	262.611438	0.005655	7.3
331	-1.094722	262.246531	0.013411	9.0
332	-1.786866	261.882973	0.034376	8.5
333	-0.943890	261.520756	0.011318	8.2
334	-0.717925	261.159871	0.007802	10.4
335	-0.245113	260.800312	0.006414	9.9
336	-0.383728	260.442070	0.005506	7.8
337	-0.496790	260.085137	0.007004	7.7
338	-1.183411	259.729505	0.021489	7.5
339	-1.628703	259.375167	0.016670	7.3
340	-0.182164	259.022116	0.002261	8.5
341	-1.041853	258.670343	0.009278	7.5
342	-0.162317	258.319841	0.001329	7.7
343	-1.759156	257.970602	0.017902	9.2
344	-0.303201	257.622620	0.003171	9.8
345	-0.454395	257.275887	0.016534	7.4
346	-1.808761	256.930396	0.012003	9.2
347	-1.651912	256.586139	0.003468	7.5
348	-1.408313	256.243109	0.025365	8.1
349	-1.994821	255.901300	0.012747	7.5
350	-1.115960	255.560703	0.026440	8.8
351	-0.830374	255.221313	0.009686	7.4
352	-0.758717	254.883122	0.003297	7.9
353	-0.183648	254.546124	0.001862	8.1
354	-1.865770	254.210311	0.014030	8.2
355	-0.314253	253.875677	0.001708	7.5
356	-0.468276	253.542215	0.003830	7.9
357	-1.096404	253.209918	0.012680	7.4
358	-0.575394	252.878781	0.008513	7.9
359	-0.809042	252.548795	0.007372	8.1
360	-1.130270	252.219956	0.013870	7.8
361	-1.562489	251.892255	0.004220	7.4
362	-0.971119	251.565688	0.011031	9.8
363	-1.427572	251.240247	0.009770	8.0
364	-0.162369	250.915926	0.002210	9.0
365	-0.588860	250.592720	0.007441	7.8
366	-1.037464	250.270621	0.020423	7.8
367	-1.817499	249.949624	0.011628	7.9
368	-0.787841	249.629723	0.006746	8.6
369	-1.870686	249.310911	0.018769	7.8
370	-1.626366	248.993182	0.023844	7.8
371	-0.649038	248.676531	0.006536	8.1
372	-1.035542	248.360952	0.002878	9.5
373	-1.575834	248.046438	0.027585	8.1
374	-1.855525	247.732984	0.020966	7.1
375	-1.914611	247.420584	0.015534	8.1
376	-1.476231	247.109233	0.003423	8.3
377	-0.670281	246.798924	0.003974	7.6
378	-1.606396	246.489652	0.006525	7.6
379	-0.409531	246.181412	0.004734	6.8
380	-0.594504	245.874197	0.003928	7.9
381	-1.838002	245.568002	0.027252	7.7
382	-1.871632	245.262822	0.024404	7.8
383	-1.869397	244.958652	0.012765	8.8
384	-1.425463	244.655485	0.009168	7.4
385	-0.544198	244.353317	0.008450	11.3
386	-1.582574	244.052142	0.023166	9.2
387	-1.749056	243.751955	0.013170	8.2
388	-1.268482	243.452750	0.005391	7.8
389	-0.689685	243.154523	0.004473	8.9
390	-1.000834	242.857268	0.016240	8.3
391	-0.761750	242.560980	0.006115	8.0
392	-1.021723	242.265654	0.011873	11.0
393	-1.271096	241.971285	0.016632	8.0
394	-1.790461	241.677868	0.013446	9.2
395	-1.691381	241.385397	0.006914	7.6
396	-1.754417	241.093869	0.005832	7.6
397	-1.050241	240.803278	0.004169	7.7
398	-1.817006	240.513619	0.025273	7.3
399	-0.323557	240.224887	0.003950	8.1
400	-1.816366	239.937077	0.011677	8.3
401	-1.445004	239.650186	0.006896	8.8
402	-0.269314	239.364207	0.002777	6.9
403	-0.299387	239.079136	0.003348	7.4
404	-2.015424	238.794969	0.007326	8.0
405	-1.532737	238.511701	0.007903	7.7
406	-0.475395	238.229327	0.005441	7.3
407	-1.180565	237.947843	0.012316	8.9
408	-1.676177	237.667244	0.023187	8.3
409	-1.313327	237.387526	0.009674	7.7
410	-1.289161	237.108684	0.022958	7.5
411	-0.027975	236.830714	0.000366	8.0
412	-1.988347	236.553610	0.010134	8.0
413	-0.466395	236.277370	0.004622	7.9
414	-0.507864	236.001989	0.008285	7.3
415	-1.920351	235.727461	0.014039	8.1
416	-0.915647	235.453784	0.016558	8.4
417	-0.580358	235.180952	0.006721	8.3
418	-1.769089	234.908962	0.020388	9.4
419	-0.333284	234.637809	0.006544	8.2
420	-1.453581	234.367488	0.015350	8.1
421	-0.505068	234.097997	0.006960	7.8
422	-1.701668	233.829331	0.011429	8.0
423	-1.712479	233.561485	0.006787	7.7
424	-1.150499	233.294456	0.017288	8.8
425	-1.837185	233.028239	0.014383	7.5
426	-1.135707	232.762831	0.008996	7.8
427	-0.681049	232.498228	0.002486	7.4
428	-0.615919	232.234425	0.002477	7.9
429	-1.490375	231.971419	0.016508	8.1
430	-1.573312	231.709205	0.012383	8.0
431	-0.425368	231.447781	0.009451	7.4
432	-1.883331	231.187141	0.006194	8.2
433	-1.503158	230.927283	0.006915	8.0
434	-0.951192	230.668202	0.004364	7.9
435	-0.202771	230.409895	0.001903	7.4
436	-1.937198	230.152358	0.004947	10.9
437	-1.730575	229.895587	0.021771	9.0
438	-0.863292	229.639578	0.009876	9.3
439	-0.441781	229.384329	0.007629	8.2
440	-0.372317	229.129834	0.001492	6.7
441	-1.596731	228.876091	0.009374	7.4
442	-0.251462	228.623096	0.001583	8.8
443	-1.931559	228.370846	0.016630	9.7
444	-1.487488	228.119336	0.005538	8.0
445	-1.074377	227.868563	0.011269	7.8
446	-0.322339	227.618525	0.004240	7.5
447	-1.689156	227.369216	0.017697	8.3
448	-1.635985	227.120635	0.011759	7.9
449	-1.599332	226.872777	0.007469	6.8
450	-1.377987	226.625638	0.018944	7.9
451	-0.884957	226.379217	0.008140	8.1
452	-1.853557	226.133509	0.020483	7.9
453	-0.456469	225.888510	0.004194	7.6
454	-1.843324	225.644218	0.004901	8.1
455	-0.691356	225.400630	0.003749	8.2
456	-1.997012	225.157741	0.003839	9.0
457	-1.370830	224.915549	0.008624	7.6
458	-0.636568	224.674051	0.003309	7.5
459	-0.886132	224.433242	0.008589	7.6
460	-0.936388	224.193121	0.018578	7.7
461	-0.134033	223.953684	0.001179	7.3
462	-1.873926	223.714927	0.010029	7.9
463	-0.524156	223.476848	0.007309	8.1
464	-1.044503	223.239444	0.010590	7.5
465	-0.558965	223.002710	0.008732	7.3
466	-1.474824	222.766645	0.011052	7.8
467	-1.290625	222.531245	0.011362	7.7
468	-1.371428	222.296508	0.024920	7.7
469	-1.525174	222.062429	0.010400	7.1
470	-0.764606	221.829007	0.008065	8.4
471	-1.562095	221.596238	0.010756	7.8
472	-1.141538	221.364119	0.006535	7.8
473	-1.722409	221.132647	0.005360	8.1
474	-0.670790	220.901820	0.007430	8.1
475	-0.670266	220.671634	0.006921	7.8
476	-1.652453	220.442086	0.005600	8.4
477	-1.578010	220.213174	0.010402	7.4
478	-0.984462	219.984895	0.004244	7.7
479	-0.842251	219.757246	0.005045	7.6
480	-0.813821	219.530224	0.005962	7.8
481	-1.564782	219.303826	0.006163	7.8
482	-1.903224	219.078050	0.012458	8.0
483	-1.396540	218.852893	0.005368	7.6
484	-0.724018	218.628352	0.007854	7.6
485	-1.840338	218.404424	0.008132	9.4
486	-1.795882	218.181106	0.015497	8.7
487	-1.574109	217.958397	0.008212	14.4
488	-0.623990	217.736292	0.006433	12.6
489	-0.509265	217.514790	0.018839	9.5
490	-0.207308	217.293888	0.003501	7.6
491	-1.202281	217.073584	0.007966	7.8
492	-1.282194	216.853873	0.008407	8.8
493	-1.359808	216.634755	0.011504	7.6
494	-0.779949	216.416227	0.012766	7.4
495	-1.761984	216.198285	0.009347	9.6
496	-0.206522	215.980927	0.000682	8.9
497	-1.185173	215.764151	0.003746	8.0
498	-0.450496	215.547955	0.001823	7.8
499	-1.821083	215.332335	0.014270	7.2
500	-0.433098	215.117289	0.008768	8.0
501	-1.106704	214.902815	0.012058	7.6
502	-1.534541	214.688911	0.011926	8.0
503	-1.344001	214.475573	0.014059	8.5
504	-1.961469	214.262800	0.011509	8.8
505	-1.042326	214.050588	0.006165	8.4
506	-0.377917	213.838936	0.005084	7.6
507	-1.866905	213.627842	0.017557	8.1
508	-1.408401	213.417302	0.029427	8.7
509	-1.358594	213.207314	0.005137	8.1
510	-1.937185	212.997877	0.010588	8.3
511	-1.136910	212.788987	0.019749	7.5
512	-1.520036	212.580642	0.017861	7.3
513	-0.591652	212.372841	0.005888	7.6
514	-0.473241	212.165581	0.003561	10.2
515	-0.766316	211.958859	0.002336	9.4
516	-0.564760	211.752673	0.004667	7.6
517	-1.828191	211.547021	0.011481	8.1
518	-1.189220	211.341902	0.010709	7.6
519	-1.226141	211.137311	0.005734	8.3
520	-0.573968	210.933248	0.007046	7.5
521	-1.839320	210.729710	0.010560	7.8
522	-1.347152	210.526695	0.023654	7.7
523	-0.935937	210.324200	0.016078	8.9
524	-1.584690	210.122224	0.015150	7.8
525	-1.646949	209.920765	0.012319	7.6
526	-0.572069	209.719820	0.004729	7.8
527	-1.748091	209.519387	0.006843	7.7
528	-0.093237	209.319463	0.000581	7.3
529	-0.635476	209.120048	0.011434	8.6
530	-0.548591	208.921139	0.007944	7.6
531	-1.396013	208.722733	0.006314	8.5
532	-1.431619	208.524829	0.010753	7.4
533	-1.424565	208.327425	0.008104	8.0
534	-0.752415	208.130518	0.012871	7.7
535	-0.905628	207.934107	0.000836	8.2
536	-0.519965	207.738189	0.002530	9.8
537	-0.738773	207.542762	0.007327	8.0
538	-0.430921	207.347825	0.010839	11.1
539	-0.416862	207.153376	0.008818	9.6
540	-1.208773	206.959412	0.003388	8.8
541	-1.638993	206.765932	0.024401	7.8
542	-1.436776	206.572933	0.005725	8.8
543	-1.278305	206.380414	0.006290	8.1
544	-0.122877	206.188373	0.000788	7.6
545	-1.217864	205.996807	0.013584	7.7
546	-1.650272	205.805716	0.005755	8.0
547	-0.518037	205.615096	0.001983	7.6
548	-0.819616	205.424946	0.014296	7.8
549	-1.114545	205.235265	0.006966	7.5
550	-1.226371	205.046050	0.019683	8.0
551	-1.656621	204.857299	0.010365	7.9
552	-0.257699	204.669011	0.006359	8.0
553	-1.668004	204.481184	0.014000	7.4
554	-1.642751	204.293816	0.030545	8.1
555	-1.510537	204.106905	0.012162	8.2
556	-1.773181	203.920449	0.029010	8.1
557	-0.931168	203.734447	0.005129	8.2
558	-1.310995	203.548896	0.014996	8.4
559	-0.646328	203.363795	0.003070	7.7
560	-0.557061	203.179143	0.006219	7.9
561	-2.026710	202.994937	0.009529	9.3
562	-1.983358	202.811176	0.007534	8.0
563	-1.117422	202.627857	0.008114	8.1
564	-0.755042	202.444980	0.007211	8.2
565	-1.826157	202.262543	0.027691	7.9
566	-0.160581	202.080543	0.001664	8.0
567	-1.324141	201.898979	0.014945	8.3
568	-1.836230	201.717849	0.006422	7.7
569	-0.907004	201.537153	0.015101	7.9
570	-0.846920	201.356887	0.009151	8.6
571	-0.478029	201.177050	0.005377	8.3
572	-0.552890	200.997642	0.003040	7.5
573	-1.292787	200.818659	0.003069	8.1
574	-0.753657	200.640100	0.009891	7.9
575	-0.499950	200.461965	0.005070	8.5
576	-1.682522	200.284250	0.010867	8.1
577	-0.520603	200.106955	0.006555	7.9
578	-1.037795	199.930078	0.002999	8.0
579	-1.935800	199.753617	0.021657	8.5
580	-1.618398	199.577571	0.010750	7.9
581	-0.969424	199.401938	0.011461	8.5
582	-1.573712	199.226717	0.010432	7.1
583	-1.607459	199.051905	0.010417	8.5
584	-0.953790	198.877502	0.003033	8.1
585	-0.518390	198.703506	0.002524	7.9
586	-1.452746	198.529916	0.003797	7.8
587	-1.398797	198.356729	0.015810	8.6
588	-0.688362	198.183944	0.002590	8.0
589	-1.065367	198.011560	0.005316	8.4
590	-1.922677	197.839576	0.012865	10.1
591	-1.379681	197.667989	0.014483	8.4
592	-1.472128	197.496798	0.010341	9.4
593	-0.902051	197.326002	0.002952	8.8
594	-1.760935	197.155600	0.011405	7.6
595	-1.268565	196.985589	0.004947	7.6
596	-0.105845	196.815969	0.001090	7.8
597	-1.974358	196.646738	0.014934	9.1
598	-1.003643	196.477894	0.011329	10.7
599	-0.892969	196.309436	0.005491	7.4
600	-1.768004	196.141363	0.014389	8.0
601	-1.450317	195.973673	0.006734	6.8
602	-1.425358	195.806365	0.024077	8.6
603	-0.571704	195.639437	0.011428	7.6
604	-1.834040	195.472888	0.017595	9.1
605	-1.679152	195.306717	0.013569	7.9
606	-1.785051	195.140922	0.010461	7.9
607	-0.902948	194.975501	0.005692	7.8
608	-1.765898	194.810454	0.013150	8.4
609	-1.240807	194.645779	0.008324	7.5
610	-0.333865	194.481475	0.005474	7.8
611	-1.429992	194.317540	0.014295	7.6
612	-1.160729	194.153973	0.010691	7.8
613	-0.862117	193.990773	0.004451	7.6
614	-0.206538	193.827938	0.002812	7.9
615	-0.462486	193.665467	0.007288	7.4
616	-1.989484	193.503358	0.008615	8.0
617	-1.276245	193.341611	0.020651	7.4
618	-1.475159	193.180224	0.004853	8.1
619	-1.072405	193.019196	0.005504	8.1
620	-0.174687	192.858525	0.002591	7.8
621	-0.395760	192.698210	0.003561	7.3
622	-1.149385	192.538251	0.010883	8.6
623	-1.907927	192.378644	0.013665	7.5
624	-0.444160	192.219391	0.002724	7.7
625	-0.698855	192.060488	0.007605	8.2
626	-1.822673	191.901935	0.016729	7.7
627	-1.091335	191.743730	0.007618	8.2
628	-1.694087	191.585873	0.011311	8.2
629	-1.815842	191.428362	0.016812	7.4
630	-1.760328	191.271196	0.004105	7.6
631	-1.809705	191.114374	0.014849	8.0
632	-1.661714	190.957893	0.006868	7.6
633	-1.206858	190.801755	0.004575	7.3
634	-1.620320	190.645956	0.019774	8.1
635	-0.646368	190.490495	0.016718	8.4
636	-0.547714	190.335373	0.005590	8.8
637	-1.357542	190.180587	0.013075	8.9
638	-0.155240	190.026136	0.002598	8.2
639	-1.587546	189.872019	0.012417	8.3
640	-1.616355	189.718235	0.011753	8.9
641	-1.725314	189.564782	0.004519	8.1
642	-0.268336	189.411661	0.001365	8.7
643	-1.552140	189.258868	0.007067	10.3
644	-1.635570	189.106404	0.026638	9.1
645	-2.035246	188.954267	0.013061	9.2
646	-0.591173	188.802456	0.002770	7.8
647	-0.284846	188.650969	0.004321	8.4
648	-1.653808	188.499807	0.010835	7.4
649	-0.287138	188.348967	0.001884	7.8
650	-1.133669	188.198448	0.008796	8.4
651	-1.198058	188.048250	0.016637	8.1
652	-1.935305	187.898371	0.024119	7.5
653	-1.652181	187.748810	0.018937	8.0
654	-0.507123	187.599566	0.016950	9.0
655	-1.795952	187.450638	0.022919	7.9
656	-0.978727	187.302025	0.005775	7.7
657	-0.570707	187.153725	0.010263	7.8
658	-1.489221	187.005739	0.004829	7.9
659	-0.957286	186.858064	0.006752	8.6
660	-1.056404	186.710699	0.013650	7.6
661	-1.039155	186.563645	0.016819	8.1
662	-0.811368	186.416898	0.013962	8.2
663	-1.410132	186.270459	0.012253	8.1
664	-0.942628	186.124326	0.009186	7.8
665	-1.510642	185.978499	0.008697	8.0
666	-1.290081	185.832976	0.005379	7.5
667	-0.815781	185.687756	0.014017	7.8
668	-2.002228	185.542838	0.013190	7.5
669	-1.743904	185.398222	0.009789	7.6
670	-1.800017	185.253906	0.005814	8.2
671	-1.192810	185.109889	0.010890	7.8
672	-1.692417	184.966170	0.027081	7.5
673	-1.125585	184.822748	0.007918	7.6
674	-0.234496	184.679623	0.003244	7.9
675	-0.086448	184.536792	0.000552	8.6
676	-0.178940	184.394256	0.001700	7.7
677	-0.667177	184.252013	0.009547	7.6
678	-1.548148	184.110062	0.016792	7.8
679	-1.374638	183.968403	0.005267	8.4
680	-0.239149	183.827034	0.002303	7.5
681	-1.731784	183.685954	0.013782	7.6
682	-2.006138	183.545163	0.014738	7.8
683	-1.044012	183.404658	0.007417	8.4
684	-1.159272	183.264441	0.011943	7.5
685	-1.873626	183.124509	0.024734	7.4
686	-1.609480	182.984861	0.011463	7.8
687	-1.244352	182.845497	0.014845	8.6
688	-0.503691	182.706416	0.003462	8.4
689	-0.982288	182.567616	0.014617	8.4
690	-1.566499	182.429098	0.033887	8.1
691	-0.726731	182.290859	0.004739	7.6
692	-1.529401	182.152899	0.012971	11.5
693	-0.178762	182.015217	0.002936	7.7
694	-0.890088	181.877813	0.018384	9.1
695	-1.625864	181.740684	0.024438	7.3
696	-1.649612	181.603832	0.020339	8.2
697	-1.819275	181.467253	0.018982	8.0
698	-1.729467	181.330948	0.014125	7.9
699	-1.739636	181.194916	0.019114	8.7
700	-0.889494	181.059155	0.006525	10.2
701	-0.454147	180.923666	0.005518	8.0
702	-1.732121	180.788446	0.008827	8.9
703	-1.536480	180.653496	0.006750	7.8
704	-1.720512	180.518814	0.013983	7.9
705	-1.849865	180.384399	0.017817	8.6
706	-1.693235	180.250251	0.006997	8.1
707	-1.763177	180.116369	0.017389	8.9
708	-1.489959	179.982752	0.016505	7.5
709	-1.717622	179.849398	0.022366	7.3
710	-1.782521	179.716308	0.011233	8.0
711	-0.292260	179.583480	0.006509	8.1
712	-0.691597	179.450913	0.004536	8.3
713	-1.571753	179.318607	0.007820	7.3
714	-0.153303	179.186561	0.001014	8.0
715	-1.127332	179.054774	0.004925	8.5
716	-1.533165	178.923245	0.024232	7.6
717	-1.312789	178.791973	0.016387	7.3
718	-1.796750	178.660958	0.010226	8.4
719	-1.749207	178.530199	0.022777	8.1
720	-1.070942	178.399694	0.006026	7.6
721	-0.211691	178.269444	0.003982	7.4
722	-1.062976	178.139447	0.005966	8.7
723	-1.649498	178.009702	0.012041	8.4
724	-1.885406	177.880209	0.016406	7.7
725	-1.557719	177.750967	0.016200	8.8
726	-1.612346	177.621975	0.010552	7.4
727	-0.779331	177.493232	0.010589	8.7
728	-1.224876	177.364738	0.013581	7.7
729	-1.144291	177.236492	0.012520	7.5
730	-1.532454	177.108492	0.007724	7.4
731	-1.825083	176.980739	0.012717	7.9
732	-0.808473	176.853231	0.007831	7.6
733	-1.730756	176.725968	0.008560	7.4
734	-1.927705	176.598949	0.012282	8.1
735	-1.037345	176.472173	0.006361	8.6
736	-0.696302	176.345639	0.004239	8.2
737	-0.751343	176.219348	0.004322	8.0
738	-1.918134	176.093296	0.008197	7.6
739	-2.006765	175.967486	0.007099	7.6
740	-1.821881	175.841914	0.019340	7.5
741	-0.485457	175.716581	0.011008	7.4
742	-1.738316	175.591486	0.011075	8.2
743	-1.978505	175.466629	0.009123	9.4
744	-1.615702	175.342008	0.008674	8.9
745	-0.884961	175.217622	0.003202	8.4
746	-1.655041	175.093472	0.014326	7.7
747	-1.902527	174.969556	0.021596	9.2
748	-0.534933	174.845873	0.011101	7.5
749	-1.318658	174.722423	0.017358	8.4
750	-1.509685	174.599206	0.009654	7.5
751	-0.767826	174.476220	0.010591	7.9
752	-1.328909	174.353464	0.005262	7.6
753	-1.554404	174.230939	0.027295	7.9
754	-0.154323	174.108643	0.001364	7.4
755	-1.177068	173.986576	0.018653	8.3
756	-0.745214	173.864737	0.002296	8.4
757	-0.471713	173.743124	0.004875	8.6
758	-0.525575	173.621739	0.012418	8.3
759	-0.613680	173.500579	0.010378	9.7
760	-1.634621	173.379645	0.010033	7.6
761	-1.656550	173.258935	0.024504	8.1
762	-0.185958	173.138449	0.002444	7.9
763	-1.704717	173.018186	0.010014	7.8
764	-1.428449	172.898146	0.005018	7.1
765	-1.528558	172.778327	0.014665	7.9
766	-1.784394	172.658730	0.013236	8.3
767	-1.921943	172.539353	0.005348	8.0
768	-0.192148	172.420196	0.001142	7.4
769	-0.578664	172.301258	0.013913	8.0
770	-0.742155	172.182539	0.011328	7.8
771	-1.736594	172.064037	0.020588	7.7
772	-1.710979	171.945753	0.022689	8.0
773	-0.895794	171.827686	0.003596	8.7
774	-0.921641	171.709834	0.004528	8.2
775	-1.364867	171.592198	0.010405	7.9
776	-1.480740	171.474776	0.015033	7.4
777	-0.240782	171.357568	0.004418	7.9
778	-1.521398	171.240574	0.010022	7.7
779	-0.938456	171.123793	0.005224	7.6
780	-0.483603	171.007223	0.007638	8.1
781	-1.430630	170.890865	0.006168	7.9
782	-1.501728	170.774718	0.003527	7.8
783	-1.936834	170.658782	0.009201	7.9
784	-0.219607	170.543055	0.001248	8.1
785	-1.902877	170.427537	0.018136	8.1
786	-2.035675	170.312227	0.011028	8.3
787	-1.504792	170.197125	0.015779	7.8
788	-1.387271	170.082231	0.018093	7.6
789	-1.892166	169.967543	0.010102	7.9
790	-1.765561	169.853061	0.003607	8.4
791	-0.661047	169.738784	0.012346	7.7
792	-1.462263	169.624713	0.006929	7.4
793	-1.571071	169.510845	0.009526	8.0
794	-0.714097	169.397181	0.010230	7.7
795	-1.790052	169.283720	0.028368	11.1
796	-1.850907	169.170462	0.020032	8.9
797	-1.206836	169.057405	0.009779	7.4
798	-1.293290	168.944549	0.013026	8.6
799	-0.810103	168.831895	0.007935	7.3
800	-1.992168	168.719440	0.012654	7.7
801	-0.627611	168.607185	0.004242	7.3
802	-1.726078	168.495129	0.017960	7.6
803	-0.591546	168.383271	0.015220	7.8
804	-0.282147	168.271611	0.003111	7.4
805	-1.723112	168.160148	0.008337	8.5
806	-1.361966	168.048882	0.010180	8.2
807	-0.191225	167.937812	0.003348	7.7
808	-1.656889	167.826938	0.023205	7.5
809	-1.871376	167.716258	0.006134	8.0
810	-0.234492	167.605773	0.003164	8.2
811	-1.747529	167.495482	0.016681	7.6
812	-2.031177	167.385384	0.006128	7.5
813	-0.144362	167.275479	0.000727	8.1
814	-0.580479	167.165766	0.003679	8.1
815	-1.822549	167.056245	0.006871	7.7
816	-1.218321	166.946915	0.005174	7.2
817	-1.667969	166.837776	0.009888	7.2
818	-0.355735	166.728826	0.004958	7.8
819	-1.296371	166.620067	0.007125	8.3
820	-0.783158	166.511496	0.004699	6.6
821	-1.608722	166.403113	0.014393	7.8
822	-0.485300	166.294919	0.001909	7.7
823	-0.563075	166.186912	0.009754	7.9
824	-0.214532	166.079091	0.005512	8.0
825	-1.731774	165.971458	0.018711	8.2
826	-1.920945	165.864009	0.020181	8.3
827	-1.283189	165.756747	0.027884	7.9
828	-1.374035	165.649669	0.011796	7.4
829	-1.888934	165.542775	0.015292	8.2
830	-1.651986	165.436065	0.013260	8.9
831	-1.729216	165.329538	0.015103	7.9
832	-0.546499	165.223194	0.004930	7.2
833	-0.256705	165.117032	0.003908	8.0
834	-0.822262	165.011052	0.007378	7.8
835	-0.607765	164.905253	0.012402	7.8
836	-1.736720	164.799635	0.009767	7.4
837	-0.704236	164.694197	0.010257	7.5
838	-1.640294	164.588939	0.011853	7.6
839	-1.693142	164.483859	0.005254	7.6
840	-1.110533	164.378959	0.018247	8.0
841	-1.869504	164.274237	0.007079	8.2
842	-0.240724	164.169692	0.002766	8.7
843	-1.661256	164.065325	0.004022	7.8
844	-1.854505	163.961135	0.009365	8.1
845	-1.601418	163.857120	0.031535	7.9
846	-0.572345	163.753282	0.002832	7.9
847	-1.925183	163.649619	0.006072	7.9
848	-1.894148	163.546130	0.005858	11.7
849	-0.863821	163.442816	0.005055	7.3
850	-0.152842	163.339676	0.001246	8.0
851	-0.847993	163.236709	0.004984	9.7
852	-0.814999	163.133915	0.002149	8.8
853	-0.249082	163.031294	0.001562	7.2
854	-1.839534	162.928844	0.009130	7.9
855	-0.230107	162.826566	0.001857	7.5
856	-1.806545	162.724459	0.017209	8.3
857	-1.481777	162.622523	0.026592	7.4
858	-0.671701	162.520757	0.005022	8.8
859	-1.317065	162.419160	0.018604	7.6
860	-1.780093	162.317733	0.026061	8.5
861	-0.505622	162.216474	0.017835	7.7
862	-1.746247	162.115383	0.009688	7.5
863	-1.206227	162.014461	0.009648	7.5
864	-1.913865	161.913705	0.011556	7.8
865	-1.560844	161.813117	0.007818	7.3
866	-0.343845	161.712695	0.009905	8.9
867	-0.782273	161.612439	0.003701	7.7
868	-0.355758	161.512349	0.002839	7.9
869	-1.797089	161.412424	0.006844	7.5
870	-1.600103	161.312663	0.006372	8.8
871	-1.005562	161.213067	0.011620	8.1
872	-0.786977	161.113635	0.005890	8.0
873	-0.514764	161.014366	0.006752	8.3
874	-0.459606	160.915260	0.012469	8.6
875	-0.628550	160.816316	0.012475	8.0
876	-0.671941	160.717535	0.008096	8.5
877	-0.952737	160.618915	0.003440	8.6
878	-0.434482	160.520456	0.006251	7.8
879	-0.161959	160.422158	0.001139	7.9
880	-1.909888	160.324021	0.017092	8.4
881	-1.656766	160.226043	0.014720	10.6
882	-0.639775	160.128225	0.014223	9.1
883	-1.030239	160.030566	0.013820	8.5
884	-1.326545	159.933066	0.007191	7.7
885	-1.727897	159.835723	0.033369	8.0
886	-2.005042	159.738539	0.009023	7.6
887	-1.589142	159.641512	0.012870	7.6
888	-0.480179	159.544642	0.002564	6.6
889	-1.880354	159.447929	0.021291	9.0
890	-0.408444	159.351372	0.006656	8.4
891	-1.678174	159.254971	0.009084	9.0
892	-1.716517	159.158725	0.004530	7.4
893	-1.108186	159.062634	0.004262	8.3
894	-1.124398	158.966697	0.010354	8.0
895	-1.608976	158.870915	0.015451	8.0
896	-0.557461	158.775286	0.004315	7.4
897	-1.754488	158.679811	0.009496	8.2
898	-0.603360	158.584489	0.010310	7.7
899	-1.475807	158.489319	0.011202	10.2
900	-1.567399	158.394302	0.008579	8.1
901	-0.245499	158.299436	0.001063	9.4
902	-0.206565	158.204721	0.003357	7.5
903	-2.005998	158.110158	0.008849	8.7
904	-0.214321	158.015745	0.001303	7.6
905	-1.175012	157.921482	0.009900	7.8
906	-1.044167	157.827369	0.003786	7.4
907	-0.609669	157.733406	0.001923	8.9
908	-0.928897	157.639591	0.008903	8.0
909	-1.465435	157.545925	0.006816	7.6
910	-1.196046	157.452408	0.012691	7.4
911	-1.573015	157.359038	0.006007	8.3
912	-1.325900	157.265816	0.005632	7.8
913	-1.238200	157.172741	0.009332	7.6
914	-0.980698	157.079813	0.002237	7.3
915	-0.340718	156.987031	0.002273	8.6
916	-1.665086	156.894395	0.009734	8.8
917	-1.854481	156.801904	0.005336	7.9
918	-1.505811	156.709559	0.024466	7.6
919	-1.769564	156.617359	0.017256	7.3
920	-1.880554	156.525304	0.014088	8.7
921	-0.636489	156.433392	0.017407	7.5
922	-0.208294	156.341624	0.003387	8.6
923	-0.098731	156.250000	0.001155	7.3
924	-1.923794	156.158519	0.021636	7.9
925	-0.575245	156.067180	0.004767	8.7
926	-0.524497	155.975984	0.002701	8.6
927	-1.870991	155.884930	0.009697	7.4
928	-1.547585	155.794017	0.006840	8.3
929	-1.578437	155.703246	0.010088	8.4
930	-1.753055	155.612615	0.010792	6.9
931	-1.006986	155.522125	0.008215	7.3
932	-1.357546	155.431775	0.005748	8.7
933	-0.229921	155.341565	0.002559	7.9
934	-0.959598	155.251495	0.013273	7.9
935	-0.725950	155.161563	0.007801	7.5
936	-1.532245	155.071771	0.017086	8.2
937	-0.853281	154.982117	0.011355	7.8
938	-1.065660	154.892601	0.010379	8.6
939	-0.896265	154.803222	0.014259	7.3
940	-0.267220	154.713981	0.001514	8.1
941	-1.886240	154.624878	0.017947	7.4
942	-1.762903	154.535910	0.014581	7.7
943	-0.661516	154.447080	0.001588	7.3
944	-0.592322	154.358385	0.013387	7.6
945	-0.712727	154.269826	0.003575	7.9
946	-0.738176	154.181402	0.003925	7.4
947	-0.498350	154.093114	0.012732	8.0
948	-1.498331	154.004960	0.023098	8.5
949	-0.221067	153.916940	0.001935	7.8
950	-1.960321	153.829054	0.017361	8.9
951	-1.354420	153.741303	0.006247	9.7
952	-0.364540	153.653684	0.004433	8.9
953	-0.222694	153.566198	0.003648	8.0
954	-1.827103	153.478846	0.004611	8.5
955	-1.734644	153.391625	0.022855	8.3
956	-1.521590	153.304537	0.010803	7.9
957	-0.604184	153.217580	0.008988	9.2
958	-1.994296	153.130755	0.006712	11.0
959	-0.744496	153.044061	0.003027	9.5
960	-0.608503	152.957498	0.007026	8.8
961	-1.510203	152.871065	0.015173	8.2
962	-1.407589	152.784762	0.005500	7.0
963	-0.908266	152.698589	0.005171	7.7
964	-0.576124	152.612545	0.006630	8.5
965	-1.581888	152.526631	0.015085	8.4
966	-1.925056	152.440845	0.008915	7.6
967	-0.391034	152.355188	0.006920	8.1
968	-1.180761	152.269660	0.016608	8.1
969	-1.945871	152.184259	0.018923	8.3
970	-0.755117	152.098986	0.026122	8.5
971	-1.928229	152.013840	0.006148	7.8
972	-1.827062	151.928821	0.018397	8.4
973	-0.203505	151.843928	0.002357	7.9
974	-0.202874	151.759163	0.001200	7.9
975	-1.929981	151.674523	0.021591	7.4
976	-1.941262	151.590009	0.007784	8.7
977	-1.107283	151.505620	0.009271	8.3
978	-0.122653	151.421357	0.000782	8.0
979	-1.293926	151.337218	0.008222	7.8
980	-0.281482	151.253204	0.001662	7.0
981	-0.717723	151.169314	0.010018	8.4
982	-1.101435	151.085549	0.008900	7.8
983	-0.627243	151.001907	0.005485	8.0
984	-1.830011	150.918388	0.011857	7.4
985	-1.406112	150.834992	0.008993	8.3
986	-0.175847	150.751719	0.001540	7.9
987	-0.441758	150.668569	0.005516	7.8
988	-1.954047	150.585541	0.013081	10.2
989	-1.092493	150.502634	0.004235	9.4
990	-1.449518	150.419849	0.011562	14.2
991	-1.662661	150.337186	0.013157	11.7
992	-1.882438	150.254644	0.008052	12.3
993	-1.677402	150.172222	0.016021	11.9
994	-1.782893	150.089921	0.010899	12.7
995	-0.630695	150.007740	0.006799	11.6
996	-0.244813	149.925679	0.003789	13.7
997	-0.280636	149.843737	0.001269	16.5
998	-1.560596	149.761915	0.006503	13.5
999	-0.862492	149.680212	0.012412	10.9
1000	-1.208672	149.598627	0.014405	10.0
1001	-0.697312	149.517161	0.006983	8.1
1002	-1.745595	149.435814	0.021802	8.3
1003	-1.574271	149.354584	0.018792	8.2
1004	-1.691642	149.273472	0.028814	7.6
1005	-1.243483	149.192477	0.004704	7.8
1006	-1.832589	149.111599	0.008334	8.1
1007	-1.635635	149.030838	0.017289	8.9
1008	-0.240522	148.950194	0.002177	7.6
1009	-0.686078	148.869666	0.009384	8.4
1010	-1.644065	148.789253	0.007255	7.6
1011	-1.356659	148.708957	0.014620	8.6
1012	-1.471157	148.628776	0.003177	8.1
1013	-1.796575	148.548710	0.012816	8.0
1014	-1.634133	148.468759	0.017530	7.4
1015	-1.592098	148.388923	0.036677	8.0
1016	-1.025474	148.309201	0.018460	7.8
1017	-1.336944	148.229594	0.009870	8.3
1018	-1.156821	148.150100	0.004871	7.3
1019	-1.473326	148.070719	0.005932	8.4
1020	-1.093943	147.991452	0.009636	7.8
1021	-1.795538	147.912298	0.017379	8.8
1022	-0.562878	147.833257	0.004339	7.6
1023	-0.459077	147.754329	0.005933	8.4
1024	-0.709313	147.675512	0.014063	8.5
1025	-0.547085	147.596808	0.007320	8.2
1026	-0.238516	147.518216	0.006367	8.2
1027	-0.664468	147.439735	0.005371	7.6
1028	-1.765295	147.361365	0.013351	8.8
1029	-1.966532	147.283106	0.014988	8.5
1030	-0.913409	147.204958	0.008333	8.2
1031	-0.730538	147.126920	0.011531	8.5
1032	-1.245873	147.048993	0.020475	8.0
1033	-0.293507	146.971175	0.003686	7.8
1034	-1.507912	146.893468	0.009096	8.7
1035	-0.550379	146.815869	0.004556	7.8
1036	-1.150607	146.738380	0.018159	7.7
1037	-1.670589	146.661000	0.010323	8.2
1038	-1.724532	146.583729	0.014549	8.2
1039	-0.835734	146.506566	0.012821	7.8
1040	-0.893267	146.429511	0.009808	9.3
1041	-0.681056	146.352565	0.010292	8.4
1042	-0.192637	146.275726	0.000851	7.7
1043	-1.504347	146.198994	0.020389	7.8
1044	-1.229200	146.122370	0.003817	8.0
1045	-0.984066	146.045853	0.004587	8.8
1046	-0.214696	145.969442	0.003209	9.5
1047	-1.284390	145.893139	0.007607	8.5
1048	-1.890419	145.816941	0.008066	8.3
1049	-1.005604	145.740849	0.012164	8.3
1050	-0.962150	145.664863	0.007047	8.2
1051	-1.908064	145.588983	0.006734	10.1
1052	-0.343461	145.513208	0.004460	9.0
1053	-1.689546	145.437538	0.006626	7.9
1054	-1.865249	145.361973	0.016478	8.4
1055	-1.162160	145.286513	0.003636	7.9
1056	-1.405006	145.211157	0.015262	8.2
1057	-1.192100	145.135905	0.021197	7.6
1058	-1.589853	145.060757	0.018393	7.9
1059	-1.842384	144.985712	0.016175	7.8
1060	-1.812124	144.910771	0.024991	7.6
1061	-1.858051	144.835934	0.016134	8.3
1062	-0.904210	144.761199	0.005419	7.9
1063	-1.481336	144.686567	0.013164	8.0
1064	-0.789854	144.612037	0.009606	8.0
1065	-0.556053	144.537610	0.008512	7.3
1066	-1.341645	144.463285	0.016444	8.0
1067	-1.722410	144.389062	0.016689	8.0
1068	-1.159611	144.314940	0.006905	8.0
1069	-1.871480	144.240920	0.009743	7.9
1070	-1.487002	144.167001	0.019109	7.9
1071	-0.669855	144.093182	0.008318	8.3
1072	-0.475369	144.019465	0.004899	8.1
1073	-1.941936	143.945848	0.008061	7.8
1074	-1.847386	143.872331	0.017945	7.9
1075	-1.226368	143.798914	0.005783	8.1
1076	-1.692891	143.725597	0.018867	7.8
1077	-0.762433	143.652380	0.005014	7.7
1078	-1.336809	143.579262	0.003612	8.9
1079	-0.539885	143.506243	0.014367	8.0
1080	-1.121259	143.433323	0.009006	8.5
1081	-2.008271	143.360502	0.012661	7.4
1082	-1.804625	143.287780	0.015132	8.6
1083	-1.688492	143.215155	0.010773	7.7
1084	-1.727928	143.142629	0.005691	9.1
1085	-1.720087	143.070201	0.009961	7.7
1086	-0.108984	142.997870	0.000579	8.0
1087	-0.969567	142.925637	0.010219	8.0
1088	-1.133676	142.853501	0.007412	8.7
1089	-1.861253	142.781462	0.023564	7.5
1090	-1.161740	142.709519	0.007762	8.0
1091	-1.768150	142.637674	0.010673	7.7
1092	-0.852604	142.565924	0.009668	8.1
1093	-1.640269	142.494271	0.007301	7.6
1094	-1.516497	142.422714	0.007614	11.6
1095	-1.742327	142.351252	0.008418	7.7
1096	-1.657581	142.279886	0.027695	9.3
1097	-0.522593	142.208616	0.002903	8.6
1098	-0.604867	142.137440	0.005685	7.6
1099	-1.796609	142.066360	0.007393	8.3
1100	-1.101537	141.995374	0.007019	8.4
1101	-1.867368	141.924483	0.018606	8.0
1102	-1.566999	141.853685	0.003370	7.8
1103	-1.468263	141.782983	0.005754	8.3
1104	-0.494348	141.712373	0.006871	7.2
1105	-2.084086	141.641858	0.006638	7.9
1106	-1.313417	141.571436	0.007240	7.8
1107	-1.750735	141.501108	0.015435	8.6
1108	-1.656159	141.430872	0.016090	7.4
1109	-1.216334	141.360730	0.002760	7.8
1110	-1.176138	141.290680	0.004273	7.2
1111	-0.486836	141.220722	0.013378	8.5
1112	-0.135924	141.150857	0.000875	8.1
1113	-1.601768	141.081084	0.010878	7.5
1114	-1.510065	141.011403	0.008816	10.8
1115	-1.682041	140.941813	0.023289	8.0
1116	-1.013295	140.872315	0.003561	9.1
1117	-1.338856	140.802909	0.027166	7.7
1118	-1.729644	140.733593	0.013683	7.8
1119	-1.911033	140.664369	0.008482	8.2
1120	-1.883905	140.595235	0.011099	8.3
1121	-2.007134	140.526192	0.012148	7.7
1122	-0.532529	140.457239	0.003217	7.3
1123	-1.824600	140.388376	0.004356	8.1
1124	-1.688935	140.319603	0.008518	8.1
1125	-1.433588	140.250920	0.015798	8.1
1126	-0.941981	140.182326	0.004472	8.0
1127	-0.488570	140.113822	0.014129	7.5
1128	-1.826795	140.045407	0.007585	8.2
1129	-0.675043	139.977081	0.005228	7.6
1130	-1.441064	139.908844	0.003519	7.4
1131	-1.788817	139.840696	0.020234	8.0
1132	-0.539952	139.772635	0.009079	8.3
1133	-1.072022	139.704664	0.007644	7.7
1134	-1.465324	139.636780	0.005396	7.3
1135	-0.149261	139.568984	0.001676	8.1
1136	-1.540709	139.501276	0.006631	8.1
1137	-1.686687	139.433655	0.012440	7.2
1138	-1.539697	139.366122	0.022839	7.5
1139	-1.248199	139.298676	0.014804	7.8
1140	-0.842375	139.231317	0.008832	7.8
1141	-0.637470	139.164045	0.007772	7.8
1142	-0.641088	139.096859	0.011502	7.5
1143	-0.492667	139.029760	0.004466	8.4
1144	-1.318901	138.962747	0.008661	8.7
1145	-0.626306	138.895820	0.012140	10.8
1146	-0.517334	138.828978	0.006819	8.1
1147	-1.868172	138.762223	0.011504	9.2
1148	-1.854589	138.695553	0.018647	7.4
1149	-1.703339	138.628969	0.014327	8.1
1150	-0.898426	138.562469	0.010328	8.2
1151	-1.012731	138.496055	0.006996	7.6
1152	-1.876264	138.429725	0.011644	7.9
1153	-1.869534	138.363481	0.008118	7.6
1154	-1.550649	138.297320	0.006588	8.5
1155	-0.595022	138.231244	0.002960	7.9
1156	-0.262520	138.165252	0.001874	7.5
1157	-1.845932	138.099344	0.008432	7.8
1158	-2.003420	138.033520	0.004459	8.2
1159	-0.473002	137.967779	0.003429	7.3
1160	-1.469414	137.902122	0.017939	7.9
1161	-1.681379	137.836548	0.009952	7.5
1162	-1.208236	137.771057	0.009455	8.3
1163	-1.890501	137.705649	0.005843	7.7
1164	-0.402990	137.640324	0.005641	7.9
1165	-1.967846	137.575081	0.006793	7.5
1166	-1.872902	137.509921	0.009098	8.2
1167	-0.158991	137.444842	0.000915	7.5
1168	-0.145945	137.379846	0.001923	8.2
1169	-1.887405	137.314932	0.012545	7.6
1170	-1.135836	137.250100	0.010591	7.9
1171	-1.354427	137.185349	0.024940	7.4
1172	-1.526568	137.120680	0.029895	9.0
1173	-1.780510	137.056092	0.005626	7.7
1174	-1.335051	136.991585	0.017787	8.6
1175	-1.664282	136.927158	0.005278	7.5
1176	-2.013932	136.862813	0.012706	7.5
1177	-0.750134	136.798548	0.008704	7.6
1178	-1.774403	136.734363	0.017376	8.2
1179	-1.771842	136.670259	0.003983	7.4
1180	-0.251404	136.606235	0.003181	8.2
1181	-0.634503	136.542291	0.002353	7.6
1182	-0.878726	136.478426	0.005419	8.4
1183	-1.689766	136.414641	0.011252	7.4
1184	-1.894165	136.350936	0.007523	7.6
1185	-1.565423	136.287310	0.011654	7.8
1186	-0.659043	136.223763	0.010044	7.8
1187	-0.196427	136.160295	0.003118	7.4
1188	-1.978452	136.096905	0.014688	8.7
1189	-0.692131	136.033594	0.002813	7.5
1190	-0.482569	135.970362	0.006983	7.7
1191	-1.077816	135.907208	0.008021	7.3
1192	-0.431979	135.844133	0.005476	9.0
1193	-1.906668	135.781135	0.007389	7.6
1194	-1.691094	135.718215	0.010753	8.3
1195	-0.235896	135.655373	0.004075	8.0
1196	-1.321855	135.592608	0.010270	7.9
1197	-1.576475	135.529921	0.014826	8.5
1198	-0.384426	135.467311	0.002964	11.4
1199	-0.126173	135.404778	0.000899	8.3
1200	-0.882183	135.342322	0.013777	8.4
1201	-1.620199	135.279942	0.021302	7.6
1202	-0.545215	135.217640	0.008503	8.5
1203	-0.550500	135.155413	0.006331	7.9
1204	-1.027120	135.093263	0.008435	7.6
1205	-0.404112	135.031190	0.005723	7.9
1206	-1.394696	134.969192	0.007738	7.4
1207	-0.518025	134.907270	0.006005	8.6
1208	-1.777996	134.845424	0.012105	7.8
1209	-1.915129	134.783653	0.004376	7.6
1210	-1.549846	134.721958	0.006493	7.4
1211	-0.401498	134.660338	0.006432	7.9
1212	-0.660623	134.598793	0.003372	7.4
1213	-1.409027	134.537323	0.004943	7.3
1214	-1.823202	134.475927	0.013947	8.4
1215	-1.815613	134.414607	0.010177	8.3
1216	-1.584646	134.353361	0.009329	7.6
1217	-1.470712	134.292189	0.007405	7.2
1218	-0.681464	134.231092	0.014884	8.5
1219	-1.651487	134.170068	0.004214	8.1
1220	-1.473548	134.109119	0.008565	8.2
1221	-0.757192	134.048243	0.008685	7.2
1222	-0.472603	133.987441	0.008154	9.9
1223	-1.096930	133.926713	0.011922	8.1
1224	-1.331476	133.866057	0.017720	8.2
1225	-1.676393	133.805475	0.018385	8.0
1226	-1.226849	133.744966	0.005677	7.9
1227	-1.437017	133.684530	0.002922	8.1
1228	-1.513558	133.624167	0.007286	8.5
1229	-0.770498	133.563877	0.011882	8.2
1230	-0.788694	133.503658	0.012693	7.8
1231	-0.897633	133.443513	0.009386	8.2
1232	-0.177803	133.383439	0.001528	8.0
1233	-1.212350	133.323437	0.003842	8.3
1234	-1.471778	133.263508	0.006999	7.3
1235	-1.828480	133.203650	0.008230	7.9
1236	-1.789305	133.143864	0.008977	7.8
1237	-1.848669	133.084149	0.022416	8.6
1238	-1.055268	133.024506	0.007282	10.9
1239	-0.344901	132.964934	0.005880	9.3
1240	-0.872086	132.905433	0.012613	8.0
1241	-1.395221	132.846003	0.005400	8.7
1242	-0.831223	132.786643	0.004655	8.1
1243	-0.299614	132.727355	0.001859	7.9
1244	-1.300624	132.668137	0.029850	8.4
1245	-1.878045	132.608989	0.015508	7.9
1246	-0.470302	132.549912	0.006403	9.0
1247	-1.301080	132.490904	0.006728	8.1
1248	-0.829790	132.431967	0.002768	11.9
1249	-1.927151	132.373100	0.011388	8.1
1250	-1.652584	132.314302	0.008837	8.8
1251	-1.105378	132.255574	0.005130	8.0
1252	-1.939541	132.196916	0.012337	7.4
1253	-1.461090	132.138326	0.016599	8.4
1254	-1.819473	132.079806	0.005681	8.4
1255	-1.399065	132.021355	0.016622	8.8
1256	-1.317002	131.962973	0.015797	7.6
1257	-1.798506	131.904660	0.011088	7.5
1258	-1.905698	131.846415	0.019263	8.1
1259	-1.167579	131.788239	0.019028	8.4
1260	-1.504116	131.730131	0.015378	7.5
1261	-1.083167	131.672092	0.015222	7.9
1262	-0.777222	131.614121	0.003871	8.3
1263	-1.262311	131.556217	0.008865	7.9
1264	-1.078657	131.498382	0.013397	8.0
1265	-0.513643	131.440614	0.006540	8.1
1266	-0.790817	131.382914	0.008842	7.7
1267	-1.815861	131.325282	0.011279	8.8
1268	-1.037090	131.267717	0.012239	7.6
1269	-1.569678	131.210219	0.017376	7.8
1270	-1.089443	131.152788	0.002221	8.9
1271	-0.134444	131.095424	0.002096	8.3
1272	-1.607220	131.038127	0.017578	7.9
1273	-1.615319	130.980897	0.004232	7.9
1274	-1.502340	130.923733	0.003069	7.8
1275	-1.520851	130.866636	0.011241	7.8
1276	-1.175950	130.809605	0.005928	7.7
1277	-1.631213	130.752641	0.004306	7.9
1278	-1.929634	130.695742	0.005707	8.2
1279	-0.508547	130.638910	0.010925	7.9
1280	-1.939485	130.582143	0.009299	7.7
1281	-1.804256	130.525442	0.007990	8.0
1282	-1.873548	130.468807	0.012227	7.9
1283	-1.840873	130.412237	0.008910	8.0
1284	-1.085645	130.355733	0.006572	11.0
1285	-1.900572	130.299294	0.006163	8.1
1286	-0.744403	130.242920	0.006259	8.5
1287	-1.198257	130.186611	0.007169	7.9
1288	-0.826825	130.130366	0.001847	9.3
1289	-1.824011	130.074187	0.022231	7.5
1290	-0.335784	130.018072	0.002435	8.6
1291	-0.806190	129.962022	0.011981	7.5
1292	-0.922662	129.906036	0.003534	7.6
1293	-0.451423	129.850114	0.007161	7.6
1294	-1.165735	129.794257	0.002862	8.1
1295	-1.200654	129.738463	0.006184	7.3
1296	-1.144388	129.682734	0.004453	9.0
1297	-1.903128	129.627068	0.007247	8.5
1298	-0.857941	129.571466	0.004644	8.7
1299	-0.681190	129.515927	0.012405	10.8
1300	-1.707161	129.460452	0.006834	8.3
1301	-0.324138	129.405040	0.005948	8.7
1302	-1.910760	129.349692	0.007729	7.9
1303	-0.687753	129.294406	0.005133	8.2
1304	-0.613537	129.239183	0.002901	8.1
1305	-1.211457	129.184024	0.007802	7.8
1306	-0.394503	129.128927	0.003079	8.9
1307	-1.349137	129.073892	0.006951	8.9
1308	-1.338727	129.018921	0.006614	8.5
1309	-1.756875	128.964011	0.024873	8.2
1310	-1.028737	128.909164	0.012622	7.5
1311	-0.430960	128.854379	0.018095	7.7
1312	-1.407655	128.799656	0.021722	8.6
1313	-0.719106	128.744995	0.006081	8.0
1314	-1.968815	128.690396	0.016972	8.1
1315	-1.812926	128.635858	0.013830	7.9
1316	-1.309971	128.581382	0.012438	8.4
1317	-1.455478	128.526968	0.005333	7.7
1318	-1.683229	128.472615	0.003845	7.3
1319	-1.405286	128.418323	0.006357	7.9
1320	-1.062604	128.364092	0.006415	8.2
1321	-0.032290	128.309922	0.000468	7.8
1322	-1.666450	128.255814	0.018150	7.6
1323	-0.704439	128.201766	0.014573	7.8
1324	-1.833816	128.147778	0.014486	8.3
1325	-0.969152	128.093852	0.009566	7.9
1326	-1.837603	128.039985	0.031069	7.7
1327	-1.069704	127.986180	0.012087	8.6
1328	-1.691187	127.932434	0.009315	7.6
1329	-0.425695	127.878749	0.006832	8.7
1330	-0.336370	127.825123	0.002878	7.9
1331	-0.882041	127.771558	0.003236	7.6
1332	-0.906778	127.718052	0.004431	7.5
1333	-0.767236	127.664606	0.009576	8.1
1334	-1.341511	127.611220	0.005256	8.2
1335	-1.734171	127.557893	0.026755	7.9
1336	-1.943294	127.504625	0.011031	7.4
1337	-1.212727	127.451417	0.009013	7.7
1338	-1.392699	127.398268	0.014267	8.0
1339	-1.723105	127.345178	0.010794	8.7
1340	-0.355407	127.292147	0.003772	11.2
1341	-0.761290	127.239175	0.010880	7.9
1342	-1.899640	127.186261	0.008155	8.5
1343	-0.571520	127.133407	0.008781	11.0
1344	-0.868256	127.080610	0.004887	8.1
1345	-1.275029	127.027872	0.008724	7.8
1346	-1.585119	126.975193	0.028247	11.3
1347	-1.935404	126.922572	0.010932	7.9
1348	-1.590644	126.870008	0.005699	7.4
1349	-0.416752	126.817503	0.008454	11.1
1350	-1.604180	126.765056	0.013848	9.3
1351	-0.238411	126.712667	0.002386	10.1
1352	-1.738858	126.660335	0.005358	9.4
1353	-1.663611	126.608061	0.012318	8.7
1354	-0.990346	126.555844	0.004758	10.1
1355	-0.517306	126.503685	0.005922	14.2
1356	-0.650649	126.451583	0.014660	7.9
1357	-0.418369	126.399538	0.007073	12.3
1358	-1.170581	126.347550	0.007123	8.6
1359	-1.724282	126.295619	0.012931	8.4
1360	-1.825571	126.243745	0.008845	7.8
1361	-0.092935	126.191928	0.000514	6.6
1362	-0.543702	126.140168	0.003696	8.5
1363	-1.240611	126.088464	0.009461	8.0
1364	-0.798574	126.036817	0.006371	6.7
1365	-1.516733	125.985226	0.004658	8.0
1366	-1.799612	125.933691	0.009543	8.3
1367	-1.271316	125.882212	0.004619	7.8
1368	-0.482059	125.830790	0.005818	8.0
1369	-1.744029	125.779423	0.009995	9.0
1370	-1.771859	125.728113	0.011802	9.1
1371	-1.461793	125.676858	0.013029	8.3
1372	-0.202143	125.625659	0.001124	8.0
1373	-1.273016	125.574515	0.006081	9.3
1374	-0.295377	125.523427	0.002062	10.5
1375	-0.405384	125.472394	0.003229	7.4
1376	-1.332914	125.421417	0.029345	9.2
1377	-0.775160	125.370495	0.004376	10.0
1378	-1.620793	125.319628	0.008383	8.3
1379	-0.670567	125.268815	0.004937	7.9
1380	-0.287067	125.218058	0.005064	11.0
1381	-1.396821	125.167356	0.003845	8.1
1382	-1.300593	125.116708	0.012582	7.9
1383	-1.939530	125.066115	0.011622	7.9
1384	-1.219231	125.015576	0.011830	7.6
1385	-1.100900	124.965092	0.006430	7.9
1386	-1.274875	124.914662	0.003265	8.2
1387	-1.594092	124.864287	0.004125	8.0
1388	-1.680670	124.813965	0.022336	8.8
1389	-0.933645	124.763698	0.006208	8.0
1390	-1.510214	124.713485	0.012989	7.4
1391	-1.380405	124.663325	0.015669	8.1
1392	-0.629184	124.613219	0.008337	8.2
1393	-1.811414	124.563167	0.017937	8.1
1394	-1.273555	124.513168	0.007892	7.5
1395	-0.642944	124.463223	0.001757	8.4
1396	-1.707803	124.413332	0.020967	8.4
1397	-0.410887	124.363493	0.004278	9.5
1398	-0.892890	124.313708	0.018101	10.3
1399	-0.446059	124.263976	0.008010	10.8
1400	-0.434440	124.214297	0.002172	7.8
1401	-0.533157	124.164671	0.008739	9.4
1402	-1.835597	124.115097	0.005316	8.1
1403	-1.047114	124.065577	0.011476	7.6
1404	-1.357814	124.016109	0.020107	11.1
1405	-0.718708	123.966693	0.008129	11.5
1406	-1.330439	123.917330	0.006840	7.7
1407	-0.495098	123.868020	0.006702	7.5
1408	-1.052280	123.818762	0.007263	9.6
1409	-1.558845	123.769556	0.013890	11.6
1410	-1.243239	123.720402	0.020877	7.8
1411	-1.075970	123.671300	0.014148	8.9
1412	-1.178374	123.622250	0.015249	10.9
1413	-0.443640	123.573252	0.008716	8.2
1414	-1.408757	123.524305	0.007511	7.6
1415	-0.439393	123.475411	0.002517	11.7
1416	-1.794162	123.426568	0.012346	8.7
1417	-1.722093	123.377776	0.021821	9.6
1418	-1.804456	123.329036	0.007556	7.7
1419	-1.185477	123.280347	0.015242	10.6
1420	-0.585058	123.231709	0.004897	9.7
1421	-1.916893	123.183122	0.016062	7.6
1422	-0.504849	123.134587	0.008146	8.2
1423	-0.571189	123.086102	0.008152	10.4
1424	-0.567513	123.037669	0.009237	7.9
1425	-1.763244	122.989286	0.010025	7.5
1426	-1.897252	122.940954	0.008412	10.5
1427	-1.678402	122.892672	0.005807	9.2
1428	-1.904749	122.844441	0.003299	7.8
1429	-0.683195	122.796261	0.006227	7.8
1430	-1.105385	122.748130	0.008636	7.2
1431	-1.710971	122.700050	0.016301	7.5
1432	-1.727401	122.652021	0.022106	7.5
1433	-0.557509	122.604041	0.007512	7.6
1434	-0.530904	122.556111	0.004526	7.8
1435	-1.936836	122.508232	0.006893	7.9
1436	-1.959085	122.460402	0.014356	7.7
1437	-0.106986	122.412622	0.001269	7.4
1438	-0.861221	122.364891	0.004910	8.2
1439	-0.302976	122.317210	0.006352	9.3
1440	-0.549876	122.269579	0.002089	8.6
1441	-1.696752	122.221997	0.013505	8.3
1442	-1.363192	122.174465	0.005307	7.5
1443	-0.031132	122.126981	0.000431	8.7
1444	-0.452111	122.079547	0.004341	14.1
1445	-1.856409	122.032162	0.016847	7.5
1446	-1.564708	121.984826	0.017566	8.8
1447	-0.541952	121.937539	0.003185	9.9
1448	-0.524590	121.890301	0.006820	7.9
1449	-0.265228	121.843112	0.002349	7.3
1450	-0.859797	121.795971	0.005555	11.3
1451	-0.837410	121.748879	0.002900	7.5
1452	-1.426870	121.701835	0.018303	8.0
1453	-1.378624	121.654840	0.010606	7.6
1454	-1.175834	121.607893	0.013578	7.8
1455	-1.858256	121.560994	0.011989	10.0
1456	-0.472645	121.514144	0.011698	9.0
1457	-1.656657	121.467342	0.028298	9.2
1458	-1.252098	121.420588	0.022440	9.2
1459	-1.526896	121.373882	0.004161	9.9
1460	-0.728016	121.327223	0.009470	7.6
1461	-1.293775	121.280613	0.020228	8.5
1462	-1.165862	121.234050	0.007275	11.2
1463	-1.857288	121.187535	0.008814	7.8
1464	-0.232825	121.141067	0.002971	8.3
1465	-0.557589	121.094647	0.004050	8.3
1466	-0.529457	121.048274	0.002441	11.0
1467	-1.299267	121.001949	0.015808	7.8
1468	-1.034112	120.955671	0.009855	11.2
1469	-1.347937	120.909440	0.007338	11.8
1470	-0.467373	120.863256	0.002268	6.6
1471	-0.266827	120.817119	0.004790	7.9
1472	-0.257813	120.771029	0.003963	10.2
1473	-1.500613	120.724986	0.008833	8.6
1474	-0.784168	120.678990	0.013542	8.1
1475	-1.018604	120.633040	0.003240	8.1
1476	-0.783007	120.587137	0.006597	7.9
1477	-1.514424	120.541281	0.020570	10.8
1478	-1.969108	120.495471	0.021217	8.4
1479	-2.000569	120.449707	0.008345	8.2
1480	-1.619140	120.403990	0.019772	8.1
1481	-1.651193	120.358319	0.005336	7.6
1482	-0.505156	120.312694	0.004413	8.9
1483	-1.860249	120.267115	0.016823	7.7
1484	-0.302152	120.221582	0.002123	8.5
1485	-0.704333	120.176096	0.003073	7.3
1486	-0.981646	120.130655	0.014734	7.8
1487	-1.464690	120.085260	0.002980	7.8
1488	-0.226082	120.039910	0.005329	8.1
1489	-1.413838	119.994606	0.012004	7.4
1490	-0.799578	119.949348	0.009461	7.9
1491	-1.641575	119.904135	0.006764	10.9
1492	-1.103731	119.858968	0.008129	9.0
1493	-1.094032	119.813846	0.004607	9.1
1494	-0.480311	119.768769	0.006670	8.2
1495	-1.827889	119.723738	0.021324	8.5
1496	-1.720948	119.678752	0.020278	7.6
1497	-0.836093	119.633810	0.004911	8.5
1498	-1.320429	119.588914	0.013799	7.7
1499	-1.816976	119.544062	0.025955	8.2
1500	-1.915528	119.499256	0.004549	8.5
1501	-1.334781	119.454494	0.013186	9.0
1502	-0.223570	119.409777	0.004220	8.4
1503	-0.835826	119.365104	0.010799	8.3
1504	-0.334937	119.320476	0.005956	8.6
1505	-0.516716	119.275893	0.005649	7.8
1506	-0.449379	119.231353	0.002860	7.3
1507	-0.536187	119.186859	0.009463	8.2
1508	-1.393249	119.142408	0.006133	7.8
1509	-0.907522	119.098002	0.007343	8.0
1510	-0.691967	119.053639	0.002337	7.9
1511	-0.455707	119.009321	0.007709	7.9
1512	-0.281693	118.965047	0.005621	8.1
1513	-0.556874	118.920816	0.009428	8.1
1514	-0.814920	118.876630	0.003389	8.0
1515	-1.553724	118.832487	0.013934	8.0
1516	-0.649598	118.788388	0.010716	7.6
1517	-0.599508	118.744332	0.008660	8.1
1518	-1.888791	118.700320	0.006586	7.5
1519	-1.357785	118.656352	0.006373	8.6
1520	-1.955519	118.612427	0.009076	8.1
1521	-0.827132	118.568545	0.005892	9.0
1522	-0.504837	118.524706	0.001988	8.4
1523	-1.870063	118.480911	0.027934	7.6
1524	-1.751338	118.437159	0.007649	8.0
1525	-1.850792	118.393450	0.006590	7.8
1526	-1.756458	118.349784	0.025429	8.4
1527	-1.883727	118.306160	0.008947	7.8
1528	-2.028727	118.262580	0.013757	8.8
1529	-1.696182	118.219042	0.009455	8.4
1530	-1.888012	118.175548	0.026386	8.0
1531	-1.668711	118.132095	0.012451	7.5
1532	-1.558966	118.088686	0.011800	8.3
1533	-1.794575	118.045319	0.007312	7.6
1534	-1.972521	118.001994	0.026087	8.2
1535	-1.173979	117.958712	0.008472	7.5
1536	-1.741987	117.915472	0.017050	8.8
1537	-1.737538	117.872274	0.010716	7.9
1538	-0.982440	117.829118	0.004311	7.8
1539	-1.771307	117.786005	0.020113	7.5
1540	-1.279990	117.742933	0.008075	8.1
1541	-1.940154	117.699904	0.011816	8.0
1542	-1.906729	117.656916	0.004417	10.3
1543	-1.830898	117.613971	0.009276	9.8
1544	-1.885378	117.571067	0.012983	7.8
1545	-1.845730	117.528205	0.017227	7.9
1546	-1.308589	117.485384	0.004967	7.4
1547	-0.765274	117.442605	0.010411	8.0
1548	-1.536279	117.399867	0.016570	7.8
1549	-0.386197	117.357171	0.009813	7.5
1550	-0.594213	117.314517	0.007523	7.8
1551	-1.759921	117.271903	0.015306	7.6
1552	-0.308448	117.229331	0.004466	8.7
1553	-0.569712	117.186800	0.003098	7.6
1554	-1.639838	117.144311	0.004270	7.4
1555	-0.369163	117.101862	0.002173	7.0
1556	-1.744870	117.059454	0.009121	7.9
1557	-1.923756	117.017087	0.007465	7.6
1558	-0.852932	116.974762	0.009625	7.9
1559	-0.783650	116.932476	0.003094	8.2
1560	-0.249433	116.890232	0.004031	8.0
1561	-1.754061	116.848028	0.006556	7.7
1562	-1.845048	116.805865	0.019882	8.3
1563	-1.596979	116.763743	0.020615	7.9
1564	-1.787514	116.721661	0.007883	7.6
1565	-1.650244	116.679619	0.005861	7.4
1566	-0.619242	116.637618	0.009456	8.6
1567	-0.949590	116.595657	0.012511	9.3
1568	-1.839045	116.553736	0.003055	7.9
1569	-1.774990	116.511855	0.016125	7.5
1570	-1.791146	116.470015	0.014290	8.6
1571	-0.991757	116.428214	0.011712	8.0
1572	-1.260477	116.386454	0.010658	8.1
1573	-1.559585	116.344733	0.019920	7.7
1574	-1.320655	116.303052	0.013827	7.4
1575	-1.895769	116.261412	0.019511	7.8
1576	-1.061197	116.219810	0.009758	7.6
1577	-1.857196	116.178249	0.014662	7.4
1578	-0.904538	116.136727	0.002959	8.2
1579	-0.795338	116.095245	0.003169	8.1
1580	-1.416759	116.053802	0.008157	7.8
1581	-2.006465	116.012398	0.006069	7.4
1582	-1.787427	115.971034	0.006956	8.3
1583	-1.900894	115.929710	0.006332	8.0
1584	-1.702062	115.888424	0.026424	8.0
1585	-1.784464	115.847178	0.012266	7.5
1586	-1.965195	115.805970	0.006949	8.1
1587	-0.574549	115.764802	0.005672	8.0
1588	-1.143344	115.723673	0.004290	7.9
1589	-0.554064	115.682583	0.010039	8.7
1590	-1.246222	115.641532	0.002057	8.7
1591	-1.234592	115.600519	0.008918	9.3
1592	-1.639765	115.559546	0.012606	7.7
1593	-0.312493	115.518610	0.001791	8.9
1594	-1.020654	115.477714	0.013958	7.7
1595	-2.010646	115.436856	0.004758	9.2
1596	-0.566380	115.396037	0.011091	10.4
1597	-0.442578	115.355256	0.002187	9.7
1598	-1.197188	115.314514	0.002212	9.6
1599	-1.776276	115.273810	0.015349	7.7
1600	-0.712777	115.233144	0.008046	8.1
1601	-0.724342	115.192517	0.003419	7.4
1602	-1.439972	115.151927	0.005431	8.7
1603	-0.987762	115.111376	0.008968	8.1
1604	-1.713504	115.070863	0.030619	8.3
1605	-1.496756	115.030388	0.010541	7.7
1606	-0.287906	114.989951	0.002741	7.9
1607	-0.738423	114.949551	0.008148	8.1
1608	-1.732094	114.909190	0.018964	7.9
1609	-1.524794	114.868866	0.006524	7.7
1610	-2.002606	114.828580	0.013634	7.7
1611	-0.598362	114.788332	0.005032	7.4
1612	-1.878493	114.748121	0.004171	7.9
1613	-1.766294	114.707948	0.003243	8.0
1614	-1.472795	114.667812	0.002224	7.6
1615	-0.961884	114.627714	0.006211	7.6
1616	-1.709560	114.587653	0.007010	8.7
1617	-0.627537	114.547629	0.014083	7.7
1618	-0.261347	114.507643	0.003223	8.0
1619	-1.575354	114.467693	0.029754	8.5
1620	-0.154618	114.427781	0.001204	8.7
1621	-0.285438	114.387907	0.001708	7.8
1622	-1.926128	114.348069	0.014427	7.7
1623	-0.447670	114.308268	0.008880	8.1
1624	-1.263945	114.268504	0.008958	7.7
1625	-0.946454	114.228777	0.004976	7.9
1626	-0.604053	114.189086	0.008972	7.9
1627	-1.520977	114.149433	0.022295	8.1
1628	-1.330893	114.109816	0.004508	7.7
1629	-1.382572	114.070235	0.004850	7.7
1630	-1.843760	114.030692	0.009126	8.1
1631	-0.691052	113.991185	0.005964	8.5
1632	-1.399938	113.951714	0.008870	7.6
1633	-0.236711	113.912280	0.003219	8.0
1634	-1.850446	113.872882	0.015315	7.9
1635	-1.225510	113.833521	0.002880	7.6
1636	-0.818667	113.794195	0.003992	7.6
1637	-1.872886	113.754906	0.012789	8.0
1638	-1.323474	113.715653	0.011530	7.7
1639	-1.067484	113.676437	0.009187	7.8
1640	-1.960088	113.637256	0.003984	7.9
1641	-1.294359	113.598111	0.031855	7.7
1642	-1.644386	113.559002	0.012839	7.9
1643	-1.197959	113.519929	0.007346	8.4
1644	-0.236169	113.480892	0.002463	8.5
1645	-0.701699	113.441891	0.007081	9.3
1646	-0.298776	113.402925	0.005954	9.0
1647	-1.377740	113.363995	0.014572	9.6
1648	-0.336526	113.325101	0.005562	7.5
1649	-2.002174	113.286242	0.009904	8.4
1650	-1.767785	113.247419	0.014719	8.0
1651	-1.760519	113.208631	0.012017	8.5
1652	-0.805472	113.169879	0.012863	9.1
1653	-0.601858	113.131162	0.011906	9.6
1654	-1.848751	113.092480	0.017512	6.6
1655	-0.724002	113.053833	0.003139	8.0
1656	-1.887368	113.015222	0.009605	8.1
1657	-0.531939	112.976646	0.009260	8.0
1658	-0.952644	112.938105	0.005490	7.4
1659	-1.686489	112.899599	0.024874	7.9
1660	-1.909728	112.861128	0.007238	7.7
1661	-0.954167	112.822692	0.001262	7.9
1662	-1.227067	112.784291	0.009045	8.3
1663	-0.330049	112.745924	0.002423	7.8
1664	-1.976563	112.707593	0.013400	7.7
1665	-1.750718	112.669296	0.012473	8.1
1666	-1.708422	112.631034	0.004587	7.4
1667	-1.899332	112.592806	0.009688	8.0
1668	-0.951022	112.554613	0.012733	8.2
1669	-1.775996	112.516455	0.011149	7.8
1670	-1.862390	112.478331	0.015475	7.0
1671	-0.251831	112.440241	0.002711	8.2
1672	-1.094464	112.402186	0.012876	7.8
1673	-1.459346	112.364165	0.013330	7.9
1674	-0.467496	112.326179	0.003040	8.9
1675	-1.904678	112.288227	0.010163	8.2
1676	-1.902979	112.250309	0.022823	8.1
1677	-1.124029	112.212425	0.008067	8.0
1678	-2.044765	112.174575	0.015320	7.8
1679	-1.731193	112.136759	0.009200	7.9
1680	-1.499578	112.098977	0.012593	7.7
1681	-0.989057	112.061229	0.013122	8.9
1682	-0.724839	112.023515	0.010209	7.5
1683	-1.227380	111.985834	0.021846	8.0
1684	-1.120095	111.948188	0.005414	7.9
1685	-0.329890	111.910575	0.005470	9.2
1686	-1.648673	111.872996	0.004927	7.6
1687	-1.742375	111.835450	0.010123	7.5
1688	-1.491583	111.797939	0.005192	8.0
1689	-1.944229	111.760460	0.007145	8.4
1690	-0.473877	111.723015	0.003724	8.2
1691	-1.622002	111.685604	0.016537	7.6
1692	-1.560662	111.648226	0.028984	9.0
1693	-0.731827	111.610881	0.004065	7.6
1694	-0.230953	111.573570	0.004624	8.7
1695	-1.331180	111.536292	0.002688	10.2
1696	-1.486169	111.499047	0.015221	9.3
1697	-1.572334	111.461835	0.022002	8.7
1698	-1.585428	111.424656	0.019915	8.5
1699	-1.858700	111.387510	0.014315	8.2
1700	-1.533770	111.350398	0.009876	7.9
1701	-1.348501	111.313318	0.010639	7.6
1702	-1.542769	111.276271	0.016675	7.7
1703	-0.340670	111.239257	0.002358	10.6
1704	-1.505273	111.202276	0.023066	9.2
1705	-1.490336	111.165328	0.014375	8.4
1706	-1.962335	111.128412	0.016149	7.8
1707	-1.908316	111.091529	0.007812	7.8
1708	-1.148197	111.054679	0.014589	8.3
1709	-1.739447	111.017861	0.008256	10.7
1710	-0.632523	110.981076	0.012571	8.2
1711	-2.050530	110.944323	0.021831	9.2
1712	-1.489083	110.907603	0.015432	7.7
1713	-0.476901	110.870915	0.002838	8.1
1714	-0.263698	110.834259	0.003043	8.3
1715	-1.888711	110.797636	0.017204	7.5
1716	-0.487842	110.761045	0.004137	9.4
1717	-1.971093	110.724486	0.015424	11.7
1718	-2.020847	110.687959	0.005701	12.0
1719	-1.356616	110.651465	0.016083	12.1
1720	-1.480488	110.615002	0.003377	8.0
1721	-0.526629	110.578572	0.007345	7.7
1722	-2.038026	110.542173	0.012771	7.7
1723	-0.958815	110.505807	0.005315	7.7
1724	-1.549930	110.469472	0.014538	7.9
1725	-0.825701	110.433169	0.003875	8.0
1726	-1.670873	110.396898	0.008523	7.4
1727	-0.442964	110.360659	0.008131	8.0
1728	-1.526616	110.324451	0.025336	8.3
1729	-1.944764	110.288276	0.013263	6.9
1730	-0.884456	110.252131	0.005152	7.3
1731	-0.587901	110.216019	0.005442	7.9
1732	-0.620818	110.179937	0.004938	7.9
1733	-1.317397	110.143888	0.010408	7.9
1734	-0.692158	110.107869	0.009287	7.4
1735	-0.410995	110.071882	0.006153	7.9
1736	-1.736886	110.035927	0.018386	7.8
1737	-1.758789	110.000003	0.010566	7.9
1738	-0.749652	109.964110	0.003751	8.1
1739	-1.923775	109.928248	0.017408	8.2
1740	-1.985291	109.892417	0.017542	8.2
1741	-1.125804	109.856618	0.015536	7.6
1742	-1.992042	109.820850	0.007844	8.0
1743	-0.563078	109.785112	0.007158	8.6
1744	-1.950617	109.749406	0.004389	8.5
1745	-1.724325	109.713730	0.004839	9.9
1746	-1.739379	109.678086	0.029444	9.3
1747	-1.231550	109.642472	0.004580	7.8
1748	-1.710135	109.606890	0.005558	8.1
1749	-1.733304	109.571337	0.016771	7.9
1750	-0.610670	109.535816	0.013705	7.9
1751	-1.151630	109.500326	0.005703	7.5
1752	-0.435061	109.464866	0.006757	8.2
1753	-0.782325	109.429436	0.003106	7.8
1754	-0.456211	109.394038	0.002809	7.9
1755	-0.343990	109.358669	0.004881	7.5
1756	-1.399994	109.323331	0.005721	7.6
1757	-0.768794	109.288024	0.011717	8.8
1758	-1.725174	109.252747	0.014620	9.1
1759	-1.311468	109.217501	0.004266	7.8
1760	-0.575398	109.182284	0.010360	7.8
1761	-2.016041	109.147098	0.004886	7.9
1762	-1.992730	109.111942	0.011244	8.5
1763	-1.644809	109.076817	0.011288	7.9
1764	-0.571276	109.041721	0.005170	8.6
1765	-1.909214	109.006656	0.010487	7.5
1766	-1.751512	108.971620	0.022587	8.3
1767	-0.471007	108.936615	0.012334	7.6
1768	-0.669420	108.901640	0.011323	7.6
1769	-1.843682	108.866694	0.006864	7.3
1770	-2.087741	108.831779	0.015508	7.9
1771	-0.275208	108.796893	0.004025	7.4
1772	-0.310433	108.762037	0.005223	7.9
1773	-1.407573	108.727211	0.007907	8.0
1774	-0.793722	108.692415	0.004045	7.9
1775	-0.362041	108.657648	0.002400	7.8
1776	-1.028825	108.622911	0.003328	8.0
1777	-1.778663	108.588203	0.023198	8.2
1778	-0.674376	108.553525	0.007585	7.8
1779	-1.523233	108.518877	0.008339	7.6
1780	-1.107214	108.484258	0.013209	7.9
1781	-0.615393	108.449668	0.009748	8.2
1782	-0.717622	108.415108	0.004562	7.6
1783	-0.876097	108.380578	0.024227	7.5
1784	-1.916454	108.346076	0.012767	7.7
1785	-1.778640	108.311604	0.012079	9.0
1786	-0.741843	108.277161	0.011146	8.0
1787	-0.653538	108.242747	0.007402	7.9
1788	-1.457404	108.208363	0.008239	8.4
1789	-0.901904	108.174007	0.006464	7.3
1790	-1.261806	108.139681	0.002966	8.2
1791	-1.700345	108.105383	0.006058	8.0
1792	-0.757884	108.071115	0.014686	8.5
1793	-1.581346	108.036875	0.005400	7.9
1794	-0.853162	108.002665	0.004602	8.6
1795	-0.562098	107.968483	0.004937	8.9
1796	-1.349334	107.934330	0.015248	11.2
1797	-0.958356	107.900206	0.004533	10.0
1798	-1.436263	107.866111	0.006301	8.2
1799	-0.482006	107.832044	0.006952	8.9
1800	-1.530002	107.798007	0.009180	7.9
1801	-1.635824	107.763997	0.024467	8.8
1802	-0.523035	107.730017	0.004512	8.5
1803	-1.018665	107.696065	0.011208	8.7
1804	-1.673486	107.662141	0.009292	8.8
1805	-1.951734	107.628246	0.003632	8.0
1806	-0.778169	107.594379	0.012509	8.4
1807	-1.537507	107.560541	0.015244	8.5
1808	-1.807265	107.526731	0.015526	8.9
1809	-1.498196	107.492949	0.013111	7.9
1810	-1.431057	107.459196	0.007316	9.0
1811	-0.756716	107.425471	0.007683	7.7
1812	-1.192624	107.391774	0.007155	8.1
1813	-1.741301	107.358106	0.019275	8.2
1814	-1.895593	107.324465	0.021948	7.8
1815	-1.577476	107.290853	0.009520	7.5
1816	-0.914141	107.257268	0.005934	8.1
1817	-0.524190	107.223712	0.004398	8.2
1818	-0.291844	107.190184	0.005594	7.7
1819	-1.312250	107.156683	0.004150	7.4
1820	-0.846811	107.123211	0.002934	8.1
1821	-1.495400	107.089766	0.005143	8.5
1822	-0.462456	107.056349	0.004458	8.4
1823	-1.401202	107.022960	0.016862	7.5
1824	-1.598435	106.989599	0.022417	7.8
1825	-2.015877	106.956265	0.013422	8.2
1826	-1.473596	106.922960	0.008446	7.9
1827	-1.844447	106.889681	0.015700	7.3
1828	-1.638784	106.856431	0.002781	9.6
1829	-1.884108	106.823208	0.010859	10.1
1830	-1.782251	106.790012	0.016696	7.7
1831	-1.794003	106.756844	0.011988	10.2
1832	-1.841861	106.723703	0.005685	7.8
1833	-1.659025	106.690590	0.005424	8.1
1834	-0.806110	106.657505	0.008580	7.5
1835	-1.278876	106.624446	0.019258	8.1
1836	-1.937201	106.591415	0.004413	7.7
1837	-1.505207	106.558411	0.017016	7.8
1838	-0.399180	106.525435	0.002106	8.1
1839	-1.332210	106.492485	0.013392	8.0
1840	-1.778491	106.459563	0.017018	7.8
1841	-0.734663	106.426668	0.004077	8.0
1842	-0.473052	106.393800	0.005423	7.9
1843	-1.322431	106.360959	0.011544	7.9
1844	-1.764143	106.328145	0.017826	7.8
1845	-0.624972	106.295358	0.004291	7.8
1846	-1.878873	106.262598	0.014341	11.2
1847	-1.717228	106.229865	0.007047	8.2
1848	-0.416715	106.197158	0.004498	8.9
1849	-0.349597	106.164479	0.004285	7.4
1850	-0.922785	106.131826	0.010566	8.2
1851	-1.862158	106.099201	0.003772	7.3
1852	-1.135775	106.066602	0.004997	8.6
1853	-1.949159	106.034029	0.014136	7.7
1854	-1.614551	106.001483	0.006137	8.0
1855	-0.706199	105.968964	0.006460	7.8
1856	-0.734802	105.936472	0.017707	8.4
1857	-1.915839	105.904006	0.015841	7.7
1858	-1.696167	105.871566	0.012396	8.8
1859	-0.447757	105.839153	0.007931	7.5
1860	-0.275066	105.806767	0.003296	7.8
1861	-0.537081	105.774407	0.002542	7.6
1862	-1.700471	105.742073	0.011528	7.9
1863	-1.745964	105.709766	0.015258	7.4
1864	-0.737547	105.677485	0.011029	7.9
1865	-1.818739	105.645230	0.011605	7.6
1866	-1.694133	105.613001	0.017632	8.3
1867	-1.194103	105.580799	0.015639	7.5
1868	-2.041436	105.548623	0.006926	8.7
1869	-0.446905	105.516473	0.003119	7.3
1870	-0.760163	105.484349	0.007027	7.9
1871	-0.525254	105.452251	0.006564	7.5
1872	-1.610170	105.420179	0.003339	8.8
1873	-1.804046	105.388133	0.012832	8.3
1874	-0.798497	105.356113	0.010739	8.1
1875	-0.604410	105.324119	0.010533	7.6
1876	-1.362860	105.292151	0.015708	6.6
1877	-1.828288	105.260209	0.007477	7.7
1878	-0.705886	105.228293	0.009354	8.4
1879	-0.766077	105.196402	0.004634	6.8
1880	-0.817921	105.164537	0.006960	8.6
1881	-1.951732	105.132698	0.011443	7.4
1882	-1.890502	105.100885	0.014755	8.4
1883	-0.559801	105.069097	0.005978	7.4
1884	-1.285893	105.037335	0.003618	8.8
1885	-1.353571	105.005598	0.004018	7.6
1886	-1.413650	104.973887	0.016318	8.7
1887	-1.765046	104.942202	0.007259	7.6
1888	-1.315744	104.910542	0.022381	7.8
1889	-1.841343	104.878907	0.016705	7.7
1890	-0.913945	104.847298	0.005473	8.4
1891	-1.856206	104.815715	0.006548	7.8
1892	-1.671087	104.784156	0.029556	7.4
1893	-1.179261	104.752623	0.009423	7.5
1894	-1.298816	104.721116	0.004799	8.3
1895	-1.346834	104.689633	0.010179	7.6
1896	-1.465334	104.658176	0.003053	7.8
1897	-1.813870	104.626744	0.013476	7.8
1898	-1.216101	104.595337	0.006351	9.1
1899	-1.763953	104.563955	0.006648	8.7
1900	-1.933086	104.532599	0.007947	8.0
1901	-1.799492	104.501267	0.007953	7.9
1902	-1.652535	104.469960	0.020161	8.0
1903	-0.488204	104.438679	0.007082	8.1
1904	-1.325535	104.407422	0.013386	8.1
1905	-1.451981	104.376191	0.016326	7.5
1906	-1.385195	104.344984	0.012085	9.0
1907	-1.672457	104.313802	0.012889	10.1
1908	-0.510529	104.282645	0.007464	8.1
1909	-1.867141	104.251513	0.010266	7.8
1910	-1.004386	104.220405	0.008721	7.3
1911	-0.286147	104.189323	0.004759	8.3
1912	-1.294945	104.158265	0.005697	9.2
1913	-1.142850	104.127231	0.009195	8.1
1914	-0.938503	104.096222	0.008934	7.3
1915	-1.625095	104.065238	0.019284	7.9
1916	-0.641202	104.034279	0.008326	8.0
1917	-1.446039	104.003344	0.005687	8.3
1918	-1.883253	103.972433	0.009986	7.4
1919	-1.631211	103.941547	0.020300	8.3
1920	-1.914781	103.910686	0.007307	8.2
1921	-1.366312	103.879849	0.005716	8.3
1922	-1.674468	103.849036	0.003480	6.7
1923	-0.910159	103.818248	0.003656	8.7
1924	-0.313847	103.787484	0.005935	7.6
1925	-1.179668	103.756744	0.013304	8.9
1926	-1.982654	103.726029	0.013026	7.4
1927	-1.440277	103.695338	0.008223	7.7
1928	-1.877719	103.664671	0.028398	7.6
1929	-0.674610	103.634028	0.006146	8.0
1930	-1.509016	103.603409	0.003568	7.2
1931	-0.642635	103.572814	0.007077	8.3
1932	-0.282730	103.542244	0.002063	7.6
1933	-1.814116	103.511698	0.016037	8.1
1934	-1.009483	103.481175	0.006898	7.3
1935	-0.287449	103.450677	0.003722	8.7
1936	-0.959941	103.420202	0.005194	8.2
1937	-1.738621	103.389752	0.002751	8.0
1938	-1.982488	103.359325	0.013909	8.5
1939	-1.314882	103.328922	0.008932	7.6
1940	-0.082234	103.298543	0.000692	7.8
1941	-1.289740	103.268188	0.006111	8.4
1942	-1.600622	103.237857	0.009665	7.6
1943	-0.640594	103.207549	0.005613	7.3
1944	-0.619780	103.177265	0.005078	7.9
1945	-1.817640	103.147005	0.013683	8.3
1946	-1.916772	103.116768	0.007325	7.7
1947	-1.872424	103.086556	0.007320	7.5
1948	-1.098560	103.056366	0.016561	10.0
1949	-0.223249	103.026200	0.002572	8.1
1950	-0.448382	102.996058	0.003561	8.3
1951	-1.914919	102.965939	0.015299	9.9
1952	-1.193116	102.935844	0.007750	9.2
1953	-1.998294	102.905772	0.006579	7.3
1954	-1.237622	102.875724	0.004231	8.9
1955	-1.873748	102.845699	0.006181	7.7
1956	-1.031919	102.815697	0.006079	8.2
1957	-1.902229	102.785719	0.014782	10.1
1958	-1.959345	102.755764	0.009548	9.6
1959	-2.010481	102.725832	0.007139	8.4
1960	-0.711147	102.695924	0.010093	7.8
1961	-1.442801	102.666038	0.008899	8.3
1962	-0.947021	102.636176	0.008721	8.0
1963	-0.667114	102.606337	0.008879	8.9
1964	-1.262043	102.576521	0.006435	8.7
1965	-1.916962	102.546728	0.023436	8.6
1966	-1.264683	102.516959	0.016163	9.4
1967	-1.576754	102.487212	0.018959	9.6
1968	-1.870465	102.457488	0.007685	8.5
1969	-1.287151	102.427788	0.006277	7.4
1970	-1.577975	102.398110	0.008024	7.4
1971	-1.904986	102.368455	0.008274	7.7
1972	-0.445362	102.338823	0.002761	8.0
1973	-0.213243	102.309214	0.004238	7.9
1974	-1.970547	102.279628	0.013616	8.2
1975	-1.054407	102.250064	0.004729	8.1
1976	-1.532669	102.220524	0.007439	7.8
1977	-0.213123	102.191006	0.002934	7.9
1978	-1.896029	102.161511	0.013273	7.7
1979	-0.680284	102.132038	0.002049	8.0
1980	-1.644866	102.102588	0.005894	7.7
1981	-1.382735	102.073161	0.015912	8.0
1982	-1.878669	102.043757	0.009764	7.5
1983	-1.848617	102.014375	0.020903	7.8
1984	-0.779359	101.985015	0.007543	7.6
1985	-1.711719	101.955678	0.009384	7.7
1986	-0.295107	101.926364	0.002148	8.0
1987	-1.875766	101.897072	0.028629	8.4
1988	-0.315722	101.867802	0.001638	7.6
1989	-1.627244	101.838555	0.010802	8.6
1990	-0.587109	101.809330	0.011774	7.3
1991	-1.688218	101.780128	0.007104	7.9
1992	-1.965573	101.750948	0.010677	7.8
1993	-1.753519	101.721790	0.011945	7.8
1994	-0.404702	101.692654	0.002905	7.9
1995	-2.063805	101.663541	0.007628	8.1
1996	-1.929918	101.634450	0.017139	7.6
1997	-1.838699	101.605381	0.020426	7.8
1998	-0.805861	101.576335	0.006123	8.1
1999	-0.586809	101.547310	0.005375	8.0
