1:ItNr	2:Metric	3:StepSize	4:||Gradient||	Time[ms]
0	-1.098138	627.201626	0.011501	493.3
1	-1.160955	623.504937	0.017584	7.5
2	-0.725264	619.865785	0.014486	7.6
3	-1.168634	616.282728	0.010571	8.0
4	-0.214991	612.754375	0.003035	10.3
5	-1.283328	609.279381	0.012074	9.2
6	-0.959388	605.856447	0.021046	7.6
7	-0.015407	602.484317	0.000231	7.6
8	-0.612619	599.161779	0.008054	7.7
9	-0.657455	595.887656	0.012524	9.9
10	-0.735081	592.660813	0.008750	7.5
11	-0.670282	589.480151	0.011338	8.7
12	-0.724032	586.344606	0.012841	7.6
13	-0.834530	583.253145	0.010073	7.7
14	-1.110569	580.204771	0.010934	10.5
15	-1.185360	577.198517	0.012078	8.8
16	-1.044667	574.233444	0.010536	7.5
17	-1.205661	571.308645	0.015119	7.2
18	-1.189025	568.423237	0.018592	7.9
19	-0.633875	565.576365	0.011346	10.1
20	-0.009131	562.767201	0.000093	7.6
21	-0.322700	559.994938	0.004680	8.8
22	-0.579824	557.258797	0.012734	7.5
23	-1.123940	554.558018	0.013414	7.5
24	-1.264487	551.891865	0.012323	10.5
25	-0.973015	549.259621	0.013898	8.8
26	-1.132423	546.660592	0.013305	8.4
27	-0.973130	544.094102	0.007663	7.5
28	-0.882647	541.559494	0.009958	7.5
29	-1.152222	539.056129	0.022010	10.9
30	-1.055870	536.583387	0.010611	8.5
31	-0.267332	534.140663	0.004596	8.2
32	-0.190264	531.727370	0.003863	8.1
33	-0.797273	529.342935	0.009389	8.3
34	-1.231908	526.986802	0.012089	10.2
35	-1.035843	524.658430	0.016189	8.8
36	-0.466135	522.357290	0.004710	8.2
37	-0.326063	520.082868	0.001590	6.7
38	-1.155604	517.834665	0.011596	9.3
39	-1.002675	515.612193	0.012338	7.7
40	-0.731827	513.414976	0.009913	8.9
41	-0.662200	511.242551	0.006069	12.8
42	-1.366541	509.094468	0.012926	11.9
43	-1.048056	506.970285	0.008760	9.8
44	-0.715193	504.869574	0.011723	8.4
45	-0.688224	502.791916	0.010312	8.1
46	-0.481046	500.736903	0.004845	7.7
47	-1.217277	498.704137	0.016168	10.3
48	-1.176887	496.693228	0.015780	7.5
49	-0.498657	494.703798	0.008358	9.0
50	-0.730453	492.735476	0.009216	7.2
51	-0.041639	490.787900	0.001337	9.2
52	-0.799914	488.860718	0.009254	7.8
53	-1.256046	486.953585	0.015462	8.7
54	-1.159725	485.066164	0.012963	7.7
55	-0.939959	483.198126	0.015261	8.0
56	-1.184770	481.349149	0.012574	10.6
57	-0.684795	479.518920	0.009694	7.8
58	-0.927835	477.707132	0.009988	7.9
59	-1.122132	475.913485	0.010572	7.7
60	-0.688101	474.137684	0.005345	7.7
61	-1.076547	472.379445	0.012060	10.4
62	-0.019304	470.638485	0.000377	8.5
63	-0.093082	468.914531	0.001938	7.9
64	-0.536499	467.207315	0.006079	7.6
65	-1.186787	465.516573	0.010185	8.2
66	-0.430785	463.842050	0.003262	11.0
67	-0.559035	462.183494	0.010236	7.7
68	-0.753790	460.540658	0.010347	7.9
69	-0.602008	458.913303	0.007739	7.9
70	-0.136740	457.301192	0.001927	8.1
71	-1.196865	455.704096	0.019243	11.3
72	-0.544866	454.121787	0.007202	9.0
73	-1.273461	452.554045	0.016377	8.4
74	-0.978872	451.000653	0.012506	7.8
75	-1.328954	449.461399	0.013951	7.7
76	-0.179532	447.936075	0.005677	9.5
77	-0.683501	446.424477	0.007083	7.0
78	-0.488408	444.926406	0.009582	8.8
79	-1.123565	443.441666	0.010254	8.6
80	-1.204883	441.970065	0.010124	8.0
81	-1.183930	440.511415	0.015764	11.9
82	-1.055511	439.065533	0.007287	7.9
83	-0.676817	437.632238	0.012577	8.0
84	-0.842041	436.211351	0.007372	7.8
85	-1.047754	434.802701	0.011213	8.4
86	-0.241612	433.406117	0.004420	11.4
87	-1.180061	432.021430	0.012981	9.6
88	-0.938686	430.648479	0.008146	7.7
89	-0.790038	429.287101	0.013208	8.1
90	-0.962363	427.937140	0.007015	7.8
91	-0.522604	426.598440	0.006142	10.8
92	-1.086997	425.270849	0.008838	7.9
93	-0.252958	423.954220	0.002773	8.0
94	-1.061615	422.648404	0.012541	9.1
95	-0.271421	421.353259	0.004137	10.8
96	-0.579765	420.068643	0.007296	9.4
97	-0.207707	418.794419	0.001886	6.9
98	-1.157301	417.530451	0.011936	7.7
99	-0.864834	416.276604	0.011049	7.5
100	-0.804585	415.032748	0.011929	11.3
101	-1.307175	413.798754	0.008512	7.8
102	-0.830419	412.574495	0.011065	8.7
103	-1.072009	411.359849	0.008946	6.7
104	-1.260258	410.154691	0.013661	7.7
105	-0.559928	408.958904	0.006877	10.5
106	-0.566826	407.772368	0.006882	8.8
107	-0.692509	406.594968	0.012577	8.4
108	-0.295889	405.426590	0.004703	7.9
109	-0.977734	404.267122	0.009412	8.3
110	-1.176325	403.116456	0.014033	10.5
111	-1.179411	401.974481	0.012605	9.0
112	-0.673521	400.841093	0.004230	8.3
113	-1.207925	399.716187	0.014193	7.7
114	-1.332292	398.599660	0.013735	10.3
115	-1.165747	397.491411	0.009373	8.5
116	-0.689711	396.391342	0.009286	7.5
117	-0.699937	395.299353	0.004950	8.4
118	-1.197354	394.215350	0.007838	7.7
119	-1.158741	393.139238	0.005822	10.2
120	-1.258694	392.070924	0.010851	7.6
121	-1.294578	391.010316	0.008016	8.7
122	-0.264144	389.957325	0.003285	7.6
123	-1.254601	388.911862	0.009984	9.7
124	-0.716423	387.873839	0.007860	10.5
125	-0.629084	386.843173	0.007810	9.3
126	-1.036913	385.819777	0.013954	7.5
127	-1.201779	384.803569	0.005939	7.6
128	-1.043107	383.794468	0.014947	10.2
129	-1.048173	382.792393	0.009949	8.2
130	-0.495303	381.797264	0.007309	9.2
131	-1.205776	380.809005	0.010368	7.6
132	-1.118683	379.827537	0.010357	7.7
133	-0.405689	378.852786	0.004515	9.7
134	-1.081226	377.884678	0.013698	9.2
135	-0.704366	376.923138	0.013344	7.6
136	-1.165731	375.968095	0.008529	7.6
137	-0.610571	375.019479	0.008345	7.5
138	-1.117874	374.077218	0.012389	10.2
139	-1.110636	373.141244	0.007903	7.9
140	-0.800770	372.211489	0.009993	8.5
141	-0.896845	371.287887	0.008982	7.5
142	-1.223864	370.370370	0.011167	6.8
143	-1.024517	369.458876	0.010454	10.1
144	-1.001700	368.553338	0.007524	9.0
145	-1.200164	367.653696	0.009356	7.8
146	-1.124457	366.759885	0.010454	7.8
147	-0.879421	365.871846	0.010198	6.5
148	-0.830448	364.989518	0.006699	10.3
149	-0.686514	364.112841	0.007609	7.7
150	-1.014269	363.241757	0.007208	10.6
151	-0.686812	362.376208	0.003556	6.7
152	-1.121048	361.516137	0.007328	7.6
153	-0.640019	360.661488	0.009475	9.7
154	-0.466457	359.812206	0.008309	8.5
155	-0.833183	358.968236	0.005805	7.3
156	-1.288296	358.129524	0.009142	8.2
157	-1.233536	357.296018	0.009149	7.8
158	-0.426465	356.467665	0.006987	10.5
159	-0.611770	355.644414	0.007800	7.5
160	-0.980115	354.826213	0.009608	8.6
161	-0.764449	354.013012	0.009055	10.9
162	-0.044273	353.204763	0.001061	6.4
163	-0.102375	352.401415	0.002156	12.4
164	-0.650283	351.602922	0.009570	7.7
165	-1.182713	350.809235	0.013403	7.4
166	-0.473725	350.020308	0.006692	7.6
167	-1.321979	349.236095	0.010494	9.7
168	-1.091346	348.456550	0.010722	8.5
169	-0.540259	347.681627	0.007779	9.3
170	-1.000509	346.911283	0.008648	8.3
171	-0.860902	346.145474	0.006221	7.7
172	-0.905005	345.384157	0.006516	10.7
173	-0.705657	344.627288	0.006306	8.7
174	-1.259275	343.874826	0.012040	6.5
175	-1.138436	343.126729	0.018058	8.4
176	-0.956923	342.382957	0.011395	9.4
177	-0.852787	341.643469	0.009446	8.7
178	-0.875152	340.908224	0.009721	6.6
179	-0.695067	340.177184	0.011692	7.6
180	-1.224757	339.450309	0.012629	9.8
181	-0.798987	338.727561	0.006048	15.5
182	-1.100021	338.008902	0.012973	14.2
183	-0.932923	337.294295	0.007475	9.2
184	-1.042889	336.583703	0.011970	7.8
185	-0.600681	335.877089	0.005586	10.4
186	-0.730748	335.174416	0.007621	7.7
187	-1.351319	334.475651	0.009048	8.8
188	-1.180890	333.780756	0.010221	7.6
189	-0.378926	333.089698	0.007152	7.5
190	-0.027658	332.402443	0.001190	9.9
191	-0.666452	331.718955	0.008603	8.8
192	-0.831616	331.039203	0.008995	7.5
193	-0.406067	330.363153	0.005798	7.6
194	-0.953579	329.690771	0.008299	7.6
195	-1.086766	329.022027	0.008123	10.8
196	-1.258277	328.356888	0.009745	7.5
197	-0.879627	327.695322	0.007260	9.5
198	-1.061302	327.037299	0.008935	7.6
199	-0.084074	326.382787	0.000722	7.8
200	-0.865107	325.731758	0.012070	9.8
201	-0.012210	325.084179	0.001348	8.6
202	-0.918994	324.440023	0.006642	7.8
203	-1.239262	323.799258	0.009705	7.6
204	-0.386907	323.161858	0.006030	7.6
205	-0.064081	322.527792	0.001268	9.8
206	-0.866024	321.897034	0.007343	7.7
207	-1.162399	321.269554	0.009260	8.7
208	-1.298910	320.645325	0.009360	7.6
209	-1.124195	320.024320	0.009891	7.6
210	-0.336271	319.406512	0.004396	11.5
211	-0.743567	318.791875	0.008568	8.1
212	-1.258150	318.180381	0.012274	7.7
213	-0.599821	317.572005	0.007980	7.7
214	-1.191082	316.966721	0.014474	7.6
215	-0.270136	316.364504	0.004922	10.6
216	-0.556821	315.765329	0.005129	11.9
217	-0.419550	315.169170	0.003954	12.3
218	-1.218824	314.576003	0.010726	12.8
219	-1.287094	313.985804	0.009502	7.8
220	-1.276071	313.398548	0.010523	7.5
221	-0.304469	312.814213	0.004843	8.7
222	-1.284218	312.232773	0.011366	7.7
223	-0.304666	311.654207	0.003653	10.5
224	-1.124942	311.078491	0.005523	7.5
225	-0.135798	310.505602	0.001637	7.9
226	-0.601864	309.935518	0.004925	7.5
227	-0.934030	309.368217	0.009368	8.8
228	-0.965703	308.803676	0.010808	11.7
229	-0.635114	308.241874	0.008176	9.9
230	-0.689159	307.682789	0.009621	7.6
231	-0.724127	307.126400	0.017528	7.6
232	-0.818519	306.572687	0.012006	8.5
233	-1.093734	306.021627	0.006214	10.4
234	-1.293482	305.473201	0.009820	8.5
235	-0.989135	304.927388	0.007766	7.6
236	-0.649599	304.384168	0.008720	8.3
237	-0.558420	303.843521	0.006201	8.6
238	-0.997044	303.305427	0.012388	9.3
239	-1.219318	302.769867	0.011056	7.7
240	-0.929781	302.236821	0.007850	7.8
241	-0.818390	301.706270	0.008689	7.6
242	-1.358548	301.178196	0.011487	10.1
243	-0.619231	300.652580	0.002462	7.1
244	-1.348853	300.129402	0.013579	8.2
245	-1.374244	299.608645	0.013326	7.5
246	-0.218169	299.090291	0.003192	7.6
247	-1.136219	298.574321	0.007648	10.3
248	-1.201088	298.060718	0.011188	8.4
249	-0.530961	297.549465	0.008969	7.5
250	-0.792663	297.040543	0.006742	7.6
251	-0.674094	296.533936	0.006746	7.5
252	-0.065583	296.029626	0.000797	10.3
253	-1.349260	295.527597	0.008358	7.9
254	-0.975928	295.027832	0.008096	8.8
255	-0.421765	294.530315	0.005191	7.5
256	-1.161449	294.035028	0.007418	7.7
257	-1.299653	293.541956	0.014332	10.6
258	-0.986936	293.051083	0.015447	8.4
259	-0.568710	292.562393	0.008316	7.5
260	-0.663023	292.075870	0.004051	7.6
261	-1.298364	291.591498	0.010583	7.5
262	-1.134758	291.109263	0.010999	10.4
263	-1.213380	290.629149	0.008204	7.6
264	-1.169060	290.151140	0.010017	8.6
265	-0.771198	289.675222	0.010511	7.4
266	-1.014044	289.201380	0.014825	7.5
267	-0.046285	288.729600	0.000502	9.1
268	-0.659489	288.259866	0.003775	9.4
269	-1.408932	287.792165	0.011877	8.1
270	-1.103220	287.326481	0.007137	7.8
271	-0.449906	286.862802	0.006772	7.6
272	-1.193462	286.401113	0.008517	8.9
273	-1.293133	285.941400	0.011647	8.3
274	-0.908719	285.483649	0.010598	8.7
275	-0.822859	285.027847	0.005950	7.8
276	-0.904402	284.573981	0.014783	7.6
277	-0.892192	284.122037	0.004314	10.9
278	-1.293622	283.672002	0.016791	7.7
279	-0.968821	283.223863	0.008009	7.7
280	-1.308503	282.777607	0.010116	7.5
281	-0.263086	282.333221	0.003800	8.3
282	-1.222100	281.890692	0.008555	10.6
283	-0.756017	281.450008	0.006878	8.6
284	-0.876569	281.011157	0.010548	8.3
285	-1.262988	280.574125	0.011300	7.6
286	-1.314654	280.138901	0.009463	7.7
287	-1.338797	279.705473	0.013281	10.0
288	-0.961790	279.273829	0.007221	7.6
289	-0.340922	278.843956	0.003940	8.8
290	-0.829853	278.415844	0.010469	7.7
291	-1.127303	277.989479	0.006095	7.4
292	-0.593651	277.564851	0.006776	10.6
293	-0.353721	277.141949	0.004689	8.5
294	-1.022572	276.720761	0.009225	7.5
295	-0.441869	276.301275	0.004502	7.6
296	-1.322181	275.883480	0.010490	8.2
297	-1.148558	275.467366	0.012972	10.4
298	-0.564440	275.052922	0.003708	7.5
299	-0.638037	274.640136	0.004294	8.7
300	-1.189051	274.228998	0.007957	7.9
301	-0.851922	273.819497	0.008977	8.1
302	-0.168180	273.411623	0.002774	9.9
303	-1.153764	273.005365	0.006852	8.6
304	-0.085521	272.600712	0.002325	7.7
305	-1.156846	272.197655	0.008073	7.6
306	-0.651565	271.796184	0.008535	7.5
307	-0.284945	271.396287	0.002890	11.7
308	-0.194765	270.997956	0.003592	7.5
309	-0.692767	270.601180	0.007517	8.7
310	-1.006392	270.205949	0.007962	7.7
311	-0.612106	269.812254	0.007619	7.7
312	-0.844956	269.420085	0.006474	11.3
313	-1.176053	269.029432	0.011263	7.7
314	-0.411704	268.640287	0.004971	7.7
315	-0.939756	268.252638	0.004813	7.3
316	-0.655079	267.866478	0.005890	7.5
317	-0.637990	267.481796	0.005485	10.1
318	-0.076806	267.098584	0.000576	7.9
319	-0.214824	266.716833	0.003491	8.0
320	-0.759620	266.336533	0.009246	7.6
321	-0.429129	265.957676	0.005858	7.7
322	-0.282333	265.580253	0.002058	11.0
323	-1.032898	265.204254	0.013177	7.8
324	-0.760366	264.829672	0.005872	8.0
325	-1.217651	264.456497	0.010201	8.8
326	-1.225400	264.084721	0.008212	8.6
327	-0.694380	263.714335	0.009189	10.9
328	-1.095971	263.345332	0.009262	8.9
329	-0.303107	262.977702	0.003464	7.5
330	-0.789697	262.611438	0.009265	7.8
331	-0.938623	262.246531	0.009659	10.2
332	-0.739683	261.882973	0.005967	8.6
333	-1.342400	261.520756	0.007588	7.5
334	-1.287523	261.159871	0.008582	7.7
335	-1.169276	260.800312	0.010915	7.6
336	-1.251235	260.442070	0.009776	10.5
337	-1.268479	260.085137	0.006705	7.5
338	-1.288291	259.729505	0.007194	8.7
339	-0.197870	259.375167	0.002005	7.6
340	-0.375815	259.022116	0.004358	7.7
341	-1.255847	258.670343	0.011630	10.5
342	-0.383862	258.319841	0.004936	8.5
343	-1.194021	257.970602	0.014244	7.6
344	-1.181793	257.622620	0.007710	7.6
345	-0.852254	257.275887	0.007691	7.7
346	-1.142880	256.930396	0.009790	10.6
347	-0.573686	256.586139	0.005944	8.5
348	-0.671785	256.243109	0.008955	7.8
349	-1.073441	255.901300	0.009410	7.9
350	-0.889422	255.560703	0.009425	7.2
351	-0.246815	255.221313	0.002911	10.4
352	-0.716413	254.883122	0.006521	7.5
353	-0.784681	254.546124	0.008284	8.8
354	-0.801230	254.210311	0.004360	8.7
355	-0.736638	253.875677	0.007321	7.6
356	-0.543665	253.542215	0.007698	9.9
357	-0.319802	253.209918	0.003743	11.2
358	-0.866066	252.878781	0.007162	7.3
359	-1.187041	252.548795	0.008024	7.7
360	-0.239044	252.219956	0.003079	8.0
361	-1.196288	251.892255	0.011168	11.7
362	-1.007661	251.565688	0.008139	8.0
363	-0.488555	251.240247	0.004372	7.8
364	-0.282638	250.915926	0.002093	7.4
365	-0.461007	250.592720	0.005527	11.2
366	-0.816065	250.270621	0.008401	8.7
367	-1.336927	249.949624	0.010212	7.7
368	-0.970321	249.629723	0.007446	7.7
369	-0.782235	249.310911	0.005932	7.7
370	-0.348961	248.993182	0.010198	10.1
371	-1.187539	248.676531	0.010258	7.6
372	-1.076994	248.360952	0.005988	8.9
373	-1.138337	248.046438	0.006769	7.5
374	-0.957851	247.732984	0.010459	7.5
375	-1.350285	247.420584	0.007426	10.6
376	-0.664821	247.109233	0.007829	9.4
377	-0.650230	246.798924	0.006410	7.6
378	-0.857416	246.489652	0.007536	7.5
379	-0.100976	246.181412	0.002613	7.2
380	-1.021906	245.874197	0.008795	10.4
381	-1.047923	245.568002	0.009270	7.6
382	-0.370560	245.262822	0.005908	8.5
383	-0.937458	244.958652	0.009978	7.6
384	-1.285083	244.655485	0.013098	7.5
385	-0.997044	244.353317	0.008507	10.2
386	-0.958968	244.052142	0.008477	8.9
387	-0.680961	243.751955	0.006455	7.0
388	-0.842609	243.452750	0.009858	7.6
389	-0.888715	243.154523	0.007841	7.5
390	-1.272879	242.857268	0.007621	12.1
391	-1.339570	242.560980	0.005866	7.5
392	-1.151787	242.265654	0.007381	8.7
393	-0.194757	241.971285	0.002917	7.8
394	-1.137782	241.677868	0.007974	7.5
395	-0.928252	241.385397	0.006677	10.0
396	-0.943515	241.093869	0.005692	8.6
397	-1.372397	240.803278	0.007814	8.3
398	-1.242121	240.513619	0.012012	7.6
399	-0.691941	240.224887	0.007487	7.5
400	-0.248825	239.937077	0.003362	10.2
401	-0.760061	239.650186	0.004712	7.0
402	-0.458912	239.364207	0.003122	8.9
403	-1.126391	239.079136	0.010738	7.5
404	-1.069732	238.794969	0.006545	7.7
405	-0.123441	238.511701	0.001975	10.8
406	-1.208425	238.229327	0.008952	10.3
407	-1.267169	237.947843	0.007109	8.7
408	-1.296987	237.667244	0.007779	7.5
409	-0.308174	237.387526	0.001512	7.6
410	-0.325530	237.108684	0.003952	10.8
411	-1.050207	236.830714	0.005129	8.6
412	-1.026726	236.553610	0.006167	7.5
413	-0.625177	236.277370	0.004293	7.5
414	-0.747905	236.001989	0.004367	9.6
415	-1.075315	235.727461	0.010313	8.5
416	-1.266793	235.453784	0.017587	7.6
417	-0.523873	235.180952	0.009803	7.6
418	-1.219399	234.908962	0.010216	7.6
419	-0.910786	234.637809	0.012467	10.3
420	-1.348202	234.367488	0.014292	7.7
421	-0.914399	234.097997	0.008403	8.7
422	-1.245152	233.829331	0.006660	7.5
423	-0.755410	233.561485	0.007823	7.3
424	-0.428721	233.294456	0.003454	10.5
425	-0.414330	233.028239	0.004444	8.8
426	-0.695608	232.762831	0.011696	7.5
427	-1.312526	232.498228	0.008844	7.7
428	-1.270765	232.234425	0.008072	7.5
429	-0.911013	231.971419	0.007460	9.9
430	-1.072975	231.709205	0.009676	7.7
431	-0.723996	231.447781	0.008612	8.7
432	-1.084338	231.187141	0.008419	7.6
433	-0.922864	230.927283	0.005905	8.5
434	-0.869833	230.668202	0.016194	9.9
435	-0.585416	230.409895	0.005401	7.3
436	-0.178289	230.152358	0.003837	7.6
437	-0.297024	229.895587	0.002145	7.2
438	-0.507620	229.639578	0.004262	7.6
439	-0.449884	229.384329	0.006717	10.3
440	-1.021130	229.129834	0.009531	7.5
441	-0.970416	228.876091	0.010012	8.8
442	-1.309986	228.623096	0.007650	7.6
443	-1.204528	228.370846	0.009317	7.7
444	-0.832919	228.119336	0.005922	10.1
445	-1.003818	227.868563	0.006479	8.7
446	-0.720624	227.618525	0.009049	7.6
447	-1.141542	227.369216	0.008002	7.5
448	-1.043234	227.120635	0.007233	7.5
449	-1.212396	226.872777	0.011586	10.1
450	-1.216147	226.625638	0.007615	7.5
451	-0.776910	226.379217	0.007011	8.5
452	-0.728236	226.133509	0.009397	7.5
453	-0.961429	225.888510	0.006202	6.9
454	-1.170302	225.644218	0.007213	10.3
455	-1.182366	225.400630	0.006588	8.4
456	-0.949095	225.157741	0.009031	7.6
457	-0.986139	224.915549	0.009774	7.8
458	-0.620514	224.674051	0.010023	7.5
459	-0.006517	224.433242	0.000773	10.6
460	-1.293130	224.193121	0.006095	7.8
461	-0.324006	223.953684	0.002104	8.4
462	-0.717989	223.714927	0.007864	7.5
463	-0.119508	223.476848	0.002622	6.8
464	-0.566419	223.239444	0.003590	10.1
465	-0.560030	223.002710	0.008819	8.0
466	-1.363092	222.766645	0.015825	7.7
467	-1.348854	222.531245	0.012216	7.7
468	-0.324257	222.296508	0.005512	7.5
469	-0.983458	222.062429	0.004160	10.2
470	-0.645128	221.829007	0.005261	7.6
471	-0.577022	221.596238	0.008064	8.4
472	-0.858980	221.364119	0.006676	7.5
473	-1.262071	221.132647	0.008420	7.6
474	-1.243681	220.901820	0.005499	11.7
475	-1.139577	220.671634	0.011276	8.4
476	-1.093732	220.442086	0.006771	7.7
477	-1.312190	220.213174	0.010941	7.6
478	-0.126223	219.984895	0.001253	7.5
479	-1.241653	219.757246	0.008158	10.5
480	-1.301697	219.530224	0.012804	8.8
481	-0.945461	219.303826	0.005778	8.0
482	-1.193926	219.078050	0.009967	7.9
483	-0.725989	218.852893	0.004840	7.5
484	-1.274100	218.628352	0.008951	10.2
485	-1.241638	218.404424	0.009848	7.7
486	-0.478684	218.181106	0.003726	7.6
487	-0.737007	217.958397	0.010017	7.5
488	-1.096115	217.736292	0.007437	7.5
489	-0.769824	217.514790	0.011527	10.3
490	-0.320442	217.293888	0.004996	8.1
491	-0.604847	217.073584	0.005778	7.5
492	-0.337046	216.853873	0.005967	7.6
493	-0.642463	216.634755	0.006296	8.4
494	-1.269021	216.416227	0.007503	10.6
495	-1.209750	216.198285	0.011517	7.5
496	-0.546842	215.980927	0.003991	10.1
497	-0.842091	215.764151	0.007254	8.3
498	-1.022495	215.547955	0.009513	7.7
499	-1.272277	215.332335	0.009440	11.2
500	-0.967732	215.117289	0.006237	8.5
501	-1.079070	214.902815	0.007567	7.7
502	-0.866287	214.688911	0.008735	7.8
503	-1.326646	214.475573	0.011517	9.5
504	-0.870709	214.262800	0.006581	7.7
505	-1.133275	214.050588	0.009726	7.7
506	-1.118443	213.838936	0.006144	8.7
507	-1.372975	213.627842	0.007809	7.8
508	-0.716271	213.417302	0.002638	10.1
509	-0.056305	213.207314	0.002276	9.3
510	-0.667141	212.997877	0.005015	7.6
511	-1.102409	212.788987	0.007903	7.7
512	-0.751630	212.580642	0.005524	7.1
513	-0.002121	212.372841	0.000176	10.5
514	-0.697365	212.165581	0.007079	8.4
515	-0.159623	211.958859	0.003713	7.5
516	-0.804458	211.752673	0.007973	7.6
517	-1.295610	211.547021	0.009055	8.0
518	-0.629101	211.341902	0.006743	10.5
519	-1.235729	211.137311	0.007554	8.6
520	-1.139934	210.933248	0.011628	7.6
521	-0.464087	210.729710	0.008429	7.8
522	-1.207706	210.526695	0.007781	7.4
523	-1.298430	210.324200	0.008138	10.5
524	-0.899218	210.122224	0.008320	8.7
525	-0.594708	209.920765	0.003364	8.6
526	-0.837205	209.719820	0.005655	7.6
527	-0.106770	209.519387	0.002405	7.5
528	-0.717957	209.319463	0.007175	10.8
529	-1.430974	209.120048	0.009021	10.7
530	-1.096406	208.921139	0.008502	8.6
531	-0.547831	208.722733	0.005565	7.3
532	-1.197134	208.524829	0.012975	7.6
533	-1.260961	208.327425	0.007298	10.5
534	-0.011822	208.130518	0.000074	6.4
535	-1.253209	207.934107	0.006431	8.4
536	-0.304685	207.738189	0.005299	7.6
537	-0.834470	207.542762	0.008750	7.5
538	-1.377460	207.347825	0.009680	11.2
539	-0.361155	207.153376	0.006469	7.8
540	-0.181231	206.959412	0.001557	7.7
541	-1.204713	206.765932	0.008282	7.6
542	-0.366031	206.572933	0.004866	10.5
543	-1.346719	206.380414	0.007693	7.5
544	-0.790432	206.188373	0.005866	8.7
545	-0.781419	205.996807	0.009218	7.7
546	-1.160111	205.805716	0.013706	13.2
547	-1.269969	205.615096	0.006571	12.4
548	-1.371251	205.424946	0.007792	14.3
549	-1.126686	205.235265	0.008006	13.4
550	-1.146757	205.046050	0.006445	13.9
551	-1.206498	204.857299	0.007420	13.7
552	-0.674940	204.669011	0.006863	12.5
553	-0.880996	204.481184	0.006430	13.1
554	-0.514901	204.293816	0.004463	13.7
555	-0.839140	204.106905	0.008777	13.1
556	-1.004311	203.920449	0.006490	8.4
557	-0.798662	203.734447	0.007642	8.8
558	-1.065737	203.548896	0.006506	8.6
559	-1.151527	203.363795	0.009162	9.2
560	-1.007646	203.179143	0.007445	7.5
561	-1.272647	202.994937	0.006841	7.7
562	-1.093646	202.811176	0.008219	10.2
563	-0.180444	202.627857	0.002284	8.1
564	-0.666016	202.444980	0.006859	7.2
565	-1.279260	202.262543	0.012480	7.7
566	-0.190331	202.080543	0.004820	7.4
567	-1.251759	201.898979	0.010390	10.4
568	-0.845982	201.717849	0.004349	7.6
569	-1.274375	201.537153	0.009353	8.8
570	-0.597586	201.356887	0.007244	7.5
571	-0.480551	201.177050	0.004757	7.7
572	-0.993360	200.997642	0.005619	10.9
573	-1.434862	200.818659	0.010416	8.3
574	-0.628601	200.640100	0.014391	7.6
575	-0.011331	200.461965	0.000225	7.7
576	-0.744042	200.284250	0.009236	7.3
577	-0.667987	200.106955	0.008081	10.3
578	-0.734318	199.930078	0.006805	9.4
579	-0.703009	199.753617	0.007964	9.1
580	-0.736091	199.577571	0.009757	7.9
581	-0.773224	199.401938	0.010004	8.1
582	-0.753161	199.226717	0.006317	10.8
583	-1.176109	199.051905	0.006391	7.6
584	-1.366471	198.877502	0.012114	7.7
585	-1.199927	198.703506	0.007455	7.5
586	-0.934723	198.529916	0.006840	10.3
587	-0.221487	198.356729	0.002732	6.6
588	-1.016573	198.183944	0.007767	9.3
589	-0.420647	198.011560	0.004549	7.1
590	-0.306266	197.839576	0.005405	7.8
591	-0.359880	197.667989	0.003859	10.5
592	-1.195276	197.496798	0.009080	8.7
593	-0.186718	197.326002	0.001643	8.3
594	-1.034047	197.155600	0.006415	7.7
595	-0.673283	196.985589	0.006896	7.6
596	-0.982665	196.815969	0.007495	9.5
597	-0.980716	196.646738	0.013928	7.2
598	-0.535768	196.477894	0.007619	8.5
599	-0.856315	196.309436	0.010721	7.6
600	-0.251161	196.141363	0.001457	7.8
601	-0.477045	195.973673	0.002944	10.0
602	-1.091913	195.806365	0.013314	8.4
603	-1.214585	195.639437	0.006149	7.7
604	-0.957650	195.472888	0.008049	7.5
605	-0.777157	195.306717	0.005943	7.6
606	-0.210591	195.140922	0.003528	10.3
607	-1.168078	194.975501	0.009721	8.6
608	-0.106618	194.810454	0.001163	8.2
609	-1.304626	194.645779	0.008022	7.6
610	-0.425610	194.481475	0.002553	7.5
611	-1.209794	194.317540	0.006193	11.4
612	-1.360694	194.153973	0.006056	7.6
613	-1.318221	193.990773	0.007174	7.7
614	-0.981053	193.827938	0.004453	8.7
615	-0.821054	193.665467	0.008412	7.6
616	-0.749872	193.503358	0.009421	10.2
617	-1.281923	193.341611	0.009616	8.5
618	-0.641755	193.180224	0.002803	7.6
619	-0.279306	193.019196	0.002286	6.1
620	-0.899311	192.858525	0.008473	7.5
621	-1.224104	192.698210	0.006375	10.2
622	-0.666687	192.538251	0.005601	7.6
623	-1.297864	192.378644	0.008767	8.6
624	-0.925556	192.219391	0.009103	7.5
625	-0.855093	192.060488	0.008676	7.8
626	-1.103151	191.901935	0.008967	10.4
627	-1.145862	191.743730	0.009658	8.6
628	-0.883286	191.585873	0.007522	8.2
629	-1.135275	191.428362	0.011087	7.7
630	-1.135811	191.271196	0.010389	7.5
631	-1.185332	191.114374	0.010569	10.0
632	-1.129953	190.957893	0.013999	7.6
633	-1.163836	190.801755	0.008622	8.4
634	-0.584673	190.645956	0.008350	7.6
635	-1.316990	190.490495	0.008350	7.6
636	-0.587961	190.335373	0.006321	10.7
637	-0.454955	190.180587	0.002108	8.2
638	-0.401518	190.026136	0.004271	7.6
639	-0.347029	189.872019	0.003953	7.6
640	-1.291356	189.718235	0.008731	7.5
641	-1.262439	189.564782	0.008222	10.6
642	-0.790073	189.411661	0.005754	7.6
643	-0.693542	189.258868	0.007367	8.9
644	-1.317647	189.106404	0.006701	7.6
645	-1.323867	188.954267	0.010752	7.6
646	-1.307977	188.802456	0.008742	9.9
647	-1.199513	188.650969	0.009766	8.9
648	-1.293213	188.499807	0.007093	7.7
649	-0.769604	188.348967	0.008961	7.6
650	-0.702085	188.198448	0.006611	7.6
651	-0.280675	188.048250	0.002947	9.7
652	-1.130352	187.898371	0.007450	7.6
653	-0.054810	187.748810	0.000229	7.6
654	-1.256505	187.599566	0.013307	7.6
655	-0.698516	187.450638	0.003269	7.5
656	-0.984679	187.302025	0.009229	10.2
657	-0.676504	187.153725	0.009025	8.4
658	-1.059214	187.005739	0.010141	7.6
659	-0.631270	186.858064	0.004689	7.6
660	-0.243117	186.710699	0.002923	7.6
661	-0.615834	186.563645	0.003848	10.7
662	-0.452585	186.416898	0.005258	7.0
663	-0.970726	186.270459	0.005719	8.7
664	-0.748749	186.124326	0.007073	7.7
665	-0.268507	185.978499	0.001541	7.3
666	-1.300132	185.832976	0.013326	10.2
667	-0.888495	185.687756	0.006806	8.6
668	-1.311531	185.542838	0.009058	7.5
669	-1.222281	185.398222	0.008060	7.6
670	-1.338954	185.253906	0.012668	7.5
671	-1.246411	185.109889	0.007868	10.4
672	-1.386451	184.966170	0.008658	7.8
673	-1.252062	184.822748	0.007302	8.3
674	-0.836515	184.679623	0.007918	7.5
675	-1.223727	184.536792	0.010042	8.3
676	-1.326151	184.394256	0.006789	15.8
677	-1.203065	184.252013	0.008487	16.2
678	-1.224424	184.110062	0.011525	14.7
679	-0.595106	183.968403	0.004055	13.8
680	-0.230349	183.827034	0.002713	14.6
681	-0.663136	183.685954	0.007818	14.4
682	-0.000031	183.545163	0.000030	14.5
683	-1.240603	183.404658	0.012746	15.1
684	-1.091816	183.264441	0.006555	14.6
685	-0.475798	183.124509	0.002608	12.7
686	-0.681850	182.984861	0.008016	14.0
687	-1.054297	182.845497	0.007716	9.1
688	-0.677822	182.706416	0.006901	12.1
689	-0.816612	182.567616	0.007082	11.6
690	-0.148758	182.429098	0.002903	9.2
691	-0.576857	182.290859	0.003608	9.0
692	-1.292824	182.152899	0.007468	18.8
693	-1.306110	182.015217	0.010028	14.7
694	-1.168836	181.877813	0.010200	15.6
695	-1.152330	181.740684	0.009289	15.1
696	-1.235504	181.603832	0.008559	15.3
697	-1.238199	181.467253	0.006945	10.8
698	-0.704843	181.330948	0.006396	13.2
699	-1.336647	181.194916	0.008927	12.8
700	-0.150746	181.059155	0.003001	15.5
701	-0.332457	180.923666	0.005954	20.2
702	-1.341338	180.788446	0.015523	13.5
703	-0.513293	180.653496	0.005716	13.4
704	-0.647960	180.518814	0.006687	13.2
705	-0.759062	180.384399	0.007074	15.1
706	-1.270004	180.250251	0.012434	13.7
707	-1.117733	180.116369	0.004194	10.2
708	-0.816353	179.982752	0.006043	10.6
709	-1.282370	179.849398	0.008451	10.8
710	-0.093471	179.716308	0.001066	11.7
711	-0.728015	179.583480	0.003863	8.9
712	-0.154656	179.450913	0.004879	13.5
713	-1.310810	179.318607	0.008488	15.4
714	-0.133003	179.186561	0.002501	7.7
715	-0.942744	179.054774	0.012661	11.2
716	-1.140105	178.923245	0.012801	10.3
717	-0.820896	178.791973	0.010378	7.6
718	-0.970802	178.660958	0.008575	8.3
719	-1.028522	178.530199	0.009216	7.7
720	-0.665584	178.399694	0.006628	11.9
721	-1.379763	178.269444	0.014050	11.1
722	-1.272222	178.139447	0.009462	11.6
723	-0.090432	178.009702	0.002305	10.2
724	-1.411182	177.880209	0.007726	10.2
725	-0.908707	177.750967	0.009491	7.7
726	-0.141586	177.621975	0.001792	8.5
727	-1.129885	177.493232	0.007269	10.8
728	-0.579580	177.364738	0.004832	11.4
729	-0.725822	177.236492	0.006429	10.2
730	-1.182962	177.108492	0.008418	10.1
731	-1.097797	176.980739	0.010846	9.7
732	-1.357854	176.853231	0.011226	14.2
733	-0.969308	176.725968	0.010751	15.6
734	-1.179413	176.598949	0.010863	12.7
735	-0.362531	176.472173	0.005119	13.0
736	-1.251582	176.345639	0.006766	13.5
737	-1.328294	176.219348	0.006781	13.5
738	-1.214684	176.093296	0.008328	16.0
739	-0.690844	175.967486	0.007976	12.3
740	-1.353347	175.841914	0.007581	11.5
741	-0.345219	175.716581	0.005674	12.9
742	-0.673606	175.591486	0.007347	11.5
743	-1.251945	175.466629	0.013739	11.6
744	-0.445295	175.342008	0.004113	11.7
745	-0.634899	175.217622	0.008272	11.2
746	-1.066352	175.093472	0.007614	11.4
747	-0.918568	174.969556	0.004710	11.8
748	-1.159958	174.845873	0.013752	12.3
749	-0.718041	174.722423	0.006024	13.6
750	-1.394777	174.599206	0.009078	10.1
751	-0.250425	174.476220	0.005824	7.3
752	-1.255427	174.353464	0.006626	12.7
753	-1.199631	174.230939	0.007957	10.3
754	-0.852191	174.108643	0.009232	12.9
755	-0.886133	173.986576	0.005402	7.5
756	-1.229879	173.864737	0.008842	12.4
757	-0.895168	173.743124	0.008519	11.4
758	-0.776716	173.621739	0.007410	8.4
759	-1.245767	173.500579	0.007407	7.6
760	-0.664069	173.379645	0.008114	8.4
761	-0.678263	173.258935	0.007495	10.2
762	-1.293085	173.138449	0.008020	8.6
763	-1.116749	173.018186	0.008498	7.9
764	-1.128715	172.898146	0.007763	7.8
765	-0.754441	172.778327	0.004454	10.5
766	-1.159000	172.658730	0.008350	11.4
767	-1.335195	172.539353	0.011181	11.9
768	-1.313360	172.420196	0.007952	13.7
769	-1.299006	172.301258	0.009231	12.8
770	-0.213081	172.182539	0.001184	8.5
771	-1.060476	172.064037	0.005533	7.5
772	-0.337051	171.945753	0.005269	8.4
773	-1.261553	171.827686	0.004993	13.3
774	-1.005788	171.709834	0.011122	11.8
775	-1.302445	171.592198	0.013176	11.8
776	-1.222555	171.474776	0.007532	12.9
777	-1.324711	171.357568	0.008940	12.8
778	-0.597772	171.240574	0.008210	7.9
779	-0.550483	171.123793	0.005473	7.5
780	-1.225233	171.007223	0.006386	9.4
781	-1.060211	170.890865	0.009057	9.1
782	-0.901803	170.774718	0.005294	8.2
783	-0.656089	170.658782	0.005175	10.4
784	-0.799372	170.543055	0.004126	13.1
785	-1.318103	170.427537	0.007896	11.6
786	-1.234354	170.312227	0.010496	11.0
787	-0.874911	170.197125	0.004452	11.5
788	-1.193892	170.082231	0.006928	10.5
789	-0.063224	169.967543	0.001185	11.6
790	-1.315994	169.853061	0.008767	10.0
791	-1.117493	169.738784	0.008689	7.6
792	-0.759887	169.624713	0.005555	13.2
793	-0.606957	169.510845	0.005014	6.3
794	-1.430189	169.397181	0.009911	8.9
795	-1.352949	169.283720	0.006346	7.8
796	-1.023092	169.170462	0.007989	12.0
797	-0.730132	169.057405	0.010187	10.3
798	-0.590232	168.944549	0.007547	11.7
799	-1.169345	168.831895	0.010578	7.8
800	-1.294352	168.719440	0.005844	11.0
801	-0.688771	168.607185	0.008191	11.8
802	-0.772544	168.495129	0.006985	8.6
803	-1.299301	168.383271	0.009025	9.9
804	-1.308854	168.271611	0.009706	12.5
805	-1.370477	168.160148	0.009114	11.9
806	-1.151977	168.048882	0.005699	11.4
807	-1.187315	167.937812	0.009320	8.7
808	-1.225319	167.826938	0.005863	10.9
809	-0.261698	167.716258	0.002226	7.6
810	-0.557706	167.605773	0.005263	10.1
811	-1.331120	167.495482	0.009356	7.6
812	-1.312421	167.385384	0.007188	7.7
813	-1.167130	167.275479	0.007686	10.7
814	-0.485945	167.165766	0.004946	12.3
815	-1.169370	167.056245	0.008009	15.6
816	-0.269383	166.946915	0.005167	19.0
817	-0.881408	166.837776	0.004627	14.7
818	-1.196910	166.728826	0.007316	11.7
819	-0.777055	166.620067	0.006213	10.2
820	-0.329927	166.511496	0.002363	12.3
821	-0.701801	166.403113	0.004581	7.6
822	-1.045262	166.294919	0.011897	11.4
823	-1.334134	166.186912	0.008352	11.3
824	-1.332507	166.079091	0.008476	8.0
825	-1.104491	165.971458	0.011265	10.1
826	-0.521756	165.864009	0.007984	13.4
827	-0.500093	165.756747	0.006188	8.5
828	-1.251171	165.649669	0.007676	8.0
829	-1.188908	165.542775	0.007276	8.6
830	-0.282165	165.436065	0.007963	7.6
831	-1.176175	165.329538	0.011729	10.6
832	-0.851777	165.223194	0.009877	10.3
833	-1.143701	165.117032	0.007099	12.4
834	-1.230329	165.011052	0.009580	11.5
835	-1.192072	164.905253	0.006713	13.8
836	-0.912274	164.799635	0.007453	11.8
837	-0.692957	164.694197	0.004909	11.6
838	-1.307739	164.588939	0.007957	12.0
839	-1.348948	164.483859	0.006749	11.4
840	-0.450472	164.378959	0.005684	12.4
841	-1.264849	164.274237	0.007950	12.2
842	-0.786545	164.169692	0.007574	14.0
843	-0.353823	164.065325	0.003194	11.8
844	-1.091840	163.961135	0.012661	11.0
845	-0.675969	163.857120	0.004982	15.3
846	-1.384305	163.753282	0.007998	10.7
847	-1.017784	163.649619	0.010924	9.7
848	-1.426756	163.546130	0.009658	11.5
849	-0.292820	163.442816	0.004809	10.0
850	-0.950878	163.339676	0.009104	10.0
851	-0.859437	163.236709	0.007493	8.0
852	-0.432984	163.133915	0.005527	10.8
853	-0.532601	163.031294	0.007456	8.9
854	-0.249083	162.928844	0.002855	7.9
855	-0.908342	162.826566	0.004613	9.9
856	-0.755516	162.724459	0.008990	11.7
857	-0.383282	162.622523	0.004701	9.2
858	-0.955577	162.520757	0.004186	9.0
859	-1.188308	162.419160	0.007316	7.5
860	-1.311978	162.317733	0.009292	9.8
861	-1.027596	162.216474	0.006541	14.7
862	-1.272223	162.115383	0.007850	11.3
863	-0.616854	162.014461	0.006505	7.6
864	-0.091017	161.913705	0.001813	9.4
865	-0.785055	161.813117	0.007630	7.7
866	-0.560463	161.712695	0.007666	11.4
867	-0.928371	161.612439	0.006678	13.6
868	-1.233814	161.512349	0.007902	13.1
869	-1.234411	161.412424	0.010336	12.8
870	-1.339344	161.312663	0.012377	13.1
871	-0.008817	161.213067	0.000405	11.7
872	-1.199079	161.113635	0.008072	11.0
873	-0.481591	161.014366	0.008627	10.2
874	-0.428158	160.915260	0.005966	7.9
875	-1.336797	160.816316	0.012808	13.1
876	-0.889173	160.717535	0.006728	8.4
877	-1.177228	160.618915	0.013466	7.6
878	-0.618209	160.520456	0.004941	7.7
879	-0.876615	160.422158	0.005677	7.6
880	-0.884155	160.324021	0.006690	10.8
881	-1.262072	160.226043	0.009895	10.6
882	-0.620388	160.128225	0.008667	14.5
883	-0.847420	160.030566	0.007222	16.0
884	-1.130287	159.933066	0.006392	13.3
885	-1.249815	159.835723	0.005914	15.4
886	-1.243772	159.738539	0.017292	17.8
887	-1.131807	159.641512	0.004929	16.4
888	-1.152238	159.544642	0.008622	13.5
889	-1.269422	159.447929	0.008561	14.9
890	-1.024940	159.351372	0.006365	12.0
891	-0.353863	159.254971	0.004131	11.7
892	-0.779402	159.158725	0.008177	13.2
893	-0.161384	159.062634	0.003935	13.3
894	-1.339308	158.966697	0.008100	13.4
895	-0.301195	158.870915	0.005893	13.4
896	-1.233026	158.775286	0.007487	11.7
897	-1.368704	158.679811	0.010354	12.7
898	-1.267722	158.584489	0.007936	13.5
899	-1.408794	158.489319	0.006476	13.0
900	-0.226093	158.394302	0.003967	12.7
901	-0.828697	158.299436	0.008088	15.2
902	-0.716849	158.204721	0.005897	12.1
903	-0.231685	158.110158	0.003647	12.0
904	-0.312884	158.015745	0.002872	15.0
905	-0.198550	157.921482	0.001978	16.8
906	-0.125840	157.827369	0.001672	14.6
907	-0.321793	157.733406	0.002913	16.7
908	-0.561866	157.639591	0.004312	11.9
909	-1.377948	157.545925	0.008748	11.8
910	-0.950274	157.452408	0.009367	13.8
911	-1.304183	157.359038	0.005681	12.7
912	-1.353025	157.265816	0.009260	12.2
913	-1.274683	157.172741	0.011368	12.2
914	-1.041373	157.079813	0.006214	12.3
915	-1.308039	156.987031	0.007397	13.3
916	-0.536023	156.894395	0.003797	12.5
917	-1.374367	156.801904	0.011209	11.5
918	-1.242995	156.709559	0.006631	13.1
919	-1.253956	156.617359	0.008608	18.0
920	-0.866214	156.525304	0.008028	14.8
921	-1.423979	156.433392	0.009308	14.6
922	-1.009294	156.341624	0.008104	16.5
923	-0.671526	156.250000	0.006449	14.8
924	-1.258379	156.158519	0.011983	13.9
925	-0.955505	156.067180	0.004053	22.1
926	-1.289728	155.975984	0.013250	16.4
927	-1.327837	155.884930	0.008102	12.8
928	-0.871845	155.794017	0.003872	14.7
929	-1.257236	155.703246	0.007901	12.2
930	-1.171089	155.612615	0.005926	12.0
931	-0.714860	155.522125	0.004472	13.3
932	-1.099181	155.431775	0.004039	13.4
933	-1.307876	155.341565	0.007743	11.2
934	-0.162437	155.251495	0.001655	10.7
935	-1.078960	155.161563	0.015995	12.6
936	-0.457620	155.071771	0.004399	6.6
937	-0.715049	154.982117	0.005703	8.6
938	-1.095479	154.892601	0.009146	8.6
939	-0.998638	154.803222	0.007939	14.4
940	-0.127501	154.713981	0.002091	11.0
941	-1.225276	154.624878	0.011148	9.9
942	-0.796539	154.535910	0.005359	16.4
943	-0.657989	154.447080	0.007044	19.4
944	-1.317181	154.358385	0.010531	14.2
945	-0.187616	154.269826	0.002770	15.0
946	-0.410869	154.181402	0.006392	7.6
947	-0.715393	154.093114	0.009197	14.7
948	-1.308861	154.004960	0.008277	13.7
949	-1.318655	153.916940	0.017723	6.6
950	-1.183356	153.829054	0.006284	9.9
951	-0.617315	153.741303	0.008642	20.7
952	-0.961224	153.653684	0.008153	12.0
953	-1.329838	153.566198	0.006854	12.3
954	-0.745857	153.478846	0.003791	10.3
955	-0.252225	153.391625	0.002297	13.5
956	-0.949088	153.304537	0.007375	7.8
957	-0.998803	153.217580	0.012192	8.6
958	-0.430402	153.130755	0.005034	7.7
959	-0.714192	153.044061	0.002800	9.8
960	-0.440901	152.957498	0.003022	10.4
961	-1.305863	152.871065	0.009373	7.7
962	-1.362064	152.784762	0.008532	9.1
963	-0.603002	152.698589	0.007273	7.6
964	-1.219649	152.612545	0.013435	9.7
965	-0.954408	152.526631	0.010260	7.8
966	-0.666031	152.440845	0.008426	8.7
967	-1.112234	152.355188	0.007480	10.4
968	-1.019446	152.269660	0.010572	12.5
969	-1.286224	152.184259	0.012736	11.3
970	-1.131056	152.098986	0.009507	11.8
971	-0.994227	152.013840	0.008567	12.5
972	-0.964005	151.928821	0.004672	11.5
973	-1.212037	151.843928	0.006197	8.9
974	-1.131109	151.759163	0.015662	7.7
975	-1.346885	151.674523	0.010734	9.7
976	-1.092100	151.590009	0.010764	11.9
977	-1.175691	151.505620	0.005062	8.6
978	-1.052188	151.421357	0.011522	7.7
979	-0.609094	151.337218	0.005340	7.7
980	-1.130815	151.253204	0.007342	10.8
981	-1.391500	151.169314	0.010885	10.1
982	-0.825918	151.085549	0.006292	11.9
983	-1.242724	151.001907	0.006177	11.5
984	-1.145176	150.918388	0.009261	14.2
985	-1.342627	150.834992	0.011589	12.3
986	-1.249568	150.751719	0.010199	9.4
987	-0.716804	150.668569	0.006495	10.4
988	-1.165635	150.585541	0.006754	8.8
989	-1.294539	150.502634	0.006341	7.7
990	-0.881224	150.419849	0.006281	8.7
991	-1.205051	150.337186	0.007854	8.4
992	-0.822596	150.254644	0.007190	10.2
993	-1.227402	150.172222	0.006353	8.6
994	-1.088978	150.089921	0.007588	11.9
995	-0.094555	150.007740	0.001689	17.2
996	-0.928999	149.925679	0.007934	14.4
997	-1.062617	149.843737	0.010950	13.4
998	-1.191265	149.761915	0.009282	12.3
999	-1.244879	149.680212	0.010034	14.8
1000	-1.353969	149.598627	0.006232	13.0
1001	-0.845671	149.517161	0.007033	19.0
1002	-0.735250	149.435814	0.008557	12.3
1003	-0.805840	149.354584	0.007276	11.7
1004	-1.168484	149.273472	0.008130	12.5
1005	-0.529298	149.192477	0.008297	15.4
1006	-1.330738	149.111599	0.011433	11.6
1007	-0.948488	149.030838	0.006098	12.0
1008	-1.334633	148.950194	0.009600	13.2
1009	-1.231680	148.869666	0.010596	12.1
1010	-0.829695	148.789253	0.007274	11.9
1011	-0.890776	148.708957	0.006972	14.8
1012	-1.262399	148.628776	0.007843	12.1
1013	-1.372955	148.548710	0.021447	10.3
1014	-0.446120	148.468759	0.002717	12.0
1015	-0.506773	148.388923	0.004055	13.0
1016	-1.306705	148.309201	0.008447	11.7
1017	-1.286604	148.229594	0.008883	11.1
1018	-0.794777	148.150100	0.008528	13.4
1019	-0.250159	148.070719	0.003888	11.6
1020	-1.244420	147.991452	0.011036	11.9
1021	-1.163283	147.912298	0.007820	13.9
1022	-0.861056	147.833257	0.008340	10.6
1023	-1.219267	147.754329	0.012289	15.4
1024	-1.276809	147.675512	0.005930	11.7
1025	-0.579477	147.596808	0.006642	10.6
1026	-1.026837	147.518216	0.004580	7.7
1027	-0.629216	147.439735	0.004978	7.6
1028	-0.821622	147.361365	0.005060	16.3
1029	-1.189656	147.283106	0.007720	7.9
1030	-1.224640	147.204958	0.010039	7.6
1031	-0.665835	147.126920	0.005959	7.7
1032	-0.533743	147.048993	0.005496	7.8
1033	-0.670382	146.971175	0.005623	12.2
1034	-0.719110	146.893468	0.007261	13.8
1035	-1.331540	146.815869	0.008031	11.9
1036	-0.896220	146.738380	0.010207	13.3
1037	-1.301115	146.661000	0.005008	12.6
1038	-1.178691	146.583729	0.007397	12.3
1039	-1.372240	146.506566	0.015667	11.9
1040	-0.168608	146.429511	0.001660	12.7
1041	-1.298609	146.352565	0.007300	12.3
1042	-1.213205	146.275726	0.007432	13.5
1043	-0.438555	146.198994	0.004390	12.7
1044	-0.142331	146.122370	0.000493	9.6
1045	-1.201864	146.045853	0.006234	11.5
1046	-0.376891	145.969442	0.005668	12.5
1047	-1.305410	145.893139	0.007177	12.2
1048	-0.620763	145.816941	0.009038	11.7
1049	-0.937511	145.740849	0.009669	12.7
1050	-0.807291	145.664863	0.005857	11.5
1051	-1.230162	145.588983	0.010079	11.6
1052	-1.134029	145.513208	0.006746	11.6
1053	-0.713989	145.437538	0.007399	13.2
1054	-1.089008	145.361973	0.010585	12.7
1055	-1.305184	145.286513	0.007039	10.2
1056	-0.297657	145.211157	0.001984	11.7
1057	-0.531274	145.135905	0.003352	14.5
1058	-0.947085	145.060757	0.006706	12.6
1059	-0.885231	144.985712	0.007807	11.8
1060	-0.784517	144.910771	0.005724	13.7
1061	-1.143486	144.835934	0.009491	12.8
1062	-0.177170	144.761199	0.003374	12.1
1063	-0.654293	144.686567	0.005178	14.3
1064	-0.833191	144.612037	0.004820	11.8
1065	-0.632684	144.537610	0.013483	8.8
1066	-1.004429	144.463285	0.009046	10.5
1067	-0.871092	144.389062	0.005910	7.6
1068	-1.161760	144.314940	0.006033	8.7
1069	-0.516122	144.240920	0.005177	7.6
1070	-0.991907	144.167001	0.007523	8.7
1071	-1.373464	144.093182	0.008355	13.5
1072	-0.807345	144.019465	0.007606	11.8
1073	-0.880314	143.945848	0.007410	11.6
1074	-1.027911	143.872331	0.013892	13.2
1075	-0.927286	143.798914	0.006886	10.8
1076	-0.787052	143.725597	0.007508	10.2
1077	-1.317946	143.652380	0.006712	10.0
1078	-1.296248	143.579262	0.007847	11.0
1079	-0.579235	143.506243	0.004779	8.9
1080	-1.212930	143.433323	0.007768	7.9
1081	-1.303548	143.360502	0.009737	11.6
1082	-0.887799	143.287780	0.006564	19.5
1083	-1.066927	143.215155	0.005506	15.6
1084	-0.614272	143.142629	0.005311	7.7
1085	-1.020952	143.070201	0.006045	12.0
1086	-0.451672	142.997870	0.004206	10.7
1087	-0.762181	142.925637	0.010268	9.6
1088	-0.844384	142.853501	0.008101	9.5
1089	-1.023135	142.781462	0.009001	11.9
1090	-0.748735	142.709519	0.005731	12.3
1091	-0.722775	142.637674	0.006920	9.6
1092	-1.177101	142.565924	0.007808	9.4
1093	-0.619820	142.494271	0.010121	11.5
1094	-0.691396	142.422714	0.005541	7.5
1095	-1.127014	142.351252	0.004843	10.2
1096	-0.699533	142.279886	0.008163	9.4
1097	-1.191025	142.208616	0.007312	8.4
1098	-0.421053	142.137440	0.004911	11.9
1099	-0.600078	142.066360	0.003206	9.8
1100	-1.198731	141.995374	0.008115	10.1
1101	-0.857530	141.924483	0.012082	11.2
1102	-0.895860	141.853685	0.006665	7.5
1103	-1.154566	141.782983	0.009530	8.6
1104	-0.745665	141.712373	0.004853	9.3
1105	-1.012354	141.641858	0.005816	7.6
1106	-1.240878	141.571436	0.007605	14.1
1107	-0.879866	141.501108	0.011074	13.5
1108	-1.309690	141.430872	0.007514	18.1
1109	-1.343913	141.360730	0.007970	14.7
1110	-0.100256	141.290680	0.002635	10.9
1111	-1.390129	141.220722	0.006899	7.9
1112	-0.903173	141.150857	0.005345	10.7
1113	-0.312478	141.081084	0.005914	8.5
1114	-0.863899	141.011403	0.005436	7.5
1115	-0.314144	140.941813	0.004814	6.2
1116	-0.413143	140.872315	0.002417	7.7
1117	-0.829094	140.802909	0.003443	11.7
1118	-0.534951	140.733593	0.004530	12.2
1119	-1.223925	140.664369	0.009239	11.6
1120	-0.693436	140.595235	0.007007	15.3
1121	-0.181505	140.526192	0.003155	14.0
1122	-0.989298	140.457239	0.007520	13.7
1123	-0.502191	140.388376	0.006126	19.3
1124	-0.641526	140.319603	0.006800	12.5
1125	-1.279378	140.250920	0.011364	12.1
1126	-1.280856	140.182326	0.009176	13.0
1127	-0.491049	140.113822	0.006024	11.1
1128	-0.586628	140.045407	0.008033	12.1
1129	-1.278031	139.977081	0.007923	11.5
1130	-0.144100	139.908844	0.002301	16.9
1131	-1.278149	139.840696	0.009251	12.5
1132	-0.574527	139.772635	0.005716	11.9
1133	-0.623839	139.704664	0.005617	13.4
1134	-1.284118	139.636780	0.005415	11.6
1135	-0.620365	139.568984	0.002171	12.6
1136	-0.768077	139.501276	0.004054	12.0
1137	-0.280894	139.433655	0.002328	13.3
1138	-0.859233	139.366122	0.008708	11.9
1139	-1.233024	139.298676	0.006277	13.0
1140	-0.924231	139.231317	0.007849	13.6
1141	-1.125756	139.164045	0.007216	12.5
1142	-1.013993	139.096859	0.008913	11.9
1143	-0.720734	139.029760	0.004851	14.9
1144	-0.974021	138.962747	0.006427	13.0
1145	-0.464636	138.895820	0.005520	18.1
1146	-1.059972	138.828978	0.006236	15.8
1147	-0.672921	138.762223	0.007606	16.3
1148	-1.322025	138.695553	0.013860	13.5
1149	-1.111814	138.628969	0.009346	12.4
1150	-0.779890	138.562469	0.005848	12.0
1151	-0.851236	138.496055	0.008355	12.1
1152	-0.879102	138.429725	0.004712	13.0
1153	-1.322690	138.363481	0.007518	12.9
1154	-0.339050	138.297320	0.003175	10.1
1155	-0.879382	138.231244	0.003503	11.3
1156	-0.680817	138.165252	0.005883	12.2
1157	-1.227107	138.099344	0.008237	11.8
1158	-1.126389	138.033520	0.006945	15.6
1159	-0.804260	137.967779	0.008689	14.2
1160	-1.067413	137.902122	0.005078	14.3
1161	-1.125752	137.836548	0.008036	16.0
1162	-1.126481	137.771057	0.010025	10.9
1163	-0.479866	137.705649	0.004056	7.6
1164	-1.155538	137.640324	0.006470	7.6
1165	-0.959574	137.575081	0.005849	9.4
1166	-1.058561	137.509921	0.008973	11.5
1167	-1.274964	137.444842	0.008242	14.8
1168	-0.883906	137.379846	0.010325	15.8
1169	-0.721181	137.314932	0.011658	13.4
1170	-0.578292	137.250100	0.003271	8.1
1171	-1.211343	137.185349	0.007032	7.9
1172	-1.272465	137.120680	0.005750	12.5
1173	-0.220326	137.056092	0.003267	12.6
1174	-1.059344	136.991585	0.007737	7.7
1175	-0.562277	136.927158	0.006510	7.7
1176	-1.342962	136.862813	0.009085	10.0
1177	-0.461015	136.798548	0.006000	8.8
1178	-1.044362	136.734363	0.009246	7.6
1179	-0.326694	136.670259	0.003771	7.6
1180	-1.015371	136.606235	0.006649	7.7
1181	-0.334755	136.542291	0.002138	10.8
1182	-1.121783	136.478426	0.008820	6.9
1183	-1.466008	136.414641	0.009226	9.2
1184	-1.046795	136.350936	0.008372	11.4
1185	-1.325529	136.287310	0.005287	9.4
1186	-1.221080	136.223763	0.009367	10.9
1187	-0.575781	136.160295	0.005302	10.8
1188	-0.331973	136.096905	0.003228	10.3
1189	-1.449236	136.033594	0.010398	12.7
1190	-1.281495	135.970362	0.006325	11.2
1191	-0.830092	135.907208	0.003117	9.3
1192	-1.089529	135.844133	0.005897	10.9
1193	-1.135978	135.781135	0.004136	12.7
1194	-0.011726	135.718215	0.000312	7.2
1195	-0.657897	135.655373	0.003256	10.3
1196	-0.570930	135.592608	0.008152	10.1
1197	-0.096013	135.529921	0.001696	6.3
1198	-1.341224	135.467311	0.006489	10.4
1199	-1.382715	135.404778	0.007358	8.4
1200	-1.279861	135.342322	0.007789	8.2
1201	-1.198491	135.279942	0.009399	22.3
1202	-0.196952	135.217640	0.004744	11.9
1203	-0.964756	135.155413	0.006459	13.7
1204	-1.192787	135.093263	0.007152	16.2
1205	-0.763186	135.031190	0.006234	15.9
1206	-0.722638	134.969192	0.007529	13.3
1207	-0.903959	134.907270	0.006924	12.8
1208	-0.619185	134.845424	0.003724	13.4
1209	-1.350664	134.783653	0.007885	13.4
1210	-0.969123	134.721958	0.004948	17.0
1211	-0.984868	134.660338	0.009956	14.4
1212	-0.856369	134.598793	0.005880	14.4
1213	-1.065288	134.537323	0.003435	15.3
1214	-0.884332	134.475927	0.004213	14.4
1215	-1.288586	134.414607	0.007597	12.0
1216	-0.050061	134.353361	0.002035	14.0
1217	-0.952594	134.292189	0.006790	36.0
1218	-0.559659	134.231092	0.004927	13.2
1219	-0.730173	134.170068	0.007170	8.8
1220	-0.071349	134.109119	0.001432	7.7
1221	-1.238895	134.048243	0.010719	8.7
1222	-1.014818	133.987441	0.007711	10.5
1223	-0.783984	133.926713	0.005339	7.6
1224	-1.249385	133.866057	0.009414	7.7
1225	-0.921150	133.805475	0.004478	6.5
1226	-0.925820	133.744966	0.006051	10.1
1227	-0.354098	133.684530	0.002908	7.7
1228	-1.362620	133.624167	0.008165	8.4
1229	-0.691864	133.563877	0.006445	7.5
1230	-1.248475	133.503658	0.008997	7.7
1231	-1.269591	133.443513	0.006969	10.9
1232	-1.169225	133.383439	0.004969	8.8
1233	-0.907264	133.323437	0.007481	7.5
1234	-0.737629	133.263508	0.005451	6.3
1235	-1.285919	133.203650	0.007626	7.7
1236	-0.812306	133.143864	0.007052	10.3
1237	-0.944231	133.084149	0.005313	6.9
1238	-0.980291	133.024506	0.005399	9.2
1239	-0.950421	132.964934	0.013007	7.6
1240	-1.345857	132.905433	0.006822	7.7
1241	-0.860199	132.846003	0.007985	10.2
1242	-0.572793	132.786643	0.003593	8.4
1243	-1.145609	132.727355	0.007637	7.6
1244	-1.259295	132.668137	0.007088	7.9
1245	-1.400702	132.608989	0.012898	7.5
1246	-1.124249	132.549912	0.008437	10.6
1247	-0.940327	132.490904	0.007604	7.5
1248	-0.783918	132.431967	0.008211	8.9
1249	-0.667053	132.373100	0.005873	7.9
1250	-1.023838	132.314302	0.009398	7.8
1251	-0.844244	132.255574	0.007398	11.0
1252	-0.723890	132.196916	0.005998	10.9
1253	-1.105393	132.138326	0.007609	10.4
1254	-0.939970	132.079806	0.007655	7.8
1255	-0.110287	132.021355	0.002186	9.5
1256	-0.504528	131.962973	0.004053	7.7
1257	-1.310169	131.904660	0.008087	9.5
1258	-1.000914	131.846415	0.010746	7.6
1259	-0.616914	131.788239	0.005797	7.6
1260	-0.295725	131.730131	0.002240	10.1
1261	-0.983109	131.672092	0.004889	8.4
1262	-1.060750	131.614121	0.007212	7.4
1263	-1.340018	131.556217	0.008664	7.6
1264	-0.794192	131.498382	0.008345	7.6
1265	-1.336764	131.440614	0.006677	10.5
1266	-1.106639	131.382914	0.006512	7.6
1267	-1.107526	131.325282	0.007493	8.5
1268	-0.190112	131.267717	0.002155	6.1
1269	-1.298451	131.210219	0.009538	7.9
1270	-1.161053	131.152788	0.006409	10.2
1271	-0.760982	131.095424	0.007817	8.9
1272	-0.711882	131.038127	0.006218	7.7
1273	-0.479463	130.980897	0.003752	7.7
1274	-0.865925	130.923733	0.008603	8.0
1275	-0.774196	130.866636	0.005370	10.5
1276	-1.061685	130.809605	0.007272	6.9
1277	-1.019432	130.752641	0.007344	8.6
1278	-1.137186	130.695742	0.005410	7.7
1279	-1.288150	130.638910	0.011171	8.3
1280	-1.339102	130.582143	0.012248	10.6
1281	-0.000016	130.525442	0.000013	7.9
1282	-0.622583	130.468807	0.004364	11.0
1283	-0.299380	130.412237	0.002682	8.8
1284	-1.293735	130.355733	0.007638	9.4
1285	-1.304063	130.299294	0.007549	8.3
1286	-0.238132	130.242920	0.001794	8.6
1287	-1.218312	130.186611	0.006879	9.4
1288	-0.773747	130.130366	0.008581	9.1
1289	-0.680839	130.074187	0.006641	12.8
1290	-0.747312	130.018072	0.005285	7.6
1291	-0.894863	129.962022	0.009021	8.4
1292	-0.005900	129.906036	0.000282	7.6
1293	-0.247632	129.850114	0.003481	10.8
1294	-0.440327	129.794257	0.005805	7.9
1295	-1.321882	129.738463	0.008487	8.5
1296	-0.193862	129.682734	0.002550	7.6
1297	-1.170260	129.627068	0.007999	7.6
1298	-0.781625	129.571466	0.005499	11.5
1299	-1.402061	129.515927	0.009849	8.2
1300	-0.793647	129.460452	0.005752	8.0
1301	-1.245894	129.405040	0.007172	7.5
1302	-1.311304	129.349692	0.007888	8.3
1303	-0.150062	129.294406	0.002596	11.5
1304	-1.302839	129.239183	0.010254	12.8
1305	-0.854643	129.184024	0.007297	8.4
1306	-0.745654	129.128927	0.008278	7.5
1307	-1.036802	129.073892	0.006157	9.3
1308	-0.707266	129.018921	0.004401	7.4
1309	-0.126687	128.964011	0.001844	7.5
1310	-0.716347	128.909164	0.006277	8.4
1311	-1.338712	128.854379	0.013191	7.9
1312	-0.413609	128.799656	0.006305	11.0
1313	-1.205995	128.744995	0.005868	8.5
1314	-0.989539	128.690396	0.008016	8.4
1315	-1.046496	128.635858	0.008141	7.8
1316	-1.159162	128.581382	0.008007	7.5
1317	-0.849484	128.526968	0.005667	10.2
1318	-1.249828	128.472615	0.010675	7.9
1319	-1.131647	128.418323	0.008292	8.5
1320	-0.351035	128.364092	0.004589	7.7
1321	-1.115330	128.309922	0.007501	7.6
1322	-1.143782	128.255814	0.006983	10.6
1323	-1.107495	128.201766	0.005270	8.4
1324	-1.263569	128.147778	0.006061	7.6
1325	-0.853449	128.093852	0.004531	7.6
1326	-1.331122	128.039985	0.006433	8.5
1327	-1.091385	127.986180	0.009389	10.2
1328	-1.282273	127.932434	0.007694	7.6
1329	-1.330012	127.878749	0.010558	8.5
1330	-0.213186	127.825123	0.003544	7.5
1331	-0.493567	127.771558	0.005083	7.5
1332	-1.165562	127.718052	0.005322	10.3
1333	-0.358295	127.664606	0.003075	9.3
1334	-1.332095	127.611220	0.006693	7.7
1335	-0.568111	127.557893	0.006226	7.8
1336	-0.910849	127.504625	0.010026	7.6
1337	-0.828507	127.451417	0.005322	10.1
1338	-1.115438	127.398268	0.008710	8.3
1339	-0.640150	127.345178	0.008353	8.5
1340	-0.205438	127.292147	0.001071	7.3
1341	-0.657555	127.239175	0.006602	7.8
1342	-1.268128	127.186261	0.005676	10.6
1343	-1.256395	127.133407	0.004772	8.2
1344	-1.140441	127.080610	0.011322	7.6
1345	-0.222882	127.027872	0.002199	7.5
1346	-1.271758	126.975193	0.006543	8.5
1347	-0.924869	126.922572	0.008805	10.2
1348	-0.702338	126.870008	0.006978	8.5
1349	-0.194299	126.817503	0.003949	7.5
1350	-1.298524	126.765056	0.007217	7.6
1351	-0.765708	126.712667	0.007005	7.5
1352	-1.166418	126.660335	0.006308	10.5
1353	-0.744983	126.608061	0.006891	8.3
1354	-0.327596	126.555844	0.001856	8.9
1355	-0.837741	126.503685	0.002606	8.0
1356	-0.973952	126.451583	0.006678	7.6
1357	-1.310755	126.399538	0.010024	9.8
1358	-1.304577	126.347550	0.005917	8.3
1359	-0.048030	126.295619	0.000937	7.8
1360	-1.256036	126.243745	0.006402	7.7
1361	-1.282371	126.191928	0.007598	10.0
1362	-0.714887	126.140168	0.006703	9.1
1363	-0.935348	126.088464	0.005794	7.4
1364	-0.374556	126.036817	0.003013	6.5
1365	-0.006480	125.985226	0.000428	7.6
1366	-1.150168	125.933691	0.008576	10.2
1367	-1.228893	125.882212	0.006641	7.8
1368	-1.285020	125.830790	0.011589	8.8
1369	-1.170746	125.779423	0.003598	7.6
1370	-0.707740	125.728113	0.004476	7.7
1371	-0.688436	125.676858	0.004950	10.0
1372	-0.881666	125.625659	0.006467	8.3
1373	-1.380858	125.574515	0.008564	7.5
1374	-0.703223	125.523427	0.003934	7.6
1375	-0.993941	125.472394	0.007029	7.7
1376	-1.167318	125.421417	0.006267	10.8
1377	-1.336148	125.370495	0.010895	7.6
1378	-1.305314	125.319628	0.007662	8.5
1379	-1.279122	125.268815	0.014979	7.5
1380	-1.245566	125.218058	0.008440	7.6
1381	-0.650676	125.167356	0.007613	10.6
1382	-1.270560	125.116708	0.007514	8.3
1383	-0.780717	125.066115	0.008322	7.5
1384	-1.194791	125.015576	0.007303	7.8
1385	-0.953824	124.965092	0.010672	7.5
1386	-0.794749	124.914662	0.005386	10.7
1387	-0.790914	124.864287	0.011282	8.3
1388	-0.958794	124.813965	0.007524	7.8
1389	-1.311870	124.763698	0.011972	7.6
1390	-0.747329	124.713485	0.005727	7.6
1391	-1.026570	124.663325	0.006425	10.6
1392	-0.997622	124.613219	0.010540	7.6
1393	-0.696102	124.563167	0.003669	7.4
1394	-0.769249	124.513168	0.004587	9.0
1395	-1.035937	124.463223	0.009575	7.8
1396	-0.551267	124.413332	0.006206	9.9
1397	-1.128402	124.363493	0.008155	8.5
1398	-0.541645	124.313708	0.008576	8.4
1399	-1.088865	124.263976	0.007896	7.7
1400	-0.787225	124.214297	0.007125	7.6
1401	-0.738146	124.164671	0.005608	10.0
1402	-0.559779	124.115097	0.005015	6.4
1403	-0.788733	124.065577	0.006259	8.6
1404	-1.216859	124.016109	0.009299	7.8
1405	-0.708086	123.966693	0.007409	7.7
1406	-1.237391	123.917330	0.009101	10.4
1407	-1.100891	123.868020	0.007614	10.4
1408	-0.911067	123.818762	0.005712	9.5
1409	-1.261424	123.769556	0.004924	7.9
1410	-0.808706	123.720402	0.007310	8.7
1411	-0.495004	123.671300	0.006605	8.7
1412	-0.771659	123.622250	0.007724	7.5
1413	-0.924505	123.573252	0.008482	8.3
1414	-1.339274	123.524305	0.007755	7.8
1415	-1.304938	123.475411	0.008007	10.3
1416	-1.324464	123.426568	0.008638	9.6
1417	-0.958124	123.377776	0.005126	7.7
1418	-0.909419	123.329036	0.006635	7.7
1419	-0.508315	123.280347	0.004117	7.5
1420	-1.231751	123.231709	0.006754	10.7
1421	-0.198166	123.183122	0.003076	7.8
1422	-1.266927	123.134587	0.007783	7.7
1423	-0.712380	123.086102	0.007010	7.5
1424	-1.289600	123.037669	0.005753	8.0
1425	-1.290520	122.989286	0.009216	10.4
1426	-0.502959	122.940954	0.002656	7.8
1427	-1.032662	122.892672	0.006794	7.6
1428	-0.690958	122.844441	0.007341	7.6
1429	-1.221662	122.796261	0.007598	7.4
1430	-0.492093	122.748130	0.005365	10.1
1431	-1.068762	122.700050	0.007137	8.3
1432	-0.875093	122.652021	0.009542	8.6
1433	-0.726996	122.604041	0.010502	7.8
1434	-0.637655	122.556111	0.011518	7.6
1435	-0.018627	122.508232	0.000991	10.1
1436	-0.693238	122.460402	0.002367	8.3
1437	-0.909582	122.412622	0.006225	7.6
1438	-1.433305	122.364891	0.007603	7.7
1439	-1.252681	122.317210	0.005892	7.8
1440	-0.952978	122.269579	0.006040	10.6
1441	-0.935028	122.221997	0.007315	7.5
1442	-0.155527	122.174465	0.002911	8.3
1443	-0.004717	122.126981	0.000103	8.4
1444	-0.350014	122.079547	0.004793	7.5
1445	-0.614844	122.032162	0.005485	10.5
1446	-1.352782	121.984826	0.010970	8.4
1447	-0.924194	121.937539	0.009187	7.5
1448	-1.244659	121.890301	0.006755	7.7
1449	-0.883567	121.843112	0.004752	8.2
1450	-1.035176	121.795971	0.006577	9.9
1451	-0.800538	121.748879	0.006719	7.8
1452	-1.372402	121.701835	0.009161	8.3
1453	-1.265832	121.654840	0.007085	7.6
1454	-0.277931	121.607893	0.003524	7.7
1455	-0.896594	121.560994	0.006443	10.5
1456	-0.749743	121.514144	0.007613	8.1
1457	-0.901697	121.467342	0.007327	7.7
1458	-0.450704	121.420588	0.002489	7.6
1459	-1.290933	121.373882	0.011017	7.6
1460	-1.170231	121.327223	0.005821	10.4
1461	-1.109116	121.280613	0.010423	8.9
1462	-0.410286	121.234050	0.003092	7.7
1463	-0.773037	121.187535	0.012611	7.7
1464	-1.208124	121.141067	0.010078	7.5
1465	-0.846194	121.094647	0.007206	10.2
1466	-1.148829	121.048274	0.007609	6.8
1467	-0.932214	121.001949	0.006557	8.0
1468	-0.675743	120.955671	0.003776	8.1
1469	-0.924119	120.909440	0.007575	7.7
1470	-0.209614	120.863256	0.003290	10.2
1471	-0.963502	120.817119	0.005199	8.5
1472	-0.755865	120.771029	0.003372	7.7
1473	-1.226302	120.724986	0.008992	7.0
1474	-0.229233	120.678990	0.002443	7.4
1475	-1.256918	120.633040	0.007778	10.6
1476	-0.933715	120.587137	0.007251	7.6
1477	-1.013119	120.541281	0.004720	8.5
1478	-1.142245	120.495471	0.006934	7.6
1479	-1.257899	120.449707	0.007938	7.9
1480	-1.100858	120.403990	0.010935	10.5
1481	-0.940551	120.358319	0.004024	8.4
1482	-1.305847	120.312694	0.008221	7.6
1483	-0.063266	120.267115	0.000907	6.6
1484	-0.774948	120.221582	0.007311	7.5
1485	-1.275962	120.176096	0.005322	9.5
1486	-0.663297	120.130655	0.007249	7.6
1487	-1.129415	120.085260	0.011485	9.1
1488	-1.196414	120.039910	0.008597	8.4
1489	-1.191154	119.994606	0.006291	7.6
1490	-1.330928	119.949348	0.008158	9.6
1491	-1.233439	119.904135	0.012535	9.6
1492	-1.345773	119.858968	0.009337	7.6
1493	-1.386714	119.813846	0.009893	7.1
1494	-1.234443	119.768769	0.010006	8.2
1495	-1.065681	119.723738	0.007485	9.9
1496	-1.141455	119.678752	0.007219	7.6
1497	-0.452478	119.633810	0.006966	8.5
1498	-0.922674	119.588914	0.008280	7.6
1499	-0.728152	119.544062	0.006848	7.6
1500	-1.181518	119.499256	0.006148	10.3
1501	-0.899888	119.454494	0.009290	8.2
1502	-0.591708	119.409777	0.003288	7.6
1503	-1.286527	119.365104	0.011080	7.6
1504	-0.505179	119.320476	0.006225	7.6
1505	-1.341298	119.275893	0.009250	10.2
1506	-0.756738	119.231353	0.004349	7.9
1507	-1.312031	119.186859	0.009254	8.5
1508	-1.179416	119.142408	0.007064	7.6
1509	-1.310426	119.098002	0.010284	7.6
1510	-1.267668	119.053639	0.007543	10.6
1511	-1.157064	119.009321	0.006772	8.6
1512	-0.774817	118.965047	0.005974	8.3
1513	-0.318635	118.920816	0.003745	7.6
1514	-0.137050	118.876630	0.001080	7.6
1515	-0.934787	118.832487	0.004608	10.1
1516	-1.074626	118.788388	0.007347	7.6
1517	-1.314016	118.744332	0.011343	8.6
1518	-0.486412	118.700320	0.003763	7.7
1519	-0.725301	118.656352	0.003341	8.3
1520	-1.429996	118.612427	0.008283	9.9
1521	-0.746824	118.568545	0.004883	8.5
1522	-0.970780	118.524706	0.007315	7.9
1523	-1.327889	118.480911	0.012278	7.6
1524	-0.628879	118.437159	0.005459	8.0
1525	-1.261497	118.393450	0.009100	9.9
1526	-1.130337	118.349784	0.006600	7.7
1527	-1.171596	118.306160	0.007052	7.7
1528	-0.922530	118.262580	0.004504	7.6
1529	-1.160935	118.219042	0.006263	7.7
1530	-0.674034	118.175548	0.009919	10.1
1531	-0.837716	118.132095	0.008492	8.3
1532	-1.369079	118.088686	0.007113	7.3
1533	-1.403649	118.045319	0.005880	7.6
1534	-0.635518	118.001994	0.003535	10.1
1535	-1.100316	117.958712	0.008657	10.5
1536	-1.306486	117.915472	0.012869	9.9
1537	-0.625611	117.872274	0.006870	6.5
1538	-1.361304	117.829118	0.006874	8.5
1539	-0.901194	117.786005	0.009144	10.4
1540	-1.274035	117.742933	0.015062	8.5
1541	-1.350888	117.699904	0.005749	7.5
1542	-0.969380	117.656916	0.006643	7.6
1543	-1.116930	117.613971	0.009083	7.6
1544	-1.178877	117.571067	0.007165	10.4
1545	-0.983288	117.528205	0.008849	7.7
1546	-1.305337	117.485384	0.009731	8.7
1547	-0.970161	117.442605	0.007122	7.6
1548	-1.369829	117.399867	0.009871	7.6
1549	-1.250000	117.357171	0.007299	10.5
1550	-1.442428	117.314517	0.009053	8.9
1551	-0.575403	117.271903	0.003741	7.0
1552	-0.345764	117.229331	0.002498	7.6
1553	-1.091731	117.186800	0.006661	8.2
1554	-0.697827	117.144311	0.006995	10.1
1555	-1.135567	117.101862	0.007660	7.8
1556	-1.191498	117.059454	0.008039	8.5
1557	-1.254736	117.017087	0.007545	7.9
1558	-1.274079	116.974762	0.008616	8.2
1559	-0.685184	116.932476	0.006531	10.7
1560	-0.607992	116.890232	0.008421	7.1
1561	-0.962701	116.848028	0.008674	7.7
1562	-0.539303	116.805865	0.006180	7.5
1563	-0.133989	116.763743	0.002772	7.6
1564	-1.398797	116.721661	0.007350	9.5
1565	-1.387762	116.679619	0.010280	7.5
1566	-1.110709	116.637618	0.005217	9.1
1567	-0.628535	116.595657	0.006111	7.7
1568	-0.388971	116.553736	0.006057	8.4
1569	-0.248194	116.511855	0.002503	11.0
1570	-0.706367	116.470015	0.008103	7.9
1571	-0.771224	116.428214	0.006919	7.7
1572	-1.214001	116.386454	0.008142	7.0
1573	-0.824061	116.344733	0.006019	7.6
1574	-0.790414	116.303052	0.005153	10.3
1575	-1.258617	116.261412	0.008059	8.6
1576	-1.323692	116.219810	0.006776	7.5
1577	-1.296954	116.178249	0.005883	7.6
1578	-1.390205	116.136727	0.008698	7.5
1579	-0.777137	116.095245	0.006048	10.6
1580	-1.256028	116.053802	0.008944	7.5
1581	-0.799386	116.012398	0.006988	8.4
1582	-1.333709	115.971034	0.008455	7.9
1583	-1.368572	115.929710	0.010152	8.6
1584	-1.249060	115.888424	0.008460	9.6
1585	-0.194574	115.847178	0.002300	8.7
1586	-0.483350	115.805970	0.002763	7.5
1587	-0.445345	115.764802	0.002271	7.6
1588	-1.310409	115.723673	0.007984	7.8
1589	-0.863055	115.682583	0.005541	11.3
1590	-0.787889	115.641532	0.006743	7.9
1591	-0.360713	115.600519	0.002925	8.3
1592	-0.183347	115.559546	0.003559	7.5
1593	-1.283756	115.518610	0.008649	7.5
1594	-1.359528	115.477714	0.005937	10.5
1595	-1.367770	115.436856	0.007542	8.7
1596	-0.989158	115.396037	0.010181	7.5
1597	-1.220543	115.355256	0.007326	7.6
1598	-1.318200	115.314514	0.007297	7.5
1599	-0.936601	115.273810	0.005022	10.6
1600	-1.307850	115.233144	0.007239	7.5
1601	-0.435440	115.192517	0.006376	8.5
1602	-1.216544	115.151927	0.009309	7.6
1603	-0.967665	115.111376	0.006320	7.7
1604	-1.354089	115.070863	0.007503	10.7
1605	-0.610107	115.030388	0.004851	8.6
1606	-0.706805	114.989951	0.006713	7.5
1607	-1.067193	114.949551	0.009368	7.6
1608	-0.927093	114.909190	0.005864	7.5
1609	-1.283986	114.868866	0.009577	10.1
1610	-0.764404	114.828580	0.007622	7.5
1611	-1.317405	114.788332	0.006351	8.6
1612	-1.300661	114.748121	0.006789	8.0
1613	-1.050127	114.707948	0.007883	7.5
1614	-1.173699	114.667812	0.006241	10.8
1615	-0.661489	114.627714	0.005231	8.1
1616	-0.823805	114.587653	0.006217	7.5
1617	-0.695512	114.547629	0.006727	7.5
1618	-0.645934	114.507643	0.008628	7.6
1619	-1.255963	114.467693	0.006135	10.3
1620	-0.049351	114.427781	0.002194	7.6
1621	-0.743137	114.387907	0.003696	8.2
1622	-0.944148	114.348069	0.007204	7.6
1623	-0.782236	114.308268	0.004802	7.1
1624	-1.281081	114.268504	0.009488	10.8
1625	-0.665580	114.228777	0.006500	7.6
1626	-0.443762	114.189086	0.005489	7.7
1627	-1.216462	114.149433	0.006894	6.9
1628	-0.947517	114.109816	0.011405	7.5
1629	-0.304333	114.070235	0.006277	10.4
1630	-1.436021	114.030692	0.010236	7.7
1631	-1.076013	113.991185	0.009267	9.2
1632	-0.792627	113.951714	0.007729	7.7
1633	-0.427247	113.912280	0.002783	7.5
1634	-1.323477	113.872882	0.007521	10.8
1635	-1.123192	113.833521	0.008801	7.5
1636	-1.009352	113.794195	0.005947	7.1
1637	-0.746058	113.754906	0.008700	7.5
1638	-1.002162	113.715653	0.008287	7.5
1639	-1.345876	113.676437	0.006977	9.6
1640	-0.737710	113.637256	0.003664	7.8
1641	-1.048032	113.598111	0.004804	8.3
1642	-1.114788	113.559002	0.008478	7.5
1643	-0.604715	113.519929	0.004775	7.7
1644	-1.232273	113.480892	0.008512	11.0
1645	-0.717015	113.441891	0.009057	7.9
1646	-1.253595	113.402925	0.007965	7.0
1647	-1.306780	113.363995	0.009464	7.5
1648	-1.357168	113.325101	0.007730	7.6
1649	-0.733109	113.286242	0.005577	10.4
1650	-1.328317	113.247419	0.005784	7.7
1651	-0.749655	113.208631	0.003296	8.3
1652	-1.109596	113.169879	0.008356	8.6
1653	-0.430949	113.131162	0.005114	7.6
1654	-1.278820	113.092480	0.011283	10.8
1655	-0.529942	113.053833	0.006722	7.6
1656	-0.425824	113.015222	0.002948	7.9
1657	-1.164921	112.976646	0.010325	7.4
1658	-0.241490	112.938105	0.003715	7.7
1659	-1.212985	112.899599	0.008379	10.1
1660	-1.063633	112.861128	0.011534	8.7
1661	-0.906695	112.822692	0.007001	7.5
1662	-0.757859	112.784291	0.006254	7.1
1663	-0.407953	112.745924	0.002752	6.9
1664	-0.770398	112.707593	0.005757	10.1
1665	-1.180728	112.669296	0.012236	7.5
1666	-0.533874	112.631034	0.006016	8.5
1667	-0.639617	112.592806	0.007680	7.9
1668	-1.381700	112.554613	0.008669	7.6
1669	-0.868256	112.516455	0.005424	10.1
1670	-1.246620	112.478331	0.007304	9.1
1671	-1.295511	112.440241	0.011657	7.5
1672	-0.608763	112.402186	0.007565	8.4
1673	-0.140642	112.364165	0.002195	7.5
1674	-1.291370	112.326179	0.005200	9.8
1675	-1.330372	112.288227	0.011300	7.7
1676	-0.808016	112.250309	0.007641	8.4
1677	-1.149406	112.212425	0.006438	7.5
1678	-1.097301	112.174575	0.008890	7.6
1679	-0.404346	112.136759	0.003545	10.6
1680	-0.608062	112.098977	0.006675	8.6
1681	-0.335269	112.061229	0.003900	7.6
1682	-1.166360	112.023515	0.010121	7.6
1683	-0.648443	111.985834	0.005767	7.6
1684	-1.301296	111.948188	0.009607	10.7
1685	-1.274670	111.910575	0.008092	7.6
1686	-0.628787	111.872996	0.007092	9.2
1687	-0.861569	111.835450	0.004968	6.7
1688	-0.500568	111.797939	0.004580	6.9
1689	-0.801583	111.760460	0.006359	10.1
1690	-0.762202	111.723015	0.005625	9.0
1691	-0.750983	111.685604	0.006846	7.6
1692	-0.767918	111.648226	0.005648	8.5
1693	-1.168296	111.610881	0.005374	7.6
1694	-1.307580	111.573570	0.005363	9.8
1695	-0.788338	111.536292	0.006452	7.7
1696	-0.908914	111.499047	0.009570	9.5
1697	-0.844017	111.461835	0.006693	7.1
1698	-1.371858	111.424656	0.009451	7.9
1699	-0.886206	111.387510	0.005909	9.8
1700	-0.988040	111.350398	0.005576	8.4
1701	-1.218966	111.313318	0.006754	7.6
1702	-0.494228	111.276271	0.004103	8.2
1703	-1.314635	111.239257	0.009538	7.5
1704	-1.262740	111.202276	0.004806	10.5
1705	-1.340919	111.165328	0.009032	7.6
1706	-0.754785	111.128412	0.007077	9.0
1707	-0.122374	111.091529	0.001834	8.5
1708	-1.393024	111.054679	0.006947	7.5
1709	-0.769153	111.017861	0.005944	10.7
1710	-0.772532	110.981076	0.007470	7.7
1711	-0.094154	110.944323	0.002065	7.7
1712	-1.131660	110.907603	0.007577	7.5
1713	-0.233276	110.870915	0.002365	7.5
1714	-1.111835	110.834259	0.008505	10.3
1715	-1.224288	110.797636	0.013327	7.4
1716	-1.081590	110.761045	0.008008	8.4
1717	-1.374820	110.724486	0.008675	7.7
1718	-1.101262	110.687959	0.007194	7.5
1719	-0.403375	110.651465	0.003969	9.1
1720	-1.202517	110.615002	0.007231	7.5
1721	-1.013758	110.578572	0.005530	7.7
1722	-0.715976	110.542173	0.005670	8.4
1723	-1.213431	110.505807	0.004498	7.6
1724	-1.134301	110.469472	0.005221	10.8
1725	-0.886529	110.433169	0.013570	7.5
1726	-1.179880	110.396898	0.011228	8.4
1727	-0.544876	110.360659	0.006535	7.7
1728	-1.303410	110.324451	0.011473	7.6
1729	-1.308072	110.288276	0.006990	10.6
1730	-1.078964	110.252131	0.008289	7.8
1731	-0.028205	110.216019	0.000989	8.5
1732	-1.320987	110.179937	0.008151	8.7
1733	-1.259530	110.143888	0.010927	7.8
1734	-0.308768	110.107869	0.002403	9.7
1735	-1.262498	110.071882	0.007751	9.2
1736	-1.395977	110.035927	0.010257	8.3
1737	-0.942949	110.000003	0.006619	8.3
1738	-0.869835	109.964110	0.006937	7.6
1739	-0.743139	109.928248	0.007240	10.7
1740	-0.986495	109.892417	0.006961	8.4
1741	-1.337996	109.856618	0.013631	8.5
1742	-0.980650	109.820850	0.005749	7.5
1743	-0.949722	109.785112	0.007860	10.2
1744	-1.315962	109.749406	0.011217	7.7
1745	-1.017345	109.713730	0.007671	8.7
1746	-1.019720	109.678086	0.005974	7.5
1747	-1.254337	109.642472	0.008155	7.6
1748	-1.381166	109.606890	0.009687	11.3
1749	-1.254873	109.571337	0.007229	8.1
1750	-0.778378	109.535816	0.009029	8.7
1751	-0.036822	109.500326	0.001594	6.0
1752	-0.880708	109.464866	0.003675	7.6
1753	-0.817106	109.429436	0.005923	10.6
1754	-1.208644	109.394038	0.013111	9.2
1755	-1.419799	109.358669	0.006600	7.6
1756	-1.336697	109.323331	0.008033	7.8
1757	-0.303325	109.288024	0.003514	7.6
1758	-0.219281	109.252747	0.006616	10.8
1759	-0.626704	109.217501	0.003667	7.4
1760	-1.286618	109.182284	0.009137	7.7
1761	-0.417331	109.147098	0.003917	8.2
1762	-1.133091	109.111942	0.005040	7.6
1763	-0.934400	109.076817	0.006985	10.3
1764	-1.322114	109.041721	0.010250	8.6
1765	-1.278198	109.006656	0.008141	7.6
1766	-1.307320	108.971620	0.006498	7.6
1767	-0.813813	108.936615	0.004057	7.5
1768	-0.651323	108.901640	0.005374	10.5
1769	-1.337135	108.866694	0.008042	7.7
1770	-1.338628	108.831779	0.009722	10.1
1771	-1.229708	108.796893	0.009360	7.5
1772	-0.713961	108.762037	0.006626	7.7
1773	-1.288569	108.727211	0.007014	9.7
1774	-1.207070	108.692415	0.008127	8.9
1775	-1.290693	108.657648	0.007940	7.7
1776	-0.068458	108.622911	0.002360	7.3
1777	-1.215912	108.588203	0.006843	7.6
1778	-1.220886	108.553525	0.009357	10.6
1779	-1.110814	108.518877	0.009855	7.3
1780	-0.633703	108.484258	0.004403	8.7
1781	-0.349359	108.449668	0.004855	7.5
1782	-0.990448	108.415108	0.006286	6.7
1783	-0.918916	108.380578	0.009433	10.1
1784	-1.371197	108.346076	0.007487	8.5
1785	-1.251484	108.311604	0.008922	7.6
1786	-1.205869	108.277161	0.008464	7.5
1787	-0.775253	108.242747	0.007217	7.6
1788	-0.494048	108.208363	0.004756	11.0
1789	-1.241813	108.174007	0.006687	7.7
1790	-0.474758	108.139681	0.006510	8.4
1791	-1.360463	108.105383	0.008552	8.4
1792	-0.480817	108.071115	0.005781	7.6
1793	-1.384885	108.036875	0.010038	9.7
1794	-1.049770	108.002665	0.008842	8.4
1795	-1.201200	107.968483	0.005306	6.9
1796	-1.267117	107.934330	0.004096	7.7
1797	-0.923544	107.900206	0.007504	7.6
1798	-1.080014	107.866111	0.008238	10.5
1799	-0.793514	107.832044	0.008812	7.5
1800	-0.722593	107.798007	0.007369	8.8
1801	-0.938767	107.763997	0.005679	7.5
1802	-1.288859	107.730017	0.009881	7.5
1803	-1.300472	107.696065	0.009079	10.7
1804	-0.975795	107.662141	0.006423	9.0
1805	-0.643976	107.628246	0.002983	7.7
1806	-1.164802	107.594379	0.006402	7.5
1807	-0.659387	107.560541	0.005633	7.6
1808	-0.772161	107.526731	0.009065	10.5
1809	-0.192320	107.492949	0.003034	7.7
1810	-1.293236	107.459196	0.012305	8.7
1811	-1.264257	107.425471	0.006204	7.7
1812	-0.571017	107.391774	0.009971	7.6
1813	-0.972156	107.358106	0.008719	10.5
1814	-1.349430	107.324465	0.008643	8.1
1815	-0.877091	107.290853	0.007584	8.5
1816	-1.262647	107.257268	0.006965	6.5
1817	-0.909221	107.223712	0.006284	7.6
1818	-0.575707	107.190184	0.006861	10.3
1819	-0.873242	107.156683	0.004932	8.6
1820	-1.293785	107.123211	0.007906	8.5
1821	-1.405413	107.089766	0.007762	7.6
1822	-1.009975	107.056349	0.006198	7.6
1823	-0.970236	107.022960	0.005068	10.0
1824	-1.036888	106.989599	0.011796	7.4
1825	-1.040398	106.956265	0.005904	8.8
1826	-1.316137	106.922960	0.010780	8.6
1827	-0.424081	106.889681	0.003725	8.0
1828	-0.629479	106.856431	0.005285	10.6
1829	-1.380438	106.823208	0.006941	8.4
1830	-0.899108	106.790012	0.005705	7.6
1831	-1.324605	106.756844	0.005958	7.7
1832	-1.367026	106.723703	0.006637	7.5
1833	-0.735680	106.690590	0.006564	10.1
1834	-0.746550	106.657505	0.006916	7.7
1835	-1.350666	106.624446	0.007468	8.5
1836	-1.274504	106.591415	0.007106	7.5
1837	-1.279790	106.558411	0.009723	7.5
1838	-1.223814	106.525435	0.007472	10.3
1839	-0.741642	106.492485	0.008223	8.5
1840	-1.372761	106.459563	0.013842	7.9
1841	-0.563611	106.426668	0.003002	7.7
1842	-1.226432	106.393800	0.007876	7.4
1843	-0.849933	106.360959	0.007584	10.6
1844	-1.282247	106.328145	0.007105	8.5
1845	-0.624684	106.295358	0.007078	8.3
1846	-1.232847	106.262598	0.006770	7.5
1847	-0.666638	106.229865	0.006737	7.7
1848	-0.817326	106.197158	0.009132	10.2
1849	-1.096412	106.164479	0.005262	8.3
1850	-0.859696	106.131826	0.008327	8.6
1851	-1.294783	106.099201	0.007692	8.1
1852	-1.229809	106.066602	0.007676	7.6
1853	-1.381391	106.034029	0.011417	9.9
1854	-0.571148	106.001483	0.008259	8.8
1855	-1.098704	105.968964	0.008116	7.8
1856	-0.712529	105.936472	0.008004	7.6
1857	-1.298958	105.904006	0.009724	7.3
1858	-0.225375	105.871566	0.003140	10.1
1859	-0.707670	105.839153	0.006031	7.6
1860	-1.260463	105.806767	0.006517	7.6
1861	-0.958585	105.774407	0.006364	8.0
1862	-0.266182	105.742073	0.004584	7.7
1863	-1.360593	105.709766	0.009285	11.3
1864	-1.113298	105.677485	0.011981	8.6
1865	-1.192058	105.645230	0.005316	7.6
1866	-0.365378	105.613001	0.003572	7.5
1867	-0.322047	105.580799	0.002373	7.6
1868	-1.323736	105.548623	0.016721	10.6
1869	-0.891553	105.516473	0.006551	8.1
1870	-0.373448	105.484349	0.003389	8.6
1871	-0.834109	105.452251	0.005550	7.6
1872	-0.612636	105.420179	0.004303	7.6
1873	-1.329952	105.388133	0.009492	9.3
1874	-0.365582	105.356113	0.004958	8.4
1875	-0.965746	105.324119	0.004276	7.2
1876	-0.982273	105.292151	0.005921	7.6
1877	-1.257209	105.260209	0.006342	7.3
1878	-0.881376	105.228293	0.007986	10.3
1879	-1.449939	105.196402	0.007772	7.6
1880	-1.281674	105.164537	0.012625	8.8
1881	-1.061951	105.132698	0.007373	7.5
1882	-1.101575	105.100885	0.008329	7.8
1883	-1.368396	105.069097	0.009880	10.1
1884	-0.875629	105.037335	0.006723	8.5
1885	-1.055337	105.005598	0.007765	7.8
1886	-0.163368	104.973887	0.001946	6.9
1887	-0.992472	104.942202	0.006085	7.9
1888	-1.289695	104.910542	0.007858	12.9
1889	-0.634339	104.878907	0.004211	12.1
1890	-0.727099	104.847298	0.006713	7.5
1891	-0.961979	104.815715	0.005695	8.7
1892	-0.314714	104.784156	0.004527	9.1
1893	-1.211316	104.752623	0.006918	9.2
1894	-0.818776	104.721116	0.006889	7.5
1895	-0.966357	104.689633	0.007146	7.5
1896	-1.042009	104.658176	0.007673	7.5
1897	-0.078579	104.626744	0.001330	10.2
1898	-0.378851	104.595337	0.003871	7.6
1899	-0.864078	104.563955	0.005337	9.2
1900	-1.410275	104.532599	0.010555	7.7
1901	-0.766133	104.501267	0.007170	7.8
1902	-1.139652	104.469960	0.004294	10.2
1903	-1.362469	104.438679	0.009093	8.5
1904	-1.091481	104.407422	0.005985	7.3
1905	-0.784858	104.376191	0.006799	7.6
1906	-0.428198	104.344984	0.002165	7.5
1907	-1.042576	104.313802	0.004195	10.3
1908	-0.730953	104.282645	0.006236	7.5
1909	-0.380801	104.251513	0.005591	8.6
1910	-1.306390	104.220405	0.009206	7.6
1911	-1.337861	104.189323	0.008977	7.5
1912	-1.315474	104.158265	0.011132	10.7
1913	-0.776195	104.127231	0.006348	8.6
1914	-0.514927	104.096222	0.004602	7.6
1915	-1.029839	104.065238	0.006666	7.6
1916	-0.750301	104.034279	0.004792	7.5
1917	-1.304331	104.003344	0.007640	10.4
1918	-1.294259	103.972433	0.005997	7.5
1919	-1.361712	103.941547	0.007491	9.0
1920	-1.379009	103.910686	0.007866	7.7
1921	-1.238615	103.879849	0.007341	8.6
1922	-0.088339	103.849036	0.001014	9.9
1923	-1.009669	103.818248	0.006621	8.1
1924	-0.197406	103.787484	0.002565	7.7
1925	-1.261488	103.756744	0.006966	7.9
1926	-1.177026	103.726029	0.006700	7.5
1927	-0.750188	103.695338	0.004810	10.5
1928	-0.248054	103.664671	0.001300	6.6
1929	-0.823581	103.634028	0.007663	8.4
1930	-0.830431	103.603409	0.007982	7.7
1931	-0.708250	103.572814	0.006777	7.6
1932	-1.192764	103.542244	0.006758	11.9
1933	-1.182606	103.511698	0.006254	7.6
1934	-1.294619	103.481175	0.006668	7.8
1935	-1.310833	103.450677	0.007696	7.6
1936	-0.726780	103.420202	0.006499	7.6
1937	-1.179211	103.389752	0.010601	10.3
1938	-1.094187	103.359325	0.008494	9.1
1939	-1.222161	103.328922	0.007594	7.5
1940	-0.224300	103.298543	0.003331	7.7
1941	-1.225291	103.268188	0.006604	7.7
1942	-1.222292	103.237857	0.007457	10.3
1943	-1.335446	103.207549	0.009290	7.8
1944	-1.319488	103.177265	0.006014	8.5
1945	-0.226977	103.147005	0.003781	7.6
1946	-0.275538	103.116768	0.003142	7.7
1947	-0.120655	103.086556	0.001625	10.6
1948	-1.217162	103.056366	0.009409	8.3
1949	-1.336468	103.026200	0.007990	7.6
1950	-1.162241	102.996058	0.009499	7.3
1951	-0.076570	102.965939	0.001669	7.5
1952	-0.490166	102.935844	0.002469	10.1
1953	-1.397669	102.905772	0.007295	7.5
1954	-0.792912	102.875724	0.004079	8.3
1955	-0.511456	102.845699	0.006420	7.5
1956	-0.445357	102.815697	0.004855	8.6
1957	-1.188367	102.785719	0.006628	10.8
1958	-1.000319	102.755764	0.006163	8.8
1959	-1.283300	102.725832	0.008096	7.5
1960	-1.183061	102.695924	0.004364	7.7
1961	-0.258052	102.666038	0.004465	7.6
1962	-1.140546	102.636176	0.007729	10.5
1963	-1.388607	102.606337	0.006429	7.5
1964	-1.123355	102.576521	0.009165	8.4
1965	-1.086137	102.546728	0.006802	7.6
1966	-1.305744	102.516959	0.007550	7.5
1967	-1.012266	102.487212	0.008396	10.3
1968	-1.300906	102.457488	0.011629	9.3
1969	-0.565137	102.427788	0.005854	7.6
1970	-0.146424	102.398110	0.002670	6.3
1971	-0.416107	102.368455	0.004334	6.3
1972	-0.798122	102.338823	0.006625	11.3
1973	-0.360469	102.309214	0.005196	8.3
1974	-1.200574	102.279628	0.011578	8.4
1975	-0.625675	102.250064	0.007209	7.6
1976	-1.402712	102.220524	0.005576	7.8
1977	-0.677851	102.191006	0.003925	10.1
1978	-1.402582	102.161511	0.007398	8.1
1979	-0.730685	102.132038	0.009330	8.5
1980	-1.272126	102.102588	0.007074	7.6
1981	-1.256399	102.073161	0.013813	8.3
1982	-0.205105	102.043757	0.002859	10.1
1983	-1.221037	102.014375	0.010554	9.3
1984	-1.283023	101.985015	0.009462	7.7
1985	-0.285492	101.955678	0.002847	7.3
1986	-0.718883	101.926364	0.005638	7.5
1987	-1.274680	101.897072	0.006559	12.5
1988	-1.422996	101.867802	0.006794	12.2
1989	-1.166804	101.838555	0.011910	7.5
1990	-0.844451	101.809330	0.004058	7.6
1991	-0.562317	101.780128	0.004586	8.1
1992	-0.300362	101.750948	0.005001	9.3
1993	-0.819346	101.721790	0.005335	8.3
1994	-1.261836	101.692654	0.007395	7.7
1995	-0.877343	101.663541	0.006944	7.6
1996	-0.280580	101.634450	0.003902	9.2
1997	-0.711456	101.605381	0.004792	8.2
1998	-0.921482	101.576335	0.008383	7.5
1999	-1.282445	101.547310	0.006233	9.1
