1:ItNr	2:Metric	3:StepSize	4:||Gradient||	Time[ms]
0	-1.066056	627.201626	0.008909	524.8
1	-1.245813	623.504937	0.009738	13.5
2	-1.119487	619.865785	0.009732	12.6
3	-0.749408	616.282728	0.009076	9.7
4	-0.912094	612.754375	0.007714	9.3
5	-1.074850	609.279381	0.008680	9.6
6	-0.148565	605.856447	0.004473	9.7
7	-1.100197	602.484317	0.009385	10.4
8	-0.990319	599.161779	0.010512	13.5
9	-1.009871	595.887656	0.007607	14.1
10	-0.665716	592.660813	0.008107	13.8
11	-0.126377	589.480151	0.002421	12.9
12	-0.823681	586.344606	0.009456	13.7
13	-0.321942	583.253145	0.008944	14.1
14	-0.852713	580.204771	0.009385	12.7
15	-0.391620	577.198517	0.005452	9.9
16	-1.177080	574.233444	0.009424	9.4
17	-0.982247	571.308645	0.009750	9.9
18	-0.814522	568.423237	0.010025	10.4
19	-0.747490	565.576365	0.008822	10.2
20	-0.828142	562.767201	0.009185	10.0
21	-1.116512	559.994938	0.008444	9.6
22	-1.098933	557.258797	0.010834	9.6
23	-0.687110	554.558018	0.008171	9.7
24	-0.890055	551.891865	0.008052	10.0
25	-1.033950	549.259621	0.009919	9.1
26	-0.934618	546.660592	0.008988	9.7
27	-0.407985	544.094102	0.006473	9.8
28	-0.750936	541.559494	0.008872	9.8
29	-0.501717	539.056129	0.008057	9.0
30	-0.604183	536.583387	0.007843	9.8
31	-1.049553	534.140663	0.008627	11.7
32	-0.151438	531.727370	0.005634	12.2
33	-0.226446	529.342935	0.004873	13.2
34	-0.555631	526.986802	0.006629	14.1
35	-0.774121	524.658430	0.008392	12.7
36	-0.880605	522.357290	0.007218	13.8
37	-0.650025	520.082868	0.010225	13.5
38	-0.748549	517.834665	0.009897	11.3
39	-0.874815	515.612193	0.008649	10.8
40	-1.008845	513.414976	0.008167	13.0
41	-0.841516	511.242551	0.007369	9.4
42	-0.755703	509.094468	0.008252	9.7
43	-0.571595	506.970285	0.005767	13.4
44	-1.190154	504.869574	0.010649	10.8
45	-1.062158	502.791916	0.008978	10.9
46	-0.948997	500.736903	0.008054	11.3
47	-0.792221	498.704137	0.010669	9.6
48	-0.802140	496.693228	0.009055	9.8
49	-1.158181	494.703798	0.011193	10.5
50	-0.753584	492.735476	0.008256	11.8
51	-0.516838	490.787900	0.006459	10.0
52	-0.398732	488.860718	0.006966	9.6
53	-0.709076	486.953585	0.008451	9.9
54	-0.671780	485.066164	0.006886	9.6
55	-0.992860	483.198126	0.009960	10.0
56	-0.517701	481.349149	0.007602	10.8
57	-0.739956	479.518920	0.006888	9.6
58	-0.074904	477.707132	0.003580	9.8
59	-0.744287	475.913485	0.007981	9.9
60	-0.955567	474.137684	0.008965	9.8
61	-0.425053	472.379445	0.007729	9.6
62	-1.017385	470.638485	0.007843	9.5
63	-0.454603	468.914531	0.005750	9.9
64	-0.962051	467.207315	0.008542	9.7
65	-0.373658	465.516573	0.004051	9.6
66	-0.964846	463.842050	0.009620	9.7
67	-0.822575	462.183494	0.007713	9.7
68	-1.215869	460.540658	0.009517	9.6
69	-0.245056	458.913303	0.003193	9.7
70	-0.248604	457.301192	0.004667	9.8
71	-0.282924	455.704096	0.003768	9.6
72	-0.926915	454.121787	0.006873	9.7
73	-0.460680	452.554045	0.006016	8.6
74	-0.777035	451.000653	0.009652	10.0
75	-0.866768	449.461399	0.008988	9.9
76	-0.921443	447.936075	0.007332	9.8
77	-1.020491	446.424477	0.008068	9.7
78	-0.689037	444.926406	0.006206	9.7
79	-0.783548	443.441666	0.007278	9.7
80	-0.643486	441.970065	0.006660	9.6
81	-0.944279	440.511415	0.007678	9.8
82	-1.040705	439.065533	0.007573	9.5
83	-1.006063	437.632238	0.008499	9.8
84	-1.212628	436.211351	0.009595	9.6
85	-0.414356	434.802701	0.005198	10.0
86	-0.733945	433.406117	0.009949	9.5
87	-0.988339	432.021430	0.010279	9.7
88	-0.445005	430.648479	0.008645	9.6
89	-0.725073	429.287101	0.007567	9.8
90	-1.061992	427.937140	0.011324	9.7
91	-0.868548	426.598440	0.008472	9.7
92	-0.629969	425.270849	0.007214	9.6
93	-0.587656	423.954220	0.007922	9.8
94	-0.028771	422.648404	0.002548	9.9
95	-1.104087	421.353259	0.009429	9.8
96	-0.096950	420.068643	0.005258	9.8
97	-0.243484	418.794419	0.003094	9.5
98	-0.828208	417.530451	0.009281	9.9
99	-0.783019	416.276604	0.007638	10.5
100	-0.525965	415.032748	0.006620	9.6
101	-0.830748	413.798754	0.009115	10.2
102	-1.040096	412.574495	0.009269	9.7
103	-1.111036	411.359849	0.008643	11.2
104	-0.753260	410.154691	0.010120	9.7
105	-0.147631	408.958904	0.002223	9.8
106	-1.022926	407.772368	0.009744	9.5
107	-1.145206	406.594968	0.008306	9.6
108	-1.010295	405.426590	0.011793	9.5
109	-0.622471	404.267122	0.006113	10.4
110	-0.829637	403.116456	0.008109	9.5
111	-0.956731	401.974481	0.010411	9.7
112	-0.898518	400.841093	0.008681	10.2
113	-1.048862	399.716187	0.009334	9.7
114	-1.097640	398.599660	0.009043	9.7
115	-1.076155	397.491411	0.009379	9.7
116	-0.793416	396.391342	0.008682	9.9
117	-1.040893	395.299353	0.008254	9.8
118	-0.400405	394.215350	0.005859	9.6
119	-0.580047	393.139238	0.008376	10.2
120	-1.059252	392.070924	0.009775	9.7
121	-0.767399	391.010316	0.007111	9.7
122	-1.135342	389.957325	0.009274	9.6
123	-0.759097	388.911862	0.008227	9.8
124	-0.082946	387.873839	0.002324	9.8
125	-0.634978	386.843173	0.008660	10.1
126	-0.656326	385.819777	0.005578	9.8
127	-0.344620	384.803569	0.006068	9.6
128	-0.896850	383.794468	0.008583	9.6
129	-1.144586	382.792393	0.009682	9.5
130	-0.713947	381.797264	0.007534	9.9
131	-0.918960	380.809005	0.007538	9.5
132	-0.892860	379.827537	0.006516	9.8
133	-0.545672	378.852786	0.007381	9.8
134	-1.176604	377.884678	0.009276	9.8
135	-0.974338	376.923138	0.008907	9.6
136	-1.134541	375.968095	0.008892	9.7
137	-0.850540	375.019479	0.008228	9.8
138	-0.825439	374.077218	0.008221	10.4
139	-0.686985	373.141244	0.008429	9.7
140	-0.805975	372.211489	0.008828	9.8
141	-0.478625	371.287887	0.006095	10.4
142	-0.403306	370.370370	0.004644	10.6
143	-1.132526	369.458876	0.010834	9.8
144	-0.128158	368.553338	0.003161	9.8
145	-0.899638	367.653696	0.007759	10.4
146	-1.138361	366.759885	0.009536	10.4
147	-0.850496	365.871846	0.007646	10.5
148	-1.077507	364.989518	0.009723	9.8
149	-0.689131	364.112841	0.007068	10.1
150	-0.810558	363.241757	0.007677	9.7
151	-1.072528	362.376208	0.008297	9.8
152	-0.821837	361.516137	0.009005	9.7
153	-1.157674	360.661488	0.009651	9.7
154	-0.400723	359.812206	0.005428	10.0
155	-0.773890	358.968236	0.007032	9.6
156	-1.027661	358.129524	0.006724	9.9
157	-0.295981	357.296018	0.004418	9.8
158	-1.082858	356.467665	0.009406	9.6
159	-1.123153	355.644414	0.008011	9.8
160	-0.652520	354.826213	0.009007	10.8
161	-0.408564	354.013012	0.005131	9.8
162	-1.145226	353.204763	0.010856	9.5
163	-0.119710	352.401415	0.004309	9.6
164	-0.191566	351.602922	0.005598	9.7
165	-0.874389	350.809235	0.006997	9.8
166	-1.186830	350.020308	0.007818	9.8
167	-1.031941	349.236095	0.008053	9.8
168	-0.179958	348.456550	0.005280	9.0
169	-0.339249	347.681627	0.004212	9.9
170	-1.108880	346.911283	0.009073	9.8
171	-0.024093	346.145474	0.000721	10.3
172	-1.052187	345.384157	0.008333	9.6
173	-0.280633	344.627288	0.005783	9.4
174	-0.984230	343.874826	0.007811	10.0
175	-0.270561	343.126729	0.003896	9.8
176	-0.600267	342.382957	0.006316	9.8
177	-1.075123	341.643469	0.009865	9.6
178	-1.089390	340.908224	0.009615	9.6
179	-0.808540	340.177184	0.006223	9.8
180	-0.997231	339.450309	0.008312	9.7
181	-0.932063	338.727561	0.008428	9.8
182	-0.535836	338.008902	0.006101	9.8
183	-0.196736	337.294295	0.004547	9.8
184	-1.022729	336.583703	0.008335	10.0
185	-1.123981	335.877089	0.010354	9.7
186	-0.934230	335.174416	0.008050	9.7
187	-0.872164	334.475651	0.009129	9.9
188	-1.051063	333.780756	0.008041	9.9
189	-1.146094	333.089698	0.008718	9.7
190	-0.239915	332.402443	0.004988	9.6
191	-1.160586	331.718955	0.011388	10.5
192	-0.754380	331.039203	0.011799	9.6
193	-1.058853	330.363153	0.009271	9.5
194	-0.862099	329.690771	0.009186	9.7
195	-0.796590	329.022027	0.009091	9.8
196	-0.908371	328.356888	0.009148	9.6
197	-0.737420	327.695322	0.007833	10.0
198	-1.147255	327.037299	0.009595	9.7
199	-0.824503	326.382787	0.009210	9.7
200	-1.023589	325.731758	0.008287	9.5
201	-0.890898	325.084179	0.008007	9.7
202	-1.166655	324.440023	0.010369	9.6
203	-0.693606	323.799258	0.007819	10.3
204	-0.599802	323.161858	0.007382	9.6
205	-1.138207	322.527792	0.009251	9.7
206	-1.109922	321.897034	0.008759	9.7
207	-0.841247	321.269554	0.009204	9.6
208	-1.074354	320.645325	0.008810	9.6
209	-0.732138	320.024320	0.006964	9.7
210	-0.771759	319.406512	0.008284	9.7
211	-1.241154	318.791875	0.009197	9.9
212	-0.931051	318.180381	0.008598	10.0
213	-0.439828	317.572005	0.004251	10.4
214	-0.379674	316.966721	0.006051	9.5
215	-0.828443	316.364504	0.007248	9.8
216	-0.531553	315.765329	0.009422	9.3
217	-1.202538	315.169170	0.009167	9.5
218	-1.198725	314.576003	0.010232	9.9
219	-0.705626	313.985804	0.006352	11.0
220	-1.181794	313.398548	0.008911	9.8
221	-0.766175	312.814213	0.008820	9.6
222	-0.536836	312.232773	0.008670	9.1
223	-0.683313	311.654207	0.006157	9.6
224	-1.069309	311.078491	0.009395	9.7
225	-0.419005	310.505602	0.006708	9.8
226	-0.278659	309.935518	0.007219	9.2
227	-0.004342	309.368217	0.000124	9.8
228	-0.376943	308.803676	0.005158	9.2
229	-0.265229	308.241874	0.004563	9.7
230	-0.881547	307.682789	0.006476	9.8
231	-1.050659	307.126400	0.009271	10.6
232	-0.671058	306.572687	0.007084	9.8
233	-0.993257	306.021627	0.008610	9.4
234	-0.963501	305.473201	0.008383	9.7
235	-1.223618	304.927388	0.008148	9.7
236	-1.179092	304.384168	0.010158	9.1
237	-0.129437	303.843521	0.004597	9.9
238	-1.145359	303.305427	0.009529	9.6
239	-0.935195	302.769867	0.007569	9.4
240	-1.183446	302.236821	0.008808	9.7
241	-0.873870	301.706270	0.007987	9.8
242	-1.183309	301.178196	0.010100	9.7
243	-1.236813	300.652580	0.007867	9.9
244	-0.004292	300.129402	0.000004	9.7
245	-1.092216	299.608645	0.009443	10.0
246	-1.176858	299.090291	0.009487	9.8
247	-0.829849	298.574321	0.009252	9.9
248	-1.066942	298.060718	0.010263	9.6
249	-1.110323	297.549465	0.007131	9.8
250	-0.892043	297.040543	0.007179	10.3
251	-1.177188	296.533936	0.010375	10.1
252	-0.741797	296.029626	0.007101	10.0
253	-1.070847	295.527597	0.007537	9.7
254	-0.931521	295.027832	0.008875	9.7
255	-0.278063	294.530315	0.004651	10.0
256	-1.058802	294.035028	0.007714	9.6
257	-0.950098	293.541956	0.007937	10.0
258	-0.125604	293.051083	0.006578	8.8
259	-1.084725	292.562393	0.008412	9.8
260	-1.138487	292.075870	0.008590	9.7
261	-0.974722	291.591498	0.009331	11.4
262	-1.191168	291.109263	0.013489	11.9
263	-1.096761	290.629149	0.008671	9.6
264	-1.211881	290.151140	0.009275	9.9
265	-0.102015	289.675222	0.003360	9.4
266	-1.019465	289.201380	0.008573	9.7
267	-1.227498	288.729600	0.007583	9.7
268	-0.837339	288.259866	0.009114	9.7
269	-1.236643	287.792165	0.009926	10.0
270	-0.875701	287.326481	0.008807	9.9
271	-0.479775	286.862802	0.010173	9.5
272	-0.739928	286.401113	0.009890	9.6
273	-1.083678	285.941400	0.007365	10.2
274	-0.323397	285.483649	0.004928	9.7
275	-1.068124	285.027847	0.008641	9.9
276	-0.570154	284.573981	0.006776	10.1
277	-0.770583	284.122037	0.008928	9.6
278	-0.676526	283.672002	0.007085	9.7
279	-0.784093	283.223863	0.006951	9.8
280	-1.128286	282.777607	0.015396	9.6
281	-0.427850	282.333221	0.005231	9.8
282	-1.110654	281.890692	0.009269	9.6
283	-1.181794	281.450008	0.007954	9.7
284	-1.083709	281.011157	0.009301	9.4
285	-0.925625	280.574125	0.007622	9.7
286	-1.069138	280.138901	0.008398	9.8
287	-0.738220	279.705473	0.008752	9.7
288	-0.996426	279.273829	0.008346	9.5
289	-0.437543	278.843956	0.006452	9.5
290	-0.491921	278.415844	0.005460	10.0
291	-0.868095	277.989479	0.009167	9.7
292	-1.158582	277.564851	0.008657	9.8
293	-1.137928	277.141949	0.013667	9.4
294	-0.712902	276.720761	0.007671	9.8
295	-0.000003	276.301275	0.000006	10.0
296	-0.589940	275.883480	0.006838	10.2
297	-1.017994	275.467366	0.008696	10.5
298	-0.227897	275.052922	0.005572	10.3
299	-1.145066	274.640136	0.009659	10.4
300	-0.990313	274.228998	0.009723	11.1
301	-0.215757	273.819497	0.003462	10.6
302	-0.249406	273.411623	0.005341	10.8
303	-0.794028	273.005365	0.005904	9.0
304	-0.937207	272.600712	0.009232	9.7
305	-1.053913	272.197655	0.006962	10.0
306	-1.052011	271.796184	0.009036	9.6
307	-1.225532	271.396287	0.009807	9.7
308	-1.170147	270.997956	0.007846	9.6
309	-1.096262	270.601180	0.009557	9.6
310	-0.928293	270.205949	0.007907	9.6
311	-0.984772	269.812254	0.008863	9.8
312	-0.806748	269.420085	0.007258	10.4
313	-0.990412	269.029432	0.009270	9.7
314	-1.111273	268.640287	0.009321	9.6
315	-1.199176	268.252638	0.007951	10.4
316	-1.208473	267.866478	0.009552	9.7
317	-0.240396	267.481796	0.006880	9.6
318	-0.549850	267.098584	0.007798	9.8
319	-0.313138	266.716833	0.005027	9.9
320	-1.124565	266.336533	0.009816	9.6
321	-1.071906	265.957676	0.008566	9.7
322	-1.165625	265.580253	0.007871	9.7
323	-0.853290	265.204254	0.009421	9.6
324	-1.288030	264.829672	0.010651	9.5
325	-0.488870	264.456497	0.006194	9.8
326	-1.126655	264.084721	0.009384	9.7
327	-0.456344	263.714335	0.005553	9.4
328	-1.180043	263.345332	0.008727	10.3
329	-0.945975	262.977702	0.008707	10.5
330	-0.976719	262.611438	0.009011	9.6
331	-1.322544	262.246531	0.009625	9.9
332	-0.359125	261.882973	0.004381	9.9
333	-0.127104	261.520756	0.002660	10.3
334	-0.823543	261.159871	0.008277	10.3
335	-1.259350	260.800312	0.009890	9.7
336	-0.934501	260.442070	0.008684	10.0
337	-1.277273	260.085137	0.010027	9.7
338	-1.184553	259.729505	0.010991	9.6
339	-1.037166	259.375167	0.009226	9.6
340	-0.629837	259.022116	0.008585	10.3
341	-0.361765	258.670343	0.006023	9.9
342	-0.129405	258.319841	0.005056	9.9
343	-0.699804	257.970602	0.007042	9.6
344	-0.893188	257.622620	0.008011	9.6
345	-0.223049	257.275887	0.004595	9.8
346	-0.997168	256.930396	0.006452	9.7
347	-0.470258	256.586139	0.006415	10.5
348	-1.120711	256.243109	0.007765	9.4
349	-0.835479	255.901300	0.008563	9.7
350	-1.230399	255.560703	0.008206	9.5
351	-0.355632	255.221313	0.004887	10.5
352	-1.184888	254.883122	0.009632	9.8
353	-0.679208	254.546124	0.005690	9.9
354	-1.199510	254.210311	0.008360	9.6
355	-0.835548	253.875677	0.006274	10.2
356	-0.842851	253.542215	0.007858	9.8
357	-0.419029	253.209918	0.004677	9.7
358	-0.791207	252.878781	0.008530	9.6
359	-0.702603	252.548795	0.006723	9.4
360	-1.187470	252.219956	0.009106	9.6
361	-0.940345	251.892255	0.009522	10.4
362	-0.413395	251.565688	0.005438	10.3
363	-0.684350	251.240247	0.007225	9.7
364	-0.804859	250.915926	0.008028	9.2
365	-1.003153	250.592720	0.009868	9.9
366	-0.452752	250.270621	0.006762	9.9
367	-0.858775	249.949624	0.007293	9.8
368	-1.130416	249.629723	0.010569	10.2
369	-0.414676	249.310911	0.007095	9.5
370	-0.810380	248.993182	0.007405	9.6
371	-0.844085	248.676531	0.009172	9.9
372	-1.175578	248.360952	0.008348	9.6
373	-0.799479	248.046438	0.008374	9.8
374	-0.884563	247.732984	0.008050	10.5
375	-0.800420	247.420584	0.007451	9.7
376	-0.487538	247.109233	0.005094	10.1
377	-1.046509	246.798924	0.009631	9.6
378	-0.429559	246.489652	0.005730	9.8
379	-1.089026	246.181412	0.007918	9.6
380	-0.437505	245.874197	0.005272	9.7
381	-1.061147	245.568002	0.008966	9.8
382	-0.097810	245.262822	0.002950	9.8
383	-0.909571	244.958652	0.008557	9.7
384	-0.302148	244.655485	0.008606	9.5
385	-0.981472	244.353317	0.009383	9.7
386	-0.737964	244.052142	0.007264	9.5
387	-0.945804	243.751955	0.008921	9.8
388	-0.699845	243.452750	0.006501	10.1
389	-0.525555	243.154523	0.004926	9.8
390	-1.165549	242.857268	0.009242	9.6
391	-0.745297	242.560980	0.010572	9.6
392	-0.419089	242.265654	0.008383	9.6
393	-1.263331	241.971285	0.009313	9.6
394	-1.219622	241.677868	0.009668	9.7
395	-1.162102	241.385397	0.008838	9.5
396	-1.196393	241.093869	0.009657	10.0
397	-0.652930	240.803278	0.005776	9.5
398	-0.745069	240.513619	0.008151	9.7
399	-0.987218	240.224887	0.007534	9.7
400	-1.115272	239.937077	0.008238	9.8
401	-1.219373	239.650186	0.008351	9.7
402	-1.199029	239.364207	0.008067	9.7
403	-0.111338	239.079136	0.002589	9.8
404	-0.440518	238.794969	0.007172	11.5
405	-0.354980	238.511701	0.006475	9.6
406	-0.598869	238.229327	0.005124	9.9
407	-1.245594	237.947843	0.009199	9.7
408	-1.001146	237.667244	0.008068	14.2
409	-0.828441	237.387526	0.010297	16.5
410	-0.004914	237.108684	0.000765	10.5
411	-1.151528	236.830714	0.011866	10.1
412	-0.421368	236.553610	0.004659	10.4
413	-1.259456	236.277370	0.008742	10.5
414	-0.132527	236.001989	0.002337	14.4
415	-0.967467	235.727461	0.007195	17.8
416	-0.929242	235.453784	0.009912	14.5
417	-1.151090	235.180952	0.008115	9.8
418	-1.192072	234.908962	0.009247	9.7
419	-1.155190	234.637809	0.010977	9.7
420	-0.281882	234.367488	0.006567	9.2
421	-1.041106	234.097997	0.012761	9.8
422	-0.737123	233.829331	0.005686	10.6
423	-0.405691	233.561485	0.006997	9.6
424	-1.217146	233.294456	0.009764	9.5
425	-0.866237	233.028239	0.008421	9.7
426	-0.935313	232.762831	0.009234	9.6
427	-0.847000	232.498228	0.009005	9.7
428	-0.045509	232.234425	0.001683	9.9
429	-0.768073	231.971419	0.007797	9.5
430	-0.744645	231.709205	0.006342	9.8
431	-0.742791	231.447781	0.007772	9.7
432	-0.305413	231.187141	0.005249	10.2
433	-0.000008	230.927283	0.000021	8.7
434	-1.001492	230.668202	0.010543	10.1
435	-1.071098	230.409895	0.011275	9.6
436	-1.237470	230.152358	0.008437	9.7
437	-1.004873	229.895587	0.010211	9.9
438	-0.672238	229.639578	0.006840	9.9
439	-0.807969	229.384329	0.007749	9.8
440	-1.056326	229.129834	0.008429	9.6
441	-0.129262	228.876091	0.002535	10.0
442	-1.255875	228.623096	0.009776	9.7
443	-1.004840	228.370846	0.010650	10.1
444	-1.017058	228.119336	0.010587	11.7
445	-0.701164	227.868563	0.007486	9.8
446	-1.007573	227.618525	0.008534	9.6
447	-1.054945	227.369216	0.007214	9.8
448	-0.938549	227.120635	0.009549	9.9
449	-0.119313	226.872777	0.004599	9.5
450	-0.665539	226.625638	0.007667	9.8
451	-0.465870	226.379217	0.007903	9.8
452	-1.010524	226.133509	0.009653	9.7
453	-0.500556	225.888510	0.008543	9.9
454	-1.188741	225.644218	0.008664	9.8
455	-0.927172	225.400630	0.007611	9.6
456	-0.992289	225.157741	0.008754	10.2
457	-1.085467	224.915549	0.010089	9.7
458	-0.179139	224.674051	0.003865	10.0
459	-1.101029	224.433242	0.010154	9.7
460	-0.760219	224.193121	0.007450	10.3
461	-1.152308	223.953684	0.011852	9.6
462	-0.907951	223.714927	0.008045	9.7
463	-0.570334	223.476848	0.008324	9.6
464	-1.193275	223.239444	0.010353	9.8
465	-1.256721	223.002710	0.010955	10.5
466	-1.074336	222.766645	0.009584	9.8
467	-1.262557	222.531245	0.010463	9.6
468	-1.166430	222.296508	0.009975	9.7
469	-1.115249	222.062429	0.008534	9.8
470	-1.208714	221.829007	0.009447	9.7
471	-0.686081	221.596238	0.007177	9.7
472	-1.212623	221.364119	0.009528	10.4
473	-0.980734	221.132647	0.008855	9.8
474	-1.056109	220.901820	0.008293	9.8
475	-0.313480	220.671634	0.006712	10.1
476	-0.839483	220.442086	0.008135	9.7
477	-1.044043	220.213174	0.007783	9.9
478	-0.799762	219.984895	0.009159	9.5
479	-0.969229	219.757246	0.008142	9.6
480	-0.903108	219.530224	0.009081	9.6
481	-0.547028	219.303826	0.007425	9.6
482	-0.971908	219.078050	0.009487	9.8
483	-0.010263	218.852893	0.001423	9.6
484	-1.140654	218.628352	0.007528	9.5
485	-0.441873	218.404424	0.006733	9.6
486	-0.670473	218.181106	0.006582	9.8
487	-0.506445	217.958397	0.008267	9.6
488	-1.099336	217.736292	0.007613	9.7
489	-1.215956	217.514790	0.007930	9.5
490	-1.184124	217.293888	0.008904	9.9
491	-1.132536	217.073584	0.008410	9.6
492	-0.515740	216.853873	0.006398	9.7
493	-0.608694	216.634755	0.010015	9.7
494	-0.835754	216.416227	0.006922	9.8
495	-0.521296	216.198285	0.008308	9.5
496	-1.134792	215.980927	0.008137	10.3
497	-1.189793	215.764151	0.008037	9.6
498	-0.686110	215.547955	0.005648	9.8
499	-1.229745	215.332335	0.010447	9.7
500	-0.854527	215.117289	0.008143	9.6
501	-1.173367	214.902815	0.009060	9.6
502	-0.462106	214.688911	0.007334	9.9
503	-1.129437	214.475573	0.007908	9.8
504	-0.839002	214.262800	0.007687	10.1
505	-0.655365	214.050588	0.007107	9.7
506	-0.714984	213.838936	0.008762	9.2
507	-1.146466	213.627842	0.009214	9.7
508	-0.980809	213.417302	0.008327	9.5
509	-0.960112	213.207314	0.008265	9.7
510	-1.143056	212.997877	0.007647	9.5
511	-0.762596	212.788987	0.007629	9.5
512	-0.857544	212.580642	0.009547	9.9
513	-0.352132	212.372841	0.007330	9.6
514	-1.160771	212.165581	0.009695	9.6
515	-1.091593	211.958859	0.009287	9.7
516	-0.988580	211.752673	0.008807	9.3
517	-1.223942	211.547021	0.010354	9.9
518	-0.249119	211.341902	0.006376	9.9
519	-0.262421	211.137311	0.006340	9.6
520	-0.742312	210.933248	0.006575	9.6
521	-1.021763	210.729710	0.008285	9.5
522	-0.517496	210.526695	0.006300	9.6
523	-0.829899	210.324200	0.009934	9.7
524	-1.165624	210.122224	0.010285	9.7
525	-1.019431	209.920765	0.008860	9.8
526	-1.131366	209.719820	0.009755	9.6
527	-0.970419	209.519387	0.009006	9.6
528	-0.787819	209.319463	0.007084	9.7
529	-1.229502	209.120048	0.009723	9.5
530	-0.822860	208.921139	0.007772	9.7
531	-0.990279	208.722733	0.009226	9.5
532	-1.155062	208.524829	0.010023	10.2
533	-0.898751	208.327425	0.007574	9.8
534	-0.789485	208.130518	0.009143	9.8
535	-1.160689	207.934107	0.008491	9.5
536	-0.528069	207.738189	0.006221	9.9
537	-0.020218	207.542762	0.000286	10.5
538	-1.170640	207.347825	0.012474	9.8
539	-0.906312	207.153376	0.008204	9.4
540	-0.922970	206.959412	0.008067	9.7
541	-1.169608	206.765932	0.009161	9.7
542	-1.042733	206.572933	0.009435	9.6
543	-0.937593	206.380414	0.008713	9.6
544	-0.070146	206.188373	0.004385	11.6
545	-1.242778	205.996807	0.011024	9.9
546	-0.945127	205.805716	0.008275	9.9
547	-0.717839	205.615096	0.007809	10.5
548	-0.187275	205.424946	0.004707	9.7
549	-0.872459	205.235265	0.007964	9.7
550	-1.128711	205.046050	0.009539	9.9
551	-1.178089	204.857299	0.008056	9.5
552	-1.154016	204.669011	0.008766	9.7
553	-0.602858	204.481184	0.006202	9.5
554	-1.134577	204.293816	0.008629	9.7
555	-1.115733	204.106905	0.009220	9.4
556	-1.277889	203.920449	0.010341	10.5
557	-1.182107	203.734447	0.010265	9.5
558	-0.592555	203.548896	0.004745	9.7
559	-1.177594	203.363795	0.009984	9.7
560	-1.009199	203.179143	0.007327	9.6
561	-0.920818	202.994937	0.006950	9.7
562	-1.006266	202.811176	0.009919	10.1
563	-0.810116	202.627857	0.008719	10.9
564	-0.718495	202.444980	0.006944	9.7
565	-1.177063	202.262543	0.008334	9.6
566	-0.645563	202.080543	0.006914	9.6
567	-1.210007	201.898979	0.009077	9.6
568	-1.175270	201.717849	0.008180	9.6
569	-0.978434	201.537153	0.008120	9.7
570	-0.835430	201.356887	0.006985	10.0
571	-0.705917	201.177050	0.008814	9.3
572	-0.009514	200.997642	0.001523	9.6
573	-1.291622	200.818659	0.008802	11.8
574	-0.787629	200.640100	0.007428	16.6
575	-0.929281	200.461965	0.009733	18.8
576	-0.422603	200.284250	0.005664	12.5
577	-0.879691	200.106955	0.008371	9.9
578	-1.272550	199.930078	0.008705	9.9
579	-0.659697	199.753617	0.006908	9.7
580	-0.555912	199.577571	0.007465	9.4
581	-0.750567	199.401938	0.007442	9.9
582	-1.040900	199.226717	0.008972	9.7
583	-1.038361	199.051905	0.008120	9.8
584	-0.824463	198.877502	0.007526	10.3
585	-0.349621	198.703506	0.005711	11.0
586	-1.240650	198.529916	0.009284	9.8
587	-1.080491	198.356729	0.011658	9.9
588	-0.832585	198.183944	0.009062	9.7
589	-1.094926	198.011560	0.008643	9.5
590	-0.612682	197.839576	0.008569	10.4
591	-0.467689	197.667989	0.007560	9.7
592	-0.229643	197.496798	0.005644	9.6
593	-0.965479	197.326002	0.007363	10.4
594	-0.174222	197.155600	0.002009	9.5
595	-0.996265	196.985589	0.008999	9.8
596	-0.838791	196.815969	0.007437	12.8
597	-1.113494	196.646738	0.010258	9.6
598	-1.184916	196.477894	0.009831	9.7
599	-0.866012	196.309436	0.008519	9.9
600	-0.773771	196.141363	0.006018	11.8
601	-0.957007	195.973673	0.009015	11.9
602	-0.902467	195.806365	0.009570	9.5
603	-0.379814	195.639437	0.004631	9.8
604	-0.941288	195.472888	0.008718	9.6
605	-1.041897	195.306717	0.007157	9.9
606	-0.488569	195.140922	0.005630	10.2
607	-0.318270	194.975501	0.004284	9.9
608	-0.475666	194.810454	0.004959	9.7
609	-1.223377	194.645779	0.010288	9.6
610	-0.828408	194.481475	0.009006	9.8
611	-0.850113	194.317540	0.007570	9.7
612	-1.200225	194.153973	0.010255	9.7
613	-0.545617	193.990773	0.008672	9.8
614	-0.542921	193.827938	0.005706	10.0
615	-0.876624	193.665467	0.006053	9.9
616	-0.446857	193.503358	0.004903	9.9
617	-1.211636	193.341611	0.007745	9.7
618	-0.270473	193.180224	0.003741	10.0
619	-0.554167	193.019196	0.006334	9.5
620	-1.196032	192.858525	0.008526	9.7
621	-1.118575	192.698210	0.010604	10.0
622	-1.228511	192.538251	0.008394	10.2
623	-0.409775	192.378644	0.005897	10.1
624	-0.807245	192.219391	0.008274	9.7
625	-1.236336	192.060488	0.008477	9.5
626	-1.126607	191.901935	0.010028	9.7
627	-1.119226	191.743730	0.009521	10.3
628	-0.531035	191.585873	0.006240	9.6
629	-1.206677	191.428362	0.009304	10.0
630	-0.893710	191.271196	0.008283	9.9
631	-0.501310	191.114374	0.005117	10.9
632	-0.830174	190.957893	0.008651	9.6
633	-1.256239	190.801755	0.011147	9.7
634	-0.527288	190.645956	0.007292	9.6
635	-1.094314	190.490495	0.008716	9.7
636	-0.465961	190.335373	0.005405	9.6
637	-1.245604	190.180587	0.009827	10.4
638	-1.001941	190.026136	0.010020	9.7
639	-0.605619	189.872019	0.006737	9.6
640	-0.270327	189.718235	0.009619	9.5
641	-1.069912	189.564782	0.008699	9.7
642	-1.003458	189.411661	0.006880	11.4
643	-1.008788	189.258868	0.008431	9.8
644	-1.162895	189.106404	0.009622	9.8
645	-1.182236	188.954267	0.008590	9.7
646	-0.801738	188.802456	0.008346	10.1
647	-1.143929	188.650969	0.008730	10.8
648	-1.232402	188.499807	0.008857	9.5
649	-0.504825	188.348967	0.004583	9.9
650	-1.178124	188.198448	0.010591	10.3
651	-0.442695	188.048250	0.005895	10.1
652	-0.232548	187.898371	0.003605	9.7
653	-1.074208	187.748810	0.012364	9.8
654	-1.046381	187.599566	0.009149	9.4
655	-1.044234	187.450638	0.007795	9.9
656	-0.504184	187.302025	0.005878	10.9
657	-0.568325	187.153725	0.006446	10.1
658	-1.290943	187.005739	0.009632	9.5
659	-0.991560	186.858064	0.010123	9.7
660	-0.902804	186.710699	0.008519	9.6
661	-0.650979	186.563645	0.009864	9.6
662	-0.005130	186.416898	0.001059	9.5
663	-0.005783	186.270459	0.000226	11.1
664	-1.069476	186.124326	0.008432	9.6
665	-0.937540	185.978499	0.008420	9.9
666	-0.583239	185.832976	0.005654	9.7
667	-1.175247	185.687756	0.009689	9.7
668	-1.137474	185.542838	0.009027	9.6
669	-1.019263	185.398222	0.008025	9.5
670	-1.146042	185.253906	0.008553	9.5
671	-1.143127	185.109889	0.009189	10.5
672	-1.176164	184.966170	0.008975	10.4
673	-0.454391	184.822748	0.006244	11.0
674	-1.074631	184.679623	0.009225	9.5
675	-0.904591	184.536792	0.008483	9.7
676	-1.019752	184.394256	0.008501	10.1
677	-0.922635	184.252013	0.008136	10.9
678	-0.171974	184.110062	0.003519	11.8
679	-1.067146	183.968403	0.008697	10.9
680	-1.214219	183.827034	0.010510	12.0
681	-1.090333	183.685954	0.009251	12.1
682	-1.140712	183.545163	0.009025	9.7
683	-0.624798	183.404658	0.005461	9.6
684	-0.541646	183.264441	0.006031	10.0
685	-0.902709	183.124509	0.009339	9.8
686	-0.952899	182.984861	0.008762	9.7
687	-0.829640	182.845497	0.007708	9.7
688	-0.525848	182.706416	0.006510	10.0
689	-0.448265	182.567616	0.009054	9.9
690	-0.691834	182.429098	0.008017	9.8
691	-0.603244	182.290859	0.006039	9.8
692	-1.043950	182.152899	0.008810	9.7
693	-0.901770	182.015217	0.008432	9.8
694	-1.106300	181.877813	0.007721	9.5
695	-0.031105	181.740684	0.003289	10.5
696	-0.972093	181.603832	0.008618	10.3
697	-0.435507	181.467253	0.006172	9.6
698	-0.784820	181.330948	0.007692	9.6
699	-1.103658	181.194916	0.009853	11.2
700	-0.846995	181.059155	0.008098	9.7
701	-0.296855	180.923666	0.005742	9.6
702	-1.090015	180.788446	0.007902	9.8
703	-0.983003	180.653496	0.008537	9.6
704	-1.257802	180.518814	0.009084	9.8
705	-0.711019	180.384399	0.009184	9.8
706	-0.344724	180.250251	0.005632	9.7
707	-0.886981	180.116369	0.008249	9.5
708	-0.387198	179.982752	0.004483	9.4
709	-1.147140	179.849398	0.010369	9.8
710	-1.088512	179.716308	0.009651	9.5
711	-0.845865	179.583480	0.009607	9.7
712	-1.233674	179.450913	0.008744	10.3
713	-0.785567	179.318607	0.007380	9.7
714	-1.054307	179.186561	0.011919	10.5
715	-1.242072	179.054774	0.010184	10.6
716	-0.622932	178.923245	0.008047	9.6
717	-1.155673	178.791973	0.007973	9.9
718	-1.180227	178.660958	0.010349	9.6
719	-0.912509	178.530199	0.010668	9.9
720	-1.088731	178.399694	0.008403	9.6
721	-1.046808	178.269444	0.007861	9.9
722	-1.106264	178.139447	0.007641	9.4
723	-0.592654	178.009702	0.007048	9.6
724	-1.020954	177.880209	0.007166	9.8
725	-0.825232	177.750967	0.007654	9.7
726	-0.929526	177.621975	0.008260	9.7
727	-1.040224	177.493232	0.008706	10.2
728	-1.218429	177.364738	0.010398	10.4
729	-1.226976	177.236492	0.008741	9.7
730	-0.838030	177.108492	0.007942	9.8
731	-0.997269	176.980739	0.009328	9.7
732	-1.185646	176.853231	0.009854	9.8
733	-0.947397	176.725968	0.008728	9.6
734	-0.830405	176.598949	0.007762	9.7
735	-0.903733	176.472173	0.007656	9.7
736	-0.695576	176.345639	0.010142	9.7
737	-0.644243	176.219348	0.008211	9.5
738	-1.196413	176.093296	0.010074	9.6
739	-0.897236	175.967486	0.008477	9.5
740	-1.195797	175.841914	0.008507	9.5
741	-1.240492	175.716581	0.009974	9.6
742	-0.493916	175.591486	0.006441	10.3
743	-0.900531	175.466629	0.009805	10.1
744	-1.209117	175.342008	0.009689	9.6
745	-1.080305	175.217622	0.009439	9.9
746	-0.823733	175.093472	0.007607	10.0
747	-1.102392	174.969556	0.007698	9.7
748	-1.261494	174.845873	0.008563	9.6
749	-1.179837	174.722423	0.012082	9.7
750	-1.325749	174.599206	0.009864	9.6
751	-1.204561	174.476220	0.010420	10.0
752	-0.629737	174.353464	0.005894	9.7
753	-1.132833	174.230939	0.009749	9.5
754	-1.220848	174.108643	0.009995	10.2
755	-1.223905	173.986576	0.011180	9.7
756	-1.287957	173.864737	0.008786	11.2
757	-0.461247	173.743124	0.007111	9.8
758	-0.939843	173.621739	0.009544	9.7
759	-0.610677	173.500579	0.009712	9.8
760	-0.903402	173.379645	0.007837	9.9
761	-0.421928	173.258935	0.005965	9.9
762	-0.773184	173.138449	0.008025	9.9
763	-0.646843	173.018186	0.007025	10.4
764	-1.013497	172.898146	0.007331	12.1
765	-0.528855	172.778327	0.007124	10.1
766	-1.181892	172.658730	0.008205	9.9
767	-0.384687	172.539353	0.006680	9.7
768	-0.751657	172.420196	0.010853	9.6
769	-0.036910	172.301258	0.002430	10.3
770	-1.038973	172.182539	0.010572	9.9
771	-0.827022	172.064037	0.008467	9.7
772	-1.123769	171.945753	0.010489	9.2
773	-0.251842	171.827686	0.005049	9.7
774	-1.056945	171.709834	0.008875	9.5
775	-0.077685	171.592198	0.003737	9.2
776	-1.174699	171.474776	0.009591	9.8
777	-0.974976	171.357568	0.009416	9.7
778	-0.849969	171.240574	0.008069	9.7
779	-0.765072	171.123793	0.006171	9.5
780	-1.170856	171.007223	0.010964	9.7
781	-1.103393	170.890865	0.008610	9.8
782	-0.452746	170.774718	0.005970	9.7
783	-1.162705	170.658782	0.008433	9.6
784	-1.002098	170.543055	0.011761	9.6
785	-1.231169	170.427537	0.009944	9.5
786	-0.340409	170.312227	0.004754	10.0
787	-0.979323	170.197125	0.007927	10.0
788	-0.746449	170.082231	0.006651	9.6
789	-1.097935	169.967543	0.009304	9.6
790	-1.277053	169.853061	0.010588	9.6
791	-1.154910	169.738784	0.011526	9.7
792	-1.203101	169.624713	0.010462	9.5
793	-0.908572	169.510845	0.007683	9.9
794	-1.102156	169.397181	0.009105	9.7
795	-0.491794	169.283720	0.005221	9.5
796	-0.968104	169.170462	0.010628	9.8
797	-0.962727	169.057405	0.008087	9.8
798	-1.092465	168.944549	0.008794	9.8
799	-0.076038	168.831895	0.003179	8.9
800	-1.167372	168.719440	0.008258	10.2
801	-0.822498	168.607185	0.009181	10.8
802	-0.547946	168.495129	0.005572	10.7
803	-0.845589	168.383271	0.007023	9.9
804	-0.105397	168.271611	0.003836	10.1
805	-1.209285	168.160148	0.012691	10.7
806	-1.165828	168.048882	0.009266	15.5
807	-1.027152	167.937812	0.009207	15.0
808	-1.111469	167.826938	0.011319	13.8
809	-1.257763	167.716258	0.008405	15.3
810	-0.566553	167.605773	0.006002	16.3
811	-1.272771	167.495482	0.009225	16.0
812	-0.923625	167.385384	0.009973	16.3
813	-0.764512	167.275479	0.006370	14.5
814	-1.226476	167.165766	0.009963	14.4
815	-1.228520	167.056245	0.010070	9.3
816	-0.207633	166.946915	0.003869	9.4
817	-0.341979	166.837776	0.007254	9.2
818	-0.998422	166.728826	0.008465	9.4
819	-0.656238	166.620067	0.007947	9.4
820	-1.225999	166.511496	0.007926	9.4
821	-0.429500	166.403113	0.005554	9.0
822	-0.676210	166.294919	0.007045	9.1
823	-0.600359	166.186912	0.006922	9.1
824	-0.866615	166.079091	0.007762	9.3
825	-0.916204	165.971458	0.007263	10.2
826	-0.848994	165.864009	0.008914	9.2
827	-0.892035	165.756747	0.009605	9.3
828	-1.230959	165.649669	0.009286	9.2
829	-0.315149	165.542775	0.004160	9.5
830	-0.120694	165.436065	0.004899	9.4
831	-0.943939	165.329538	0.008576	9.4
832	-1.252817	165.223194	0.010769	9.4
833	-0.419224	165.117032	0.005387	9.4
834	-1.089925	165.011052	0.009743	9.6
835	-0.983585	164.905253	0.007614	9.8
836	-0.098937	164.799635	0.002824	9.3
837	-0.844087	164.694197	0.007122	9.4
838	-0.991350	164.588939	0.008722	9.2
839	-1.174156	164.483859	0.009959	9.3
840	-0.521344	164.378959	0.006355	9.2
841	-0.937374	164.274237	0.007936	9.3
842	-1.168002	164.169692	0.010528	9.6
843	-1.143190	164.065325	0.009012	9.3
844	-1.158234	163.961135	0.010186	9.3
845	-1.072029	163.857120	0.011467	9.4
846	-1.246170	163.753282	0.009823	9.3
847	-1.176330	163.649619	0.008707	9.4
848	-0.472653	163.546130	0.006425	9.5
849	-1.032986	163.442816	0.008537	9.2
850	-1.158601	163.339676	0.011128	9.3
851	-1.057094	163.236709	0.009854	10.9
852	-0.752669	163.133915	0.006555	9.5
853	-0.359510	163.031294	0.007353	10.2
854	-1.141188	162.928844	0.010009	9.3
855	-1.140503	162.826566	0.010302	9.5
856	-0.049338	162.724459	0.006561	9.4
857	0.000000	162.622523	0.000000	9.3
858	-1.189059	162.520757	0.010205	9.3
859	-0.753805	162.419160	0.008640	9.3
860	-1.073715	162.317733	0.008555	9.3
861	-1.230030	162.216474	0.008984	9.3
862	-1.126100	162.115383	0.009599	10.1
863	-1.035906	162.014461	0.009065	10.0
864	-0.341373	161.913705	0.006799	10.1
865	-1.191168	161.813117	0.010029	9.6
866	-0.868177	161.712695	0.009120	9.1
867	-1.179871	161.612439	0.008889	9.3
868	-1.295925	161.512349	0.007795	9.3
869	-1.219051	161.412424	0.011178	9.8
870	-0.806447	161.312663	0.007691	10.0
871	-0.595774	161.213067	0.008006	11.2
872	-0.897539	161.113635	0.008392	9.3
873	-1.132994	161.014366	0.011109	9.3
874	-1.265137	160.915260	0.012126	9.3
875	-0.000000	160.816316	0.000000	11.0
876	-1.021587	160.717535	0.008677	9.4
877	-1.153908	160.618915	0.009942	9.4
878	-0.583765	160.520456	0.007699	9.3
879	-1.048061	160.422158	0.009896	9.1
880	-1.147065	160.324021	0.010588	10.3
881	-1.064885	160.226043	0.010166	9.4
882	-0.786075	160.128225	0.008072	9.4
883	-0.234776	160.030566	0.004933	10.2
884	-0.905857	159.933066	0.009942	9.3
885	-0.821673	159.835723	0.008213	9.4
886	-0.236922	159.738539	0.006019	9.5
887	-1.216086	159.641512	0.009381	9.4
888	-1.263859	159.544642	0.008505	9.3
889	-1.260296	159.447929	0.009566	10.3
890	-1.120736	159.351372	0.010111	10.1
891	-0.655651	159.254971	0.010092	9.5
892	-0.287843	159.158725	0.005721	9.6
893	-0.561649	159.062634	0.007075	8.7
894	-1.254234	158.966697	0.009489	9.4
895	-0.564530	158.870915	0.009923	9.5
896	-0.653982	158.775286	0.008417	9.2
897	-1.172793	158.679811	0.011092	9.3
898	-0.251714	158.584489	0.005145	9.4
899	-1.026254	158.489319	0.006702	9.3
900	-1.127586	158.394302	0.009552	9.3
901	-0.901767	158.299436	0.007844	9.4
902	-0.973798	158.204721	0.007664	9.3
903	-1.221665	158.110158	0.008404	10.0
904	-1.195008	158.015745	0.008977	9.3
905	-1.060302	157.921482	0.007691	9.2
906	-0.492836	157.827369	0.006557	9.5
907	-1.218054	157.733406	0.009050	11.6
908	-0.405779	157.639591	0.004866	9.4
909	-1.037807	157.545925	0.008577	9.3
910	-0.852652	157.452408	0.007444	9.3
911	-1.007592	157.359038	0.008220	9.3
912	-0.688582	157.265816	0.008235	9.2
913	-1.304916	157.172741	0.008384	9.3
914	-0.865684	157.079813	0.007704	9.3
915	-0.727658	156.987031	0.008810	9.5
916	-0.978527	156.894395	0.008549	10.5
917	-0.840915	156.801904	0.008526	10.7
918	-0.742725	156.709559	0.008322	10.0
919	-0.215028	156.617359	0.005243	9.8
920	-0.166278	156.525304	0.003577	10.1
921	-1.314558	156.433392	0.008309	10.7
922	-1.139027	156.341624	0.009185	13.2
923	-0.641712	156.250000	0.006294	11.1
924	-1.109612	156.158519	0.009342	10.7
925	-0.809491	156.067180	0.007392	11.2
926	-1.114509	155.975984	0.008752	15.6
927	-0.406271	155.884930	0.006174	13.6
928	-1.210612	155.794017	0.009476	14.7
929	-0.651208	155.703246	0.007180	14.5
930	-1.272744	155.612615	0.008771	11.6
931	-0.960299	155.522125	0.008196	10.7
932	-0.984802	155.431775	0.010086	10.7
933	-1.046537	155.341565	0.008434	10.4
934	-1.190216	155.251495	0.009199	11.7
935	-1.146902	155.161563	0.008644	12.9
936	-1.037561	155.071771	0.007966	11.3
937	-1.070357	154.982117	0.009110	10.9
938	-1.098739	154.892601	0.008381	11.2
939	-1.272811	154.803222	0.007932	12.5
940	-0.823495	154.713981	0.008377	11.0
941	-1.063823	154.624878	0.010623	10.8
942	-1.194040	154.535910	0.008781	11.2
943	-1.123862	154.447080	0.009170	11.0
944	-0.732393	154.358385	0.007074	10.7
945	-1.140136	154.269826	0.010347	10.5
946	-0.938162	154.181402	0.008654	11.0
947	-0.650509	154.093114	0.007462	10.2
948	-0.101149	154.004960	0.004690	12.7
949	-1.060374	153.916940	0.007514	10.9
950	-0.011706	153.829054	0.000236	10.4
951	0.000000	153.741303	0.000000	9.9
952	-0.889028	153.653684	0.006211	11.6
953	-1.279433	153.566198	0.009771	10.0
954	-0.218572	153.478846	0.003988	11.0
955	-1.028179	153.391625	0.008328	10.0
956	-0.797053	153.304537	0.007922	10.4
957	-1.142339	153.217580	0.009234	10.2
958	-0.185842	153.130755	0.004063	9.8
959	-1.208257	153.044061	0.008153	10.1
960	-0.252267	152.957498	0.004933	9.6
961	-1.287261	152.871065	0.008877	10.0
962	-0.251593	152.784762	0.004414	10.2
963	-1.170393	152.698589	0.012286	9.4
964	-1.281989	152.612545	0.008574	9.4
965	-1.125231	152.526631	0.010586	9.2
966	-1.226184	152.440845	0.008832	10.1
967	-0.613288	152.355188	0.007591	9.4
968	-1.040674	152.269660	0.010152	9.4
969	-1.029041	152.184259	0.009404	9.2
970	-1.004601	152.098986	0.007879	9.3
971	-0.455724	152.013840	0.006085	9.3
972	-0.760463	151.928821	0.006774	9.4
973	-0.608081	151.843928	0.006735	9.5
974	-1.121082	151.759163	0.011046	9.3
975	-0.850665	151.674523	0.007899	9.9
976	-1.032980	151.590009	0.008294	9.9
977	-0.984832	151.505620	0.008432	9.7
978	-1.159712	151.421357	0.008130	10.7
979	-1.157347	151.337218	0.008909	9.8
980	-1.168369	151.253204	0.009292	10.4
981	-0.429866	151.169314	0.003980	9.6
982	-0.526193	151.085549	0.006501	9.6
983	-0.805300	151.001907	0.007272	10.0
984	-1.244658	150.918388	0.009777	9.7
985	-0.907430	150.834992	0.007787	10.0
986	-0.461712	150.751719	0.004536	9.1
987	-0.943097	150.668569	0.008626	10.0
988	-0.796904	150.585541	0.008064	10.1
989	-1.126890	150.502634	0.009329	10.5
990	-0.942257	150.419849	0.009204	10.6
991	-0.980120	150.337186	0.007414	11.1
992	-0.871900	150.254644	0.008619	11.0
993	-1.271846	150.172222	0.011795	10.8
994	-1.083176	150.089921	0.009143	11.4
995	-0.891206	150.007740	0.007581	10.7
996	-1.147533	149.925679	0.007983	10.7
997	-1.197374	149.843737	0.009338	10.2
998	-0.900105	149.761915	0.009085	10.4
999	-1.018298	149.680212	0.009834	10.1
1000	-1.142459	149.598627	0.008876	11.1
1001	-1.052179	149.517161	0.008585	10.5
1002	-0.212960	149.435814	0.004691	10.5
1003	-0.987433	149.354584	0.007941	10.9
1004	-0.726953	149.273472	0.009588	10.4
1005	-1.158723	149.192477	0.008978	11.4
1006	-1.261572	149.111599	0.009597	10.6
1007	-1.320973	149.030838	0.008599	10.6
1008	-1.214119	148.950194	0.010139	11.8
1009	-1.334380	148.869666	0.010915	10.5
1010	-1.181992	148.789253	0.008220	11.4
1011	-1.190978	148.708957	0.009677	10.6
1012	-1.151388	148.628776	0.008086	10.9
1013	-1.138459	148.548710	0.008218	11.8
1014	-0.774632	148.468759	0.008390	10.9
1015	-1.282795	148.388923	0.010247	10.4
1016	-0.057112	148.309201	0.002442	10.8
1017	-1.065040	148.229594	0.009519	9.9
1018	-1.233754	148.150100	0.008345	10.6
1019	-0.392112	148.070719	0.004540	11.5
1020	-1.217796	147.991452	0.008610	11.0
1021	-0.665919	147.912298	0.007295	11.1
1022	-0.726582	147.833257	0.008810	10.4
1023	-1.296646	147.754329	0.010511	10.8
1024	-0.286310	147.675512	0.004531	12.0
1025	-0.573344	147.596808	0.009137	10.5
1026	-1.074092	147.518216	0.008981	10.4
1027	-1.130642	147.439735	0.010183	10.7
1028	-1.081384	147.361365	0.008547	10.9
1029	-1.205029	147.283106	0.008896	12.5
1030	-1.206780	147.204958	0.010453	10.8
1031	-0.160472	147.126920	0.004697	9.7
1032	-0.530974	147.048993	0.005824	11.5
1033	-0.744073	146.971175	0.009586	10.9
1034	-1.197118	146.893468	0.007988	9.7
1035	-0.774380	146.815869	0.006116	10.5
1036	-0.760168	146.738380	0.008400	9.5
1037	-1.088514	146.661000	0.012336	9.9
1038	-0.977070	146.583729	0.009053	9.9
1039	-1.180352	146.506566	0.009958	9.6
1040	-0.349785	146.429511	0.006218	9.8
1041	-1.116753	146.352565	0.008510	10.5
1042	-0.957457	146.275726	0.008863	10.0
1043	-1.079832	146.198994	0.008426	11.3
1044	-0.896201	146.122370	0.007543	9.4
1045	-0.256459	146.045853	0.005318	9.8
1046	-1.257792	145.969442	0.011146	9.5
1047	-0.760657	145.893139	0.011266	9.7
1048	-0.615251	145.816941	0.006206	10.8
1049	-1.267448	145.740849	0.009518	9.8
1050	-0.694634	145.664863	0.007010	10.2
1051	-0.510903	145.588983	0.005198	10.5
1052	-0.689604	145.513208	0.007530	10.3
1053	-1.231718	145.437538	0.009062	10.3
1054	-0.408555	145.361973	0.008196	10.6
1055	-0.245385	145.286513	0.004842	10.0
1056	-0.839171	145.211157	0.008803	10.5
1057	-1.154006	145.135905	0.008025	9.8
1058	-0.894173	145.060757	0.009250	10.2
1059	-0.899384	144.985712	0.009445	10.1
1060	-1.132972	144.910771	0.009673	10.9
1061	-0.949606	144.835934	0.008357	10.4
1062	-0.657353	144.761199	0.007537	10.7
1063	-1.200079	144.686567	0.009000	10.4
1064	-1.211957	144.612037	0.010618	9.6
1065	-1.263007	144.537610	0.012738	10.0
1066	-1.069633	144.463285	0.007998	10.2
1067	-1.248936	144.389062	0.008081	10.8
1068	-0.934689	144.314940	0.013145	10.5
1069	-1.053751	144.240920	0.008426	10.1
1070	-1.158567	144.167001	0.009215	10.5
1071	-1.106425	144.093182	0.008463	10.8
1072	-0.582210	144.019465	0.006047	10.3
1073	-1.113553	143.945848	0.009061	10.3
1074	-0.392974	143.872331	0.004940	9.6
1075	-0.702579	143.798914	0.006820	9.9
1076	-1.054814	143.725597	0.008318	10.2
1077	-1.264884	143.652380	0.009798	10.1
1078	-0.039867	143.579262	0.005126	10.5
1079	-1.017950	143.506243	0.008383	11.0
1080	-1.222524	143.433323	0.010763	10.2
1081	-0.777611	143.360502	0.007820	9.6
1082	-1.234521	143.287780	0.010235	9.7
1083	-0.721549	143.215155	0.007994	10.3
1084	-1.304043	143.142629	0.010837	9.7
1085	-1.335521	143.070201	0.009340	9.9
1086	-0.744324	142.997870	0.007569	9.8
1087	-0.312791	142.925637	0.005250	10.4
1088	-1.105652	142.853501	0.007574	9.8
1089	-0.825048	142.781462	0.007881	10.5
1090	-0.546890	142.709519	0.007687	10.0
1091	-0.671284	142.637674	0.009178	9.8
1092	-0.664925	142.565924	0.005958	9.9
1093	-1.197820	142.494271	0.010363	10.1
1094	-0.231706	142.422714	0.008394	9.9
1095	-1.178631	142.351252	0.010845	10.6
1096	-0.386304	142.279886	0.005209	9.4
1097	-0.976607	142.208616	0.009658	10.0
1098	-0.901342	142.137440	0.007862	11.0
1099	-1.040406	142.066360	0.008019	11.0
1100	-0.854539	141.995374	0.007881	9.6
1101	-0.741860	141.924483	0.007873	9.9
1102	-1.253891	141.853685	0.008532	9.4
1103	-1.224873	141.782983	0.008339	10.3
1104	-1.176229	141.712373	0.007635	9.5
1105	-0.369130	141.641858	0.008035	10.1
1106	-0.947699	141.571436	0.008656	9.8
1107	-0.679102	141.501108	0.009112	9.4
1108	-0.636896	141.430872	0.006996	9.6
1109	-0.258896	141.360730	0.004069	9.7
1110	-0.517773	141.290680	0.005639	10.6
1111	-0.930623	141.220722	0.008322	10.2
1112	-1.047876	141.150857	0.008188	10.5
1113	-1.111295	141.081084	0.009311	11.2
1114	-0.920276	141.011403	0.008026	10.5
1115	-0.648543	140.941813	0.007259	10.4
1116	-0.482664	140.872315	0.006785	10.0
1117	-1.007720	140.802909	0.009372	9.8
1118	-0.835287	140.733593	0.007871	9.8
1119	-1.201888	140.664369	0.009173	10.9
1120	-1.178078	140.595235	0.010706	10.1
1121	-0.697159	140.526192	0.008115	9.9
1122	-1.193888	140.457239	0.009859	9.9
1123	-0.286575	140.388376	0.005767	10.6
1124	-0.255030	140.319603	0.002454	10.0
1125	-0.923379	140.250920	0.008108	10.5
1126	-0.890972	140.182326	0.010132	9.9
1127	-0.817641	140.113822	0.009326	9.4
1128	-0.561431	140.045407	0.009455	9.8
1129	-0.938191	139.977081	0.008151	9.9
1130	-0.481575	139.908844	0.006956	11.3
1131	-1.114025	139.840696	0.009510	9.4
1132	-0.339994	139.772635	0.004582	9.6
1133	-0.482551	139.704664	0.005807	9.7
1134	-1.145165	139.636780	0.007743	10.0
1135	-1.141131	139.568984	0.008360	10.3
1136	-0.775858	139.501276	0.007504	9.5
1137	-1.034332	139.433655	0.008275	9.6
1138	-0.856248	139.366122	0.008341	10.1
1139	-0.725670	139.298676	0.005577	10.1
1140	-1.228787	139.231317	0.009477	10.8
1141	-1.214731	139.164045	0.010669	10.3
1142	-0.872534	139.096859	0.008844	10.3
1143	-0.523577	139.029760	0.006217	9.8
1144	-1.024471	138.962747	0.008368	10.0
1145	-1.131091	138.895820	0.009711	10.4
1146	-0.825965	138.828978	0.007702	10.0
1147	-0.428291	138.762223	0.005965	10.0
1148	-0.311395	138.695553	0.003604	10.3
1149	-0.570497	138.628969	0.005422	10.1
1150	-1.023232	138.562469	0.011075	10.0
1151	-1.099318	138.496055	0.008399	10.0
1152	-1.048563	138.429725	0.008635	10.0
1153	-1.148682	138.363481	0.008804	9.8
1154	-1.215725	138.297320	0.012603	10.0
1155	-1.216676	138.231244	0.009013	10.0
1156	-0.997611	138.165252	0.007655	10.5
1157	-1.241517	138.099344	0.009992	10.2
1158	-0.964045	138.033520	0.008928	10.4
1159	-1.067694	137.967779	0.007944	10.8
1160	-1.007436	137.902122	0.008626	10.2
1161	-0.436813	137.836548	0.005681	11.2
1162	-1.339960	137.771057	0.008253	10.2
1163	-1.024925	137.705649	0.009402	10.9
1164	-1.120881	137.640324	0.009180	11.1
1165	-1.142321	137.575081	0.009443	11.6
1166	-0.976281	137.509921	0.009276	10.5
1167	-0.431069	137.444842	0.006647	11.1
1168	-1.266350	137.379846	0.009168	10.6
1169	-0.924891	137.314932	0.008053	10.9
1170	-0.869819	137.250100	0.008358	10.9
1171	-0.921996	137.185349	0.009312	10.3
1172	-0.902828	137.120680	0.008112	12.2
1173	-0.508053	137.056092	0.009894	12.1
1174	-0.806931	136.991585	0.008066	13.0
1175	-0.493414	136.927158	0.007571	12.0
1176	-0.994417	136.862813	0.008527	10.2
1177	-1.294946	136.798548	0.009757	9.5
1178	-1.171090	136.734363	0.009594	11.3
1179	-1.256177	136.670259	0.011049	11.0
1180	-1.143138	136.606235	0.008033	10.8
1181	-1.240632	136.542291	0.010003	11.3
1182	-0.982341	136.478426	0.009792	13.1
1183	-1.220094	136.414641	0.008822	10.4
1184	-1.169944	136.350936	0.008940	11.5
1185	-1.220348	136.287310	0.009963	10.4
1186	-0.943722	136.223763	0.008006	11.2
1187	-0.899011	136.160295	0.008712	10.8
1188	-1.000910	136.096905	0.006746	11.3
1189	-1.076929	136.033594	0.009476	11.7
1190	-0.960527	135.970362	0.006534	10.4
1191	-1.164886	135.907208	0.008701	10.7
1192	-1.145330	135.844133	0.010541	10.8
1193	-1.168490	135.781135	0.010522	10.5
1194	-1.319727	135.718215	0.009234	11.2
1195	-1.130290	135.655373	0.011241	10.7
1196	-1.093457	135.592608	0.008508	10.6
1197	-1.060086	135.529921	0.009603	11.1
1198	-0.084776	135.467311	0.004079	11.0
1199	-1.130830	135.404778	0.008252	10.2
1200	-1.329576	135.342322	0.009265	10.7
1201	-0.759986	135.279942	0.007175	11.8
1202	-0.388058	135.217640	0.004653	10.3
1203	-0.436623	135.155413	0.005629	11.5
1204	-0.880241	135.093263	0.007841	10.9
1205	-0.099678	135.031190	0.003242	10.5
1206	-1.272542	134.969192	0.009116	10.4
1207	-1.294669	134.907270	0.008126	10.0
1208	-0.875351	134.845424	0.006975	10.4
1209	-0.887304	134.783653	0.010137	32.2
1210	-1.349995	134.721958	0.008649	23.3
1211	-0.541393	134.660338	0.005532	15.8
1212	-1.251779	134.598793	0.007876	13.5
1213	-1.209407	134.537323	0.009463	11.9
1214	-1.043672	134.475927	0.009723	11.2
1215	-1.048775	134.414607	0.008759	12.2
1216	-1.249038	134.353361	0.009417	10.4
1217	-0.691522	134.292189	0.008622	10.7
1218	-1.159469	134.231092	0.009286	9.8
1219	-1.037423	134.170068	0.008819	9.4
1220	-1.248062	134.109119	0.009398	10.7
1221	-1.110302	134.048243	0.010336	10.0
1222	-1.205712	133.987441	0.008136	10.8
1223	-1.280247	133.926713	0.010034	9.8
1224	-1.091249	133.866057	0.007172	10.0
1225	-0.324514	133.805475	0.006003	10.4
1226	-0.413838	133.744966	0.008342	10.4
1227	-0.012126	133.684530	0.000309	10.5
1228	-0.811765	133.624167	0.007067	12.4
1229	-0.969980	133.563877	0.007125	10.4
1230	-1.176609	133.503658	0.010499	11.1
1231	-0.579112	133.443513	0.010210	10.3
1232	-1.209844	133.383439	0.011384	11.0
1233	-0.858198	133.323437	0.007945	10.5
1234	-1.286129	133.263508	0.010554	9.2
1235	-0.355928	133.203650	0.004788	11.3
1236	-0.919612	133.143864	0.009350	9.9
1237	-1.347017	133.084149	0.010379	11.3
1238	-0.479409	133.024506	0.007041	10.3
1239	-1.204649	132.964934	0.010998	10.6
1240	-1.325134	132.905433	0.008757	10.6
1241	-1.284005	132.846003	0.011283	11.0
1242	-0.919007	132.786643	0.007097	9.8
1243	-1.219418	132.727355	0.010422	11.3
1244	-0.336625	132.668137	0.005365	12.0
1245	-1.207560	132.608989	0.009305	17.5
1246	-0.928291	132.549912	0.007725	15.4
1247	-0.846712	132.490904	0.007792	13.2
1248	-1.289043	132.431967	0.011944	10.8
1249	-1.078574	132.373100	0.008704	13.2
1250	-1.252817	132.314302	0.009821	11.4
1251	-0.420133	132.255574	0.004228	9.6
1252	-0.237405	132.196916	0.007239	10.9
1253	-1.211612	132.138326	0.009950	11.5
1254	-1.013994	132.079806	0.007991	9.7
1255	-0.515822	132.021355	0.006170	10.6
1256	-0.362930	131.962973	0.005179	10.9
1257	-0.715287	131.904660	0.008811	9.7
1258	-0.660974	131.846415	0.012338	12.0
1259	-1.240034	131.788239	0.010758	11.7
1260	-0.741931	131.730131	0.006943	13.2
1261	-0.804360	131.672092	0.007674	12.7
1262	-1.155614	131.614121	0.009991	13.3
1263	-0.831301	131.556217	0.009052	11.8
1264	-0.799923	131.498382	0.006999	11.7
1265	-0.566911	131.440614	0.006850	13.0
1266	-1.191533	131.382914	0.009651	12.8
1267	-0.339784	131.325282	0.006287	13.4
1268	-0.657434	131.267717	0.006465	11.7
1269	-0.913083	131.210219	0.008932	12.2
1270	-1.179940	131.152788	0.012000	13.2
1271	-1.065897	131.095424	0.006551	12.5
1272	-1.255907	131.038127	0.009347	10.4
1273	-0.241947	130.980897	0.004638	11.8
1274	-0.997713	130.923733	0.008184	13.2
1275	-1.141036	130.866636	0.008698	13.7
1276	-0.695190	130.809605	0.005778	10.6
1277	-0.714023	130.752641	0.007813	14.5
1278	-1.209691	130.695742	0.010886	13.1
1279	-0.201278	130.638910	0.005265	11.8
1280	-1.042865	130.582143	0.008994	13.2
1281	-0.951084	130.525442	0.009460	11.6
1282	-1.108133	130.468807	0.008732	11.6
1283	-1.363982	130.412237	0.008487	12.4
1284	-0.736170	130.355733	0.005749	11.4
1285	-0.229964	130.299294	0.007012	12.1
1286	-0.836528	130.242920	0.007122	13.2
1287	-0.926889	130.186611	0.008732	12.0
1288	-0.202264	130.130366	0.003828	9.7
1289	-1.261472	130.074187	0.008875	11.5
1290	-1.164952	130.018072	0.007755	11.0
1291	-0.974737	129.962022	0.006946	9.8
1292	-0.409836	129.906036	0.007527	11.7
1293	-0.407293	129.850114	0.007812	11.3
1294	-1.007021	129.794257	0.007846	9.6
1295	-0.521164	129.738463	0.005480	10.1
1296	-1.219045	129.682734	0.009260	10.0
1297	-0.486820	129.627068	0.008672	10.4
1298	-1.200153	129.571466	0.009521	9.7
1299	-1.170499	129.515927	0.006745	10.0
1300	-0.806163	129.460452	0.008370	10.8
1301	-0.225424	129.405040	0.006300	9.8
1302	-0.757993	129.349692	0.008249	9.5
1303	-0.999651	129.294406	0.009317	10.7
1304	-1.024469	129.239183	0.009375	10.0
1305	-0.730244	129.184024	0.006892	12.1
1306	-0.269559	129.128927	0.003545	12.4
1307	-1.064437	129.073892	0.010934	10.8
1308	-0.756393	129.018921	0.007305	10.0
1309	-1.033240	128.964011	0.009808	10.5
1310	-0.875640	128.909164	0.009227	9.8
1311	-1.282658	128.854379	0.009455	10.5
1312	-0.218137	128.799656	0.002818	9.5
1313	-0.911611	128.744995	0.008315	10.6
1314	-1.218622	128.690396	0.009596	11.3
1315	-1.259571	128.635858	0.011762	10.5
1316	-0.408249	128.581382	0.006256	9.2
1317	-1.081209	128.526968	0.009315	9.6
1318	-1.229334	128.472615	0.009587	10.2
1319	-0.363915	128.418323	0.005152	9.8
1320	-1.008783	128.364092	0.008549	9.9
1321	-0.902456	128.309922	0.008376	9.6
1322	-0.929121	128.255814	0.008395	9.8
1323	-1.141292	128.201766	0.009010	9.4
1324	-0.227692	128.147778	0.004580	9.8
1325	-1.222374	128.093852	0.007764	10.2
1326	-1.073550	128.039985	0.008514	9.7
1327	-0.702238	127.986180	0.007496	10.5
1328	-0.743141	127.932434	0.007016	10.3
1329	-1.254952	127.878749	0.009283	10.1
1330	-1.245462	127.825123	0.010801	9.9
1331	-0.478584	127.771558	0.006578	9.9
1332	-0.922390	127.718052	0.009852	9.9
1333	-0.633810	127.664606	0.006949	10.6
1334	-1.300848	127.611220	0.009265	10.3
1335	-1.296747	127.557893	0.010244	10.7
1336	-1.318269	127.504625	0.009148	11.1
1337	-0.334201	127.451417	0.003673	10.3
1338	-0.953886	127.398268	0.011462	10.5
1339	-0.975492	127.345178	0.007240	11.3
1340	-0.944550	127.292147	0.008131	10.6
1341	-1.153509	127.239175	0.009660	9.7
1342	-1.064355	127.186261	0.010234	10.0
1343	-0.959874	127.133407	0.007995	10.4
1344	-1.110364	127.080610	0.008896	10.0
1345	-0.922204	127.027872	0.008050	10.1
1346	-0.955929	126.975193	0.009882	10.0
1347	-1.112484	126.922572	0.008557	9.8
1348	-1.271003	126.870008	0.008651	9.8
1349	-1.164559	126.817503	0.010388	10.1
1350	-1.124579	126.765056	0.007427	10.2
1351	-1.246013	126.712667	0.010329	9.7
1352	-0.654043	126.660335	0.007837	9.9
1353	-1.059114	126.608061	0.010715	10.1
1354	-1.000779	126.555844	0.008930	9.3
1355	-0.065909	126.503685	0.006391	10.6
1356	-0.474311	126.451583	0.006334	9.7
1357	-1.284200	126.399538	0.008075	9.9
1358	-0.008206	126.347550	0.000812	9.4
1359	-1.163424	126.295619	0.008860	10.9
1360	-0.919271	126.243745	0.009198	18.5
1361	-0.126551	126.191928	0.001749	18.0
1362	-1.080621	126.140168	0.008035	9.7
1363	-1.126427	126.088464	0.009306	10.4
1364	-1.062351	126.036817	0.009677	10.2
1365	-0.572489	125.985226	0.004982	10.1
1366	-0.881389	125.933691	0.006923	11.5
1367	-0.323566	125.882212	0.004139	10.8
1368	-0.547522	125.830790	0.006640	10.0
1369	-1.139446	125.779423	0.009457	9.8
1370	-0.009681	125.728113	0.000738	10.0
1371	-0.693422	125.676858	0.005650	10.6
1372	-1.328747	125.625659	0.008743	11.1
1373	-0.236959	125.574515	0.004525	9.4
1374	-1.202382	125.523427	0.007190	9.8
1375	-1.126885	125.472394	0.009133	10.0
1376	-1.053436	125.421417	0.008588	10.4
1377	-1.242933	125.370495	0.008667	9.7
1378	-1.323441	125.319628	0.008112	10.0
1379	-0.935154	125.268815	0.007256	9.8
1380	-1.222548	125.218058	0.010281	10.0
1381	-1.246344	125.167356	0.009803	9.9
1382	-1.275431	125.116708	0.007991	9.7
1383	-1.227326	125.066115	0.012385	9.7
1384	-1.218928	125.015576	0.009033	9.7
1385	-1.093636	124.965092	0.008885	12.0
1386	-1.213665	124.914662	0.010989	19.0
1387	-1.312488	124.864287	0.008981	17.9
1388	-1.109743	124.813965	0.009289	14.6
1389	-0.503121	124.763698	0.007447	10.6
1390	-1.294221	124.713485	0.010362	10.6
1391	-1.322263	124.663325	0.010461	10.3
1392	-0.581073	124.613219	0.004855	10.4
1393	-0.537419	124.563167	0.005819	10.9
1394	-1.240787	124.513168	0.010006	10.4
1395	-1.220253	124.463223	0.009186	11.4
1396	-0.897939	124.413332	0.009083	11.1
1397	-0.169160	124.363493	0.001671	10.1
1398	-1.109448	124.313708	0.008886	11.3
1399	-1.128191	124.263976	0.010291	10.6
1400	-1.170915	124.214297	0.010662	10.3
1401	-0.683640	124.164671	0.006386	10.8
1402	-0.957778	124.115097	0.008241	11.6
1403	-1.262433	124.065577	0.011222	11.6
1404	0.000000	124.016109	0.000000	10.9
1405	-1.218716	123.966693	0.008934	11.1
1406	-1.259808	123.917330	0.009392	12.3
1407	-1.150018	123.868020	0.009352	10.8
1408	-0.376363	123.818762	0.004838	11.0
1409	-1.219092	123.769556	0.008638	11.3
1410	-0.671787	123.720402	0.010587	10.8
1411	-0.837571	123.671300	0.007380	10.4
1412	-0.809262	123.622250	0.007326	10.2
1413	-0.903909	123.573252	0.008382	11.3
1414	-0.012120	123.524305	0.000172	10.4
1415	-0.515816	123.475411	0.008756	10.9
1416	-0.821151	123.426568	0.007461	11.5
1417	-1.017696	123.377776	0.008151	10.8
1418	-0.817830	123.329036	0.009018	9.7
1419	-1.200472	123.280347	0.008366	11.1
1420	-1.255516	123.231709	0.008921	11.5
1421	-0.565683	123.183122	0.006726	11.0
1422	-0.009887	123.134587	0.003169	10.9
1423	-0.115978	123.086102	0.002372	10.7
1424	-0.800380	123.037669	0.006289	12.0
1425	-1.107804	122.989286	0.007569	10.9
1426	-1.079194	122.940954	0.008780	11.2
1427	-0.897739	122.892672	0.007856	10.1
1428	-1.054681	122.844441	0.010899	10.4
1429	-0.625390	122.796261	0.007298	10.7
1430	-1.214432	122.748130	0.011000	9.4
1431	-0.338844	122.700050	0.005880	11.3
1432	-1.278929	122.652021	0.010157	10.6
1433	-0.551077	122.604041	0.007433	10.5
1434	-1.206476	122.556111	0.009426	9.9
1435	-1.264726	122.508232	0.011964	10.7
1436	-1.274071	122.460402	0.009242	9.9
1437	-0.578511	122.412622	0.008245	10.4
1438	-0.845780	122.364891	0.008409	9.8
1439	-0.848160	122.317210	0.007677	9.8
1440	-0.221743	122.269579	0.003216	10.4
1441	-0.593515	122.221997	0.006597	9.7
1442	-0.789892	122.174465	0.006212	9.8
1443	-0.699747	122.126981	0.008105	9.8
1444	-1.181289	122.079547	0.008208	9.9
1445	-0.440929	122.032162	0.006211	9.7
1446	-1.056412	121.984826	0.008215	10.6
1447	-0.736191	121.937539	0.008027	9.7
1448	-0.216825	121.890301	0.003468	9.8
1449	-0.878866	121.843112	0.008731	9.7
1450	-0.828125	121.795971	0.008815	9.8
1451	-1.311833	121.748879	0.014078	9.8
1452	-0.893971	121.701835	0.009162	10.8
1453	-0.460381	121.654840	0.006089	9.8
1454	-0.781958	121.607893	0.008384	10.7
1455	-0.432326	121.560994	0.005999	10.6
1456	-0.719675	121.514144	0.007328	10.9
1457	-1.127444	121.467342	0.007544	10.5
1458	-1.246705	121.420588	0.010907	10.7
1459	-0.753451	121.373882	0.006991	10.1
1460	-1.126701	121.327223	0.008360	11.5
1461	-1.103615	121.280613	0.007969	9.7
1462	-0.731240	121.234050	0.006285	9.9
1463	-1.269623	121.187535	0.009779	10.0
1464	0.000000	121.141067	0.000000	10.5
1465	-1.139840	121.094647	0.010077	9.8
1466	-1.228831	121.048274	0.009655	9.6
1467	-0.912458	121.001949	0.007669	9.7
1468	-1.128019	120.955671	0.008829	9.7
1469	-1.287384	120.909440	0.007403	10.2
1470	-0.448998	120.863256	0.008332	9.6
1471	-0.082420	120.817119	0.002681	10.7
1472	-0.864476	120.771029	0.007829	9.8
1473	-1.254798	120.724986	0.008523	9.7
1474	-1.055843	120.678990	0.009906	9.5
1475	-1.201357	120.633040	0.009415	9.9
1476	-1.162751	120.587137	0.011088	9.5
1477	-1.184988	120.541281	0.007758	9.7
1478	-1.375881	120.495471	0.009897	9.7
1479	-1.194695	120.449707	0.009176	10.5
1480	-0.995117	120.403990	0.007912	10.5
1481	-1.254185	120.358319	0.009486	10.2
1482	-1.072078	120.312694	0.009037	9.7
1483	-0.663439	120.267115	0.010361	9.8
1484	-1.227381	120.221582	0.007842	9.6
1485	-0.942228	120.176096	0.006660	10.8
1486	-0.804699	120.130655	0.009779	10.3
1487	-0.675775	120.085260	0.006923	12.3
1488	-0.350833	120.039910	0.006596	13.2
1489	-0.676272	119.994606	0.007458	11.3
1490	-1.300381	119.949348	0.009969	13.1
1491	-0.831361	119.904135	0.008676	10.9
1492	-0.978530	119.858968	0.008386	13.4
1493	-0.838950	119.813846	0.009419	11.1
1494	-0.841220	119.768769	0.008212	10.8
1495	-1.257430	119.723738	0.010242	10.4
1496	-1.115558	119.678752	0.008540	10.4
1497	-0.871597	119.633810	0.007657	10.6
1498	-0.307535	119.588914	0.004571	10.5
1499	-1.296372	119.544062	0.010707	10.1
1500	-0.799867	119.499256	0.007191	10.5
1501	-1.350111	119.454494	0.009065	11.2
1502	-0.293574	119.409777	0.004548	10.3
1503	-1.101990	119.365104	0.007977	10.8
1504	-1.254239	119.320476	0.009788	11.3
1505	-1.274393	119.275893	0.011929	10.4
1506	-0.908007	119.231353	0.009072	10.7
1507	-1.223815	119.186859	0.011286	9.2
1508	-0.511828	119.142408	0.006148	11.0
1509	-1.090466	119.098002	0.009315	10.6
1510	-0.522227	119.053639	0.007032	11.3
1511	-0.360109	119.009321	0.007683	10.8
1512	-1.286127	118.965047	0.010721	10.5
1513	-0.234979	118.920816	0.005121	11.4
1514	-1.193437	118.876630	0.009386	11.0
1515	-1.362499	118.832487	0.009954	10.7
1516	-1.215680	118.788388	0.010084	10.2
1517	-0.281763	118.744332	0.005271	10.8
1518	-1.271884	118.700320	0.010871	10.4
1519	-0.389264	118.656352	0.006289	11.4
1520	-0.497612	118.612427	0.006969	11.9
1521	-0.284676	118.568545	0.004532	10.2
1522	-0.552935	118.524706	0.006044	10.1
1523	-0.949965	118.480911	0.010972	10.0
1524	-1.298321	118.437159	0.009353	12.2
1525	-0.743189	118.393450	0.006988	9.5
1526	-0.899460	118.349784	0.008957	10.9
1527	-0.889718	118.306160	0.007530	11.8
1528	-0.707820	118.262580	0.007291	11.8
1529	-0.749697	118.219042	0.007719	10.9
1530	-0.445403	118.175548	0.008814	11.1
1531	-1.179249	118.132095	0.009074	10.4
1532	-0.982848	118.088686	0.008612	10.4
1533	-1.146226	118.045319	0.009037	11.2
1534	-0.800369	118.001994	0.007567	9.8
1535	-0.164506	117.958712	0.004986	10.2
1536	-1.273055	117.915472	0.008538	10.7
1537	-1.237634	117.872274	0.009104	11.2
1538	-0.947606	117.829118	0.008139	9.8
1539	-1.251321	117.786005	0.010462	9.8
1540	-1.230696	117.742933	0.009262	11.9
1541	-0.783265	117.699904	0.006802	10.0
1542	-1.095564	117.656916	0.008497	9.7
1543	-1.270647	117.613971	0.007345	10.0
1544	-1.281657	117.571067	0.009690	10.3
1545	-0.090568	117.528205	0.003436	9.7
1546	-1.268155	117.485384	0.008821	9.7
1547	-0.999715	117.442605	0.007810	9.8
1548	-1.128709	117.399867	0.009867	9.7
1549	-0.979089	117.357171	0.010854	9.8
1550	-0.478964	117.314517	0.004875	9.8
1551	-0.852582	117.271903	0.008421	10.9
1552	-0.657410	117.229331	0.006767	10.7
1553	-1.016812	117.186800	0.009887	10.4
1554	-1.263392	117.144311	0.008235	10.4
1555	-0.717959	117.101862	0.005685	10.7
1556	-0.896643	117.059454	0.010916	9.9
1557	-0.576905	117.017087	0.006165	10.7
1558	-0.987286	116.974762	0.008779	10.6
1559	-0.855563	116.932476	0.007338	10.0
1560	-1.148577	116.890232	0.010027	10.5
1561	-0.380210	116.848028	0.005113	10.6
1562	-1.092456	116.805865	0.010244	11.5
1563	-0.965476	116.763743	0.008922	10.1
1564	-1.008015	116.721661	0.008208	10.3
1565	-0.145902	116.679619	0.002406	10.6
1566	-1.211474	116.637618	0.010102	10.5
1567	-1.194653	116.595657	0.009723	10.5
1568	-1.125191	116.553736	0.009770	10.7
1569	-1.271786	116.511855	0.009630	10.9
1570	-0.995630	116.470015	0.009106	11.4
1571	-1.293795	116.428214	0.009132	10.4
1572	-1.116418	116.386454	0.009631	11.2
1573	-1.331842	116.344733	0.008889	10.4
1574	-0.749018	116.303052	0.007783	12.3
1575	-0.621317	116.261412	0.011777	11.4
1576	-0.991657	116.219810	0.010099	10.9
1577	-0.839406	116.178249	0.008514	10.5
1578	-1.259503	116.136727	0.011181	12.2
1579	-0.914377	116.095245	0.009801	15.8
1580	-1.191474	116.053802	0.010157	14.2
1581	-1.187380	116.012398	0.009799	10.8
1582	-1.334487	115.971034	0.010127	10.4
1583	-0.057845	115.929710	0.001510	9.8
1584	-0.314867	115.888424	0.004197	13.0
1585	-0.874821	115.847178	0.007963	10.8
1586	-0.882826	115.805970	0.007497	9.8
1587	-1.169348	115.764802	0.008841	11.7
1588	-0.945222	115.723673	0.008126	10.8
1589	-0.916952	115.682583	0.008623	10.4
1590	-0.491067	115.641532	0.005931	12.4
1591	-0.035380	115.600519	0.001419	10.4
1592	-0.835685	115.559546	0.006003	10.9
1593	-0.939150	115.518610	0.008628	11.8
1594	-1.274817	115.477714	0.010015	10.5
1595	-1.341444	115.436856	0.008876	11.9
1596	-0.356102	115.396037	0.008129	13.2
1597	-1.158508	115.355256	0.009600	11.1
1598	-1.057494	115.314514	0.009027	10.9
1599	-1.143231	115.273810	0.008640	10.4
1600	-1.253386	115.233144	0.009169	10.6
1601	-1.164951	115.192517	0.010977	11.5
1602	-1.103546	115.151927	0.008964	11.1
1603	-1.159373	115.111376	0.009627	9.8
1604	0.000000	115.070863	0.000000	11.1
1605	-1.093228	115.030388	0.009007	9.6
1606	-1.213114	114.989951	0.009001	9.6
1607	-1.281103	114.949551	0.010072	9.8
1608	-0.037725	114.909190	0.003656	9.9
1609	-0.907851	114.868866	0.007402	10.1
1610	-1.128147	114.828580	0.008731	9.6
1611	-0.818180	114.788332	0.007928	10.8
1612	-1.017742	114.748121	0.010740	10.9
1613	-1.207138	114.707948	0.010269	11.5
1614	-1.142732	114.667812	0.010477	11.2
1615	-0.992439	114.627714	0.007534	13.0
1616	-1.284649	114.587653	0.011259	11.1
1617	-1.314133	114.547629	0.008658	9.6
1618	-1.114838	114.507643	0.007764	9.7
1619	-0.880889	114.467693	0.008049	10.6
1620	-1.281538	114.427781	0.009650	9.7
1621	-0.952433	114.387907	0.008997	9.6
1622	-1.229010	114.348069	0.009978	9.7
1623	-0.689448	114.308268	0.007955	10.3
1624	-1.005727	114.268504	0.009007	9.3
1625	-1.121659	114.228777	0.009941	9.9
1626	-1.326075	114.189086	0.008572	9.5
1627	-0.960820	114.149433	0.010316	9.8
1628	-0.379935	114.109816	0.003979	9.7
1629	-0.820258	114.070235	0.007543	9.6
1630	-1.345048	114.030692	0.010363	9.8
1631	-1.267676	113.991185	0.008114	10.5
1632	-0.921119	113.951714	0.008363	9.5
1633	-1.198118	113.912280	0.009502	12.1
1634	-0.146131	113.872882	0.002317	9.6
1635	-0.542842	113.833521	0.005757	9.5
1636	-0.798719	113.794195	0.006891	9.7
1637	-1.281980	113.754906	0.009924	9.8
1638	-0.907308	113.715653	0.007253	9.5
1639	-1.223083	113.676437	0.013243	9.8
1640	-1.298925	113.637256	0.008974	9.2
1641	-1.062893	113.598111	0.008058	9.8
1642	-0.965738	113.559002	0.008771	10.4
1643	-0.328086	113.519929	0.006164	9.8
1644	-0.949805	113.480892	0.008547	10.1
1645	-1.148854	113.441891	0.009787	9.7
1646	-0.426055	113.402925	0.006467	9.7
1647	-1.283402	113.363995	0.011431	9.7
1648	-1.270712	113.325101	0.009814	10.1
1649	-1.255072	113.286242	0.010783	10.0
1650	-0.960109	113.247419	0.009095	9.6
1651	-0.193981	113.208631	0.003075	10.3
1652	-1.064938	113.169879	0.006804	10.7
1653	-0.482440	113.131162	0.004798	9.7
1654	-1.120924	113.092480	0.011018	9.6
1655	-0.670231	113.053833	0.006950	9.7
1656	-1.179718	113.015222	0.007923	9.8
1657	-0.000038	112.976646	0.000092	9.7
1658	-1.141260	112.938105	0.010377	9.6
1659	-0.567316	112.899599	0.007681	9.9
1660	-1.341317	112.861128	0.008595	9.7
1661	-1.327215	112.822692	0.011673	10.5
1662	-0.016919	112.784291	0.001377	9.7
1663	-1.161872	112.745924	0.008835	9.9
1664	-0.431536	112.707593	0.004091	10.0
1665	-1.040388	112.669296	0.008447	9.7
1666	-0.968627	112.631034	0.008640	12.3
1667	-0.505173	112.592806	0.006640	10.2
1668	-1.328867	112.554613	0.008151	9.8
1669	-0.160205	112.516455	0.004161	10.7
1670	-0.022242	112.478331	0.001136	9.5
1671	-1.157447	112.440241	0.008572	9.9
1672	-0.743746	112.402186	0.006591	9.8
1673	-0.892976	112.364165	0.008838	9.8
1674	-1.011808	112.326179	0.008881	9.6
1675	-1.068829	112.288227	0.008199	9.7
1676	-0.968058	112.250309	0.007920	9.5
1677	-1.105563	112.212425	0.009415	11.5
1678	-1.269336	112.174575	0.008958	9.4
1679	-1.246356	112.136759	0.010437	9.8
1680	-1.148655	112.098977	0.008886	9.9
1681	-1.283450	112.061229	0.010172	9.8
1682	-0.624747	112.023515	0.006778	9.6
1683	-0.938110	111.985834	0.007708	9.9
1684	-1.063423	111.948188	0.010803	9.7
1685	-1.185225	111.910575	0.011543	10.5
1686	-0.755116	111.872996	0.007823	9.5
1687	-1.026195	111.835450	0.006449	9.7
1688	-0.931222	111.797939	0.007236	9.7
1689	-1.245934	111.760460	0.008662	9.4
1690	-0.873810	111.723015	0.007406	10.2
1691	-1.052424	111.685604	0.008645	9.5
1692	-0.824452	111.648226	0.008791	9.7
1693	-0.217547	111.610881	0.004718	10.4
1694	-1.215777	111.573570	0.008970	12.9
1695	-1.248380	111.536292	0.007889	10.7
1696	-0.432042	111.499047	0.005167	10.2
1697	-0.767639	111.461835	0.006918	9.5
1698	-0.310850	111.424656	0.005860	9.8
1699	-1.197039	111.387510	0.009118	9.6
1700	-1.128273	111.350398	0.010452	9.1
1701	-0.951985	111.313318	0.008896	10.5
1702	-1.260087	111.276271	0.010577	9.8
1703	-1.206592	111.239257	0.010636	9.9
1704	-0.415783	111.202276	0.005545	10.2
1705	-1.299551	111.165328	0.008771	10.1
1706	-0.743384	111.128412	0.008716	10.4
1707	-0.657595	111.091529	0.007744	9.7
1708	-0.495059	111.054679	0.007188	10.0
1709	-1.050452	111.017861	0.009122	9.9
1710	-1.061935	110.981076	0.010064	11.1
1711	-0.196013	110.944323	0.003182	9.3
1712	-0.838813	110.907603	0.009396	10.4
1713	-1.280554	110.870915	0.009797	9.8
1714	-1.249100	110.834259	0.007834	9.7
1715	-1.009130	110.797636	0.008417	10.5
1716	-1.330783	110.761045	0.010365	10.6
1717	-0.758685	110.724486	0.008615	9.3
1718	-0.953240	110.687959	0.007348	9.8
1719	-1.291649	110.651465	0.010312	9.9
1720	-0.091753	110.615002	0.002241	9.7
1721	-1.145366	110.578572	0.010174	9.7
1722	-0.345770	110.542173	0.007820	9.6
1723	-0.235821	110.505807	0.007038	9.9
1724	-1.233799	110.469472	0.008030	10.0
1725	-0.864629	110.433169	0.010049	9.8
1726	-1.229019	110.396898	0.010887	9.6
1727	-0.837511	110.360659	0.007755	9.7
1728	-0.861773	110.324451	0.006334	9.6
1729	-1.325848	110.288276	0.007992	9.5
1730	-0.981169	110.252131	0.009459	9.8
1731	-1.193374	110.216019	0.007399	10.3
1732	-1.270822	110.179937	0.009922	10.4
1733	-0.704595	110.143888	0.007185	9.6
1734	-1.231042	110.107869	0.010802	9.6
1735	-0.640403	110.071882	0.008410	11.6
1736	-0.937658	110.035927	0.007914	9.8
1737	-1.106017	110.000003	0.010180	9.7
1738	-0.833221	109.964110	0.006999	9.8
1739	-1.179776	109.928248	0.010204	9.6
1740	-1.039056	109.892417	0.008139	9.9
1741	-1.095048	109.856618	0.007267	9.7
1742	-1.209827	109.820850	0.010077	9.7
1743	-1.156505	109.785112	0.008796	9.8
1744	-1.220341	109.749406	0.010774	9.8
1745	-1.183864	109.713730	0.009039	9.9
1746	-0.697356	109.678086	0.010273	9.7
1747	-0.848830	109.642472	0.008702	9.8
1748	-0.775511	109.606890	0.006786	9.6
1749	-1.220060	109.571337	0.009541	9.6
1750	-1.046304	109.535816	0.008292	9.7
1751	-1.084691	109.500326	0.010528	9.6
1752	-0.895334	109.464866	0.006916	9.9
1753	-1.130155	109.429436	0.009155	9.4
1754	-0.296309	109.394038	0.004691	9.9
1755	-1.279958	109.358669	0.010124	10.0
1756	-1.181743	109.323331	0.010740	9.8
1757	-1.214128	109.288024	0.009403	9.8
1758	-1.251054	109.252747	0.008544	9.7
1759	-1.158393	109.217501	0.010077	9.5
1760	-1.030455	109.182284	0.008483	9.9
1761	-1.131341	109.147098	0.007813	10.5
1762	-0.825610	109.111942	0.008383	9.7
1763	-0.579660	109.076817	0.006088	9.7
1764	-0.220860	109.041721	0.006044	10.0
1765	-1.222998	109.006656	0.010761	9.0
1766	-1.333136	108.971620	0.009388	9.4
1767	-0.031036	108.936615	0.003983	9.8
1768	-1.149022	108.901640	0.008499	9.8
1769	-1.051285	108.866694	0.008392	9.7
1770	-1.282622	108.831779	0.009247	9.9
1771	-0.843724	108.796893	0.006670	9.8
1772	-0.740913	108.762037	0.007109	9.6
1773	-0.384446	108.727211	0.004939	9.8
1774	-1.207581	108.692415	0.009371	9.7
1775	-1.041403	108.657648	0.009887	10.2
1776	-1.183194	108.622911	0.009543	9.9
1777	-1.100363	108.588203	0.008575	10.4
1778	-0.507696	108.553525	0.007215	9.7
1779	-0.237343	108.518877	0.005478	9.9
1780	-0.388341	108.484258	0.005677	9.8
1781	-1.213739	108.449668	0.008645	9.7
1782	-0.941590	108.415108	0.008695	9.7
1783	-1.250927	108.380578	0.009555	9.5
1784	-1.209459	108.346076	0.009632	9.7
1785	-0.069362	108.311604	0.001600	10.5
1786	-0.687178	108.277161	0.005414	9.5
1787	-1.271238	108.242747	0.009185	9.7
1788	-1.174729	108.208363	0.010954	9.7
1789	-1.275060	108.174007	0.010434	10.2
1790	-0.688033	108.139681	0.009926	10.7
1791	-0.927696	108.105383	0.009635	9.6
1792	-0.797108	108.071115	0.008832	9.9
1793	-1.371197	108.036875	0.010991	9.9
1794	-1.285213	108.002665	0.009244	9.3
1795	-1.121429	107.968483	0.008752	10.0
1796	-0.329989	107.934330	0.007033	9.8
1797	-0.457813	107.900206	0.005189	10.2
1798	-0.645561	107.866111	0.006792	9.9
1799	-1.244799	107.832044	0.007513	10.1
1800	-1.241080	107.798007	0.007864	9.8
1801	-0.035597	107.763997	0.000650	9.8
1802	-0.230528	107.730017	0.004457	9.9
1803	-1.149315	107.696065	0.010079	9.8
1804	-0.271194	107.662141	0.004426	9.7
1805	-1.106702	107.628246	0.010760	10.1
1806	-1.184232	107.594379	0.008306	9.8
1807	-1.233202	107.560541	0.011946	9.9
1808	-1.205828	107.526731	0.010950	10.2
1809	-0.353862	107.492949	0.006188	9.9
1810	-1.216163	107.459196	0.010399	9.8
1811	-0.095263	107.425471	0.002105	10.4
1812	-0.667559	107.391774	0.009486	9.8
1813	-1.010452	107.358106	0.009904	9.7
1814	-0.845876	107.324465	0.007119	9.3
1815	-0.667518	107.290853	0.005565	9.8
1816	-1.112378	107.257268	0.010072	9.7
1817	-1.232310	107.223712	0.009103	9.7
1818	-1.282758	107.190184	0.010863	9.8
1819	-1.242986	107.156683	0.008410	10.1
1820	-0.821482	107.123211	0.006586	9.5
1821	-1.251191	107.089766	0.008289	9.8
1822	-1.025271	107.056349	0.008569	9.5
1823	-1.036312	107.022960	0.010400	9.8
1824	-1.114331	106.989599	0.007641	9.6
1825	-0.449047	106.956265	0.004671	9.3
1826	-1.110832	106.922960	0.009198	9.8
1827	-1.316307	106.889681	0.010100	10.1
1828	-0.277675	106.856431	0.003776	9.8
1829	-0.664405	106.823208	0.005266	9.7
1830	-1.060389	106.790012	0.009871	9.9
1831	-0.895909	106.756844	0.008363	9.7
1832	-1.145930	106.723703	0.010772	9.6
1833	-1.097603	106.690590	0.009808	9.8
1834	-0.806324	106.657505	0.008651	9.7
1835	-0.431916	106.624446	0.007144	9.4
1836	-0.983907	106.591415	0.011330	10.0
1837	-0.892198	106.558411	0.007055	9.7
1838	-0.877855	106.525435	0.009104	10.7
1839	-0.931915	106.492485	0.007709	9.4
1840	-1.057213	106.459563	0.008086	9.9
1841	-0.942094	106.426668	0.009492	9.6
1842	-1.140570	106.393800	0.009135	9.7
1843	-1.294367	106.360959	0.009890	9.5
1844	-1.276190	106.328145	0.009558	9.4
1845	-1.231609	106.295358	0.009375	9.5
1846	-1.028207	106.262598	0.008109	9.4
1847	-1.287964	106.229865	0.008235	9.8
1848	-0.172621	106.197158	0.004232	9.7
1849	-0.492741	106.164479	0.005967	9.7
1850	-1.009533	106.131826	0.008300	9.7
1851	-0.886863	106.099201	0.008910	9.6
1852	-1.072831	106.066602	0.009637	9.7
1853	-1.158504	106.034029	0.011899	9.6
1854	-0.992101	106.001483	0.008980	9.7
1855	-1.218757	105.968964	0.008349	9.6
1856	-1.350779	105.936472	0.010552	9.7
1857	-0.973559	105.904006	0.009119	9.5
1858	-1.224184	105.871566	0.009362	9.8
1859	-0.485519	105.839153	0.007068	9.8
1860	-1.192843	105.806767	0.010816	9.8
1861	-1.173403	105.774407	0.008197	9.6
1862	-0.859988	105.742073	0.008534	10.1
1863	-0.600484	105.709766	0.007184	10.3
1864	-0.239546	105.677485	0.002661	9.4
1865	-0.528703	105.645230	0.005980	9.4
1866	-0.324578	105.613001	0.004343	10.2
1867	-0.707068	105.580799	0.008738	9.7
1868	-0.177029	105.548623	0.002902	9.8
1869	-0.795428	105.516473	0.009303	10.2
1870	-0.479274	105.484349	0.007630	10.6
1871	-1.334253	105.452251	0.009119	9.7
1872	-1.149649	105.420179	0.010462	9.9
1873	-1.262826	105.388133	0.010626	10.4
1874	-1.191698	105.356113	0.009139	9.7
1875	-0.268348	105.324119	0.003354	11.9
1876	-0.527159	105.292151	0.005981	10.4
1877	-0.733067	105.260209	0.006063	9.7
1878	-0.366572	105.228293	0.006223	9.6
1879	-1.006232	105.196402	0.009416	10.7
1880	-1.326488	105.164537	0.010117	9.7
1881	-0.374585	105.132698	0.005003	9.9
1882	-1.249541	105.100885	0.009217	9.8
1883	-1.036493	105.069097	0.006967	9.6
1884	-0.941042	105.037335	0.007193	10.1
1885	-1.163964	105.005598	0.012472	9.7
1886	-0.748896	104.973887	0.007967	9.4
1887	-1.294566	104.942202	0.009013	9.7
1888	-1.056167	104.910542	0.009780	10.5
1889	-0.955310	104.878907	0.008290	10.1
1890	-0.341075	104.847298	0.006870	10.2
1891	-1.338393	104.815715	0.011529	9.8
1892	-0.593577	104.784156	0.009381	9.5
1893	-1.245753	104.752623	0.009036	9.5
1894	-0.638854	104.721116	0.009183	9.6
1895	-0.912298	104.689633	0.009606	10.3
1896	-1.099630	104.658176	0.008861	9.6
1897	-0.902509	104.626744	0.011631	9.7
1898	-0.727831	104.595337	0.006033	9.6
1899	-1.106537	104.563955	0.008276	9.7
1900	-1.358335	104.532599	0.009108	9.6
1901	-1.217325	104.501267	0.009063	11.3
1902	-1.307506	104.469960	0.011878	9.7
1903	-1.273941	104.438679	0.010024	10.3
1904	-0.719719	104.407422	0.006646	10.5
1905	-1.144444	104.376191	0.011488	9.8
1906	-1.202106	104.344984	0.010272	9.8
1907	-1.272825	104.313802	0.009072	9.6
1908	-0.861331	104.282645	0.008837	9.2
1909	-0.799773	104.251513	0.007938	9.9
1910	-0.979940	104.220405	0.008881	9.7
1911	-0.068009	104.189323	0.002919	9.7
1912	-0.670662	104.158265	0.007278	9.9
1913	-0.046355	104.127231	0.002059	9.4
1914	-0.208299	104.096222	0.004255	9.8
1915	-0.481416	104.065238	0.005655	9.8
1916	-0.891128	104.034279	0.007893	9.7
1917	-1.152865	104.003344	0.008186	10.6
1918	-0.495338	103.972433	0.009264	9.6
1919	-0.856322	103.941547	0.006229	9.8
1920	-1.235498	103.910686	0.009767	10.2
1921	-0.485402	103.879849	0.008556	9.8
1922	-1.010495	103.849036	0.008340	10.0
1923	-0.794921	103.818248	0.008451	9.9
1924	-1.234883	103.787484	0.011536	9.8
1925	-0.669300	103.756744	0.007363	10.0
1926	-1.244796	103.726029	0.008575	9.7
1927	-0.769720	103.695338	0.008629	9.7
1928	-1.112380	103.664671	0.011104	10.6
1929	-0.959622	103.634028	0.008727	9.7
1930	-0.897972	103.603409	0.007400	9.5
1931	-1.337280	103.572814	0.012179	9.9
1932	-0.864346	103.542244	0.007534	9.5
1933	-0.296695	103.511698	0.004469	9.7
1934	-0.661830	103.481175	0.006826	9.7
1935	-0.416837	103.450677	0.006299	9.8
1936	-1.199806	103.420202	0.007928	9.9
1937	-1.215672	103.389752	0.008599	9.7
1938	-0.949499	103.359325	0.008887	9.7
1939	-0.149715	103.328922	0.004194	10.0
1940	-1.099969	103.298543	0.011237	10.1
1941	-1.296686	103.268188	0.008066	10.1
1942	-1.029370	103.237857	0.009004	9.7
1943	-0.866947	103.207549	0.007246	9.8
1944	-0.427634	103.177265	0.005838	9.9
1945	-1.062314	103.147005	0.009196	10.9
1946	-0.884818	103.116768	0.007866	9.6
1947	-0.656888	103.086556	0.007230	9.6
1948	-0.909739	103.056366	0.008088	10.3
1949	-0.500612	103.026200	0.006751	9.8
1950	-0.768596	102.996058	0.009487	9.6
1951	-1.122203	102.965939	0.008223	9.8
1952	-0.338636	102.935844	0.004553	10.5
1953	-0.553095	102.905772	0.008363	9.9
1954	-0.717294	102.875724	0.007049	9.8
1955	-0.829328	102.845699	0.007790	9.2
1956	-0.631001	102.815697	0.008919	9.7
1957	-0.867505	102.785719	0.008612	9.6
1958	-0.906686	102.755764	0.006537	9.7
1959	-1.213958	102.725832	0.010234	9.8
1960	-1.048311	102.695924	0.008988	9.7
1961	-0.501888	102.666038	0.006569	9.7
1962	-1.266667	102.636176	0.009769	9.6
1963	-1.109100	102.606337	0.008498	9.5
1964	-1.167543	102.576521	0.009855	9.7
1965	-0.316377	102.546728	0.010260	9.7
1966	-1.209617	102.516959	0.010196	9.9
1967	-1.293232	102.487212	0.008901	9.6
1968	-0.086720	102.457488	0.003379	9.7
1969	-1.199758	102.427788	0.010501	9.9
1970	-1.058147	102.398110	0.009934	9.7
1971	-0.096016	102.368455	0.002133	9.9
1972	-1.210016	102.338823	0.011600	9.7
1973	-1.056516	102.309214	0.008492	9.8
1974	-0.969794	102.279628	0.010028	10.0
1975	-1.035859	102.250064	0.007269	11.6
1976	-0.558582	102.220524	0.005699	9.9
1977	-1.212662	102.191006	0.010422	9.5
1978	-1.228970	102.161511	0.009025	9.5
1979	-0.415718	102.132038	0.004327	9.7
1980	-0.452378	102.102588	0.005555	10.0
1981	-1.042190	102.073161	0.010088	9.8
1982	-1.083597	102.043757	0.007966	9.6
1983	-1.175723	102.014375	0.008456	9.8
1984	-0.509533	101.985015	0.008096	9.7
1985	-0.450794	101.955678	0.004960	9.7
1986	-1.045591	101.926364	0.007960	9.7
1987	-0.882459	101.897072	0.006778	9.9
1988	-0.763588	101.867802	0.006850	9.6
1989	-0.076427	101.838555	0.005818	9.9
1990	-0.406264	101.809330	0.005056	9.7
1991	-0.920451	101.780128	0.006215	9.6
1992	-0.670469	101.750948	0.007067	9.5
1993	-1.242843	101.721790	0.008973	9.7
1994	-0.717298	101.692654	0.008708	9.6
1995	-1.208667	101.663541	0.009749	10.6
1996	-0.841185	101.634450	0.008163	10.1
1997	-0.812305	101.605381	0.006554	9.6
1998	-0.359531	101.576335	0.005029	9.7
1999	-0.341772	101.547310	0.005822	9.0
