1:ItNr	2:Metric	3:StepSize	4:||Gradient||	Time[ms]
0	-0.954055	627.201626	0.008029	487.5
1	-0.225411	623.504937	0.003449	7.9
2	-0.427083	619.865785	0.005104	7.8
3	-0.976775	616.282728	0.006899	7.7
4	-0.616088	612.754375	0.006203	7.7
5	-1.017441	609.279381	0.009919	7.8
6	-0.781749	605.856447	0.010224	7.9
7	-0.437435	602.484317	0.004782	7.7
8	-0.796001	599.161779	0.008351	7.8
9	-0.774169	595.887656	0.009605	8.0
10	-0.729132	592.660813	0.007528	7.7
11	-0.215968	589.480151	0.003351	7.6
12	-0.333237	586.344606	0.005741	7.8
13	-0.464506	583.253145	0.007472	7.7
14	-0.462763	580.204771	0.004572	7.7
15	-0.599033	577.198517	0.008099	7.8
16	-0.828787	574.233444	0.011459	8.0
17	-0.926405	571.308645	0.010959	7.7
18	-0.628985	568.423237	0.008554	7.7
19	-0.879647	565.576365	0.010211	7.9
20	-0.178794	562.767201	0.003766	8.1
21	-0.312211	559.994938	0.002770	7.8
22	-0.829498	557.258797	0.011741	7.8
23	-0.884150	554.558018	0.008167	8.2
24	-0.334686	551.891865	0.004827	8.7
25	-1.020992	549.259621	0.006215	9.3
26	-1.113671	546.660592	0.010676	8.6
27	-1.121673	544.094102	0.009371	9.9
28	-0.226466	541.559494	0.003683	9.0
29	-1.015206	539.056129	0.006293	10.3
30	-0.841587	536.583387	0.005653	9.5
31	-0.623827	534.140663	0.012933	10.1
32	-0.927824	531.727370	0.008768	9.4
33	-0.728166	529.342935	0.011455	9.1
34	-1.059847	526.986802	0.008613	8.2
35	-0.393907	524.658430	0.004331	8.1
36	-0.773662	522.357290	0.006108	7.9
37	-1.130341	520.082868	0.010501	7.7
38	-1.196649	517.834665	0.010816	7.7
39	-0.755496	515.612193	0.010436	8.8
40	-0.387073	513.414976	0.006115	7.7
41	-0.976630	511.242551	0.009869	8.1
42	-1.147574	509.094468	0.007570	8.0
43	-1.017180	506.970285	0.009898	7.8
44	-0.588175	504.869574	0.008457	7.8
45	-1.137659	502.791916	0.008511	7.7
46	-0.888120	500.736903	0.009024	7.7
47	-0.287987	498.704137	0.004017	7.9
48	-1.196936	496.693228	0.010304	8.0
49	-1.145364	494.703798	0.009528	7.8
50	-0.017949	492.735476	0.000496	8.3
51	-1.106995	490.787900	0.008233	7.8
52	-0.941509	488.860718	0.008291	7.9
53	-0.510815	486.953585	0.010288	7.8
54	-0.915006	485.066164	0.012821	7.9
55	-0.578119	483.198126	0.004063	7.8
56	-1.122630	481.349149	0.016178	7.8
57	-0.749939	479.518920	0.007879	7.8
58	-1.156578	477.707132	0.013036	7.7
59	-0.851809	475.913485	0.010263	7.8
60	-0.690242	474.137684	0.006935	7.7
61	-1.081029	472.379445	0.008339	7.9
62	-0.764113	470.638485	0.008596	8.0
63	-1.106150	468.914531	0.008488	7.7
64	-0.729237	467.207315	0.010591	8.0
65	-0.854487	465.516573	0.009029	7.9
66	-0.200732	463.842050	0.003582	10.9
67	-0.667335	462.183494	0.009083	7.3
68	-0.786138	460.540658	0.008285	7.8
69	-0.862913	458.913303	0.008411	9.2
70	-0.741540	457.301192	0.008152	10.7
71	-0.919912	455.704096	0.006856	7.8
72	-0.492687	454.121787	0.006649	7.6
73	-0.837714	452.554045	0.009214	11.6
74	-0.694536	451.000653	0.008101	10.1
75	-0.281695	449.461399	0.002851	11.3
76	-0.890062	447.936075	0.007413	10.8
77	-1.035301	446.424477	0.006278	12.4
78	-0.621589	444.926406	0.006401	7.8
79	-0.399566	443.441666	0.003916	7.8
80	-0.634505	441.970065	0.006279	7.8
81	-1.056525	440.511415	0.008478	7.8
82	-0.721506	439.065533	0.008383	7.8
83	-1.014426	437.632238	0.008699	8.0
84	-0.985329	436.211351	0.008451	7.8
85	-1.060714	434.802701	0.010055	7.7
86	-0.199778	433.406117	0.004132	7.9
87	-0.299814	432.021430	0.003673	8.1
88	-1.118102	430.648479	0.007171	8.1
89	-0.230658	429.287101	0.004732	11.9
90	-0.845516	427.937140	0.009407	7.8
91	-0.795153	426.598440	0.008737	7.7
92	-0.623425	425.270849	0.007999	12.0
93	-1.132446	423.954220	0.009887	8.2
94	-1.220258	422.648404	0.008686	8.0
95	-0.145912	421.353259	0.003810	9.7
96	-0.959648	420.068643	0.009315	8.6
97	-1.084310	418.794419	0.011720	7.7
98	-0.622169	417.530451	0.007669	7.9
99	-1.162555	416.276604	0.007623	7.9
100	-0.070680	415.032748	0.002671	10.0
101	-0.759010	413.798754	0.007622	9.9
102	-0.362640	412.574495	0.004018	8.2
103	-0.690667	411.359849	0.008295	8.9
104	-1.018479	410.154691	0.006906	10.2
105	-0.767929	408.958904	0.008380	7.8
106	-0.847636	407.772368	0.007443	8.0
107	-0.890722	406.594968	0.008317	12.6
108	-1.005161	405.426590	0.008874	7.9
109	-0.891368	404.267122	0.007269	7.8
110	-0.252109	403.116456	0.002854	7.9
111	-0.318969	401.974481	0.004298	10.2
112	-1.150278	400.841093	0.007665	9.5
113	-1.117642	399.716187	0.009927	7.8
114	-0.636280	398.599660	0.005674	10.2
115	-0.734324	397.491411	0.007241	9.6
116	-0.249631	396.391342	0.005362	7.9
117	-0.807769	395.299353	0.006658	8.8
118	-0.782899	394.215350	0.008426	11.3
119	-0.889145	393.139238	0.009084	7.8
120	-0.615132	392.070924	0.006258	8.0
121	-0.335074	391.010316	0.003186	8.0
122	-1.135217	389.957325	0.007395	9.1
123	-0.169728	388.911862	0.003302	10.0
124	-0.805391	387.873839	0.006045	7.9
125	-0.940019	386.843173	0.007130	7.8
126	-0.550186	385.819777	0.005550	12.4
127	-0.741635	384.803569	0.009427	8.2
128	-0.535553	383.794468	0.006988	7.8
129	-1.100598	382.792393	0.009648	10.8
130	-0.000000	381.797264	0.000000	8.8
131	-0.227884	380.809005	0.006111	9.1
132	-0.000000	379.827537	0.000000	9.9
133	-1.123569	378.852786	0.010772	9.7
134	-1.167282	377.884678	0.009308	7.7
135	-1.145605	376.923138	0.009874	7.6
136	-1.105807	375.968095	0.007978	7.7
137	-0.843813	375.019479	0.010502	8.0
138	-1.087904	374.077218	0.015253	8.0
139	-1.022524	373.141244	0.008957	8.4
140	-0.574792	372.211489	0.007029	7.8
141	-1.067932	371.287887	0.013015	8.3
142	-0.598752	370.370370	0.005087	7.8
143	-0.491453	369.458876	0.006211	7.9
144	-1.073288	368.553338	0.008213	7.9
145	-0.883364	367.653696	0.011706	9.1
146	-0.881875	366.759885	0.006009	21.0
147	-0.593048	365.871846	0.005015	25.3
148	-0.918998	364.989518	0.011099	14.3
149	-0.781130	364.112841	0.008489	14.4
150	-0.956507	363.241757	0.013152	7.8
151	-0.670784	362.376208	0.007984	7.9
152	-0.449923	361.516137	0.005167	8.4
153	-0.761537	360.661488	0.007850	7.8
154	-0.789603	359.812206	0.009478	7.8
155	-1.140130	358.968236	0.008015	7.7
156	-0.999871	358.129524	0.008530	7.8
157	-1.135301	357.296018	0.007649	8.4
158	-0.187290	356.467665	0.004214	8.6
159	-0.580878	355.644414	0.005929	7.8
160	-0.856897	354.826213	0.007642	7.8
161	-0.969655	354.013012	0.009400	7.9
162	-0.498109	353.204763	0.007644	8.1
163	-0.974047	352.401415	0.005601	7.8
164	-0.427106	351.602922	0.004155	7.8
165	-0.728340	350.809235	0.006614	7.9
166	-1.198934	350.020308	0.010088	7.7
167	-0.820147	349.236095	0.008521	7.6
168	-0.487656	348.456550	0.005270	7.8
169	-1.217495	347.681627	0.007840	7.8
170	-1.110667	346.911283	0.010495	7.5
171	-1.115810	346.145474	0.007719	8.0
172	-0.603970	345.384157	0.009152	7.7
173	-1.104274	344.627288	0.009101	7.7
174	-0.692020	343.874826	0.008165	7.8
175	-1.216090	343.126729	0.007153	12.4
176	-0.070217	342.382957	0.002671	13.1
177	-1.164594	341.643469	0.008042	12.6
178	-1.136396	340.908224	0.010255	7.7
179	-1.170914	340.177184	0.006151	9.0
180	-1.172021	339.450309	0.008949	7.8
181	-0.777413	338.727561	0.009535	8.2
182	-0.665224	338.008902	0.008636	7.7
183	-0.778582	337.294295	0.007309	7.7
184	-0.642033	336.583703	0.007841	7.8
185	-1.283298	335.877089	0.010414	7.9
186	-0.169268	335.174416	0.003140	7.9
187	-0.907693	334.475651	0.008060	8.2
188	-0.992079	333.780756	0.009426	7.8
189	-1.018449	333.089698	0.009111	7.9
190	-1.076757	332.402443	0.006125	9.4
191	-1.027698	331.718955	0.007837	7.6
192	-1.122554	331.039203	0.011262	7.7
193	-0.247266	330.363153	0.003444	7.8
194	-0.966167	329.690771	0.008862	7.9
195	-1.207275	329.022027	0.008260	7.7
196	-0.775503	328.356888	0.008211	7.8
197	-0.769950	327.695322	0.008198	7.7
198	-0.033348	327.037299	0.002861	8.0
199	-0.571612	326.382787	0.006082	7.7
200	-0.730925	325.731758	0.007131	7.8
201	-0.542842	325.084179	0.007116	7.8
202	-1.124688	324.440023	0.010717	8.5
203	-0.551191	323.799258	0.007041	8.9
204	-1.116925	323.161858	0.007949	8.2
205	-0.822056	322.527792	0.007664	7.7
206	-0.588917	321.897034	0.008780	8.6
207	-1.172546	321.269554	0.007905	7.7
208	-0.956578	320.645325	0.008161	7.8
209	-0.582769	320.024320	0.006856	7.8
210	-1.182215	319.406512	0.011613	7.8
211	-1.130199	318.791875	0.010552	7.9
212	-1.216556	318.180381	0.007585	7.9
213	-0.290333	317.572005	0.003931	8.0
214	-1.195080	316.966721	0.014507	7.7
215	-0.766714	316.364504	0.004339	8.6
216	-1.066318	315.765329	0.008022	7.8
217	-0.808576	315.169170	0.009058	7.8
218	-0.524059	314.576003	0.007918	7.4
219	-0.715151	313.985804	0.009317	7.1
220	-1.287582	313.398548	0.009473	8.0
221	-0.991720	312.814213	0.009037	7.8
222	-1.250594	312.232773	0.009752	7.8
223	-0.905811	311.654207	0.006532	7.8
224	-0.047776	311.078491	0.001708	7.9
225	-0.691709	310.505602	0.007646	7.8
226	-0.869850	309.935518	0.007370	7.7
227	-0.936996	309.368217	0.005911	7.8
228	-0.989062	308.803676	0.008111	7.7
229	-0.733270	308.241874	0.006220	8.0
230	-1.077262	307.682789	0.008327	7.9
231	-0.936996	307.126400	0.009757	7.8
232	-0.358040	306.572687	0.004274	7.8
233	-0.602380	306.021627	0.008872	7.7
234	-0.445220	305.473201	0.002808	7.7
235	-0.201264	304.927388	0.003397	8.0
236	-1.231621	304.384168	0.009083	7.8
237	-0.805388	303.843521	0.008423	7.8
238	-1.193516	303.305427	0.007270	7.7
239	-0.564976	302.769867	0.007355	7.9
240	-1.090314	302.236821	0.010950	7.7
241	-1.131171	301.706270	0.006107	7.8
242	-0.689903	301.178196	0.007340	8.5
243	-0.952244	300.652580	0.006169	7.9
244	-1.020814	300.129402	0.010569	7.8
245	-0.550676	299.608645	0.005792	7.7
246	-1.062263	299.090291	0.007180	7.7
247	-0.834965	298.574321	0.004818	7.8
248	-0.868648	298.060718	0.008491	7.8
249	-0.743766	297.549465	0.007294	7.9
250	-0.692218	297.040543	0.008948	7.8
251	-0.747092	296.533936	0.006627	7.8
252	-0.973326	296.029626	0.006235	7.8
253	-0.811186	295.527597	0.008978	7.4
254	-1.221065	295.027832	0.007988	7.8
255	-1.114829	294.530315	0.010857	7.7
256	-0.638004	294.035028	0.006837	7.7
257	-1.251284	293.541956	0.009979	7.8
258	-0.987248	293.051083	0.008894	7.8
259	-0.030433	292.562393	0.004269	7.7
260	-0.934452	292.075870	0.008699	7.7
261	-1.166555	291.591498	0.010650	7.8
262	-1.070694	291.109263	0.007095	7.9
263	-0.349754	290.629149	0.005291	7.5
264	-0.357276	290.151140	0.008118	8.2
265	-0.162282	289.675222	0.004884	8.0
266	-1.029356	289.201380	0.008961	7.7
267	-0.044958	288.729600	0.001098	8.1
268	-0.898103	288.259866	0.007230	7.9
269	-1.250620	287.792165	0.012602	7.9
270	-1.125464	287.326481	0.008297	7.7
271	-0.769808	286.862802	0.011025	7.8
272	-0.989143	286.401113	0.010001	7.7
273	-0.690781	285.941400	0.005464	8.6
274	-0.714026	285.483649	0.006706	7.8
275	-0.721792	285.027847	0.006407	8.1
276	-0.625440	284.573981	0.006549	7.8
277	-0.843495	284.122037	0.006098	7.7
278	-0.709166	283.672002	0.006235	7.8
279	-1.206090	283.223863	0.008589	8.1
280	-0.470701	282.777607	0.005374	8.9
281	-0.509385	282.333221	0.005657	8.5
282	-0.730604	281.890692	0.008363	7.9
283	-1.111810	281.450008	0.009578	8.1
284	-0.669361	281.011157	0.005926	7.8
285	-0.854053	280.574125	0.006663	7.9
286	-0.392127	280.138901	0.004862	9.2
287	-0.942498	279.705473	0.008765	10.2
288	-0.749293	279.273829	0.006283	7.9
289	-0.651528	278.843956	0.004952	7.5
290	-0.740488	278.415844	0.007989	7.9
291	-0.863116	277.989479	0.009113	7.9
292	-0.691775	277.564851	0.005216	8.0
293	-0.826861	277.141949	0.007974	7.8
294	-0.645869	276.720761	0.006429	7.9
295	-0.634302	276.301275	0.006015	7.2
296	-0.940126	275.883480	0.009644	7.7
297	-0.600075	275.467366	0.008147	7.8
298	-1.112487	275.052922	0.008670	7.8
299	-1.155602	274.640136	0.006864	7.9
300	-1.139217	274.228998	0.008234	7.9
301	-0.036687	273.819497	0.000826	7.9
302	-0.816446	273.411623	0.012003	8.0
303	-0.637541	273.005365	0.007535	7.7
304	-1.192763	272.600712	0.009206	8.8
305	-1.205434	272.197655	0.008144	8.1
306	-1.130127	271.796184	0.008879	7.9
307	-1.181661	271.396287	0.009417	7.7
308	-0.179886	270.997956	0.001891	7.9
309	-0.164474	270.601180	0.005488	7.9
310	-1.150552	270.205949	0.008316	7.8
311	-0.211049	269.812254	0.003831	7.9
312	-1.215429	269.420085	0.007240	8.5
313	-1.133530	269.029432	0.011671	7.7
314	-1.136579	268.640287	0.006933	8.0
315	-0.310475	268.252638	0.004658	8.0
316	-0.293484	267.866478	0.005358	7.5
317	-1.256212	267.481796	0.008975	8.0
318	-1.047542	267.098584	0.007668	7.8
319	-1.037761	266.716833	0.007353	7.8
320	-0.452514	266.336533	0.005005	7.8
321	-1.294900	265.957676	0.009019	7.8
322	-0.784586	265.580253	0.005723	7.9
323	-0.413202	265.204254	0.005372	7.8
324	-0.701620	264.829672	0.007164	7.8
325	-0.816590	264.456497	0.010248	7.8
326	-1.000422	264.084721	0.009986	7.7
327	-0.810740	263.714335	0.009074	7.8
328	-0.051308	263.345332	0.001755	8.3
329	-0.693612	262.977702	0.009190	8.4
330	-1.145630	262.611438	0.008781	7.8
331	-1.119987	262.246531	0.007420	7.8
332	-1.111288	261.882973	0.008696	7.7
333	-0.511661	261.520756	0.007269	7.9
334	-0.623755	261.159871	0.006859	7.9
335	-0.656261	260.800312	0.006962	8.0
336	-1.151898	260.442070	0.011330	7.9
337	-0.759493	260.085137	0.006491	7.8
338	-0.621770	259.729505	0.007758	7.6
339	-1.208767	259.375167	0.006898	7.7
340	-0.979128	259.022116	0.007709	8.3
341	-0.792310	258.670343	0.008032	7.2
342	-0.065744	258.319841	0.003076	7.9
343	-0.273720	257.970602	0.003814	7.8
344	-0.275951	257.622620	0.003605	7.9
345	-0.564934	257.275887	0.005769	7.7
346	-1.147856	256.930396	0.006139	7.7
347	-1.221767	256.586139	0.013009	7.8
348	-0.417554	256.243109	0.003292	7.8
349	-1.157857	255.901300	0.008027	7.8
350	-1.153990	255.560703	0.008574	7.8
351	-0.194431	255.221313	0.004343	7.3
352	-1.160809	254.883122	0.007787	7.9
353	-1.155528	254.546124	0.007877	7.8
354	-0.167222	254.210311	0.002826	7.8
355	-1.283270	253.875677	0.010676	7.9
356	-0.790254	253.542215	0.012165	7.7
357	-1.090689	253.209918	0.008804	7.7
358	-1.017396	252.878781	0.006563	7.7
359	-0.938611	252.548795	0.008690	7.7
360	-1.117543	252.219956	0.007430	7.8
361	-0.434916	251.892255	0.006231	7.8
362	-0.282668	251.565688	0.002841	7.9
363	-0.791614	251.240247	0.007688	7.8
364	-0.839104	250.915926	0.004865	7.8
365	-1.143415	250.592720	0.006819	7.7
366	-0.959643	250.270621	0.007535	7.8
367	-0.950199	249.949624	0.007994	8.4
368	-0.433612	249.629723	0.004474	7.7
369	-0.698054	249.310911	0.006598	7.8
370	-0.737217	248.993182	0.008209	7.1
371	-0.954816	248.676531	0.009565	7.7
372	-0.821913	248.360952	0.008142	7.7
373	-1.033672	248.046438	0.007454	7.7
374	-0.903957	247.732984	0.007478	7.9
375	-1.194630	247.420584	0.008938	7.7
376	-0.732904	247.109233	0.008152	7.7
377	-0.669797	246.798924	0.010709	7.7
378	-0.220984	246.489652	0.002100	7.7
379	-0.721038	246.181412	0.010158	8.0
380	-0.813467	245.874197	0.006430	7.8
381	-1.106642	245.568002	0.008680	7.9
382	-0.771399	245.262822	0.005827	8.5
383	-0.762949	244.958652	0.007107	7.8
384	-0.823719	244.655485	0.006657	7.8
385	-1.218871	244.353317	0.015254	7.8
386	-0.646140	244.052142	0.008431	7.8
387	-0.721340	243.751955	0.006788	7.8
388	-0.229968	243.452750	0.003689	7.6
389	-0.610578	243.154523	0.006982	7.8
390	-1.016269	242.857268	0.008047	7.8
391	-1.220381	242.560980	0.007564	7.7
392	-1.063452	242.265654	0.007309	7.9
393	-0.788728	241.971285	0.007630	7.8
394	-0.596769	241.677868	0.004716	7.6
395	-0.789264	241.385397	0.008598	7.7
396	-1.165518	241.093869	0.009636	7.9
397	-0.966814	240.803278	0.008282	8.0
398	-0.216832	240.513619	0.004504	7.8
399	-1.251820	240.224887	0.009573	8.6
400	-0.000000	239.937077	0.000000	8.2
401	-1.151099	239.650186	0.010305	7.7
402	-1.203497	239.364207	0.006999	7.8
403	-0.784308	239.079136	0.006583	7.8
404	-1.074119	238.794969	0.009230	7.8
405	-0.527063	238.511701	0.003904	8.1
406	-1.223245	238.229327	0.008163	7.9
407	-0.766551	237.947843	0.008265	7.8
408	-1.143336	237.667244	0.008977	7.6
409	-0.370922	237.387526	0.003412	7.8
410	-0.594027	237.108684	0.005987	8.0
411	-0.438193	236.830714	0.007343	8.1
412	-0.741263	236.553610	0.006067	7.7
413	-0.402901	236.277370	0.004298	8.3
414	-0.427925	236.001989	0.006394	7.0
415	-0.916705	235.727461	0.006316	7.7
416	-0.981911	235.453784	0.005326	7.7
417	-0.970662	235.180952	0.008037	7.8
418	-0.770335	234.908962	0.008554	7.8
419	-0.708040	234.637809	0.006747	8.0
420	-1.097403	234.367488	0.008923	7.8
421	-0.473124	234.097997	0.004365	7.8
422	-1.183845	233.829331	0.009425	7.7
423	-1.006958	233.561485	0.007064	7.8
424	-0.049640	233.294456	0.001735	7.8
425	-1.130807	233.028239	0.015628	7.9
426	-1.146394	232.762831	0.008306	7.8
427	-0.643150	232.498228	0.005560	8.4
428	-0.641453	232.234425	0.005970	7.7
429	-1.182545	231.971419	0.011038	7.9
430	-0.329637	231.709205	0.005449	7.9
431	-0.719310	231.447781	0.006716	8.9
432	-1.241114	231.187141	0.010382	7.8
433	-1.128250	230.927283	0.007332	8.5
434	-1.065459	230.668202	0.009164	7.7
435	-0.781105	230.409895	0.007371	7.7
436	-0.328997	230.152358	0.004553	8.0
437	-0.965104	229.895587	0.006553	7.8
438	-0.783088	229.639578	0.007691	9.5
439	-1.188965	229.384329	0.012660	7.8
440	-0.461342	229.129834	0.005681	7.8
441	-1.025865	228.876091	0.010774	7.8
442	-0.901906	228.623096	0.008868	7.8
443	-1.285468	228.370846	0.007031	7.8
444	-0.987493	228.119336	0.006315	7.9
445	-0.657816	227.868563	0.007950	7.7
446	-1.130745	227.618525	0.008805	7.8
447	-1.081988	227.369216	0.006921	7.9
448	-0.142475	227.120635	0.002503	7.8
449	-1.076499	226.872777	0.010069	8.2
450	-0.876536	226.625638	0.010373	7.7
451	-0.928259	226.379217	0.005952	7.9
452	-0.950618	226.133509	0.008118	7.7
453	-0.391589	225.888510	0.007782	8.1
454	-0.907521	225.644218	0.008746	8.5
455	-0.405422	225.400630	0.006383	7.8
456	-1.255494	225.157741	0.011588	8.0
457	-1.173199	224.915549	0.008725	7.9
458	-1.230887	224.674051	0.009362	7.7
459	-1.244429	224.433242	0.008739	7.8
460	-1.077413	224.193121	0.006787	7.8
461	-0.289145	223.953684	0.003744	7.8
462	-0.667395	223.714927	0.007595	7.7
463	-1.118952	223.476848	0.011377	7.7
464	-1.275953	223.239444	0.008159	7.7
465	-0.449365	223.002710	0.005143	7.5
466	-0.766813	222.766645	0.004973	8.5
467	-0.709201	222.531245	0.007171	7.8
468	-1.137921	222.296508	0.009847	7.7
469	-0.801250	222.062429	0.007013	7.7
470	-0.796725	221.829007	0.007120	7.7
471	-0.895078	221.596238	0.007960	7.8
472	-1.025097	221.364119	0.007557	7.9
473	-0.941676	221.132647	0.006188	7.8
474	-0.977038	220.901820	0.007633	7.7
475	-0.740814	220.671634	0.007681	7.8
476	-1.073526	220.442086	0.012084	7.6
477	-0.143012	220.213174	0.005020	7.6
478	-0.605921	219.984895	0.006029	7.6
479	-1.150781	219.757246	0.010350	7.8
480	-1.200956	219.530224	0.007393	7.8
481	-1.204806	219.303826	0.012857	7.8
482	-1.113310	219.078050	0.006117	8.1
483	-0.723893	218.852893	0.004721	7.9
484	-0.752951	218.628352	0.006389	7.7
485	-1.086960	218.404424	0.011594	7.6
486	-0.003656	218.181106	0.000078	7.9
487	-1.198189	217.958397	0.010508	7.8
488	-0.854774	217.736292	0.007572	7.9
489	-0.921524	217.514790	0.007399	7.7
490	-1.284192	217.293888	0.009730	7.8
491	-1.290729	217.073584	0.007696	8.6
492	-1.292288	216.853873	0.008388	7.7
493	-0.645320	216.634755	0.008186	7.9
494	-1.138756	216.416227	0.007954	7.8
495	-0.716188	216.198285	0.007521	7.9
496	-0.132817	215.980927	0.002480	8.0
497	-0.515957	215.764151	0.005626	7.9
498	-0.595922	215.547955	0.004763	7.9
499	-0.637756	215.332335	0.007252	7.7
500	-0.535846	215.117289	0.005772	7.3
501	-0.803311	214.902815	0.004489	7.8
502	-0.542917	214.688911	0.008418	7.7
503	-0.600746	214.475573	0.007505	7.8
504	-0.682567	214.262800	0.006334	7.9
505	-0.678158	214.050588	0.006527	8.0
506	-1.308488	213.838936	0.008590	7.7
507	-1.227507	213.627842	0.007505	7.8
508	-1.177509	213.417302	0.011081	7.6
509	-0.010080	213.207314	0.000836	7.9
510	-1.146875	212.997877	0.008109	7.7
511	-1.160429	212.788987	0.008717	7.7
512	-1.166647	212.580642	0.008741	7.8
513	-0.373320	212.372841	0.006019	8.1
514	-1.247954	212.165581	0.007723	8.2
515	-1.123232	211.958859	0.008310	7.8
516	-0.707787	211.752673	0.007539	7.9
517	-0.955935	211.547021	0.006773	7.7
518	-1.127762	211.341902	0.007439	7.8
519	-0.078405	211.137311	0.002190	7.9
520	-0.952375	210.933248	0.007673	7.8
521	-0.323313	210.729710	0.007307	7.8
522	-0.674990	210.526695	0.005988	8.1
523	-1.025392	210.324200	0.009998	7.8
524	-0.534105	210.122224	0.005630	7.8
525	-0.749366	209.920765	0.006968	7.9
526	-0.369763	209.719820	0.004963	7.8
527	-0.287710	209.519387	0.004220	7.1
528	-0.146550	209.319463	0.002788	8.0
529	-0.992039	209.120048	0.008813	7.8
530	-0.950565	208.921139	0.008492	7.7
531	-0.895615	208.722733	0.008317	7.7
532	-0.521185	208.524829	0.005543	7.5
533	-1.105441	208.327425	0.009552	7.8
534	-1.203547	208.130518	0.007390	7.7
535	-1.170764	207.934107	0.009076	7.8
536	-1.282111	207.738189	0.006971	7.8
537	-0.191300	207.542762	0.004039	7.9
538	-0.041577	207.347825	0.002065	7.9
539	-1.090591	207.153376	0.007411	8.8
540	-0.639649	206.959412	0.005358	7.7
541	-0.967736	206.765932	0.006859	7.9
542	-1.102601	206.572933	0.008993	7.8
543	-0.761521	206.380414	0.007113	7.7
544	-0.787717	206.188373	0.007134	7.8
545	-0.718142	205.996807	0.008019	8.1
546	-0.849363	205.805716	0.006647	7.8
547	-0.658708	205.615096	0.006873	7.9
548	-0.764661	205.424946	0.005102	8.2
549	-1.228906	205.235265	0.007843	7.8
550	-1.162209	205.046050	0.008293	7.8
551	-0.420334	204.857299	0.004564	7.9
552	-0.566805	204.669011	0.004882	7.8
553	-1.072040	204.481184	0.008723	7.8
554	-0.902836	204.293816	0.007885	7.8
555	-0.922009	204.106905	0.006714	7.6
556	-1.161808	203.920449	0.010023	8.3
557	-0.776655	203.734447	0.006777	7.8
558	-0.705523	203.548896	0.006215	7.9
559	-1.193363	203.363795	0.008918	8.0
560	-1.196231	203.179143	0.015045	7.9
561	-0.359113	202.994937	0.002370	8.8
562	-0.711833	202.811176	0.006589	11.0
563	-0.828225	202.627857	0.005752	8.2
564	-0.755113	202.444980	0.007686	7.8
565	-1.304877	202.262543	0.009113	7.7
566	-0.917106	202.080543	0.008266	7.7
567	-0.111693	201.898979	0.001892	7.8
568	-0.591415	201.717849	0.007225	7.9
569	-1.138078	201.537153	0.008004	8.0
570	-1.011691	201.356887	0.007177	8.3
571	-0.803693	201.177050	0.005944	7.9
572	-0.484733	200.997642	0.004722	8.2
573	-1.168120	200.818659	0.009575	7.8
574	-0.636120	200.640100	0.007916	7.9
575	-1.144603	200.461965	0.008451	7.8
576	-1.110036	200.284250	0.007866	7.8
577	-1.199434	200.106955	0.010456	7.7
578	-1.116582	199.930078	0.009091	8.1
579	-0.930171	199.753617	0.006981	8.1
580	-0.178677	199.577571	0.003677	7.8
581	-1.087916	199.401938	0.007631	7.9
582	-0.240658	199.226717	0.002983	7.8
583	-0.966341	199.051905	0.008580	7.9
584	-0.813650	198.877502	0.007457	8.4
585	-1.224994	198.703506	0.008682	7.9
586	-0.074664	198.529916	0.003269	7.9
587	-1.165098	198.356729	0.006911	8.6
588	-1.206567	198.183944	0.006425	7.9
589	-1.132297	198.011560	0.005891	7.8
590	-0.936007	197.839576	0.009008	7.8
591	-0.186693	197.667989	0.002134	8.2
592	-0.897569	197.496798	0.008067	7.7
593	-0.803969	197.326002	0.007147	7.8
594	-1.003033	197.155600	0.008540	8.0
595	-0.839503	196.985589	0.007378	8.0
596	-0.910913	196.815969	0.009670	7.8
597	-1.008577	196.646738	0.009734	7.9
598	-1.039261	196.477894	0.008327	7.8
599	-1.005488	196.309436	0.013338	7.7
600	-1.156371	196.141363	0.008933	7.3
601	-0.616899	195.973673	0.005548	7.8
602	-0.702873	195.806365	0.006344	7.8
603	-1.166383	195.639437	0.005502	8.0
604	-0.941605	195.472888	0.011741	7.9
605	-0.763646	195.306717	0.007011	7.5
606	-0.161183	195.140922	0.002342	8.2
607	-0.697193	194.975501	0.006849	7.6
608	-0.948543	194.810454	0.007982	7.7
609	-0.758207	194.645779	0.005841	7.9
610	-1.096634	194.481475	0.010292	8.0
611	-1.184750	194.317540	0.006640	9.8
612	-0.323594	194.153973	0.005599	7.8
613	-1.045326	193.990773	0.005355	8.0
614	-1.150152	193.827938	0.007347	7.8
615	-0.334290	193.665467	0.003033	8.0
616	-0.640306	193.503358	0.005210	8.4
617	-1.310119	193.341611	0.007887	9.3
618	-0.605859	193.180224	0.005909	8.9
619	-0.045151	193.019196	0.003125	9.3
620	-0.923235	192.858525	0.008490	9.5
621	-1.009444	192.698210	0.009856	9.7
622	-0.831386	192.538251	0.008591	8.2
623	-0.476706	192.378644	0.003927	7.9
624	-0.708223	192.219391	0.008055	7.8
625	-1.182979	192.060488	0.007820	7.7
626	-0.127557	191.901935	0.004526	7.9
627	-1.107559	191.743730	0.008617	8.1
628	-0.976249	191.585873	0.005607	7.1
629	-1.038500	191.428362	0.008471	7.7
630	-0.468325	191.271196	0.004528	7.8
631	-1.001674	191.114374	0.007983	7.3
632	-0.895722	190.957893	0.005962	7.7
633	-0.521149	190.801755	0.006630	8.0
634	-0.826774	190.645956	0.007388	7.8
635	-0.397554	190.490495	0.005809	7.9
636	-0.683455	190.335373	0.006791	7.7
637	-0.867507	190.180587	0.006532	7.7
638	-0.340362	190.026136	0.004843	7.8
639	-0.399007	189.872019	0.006426	7.6
640	-1.175907	189.718235	0.008669	8.1
641	-0.726649	189.564782	0.006662	7.7
642	-1.097086	189.411661	0.007829	7.7
643	-0.863435	189.258868	0.006919	8.0
644	-0.867679	189.106404	0.008010	7.7
645	-1.104176	188.954267	0.006799	7.8
646	-0.298145	188.802456	0.005669	7.8
647	-1.210160	188.650969	0.008164	7.8
648	-1.255200	188.499807	0.008278	7.8
649	-0.297039	188.348967	0.001869	7.9
650	-0.062732	188.198448	0.002056	7.8
651	-0.954069	188.048250	0.007766	7.8
652	-1.226131	187.898371	0.010073	7.8
653	-1.191584	187.748810	0.009504	7.9
654	-0.251957	187.599566	0.005657	8.2
655	-1.056040	187.450638	0.006983	7.7
656	-0.329525	187.302025	0.004845	7.8
657	-0.951086	187.153725	0.005648	7.9
658	-0.781488	187.005739	0.007977	8.0
659	-0.934819	186.858064	0.009170	7.8
660	-0.541364	186.710699	0.005030	8.0
661	-0.784501	186.563645	0.007577	7.7
662	-0.816043	186.416898	0.007914	8.3
663	-1.226185	186.270459	0.009778	8.0
664	-0.863970	186.124326	0.006122	7.7
665	-1.243129	185.978499	0.008179	7.9
666	-0.320526	185.832976	0.003834	7.4
667	-1.086780	185.687756	0.007825	7.8
668	-0.814044	185.542838	0.006796	7.8
669	-0.662206	185.398222	0.006826	7.7
670	-1.088352	185.253906	0.007713	7.7
671	-1.059707	185.109889	0.006988	8.0
672	-0.844502	184.966170	0.005995	7.8
673	-0.607902	184.822748	0.005346	8.5
674	-1.030305	184.679623	0.007398	7.8
675	-1.310434	184.536792	0.008728	8.4
676	-0.993175	184.394256	0.006239	7.4
677	-0.992527	184.252013	0.008187	7.9
678	-0.938125	184.110062	0.007281	7.8
679	-0.622436	183.968403	0.010249	7.8
680	-0.062233	183.827034	0.004598	7.1
681	-1.104927	183.685954	0.006792	7.7
682	-1.247492	183.545163	0.010268	7.7
683	-1.248086	183.404658	0.010194	7.8
684	-1.094126	183.264441	0.008901	8.0
685	-0.991883	183.124509	0.006622	7.8
686	-0.390568	182.984861	0.004452	7.4
687	-0.617206	182.845497	0.008497	8.1
688	-0.286196	182.706416	0.005371	8.0
689	-1.223884	182.567616	0.006237	8.8
690	-1.016179	182.429098	0.008977	7.8
691	-0.683576	182.290859	0.006477	8.8
692	-1.126842	182.152899	0.008529	10.3
693	-1.023887	182.015217	0.009278	7.7
694	-1.169468	181.877813	0.008850	10.2
695	-0.656299	181.740684	0.006624	9.3
696	-1.056522	181.603832	0.007276	8.9
697	-0.812506	181.467253	0.008543	7.4
698	-1.139053	181.330948	0.007132	7.9
699	-1.140461	181.194916	0.010238	7.9
700	-0.892340	181.059155	0.006827	7.8
701	-0.234782	180.923666	0.005543	8.1
702	-0.320849	180.788446	0.004455	8.4
703	-0.127083	180.653496	0.002441	8.0
704	-1.254992	180.518814	0.008220	7.8
705	-0.947795	180.384399	0.006167	7.9
706	-0.973619	180.250251	0.008667	7.7
707	-1.057712	180.116369	0.007844	7.7
708	-0.247206	179.982752	0.003039	7.0
709	-0.845961	179.849398	0.007529	7.9
710	-0.740544	179.716308	0.007811	7.8
711	-1.115030	179.583480	0.006899	7.8
712	-0.728609	179.450913	0.007206	7.7
713	-1.297847	179.318607	0.008300	7.9
714	-1.084667	179.186561	0.008349	7.8
715	-0.719821	179.054774	0.006694	7.9
716	-0.957457	178.923245	0.009185	7.8
717	-0.760974	178.791973	0.006153	7.7
718	-1.001132	178.660958	0.008426	7.9
719	-0.246471	178.530199	0.003149	8.3
720	-0.703181	178.399694	0.007042	7.8
721	-0.113646	178.269444	0.002462	7.8
722	-1.010389	178.139447	0.008491	8.6
723	-0.814442	178.009702	0.008433	7.8
724	-0.994148	177.880209	0.005554	8.1
725	-1.245210	177.750967	0.007741	7.8
726	-1.250194	177.621975	0.007562	7.8
727	-0.801605	177.493232	0.008862	7.8
728	-0.729399	177.364738	0.006967	7.7
729	-1.110714	177.236492	0.007482	8.0
730	-0.812360	177.108492	0.006556	7.7
731	-0.849429	176.980739	0.007323	7.8
732	-1.173197	176.853231	0.008703	7.7
733	-1.311540	176.725968	0.007186	7.7
734	-0.597366	176.598949	0.004640	7.8
735	-0.819611	176.472173	0.007125	8.0
736	-0.967229	176.345639	0.007813	7.8
737	-1.074615	176.219348	0.009051	7.9
738	-1.169018	176.093296	0.008849	7.7
739	-0.447183	175.967486	0.006846	7.8
740	-1.220476	175.841914	0.008421	7.7
741	-0.796026	175.716581	0.007611	7.8
742	-0.425097	175.591486	0.004879	7.9
743	-1.206491	175.466629	0.008140	7.6
744	-1.083032	175.342008	0.008060	7.8
745	-1.148872	175.217622	0.009414	7.8
746	-0.061403	175.093472	0.002184	7.8
747	-0.978839	174.969556	0.007253	7.8
748	-1.228407	174.845873	0.009818	7.8
749	-0.396412	174.722423	0.002453	7.8
750	-1.081027	174.599206	0.006440	7.8
751	-1.170085	174.476220	0.008376	7.9
752	-0.920146	174.353464	0.007961	7.8
753	-1.084572	174.230939	0.009189	7.8
754	-0.824697	174.108643	0.008564	7.7
755	-0.190668	173.986576	0.002207	7.8
756	-1.142782	173.864737	0.006249	7.7
757	-0.347953	173.743124	0.004949	8.0
758	-0.923972	173.621739	0.006644	7.8
759	-0.493332	173.500579	0.004454	7.8
760	-1.112439	173.379645	0.008515	7.8
761	-0.830636	173.258935	0.007564	7.8
762	-0.477702	173.138449	0.006105	7.9
763	-0.869340	173.018186	0.007857	7.7
764	-0.991400	172.898146	0.010104	7.8
765	-0.677112	172.778327	0.005041	7.8
766	-1.078985	172.658730	0.008594	7.8
767	-0.940188	172.539353	0.008158	7.3
768	-1.071675	172.420196	0.008151	8.5
769	-0.984558	172.301258	0.008719	7.9
770	-1.188549	172.182539	0.007063	7.6
771	-0.907775	172.064037	0.007856	7.8
772	-0.676556	171.945753	0.009236	7.9
773	-0.840967	171.827686	0.005345	7.8
774	-1.162228	171.709834	0.006831	7.8
775	-0.120300	171.592198	0.001898	7.8
776	-0.605463	171.474776	0.005687	7.7
777	-0.970478	171.357568	0.008017	7.7
778	-0.301649	171.240574	0.003543	7.8
779	-0.752702	171.123793	0.006326	7.7
780	-0.809093	171.007223	0.010141	7.8
781	-0.553717	170.890865	0.004743	7.7
782	-0.840401	170.774718	0.005464	7.7
783	-1.204688	170.658782	0.007626	7.7
784	-0.967174	170.543055	0.006371	7.8
785	-1.131302	170.427537	0.008998	7.8
786	-1.199673	170.312227	0.006917	7.7
787	-0.377894	170.197125	0.003914	8.0
788	-1.177519	170.082231	0.008939	8.2
789	-1.090653	169.967543	0.008655	7.6
790	-1.208667	169.853061	0.010116	7.8
791	-0.792134	169.738784	0.007535	7.7
792	-0.676322	169.624713	0.006052	7.2
793	-0.354827	169.510845	0.002017	7.8
794	-1.052802	169.397181	0.009069	7.7
795	-0.349077	169.283720	0.004642	7.8
796	-0.691058	169.170462	0.006465	7.8
797	-1.132595	169.057405	0.008515	7.8
798	-0.802965	168.944549	0.007449	8.8
799	-0.804486	168.831895	0.007188	7.7
800	-0.909217	168.719440	0.007983	7.9
801	-0.639517	168.607185	0.006242	7.8
802	-1.255871	168.495129	0.006183	7.9
803	-1.119027	168.383271	0.007105	7.7
804	-1.142043	168.271611	0.006231	7.7
805	-1.141006	168.160148	0.007543	7.7
806	-0.871252	168.048882	0.006207	7.7
807	-1.045710	167.937812	0.007918	7.6
808	-0.799305	167.826938	0.006741	7.7
809	-1.013924	167.716258	0.005839	7.8
810	-1.082573	167.605773	0.007791	7.8
811	-0.182339	167.495482	0.003082	8.5
812	-0.866814	167.385384	0.007428	8.0
813	-0.654625	167.275479	0.007117	8.1
814	-0.708610	167.165766	0.006697	7.0
815	-1.175822	167.056245	0.007386	7.9
816	-1.163059	166.946915	0.008595	8.1
817	-1.043106	166.837776	0.005844	7.7
818	-0.927393	166.728826	0.007661	7.6
819	-0.754764	166.620067	0.008766	7.7
820	-1.122311	166.511496	0.009034	7.6
821	-1.103108	166.403113	0.006864	8.5
822	-0.112824	166.294919	0.002651	7.8
823	-0.865523	166.186912	0.008578	8.4
824	-1.189112	166.079091	0.007216	7.7
825	-1.193080	165.971458	0.007831	7.8
826	-1.294728	165.864009	0.009487	7.7
827	-0.888890	165.756747	0.007872	9.6
828	-0.803975	165.649669	0.007911	8.4
829	-1.103704	165.542775	0.010959	8.1
830	-0.840696	165.436065	0.008161	7.7
831	-1.160204	165.329538	0.009298	7.7
832	-1.267481	165.223194	0.010652	7.8
833	-0.366670	165.117032	0.005411	7.8
834	-0.731100	165.011052	0.006404	7.8
835	-0.717242	164.905253	0.007693	7.9
836	-1.198680	164.799635	0.006843	7.7
837	-1.049607	164.694197	0.008894	7.7
838	-1.096353	164.588939	0.006834	7.7
839	-1.174778	164.483859	0.006735	7.8
840	-0.100755	164.378959	0.003452	7.8
841	-0.326208	164.274237	0.006771	8.3
842	-0.993840	164.169692	0.008713	7.8
843	-0.081456	164.065325	0.003352	7.1
844	-1.314148	163.961135	0.007495	7.8
845	-0.804154	163.857120	0.007945	7.8
846	-0.874078	163.753282	0.006516	7.8
847	-0.535819	163.649619	0.004033	7.0
848	-0.783350	163.546130	0.007492	7.7
849	-0.004308	163.442816	0.000013	7.8
850	-1.324047	163.339676	0.011230	7.7
851	-0.785856	163.236709	0.007474	7.8
852	-0.883411	163.133915	0.006372	7.9
853	-0.421841	163.031294	0.006697	7.8
854	-0.983216	162.928844	0.005201	7.8
855	-0.734267	162.826566	0.006317	7.7
856	-0.825368	162.724459	0.005982	7.7
857	-0.988176	162.622523	0.008006	7.7
858	-1.075060	162.520757	0.008053	7.7
859	-0.772180	162.419160	0.007000	7.9
860	-0.053005	162.317733	0.000661	9.8
861	-0.041812	162.216474	0.001399	8.4
862	-1.035022	162.115383	0.006184	7.7
863	-0.782244	162.014461	0.007868	7.9
864	-0.605326	161.913705	0.005841	8.0
865	-1.005796	161.813117	0.006964	7.9
866	-0.067258	161.712695	0.002339	7.7
867	-0.128194	161.612439	0.002116	7.8
868	-0.108955	161.512349	0.004024	7.7
869	-1.006875	161.412424	0.006950	7.3
870	-1.030940	161.312663	0.005856	7.6
871	-0.895801	161.213067	0.008565	7.6
872	-1.112542	161.113635	0.007191	7.7
873	-1.054065	161.014366	0.009450	7.9
874	-0.544749	160.915260	0.003643	7.7
875	-1.013424	160.816316	0.006728	8.5
876	-0.454618	160.717535	0.004431	7.7
877	-1.259025	160.618915	0.007732	7.8
878	-1.025134	160.520456	0.010694	8.4
879	-0.606541	160.422158	0.005726	7.7
880	-0.403541	160.324021	0.005525	7.7
881	-0.581926	160.226043	0.004956	7.1
882	-0.389424	160.128225	0.004354	7.6
883	-1.183363	160.030566	0.009991	7.7
884	-1.080508	159.933066	0.007664	7.7
885	-1.135055	159.835723	0.006937	7.8
886	-0.957366	159.738539	0.008445	7.9
887	-0.899332	159.641512	0.007505	7.3
888	-0.929036	159.544642	0.005042	7.7
889	-1.027225	159.447929	0.005963	7.8
890	-1.178718	159.351372	0.007565	7.9
891	-0.830056	159.254971	0.006975	7.8
892	-0.873256	159.158725	0.006399	7.7
893	-1.132130	159.062634	0.008155	8.5
894	-1.191502	158.966697	0.009679	7.9
895	-0.440034	158.870915	0.003729	7.7
896	-0.587851	158.775286	0.006683	7.7
897	-0.294092	158.679811	0.004103	7.8
898	-1.190962	158.584489	0.012826	7.7
899	-0.748252	158.489319	0.008458	7.8
900	-0.558024	158.394302	0.004540	7.7
901	-0.811359	158.299436	0.006832	7.7
902	-0.663025	158.204721	0.006446	7.7
903	-1.016491	158.110158	0.005338	7.7
904	-1.303984	158.015745	0.008601	7.8
905	-1.021156	157.921482	0.005858	7.6
906	-1.183891	157.827369	0.009514	7.6
907	-1.206736	157.733406	0.012850	7.7
908	-0.946941	157.639591	0.010651	7.7
909	-1.169714	157.545925	0.008363	7.9
910	-0.017686	157.452408	0.001404	7.8
911	-1.213912	157.359038	0.008392	7.7
912	-0.710994	157.265816	0.008102	7.7
913	-0.411540	157.172741	0.008959	7.8
914	-0.053628	157.079813	0.001804	7.7
915	-0.927308	156.987031	0.008100	7.7
916	-1.239164	156.894395	0.007770	7.8
917	-0.232455	156.801904	0.006160	7.7
918	-0.716754	156.709559	0.007439	7.7
919	-0.203395	156.617359	0.004259	7.7
920	-1.137793	156.525304	0.005708	8.1
921	-1.214227	156.433392	0.007785	7.8
922	-0.948443	156.341624	0.008300	7.7
923	-0.837189	156.250000	0.009329	7.9
924	-1.058672	156.158519	0.007130	7.6
925	-1.313449	156.067180	0.009202	8.3
926	-1.244662	155.975984	0.008224	7.6
927	-1.300531	155.884930	0.007616	7.7
928	-0.628747	155.794017	0.005238	7.8
929	-0.852748	155.703246	0.006832	7.8
930	-1.175820	155.612615	0.005786	7.8
931	-0.571561	155.522125	0.004793	7.8
932	-0.862594	155.431775	0.006149	7.7
933	-1.055791	155.341565	0.008669	7.8
934	-1.286691	155.251495	0.006436	7.7
935	-0.276462	155.161563	0.003101	7.6
936	-1.270555	155.071771	0.008518	9.5
937	-0.160230	154.982117	0.005456	7.7
938	-1.024852	154.892601	0.008775	8.0
939	-1.026636	154.803222	0.008668	7.6
940	-1.188435	154.713981	0.008467	8.7
941	-0.844773	154.624878	0.007727	7.8
942	-0.881634	154.535910	0.010340	7.8
943	-1.201870	154.447080	0.006857	7.7
944	-1.128242	154.358385	0.009007	8.2
945	-0.125177	154.269826	0.003095	7.6
946	-1.239889	154.181402	0.006293	7.7
947	-0.621999	154.093114	0.006398	8.1
948	-0.668883	154.004960	0.004472	8.0
949	-0.769221	153.916940	0.006470	7.8
950	-0.387835	153.829054	0.005233	7.6
951	-0.881619	153.741303	0.007062	7.6
952	-1.011386	153.653684	0.006941	7.6
953	-1.040816	153.566198	0.008696	8.2
954	-0.991036	153.478846	0.008069	7.8
955	-0.851864	153.391625	0.008086	7.8
956	-0.769557	153.304537	0.006354	8.4
957	-1.324061	153.217580	0.012115	7.6
958	-0.653064	153.130755	0.006843	7.7
959	-0.585243	153.044061	0.004966	7.8
960	-1.001642	152.957498	0.006134	7.6
961	-0.214798	152.871065	0.003168	8.0
962	-0.327756	152.784762	0.003625	7.8
963	-1.209477	152.698589	0.006688	7.7
964	-1.255513	152.612545	0.007435	7.8
965	-0.746760	152.526631	0.006911	7.7
966	-0.688939	152.440845	0.006664	7.6
967	-1.113001	152.355188	0.007459	7.7
968	-1.054746	152.269660	0.010131	8.2
969	-1.230411	152.184259	0.008863	7.6
970	-0.384881	152.098986	0.003685	7.7
971	-1.245360	152.013840	0.008561	7.7
972	-0.802406	151.928821	0.006869	7.7
973	-0.800562	151.843928	0.007356	8.5
974	-0.857157	151.759163	0.008112	7.6
975	-0.169835	151.674523	0.002921	7.8
976	-0.819951	151.590009	0.005548	7.6
977	-1.272895	151.505620	0.007706	7.6
978	-0.813462	151.421357	0.005408	7.8
979	-1.389502	151.337218	0.008782	7.8
980	-0.613337	151.253204	0.004896	7.8
981	-1.010145	151.169314	0.008126	7.8
982	-0.542786	151.085549	0.006245	7.6
983	-0.656615	151.001907	0.005530	7.6
984	-0.841960	150.918388	0.007072	7.6
985	-0.814695	150.834992	0.006937	7.7
986	-0.705383	150.751719	0.005048	7.7
987	-1.248173	150.668569	0.011824	7.7
988	-0.753789	150.585541	0.006453	8.3
989	-0.718378	150.502634	0.006759	7.7
990	-0.191204	150.419849	0.001811	7.7
991	-0.771311	150.337186	0.006321	7.8
992	-0.787334	150.254644	0.006170	7.7
993	-1.009539	150.172222	0.007227	7.9
994	-0.223260	150.089921	0.005202	7.7
995	-0.403231	150.007740	0.005745	7.7
996	-1.164172	149.925679	0.006994	7.6
997	-1.351491	149.843737	0.008651	7.9
998	-1.165259	149.761915	0.006937	7.9
999	-0.757226	149.680212	0.006840	7.9
1000	-0.567950	149.598627	0.007193	7.7
1001	-0.894702	149.517161	0.007455	7.7
1002	-0.304020	149.435814	0.003212	7.7
1003	-0.958614	149.354584	0.009136	7.7
1004	-1.018386	149.273472	0.007071	7.8
1005	-0.835600	149.192477	0.005813	7.6
1006	-0.459522	149.111599	0.008618	7.9
1007	-0.205628	149.030838	0.003627	7.9
1008	-0.099147	148.950194	0.003440	8.4
1009	-0.343677	148.869666	0.003575	7.6
1010	-0.786643	148.789253	0.009071	7.8
1011	-1.107662	148.708957	0.008968	7.9
1012	-0.502641	148.628776	0.007272	7.0
1013	-1.219364	148.548710	0.008486	7.7
1014	-1.375147	148.468759	0.008463	7.7
1015	-0.685452	148.388923	0.005939	7.6
1016	-0.855610	148.309201	0.007650	7.8
1017	-1.061702	148.229594	0.006978	7.8
1018	-0.804912	148.150100	0.008870	7.8
1019	-1.180310	148.070719	0.007641	7.9
1020	-1.274609	147.991452	0.008143	8.2
1021	-0.527543	147.912298	0.007707	7.7
1022	-0.528343	147.833257	0.005447	8.0
1023	-1.029103	147.754329	0.007176	7.8
1024	-0.067572	147.675512	0.001787	7.8
1025	-0.942778	147.596808	0.007436	7.9
1026	-0.000391	147.518216	0.000289	7.1
1027	-0.633126	147.439735	0.006901	7.6
1028	-1.226650	147.361365	0.010138	7.7
1029	-0.067802	147.283106	0.002314	8.0
1030	-0.000000	147.204958	0.000000	8.0
1031	-1.088961	147.126920	0.007132	7.8
1032	-1.117459	147.048993	0.008407	7.8
1033	-0.691619	146.971175	0.007739	7.6
1034	-1.234354	146.893468	0.006282	7.6
1035	-1.060535	146.815869	0.006974	7.8
1036	-1.159488	146.738380	0.008920	8.0
1037	-0.717186	146.661000	0.006220	7.4
1038	-1.200895	146.583729	0.006245	7.7
1039	-0.673898	146.506566	0.005648	7.7
1040	-0.531695	146.429511	0.004701	8.4
1041	-1.150518	146.352565	0.007232	7.9
1042	-1.168000	146.275726	0.010898	8.9
1043	-1.076000	146.198994	0.010030	7.7
1044	-0.973430	146.122370	0.007652	7.6
1045	-1.098602	146.045853	0.008692	8.5
1046	-0.645447	145.969442	0.006388	7.9
1047	-1.000051	145.893139	0.009404	8.3
1048	-1.164658	145.816941	0.008802	7.8
1049	-0.500014	145.740849	0.005675	7.8
1050	-1.080183	145.664863	0.005524	7.6
1051	-0.784020	145.588983	0.006329	8.4
1052	-1.277871	145.513208	0.006961	7.9
1053	-0.919600	145.437538	0.007826	8.8
1054	-0.249033	145.361973	0.001745	7.7
1055	-1.272573	145.286513	0.008281	7.7
1056	-0.889520	145.211157	0.004754	8.2
1057	-0.809648	145.135905	0.007458	7.7
1058	-0.536257	145.060757	0.003179	7.5
1059	-0.750995	144.985712	0.004907	7.6
1060	-0.911468	144.910771	0.006533	7.7
1061	-0.673235	144.835934	0.006678	9.2
1062	-0.264480	144.761199	0.002690	7.8
1063	-0.666702	144.686567	0.006274	7.8
1064	-1.171573	144.612037	0.011657	7.7
1065	-0.000000	144.537610	0.000000	8.0
1066	-0.994012	144.463285	0.007098	7.8
1067	-1.068274	144.389062	0.005589	8.5
1068	-1.121936	144.314940	0.008225	7.7
1069	-0.787216	144.240920	0.007146	7.7
1070	-1.232224	144.167001	0.007557	7.7
1071	-1.069612	144.093182	0.005816	8.0
1072	-1.147603	144.019465	0.007591	7.8
1073	-1.130542	143.945848	0.007737	7.7
1074	-0.361892	143.872331	0.004654	7.8
1075	-1.191991	143.798914	0.007189	7.7
1076	-1.003897	143.725597	0.009403	8.2
1077	-0.747771	143.652380	0.005833	7.8
1078	-1.090428	143.579262	0.007050	7.9
1079	-0.820641	143.506243	0.005787	10.5
1080	-1.127487	143.433323	0.008672	7.7
1081	-0.592743	143.360502	0.005719	7.7
1082	-1.100020	143.287780	0.005752	7.8
1083	-1.020183	143.215155	0.007879	7.7
1084	-0.761833	143.142629	0.006831	7.9
1085	-0.539847	143.070201	0.005433	7.7
1086	-1.042691	142.997870	0.011090	7.8
1087	-1.025299	142.925637	0.008924	7.8
1088	-1.166102	142.853501	0.007724	7.7
1089	-0.779534	142.781462	0.008423	7.8
1090	-1.205802	142.709519	0.007195	7.7
1091	-1.040056	142.637674	0.006694	7.8
1092	-0.817801	142.565924	0.006425	7.6
1093	-0.457046	142.494271	0.003144	7.7
1094	-1.184393	142.422714	0.007188	8.9
1095	-0.971287	142.351252	0.007732	7.7
1096	-0.543173	142.279886	0.008482	7.8
1097	-1.206226	142.208616	0.008337	7.7
1098	-1.144115	142.137440	0.006033	7.8
1099	-0.771120	142.066360	0.008688	7.7
1100	-1.223499	141.995374	0.007935	7.7
1101	-0.931514	141.924483	0.007659	7.6
1102	-1.273717	141.853685	0.006242	7.7
1103	-0.440037	141.782983	0.004661	7.8
1104	-1.132578	141.712373	0.007983	7.6
1105	-1.120378	141.641858	0.008029	8.1
1106	-0.551977	141.571436	0.007160	7.7
1107	-0.879669	141.501108	0.006984	7.7
1108	-0.272572	141.430872	0.002355	7.7
1109	-0.760367	141.360730	0.007026	7.7
1110	-0.547167	141.290680	0.005754	7.7
1111	-1.210990	141.220722	0.007055	8.3
1112	-1.027593	141.150857	0.008870	7.7
1113	-0.733422	141.081084	0.005675	7.7
1114	-1.064690	141.011403	0.007605	7.7
1115	-0.757100	140.941813	0.007881	7.6
1116	-0.725714	140.872315	0.008036	7.8
1117	-1.314909	140.802909	0.009615	7.7
1118	-1.075681	140.733593	0.009079	7.7
1119	-0.490063	140.664369	0.005779	7.7
1120	-0.690327	140.595235	0.005066	7.6
1121	-0.293895	140.526192	0.004060	7.8
1122	-1.179049	140.457239	0.009244	7.7
1123	-0.193156	140.388376	0.004565	7.9
1124	-0.881512	140.319603	0.008183	7.7
1125	-0.276611	140.250920	0.006510	7.8
1126	-1.168926	140.182326	0.008089	7.7
1127	-1.202590	140.113822	0.007666	7.7
1128	-0.433585	140.045407	0.005273	7.7
1129	-0.630382	139.977081	0.006216	7.6
1130	-0.402339	139.908844	0.003670	7.7
1131	-0.678423	139.840696	0.006522	7.8
1132	-1.191942	139.772635	0.007372	7.6
1133	-0.474881	139.704664	0.004910	6.9
1134	-0.955327	139.636780	0.007720	7.6
1135	-0.933666	139.568984	0.008660	7.7
1136	-0.870423	139.501276	0.006554	7.8
1137	-0.861450	139.433655	0.008164	7.8
1138	-1.262926	139.366122	0.010877	7.7
1139	-0.730443	139.298676	0.006298	7.7
1140	-0.724845	139.231317	0.007871	7.6
1141	-1.275501	139.164045	0.009366	7.6
1142	-1.059480	139.096859	0.007587	7.7
1143	-1.204653	139.029760	0.006134	7.8
1144	-1.068163	138.962747	0.005174	7.7
1145	-0.691129	138.895820	0.008122	7.9
1146	-1.093584	138.828978	0.007804	7.7
1147	-1.092753	138.762223	0.006074	7.6
1148	-0.918387	138.695553	0.006102	7.8
1149	-0.352747	138.628969	0.005464	7.9
1150	-1.215077	138.562469	0.009202	7.8
1151	-0.503979	138.496055	0.005612	7.7
1152	-0.895837	138.429725	0.009436	7.6
1153	-0.825457	138.363481	0.006275	7.7
1154	-0.088201	138.297320	0.001605	7.9
1155	-0.661094	138.231244	0.004448	7.6
1156	-0.664327	138.165252	0.004216	7.8
1157	-0.843686	138.099344	0.007588	8.4
1158	-0.721002	138.033520	0.007653	7.7
1159	-1.177304	137.967779	0.006084	7.7
1160	-0.790281	137.902122	0.005385	7.7
1161	-1.104240	137.836548	0.008037	13.5
1162	-0.278571	137.771057	0.005349	14.3
1163	-0.845696	137.705649	0.008488	13.6
1164	-1.237484	137.640324	0.006532	15.1
1165	-0.909088	137.575081	0.009741	13.1
1166	-1.017326	137.509921	0.006835	13.4
1167	-1.247324	137.444842	0.007893	7.9
1168	-1.183083	137.379846	0.009753	9.8
1169	-1.138730	137.314932	0.007852	8.9
1170	-1.151465	137.250100	0.007241	8.9
1171	-0.793716	137.185349	0.006349	8.8
1172	-1.064835	137.120680	0.007141	9.0
1173	-1.185246	137.056092	0.007971	9.7
1174	-0.611827	136.991585	0.005474	8.9
1175	-0.219528	136.927158	0.003418	9.2
1176	-1.137761	136.862813	0.006756	8.3
1177	-0.563245	136.798548	0.006380	7.8
1178	-1.260368	136.734363	0.009071	11.1
1179	-0.705525	136.670259	0.005469	8.9
1180	-1.251799	136.606235	0.007745	10.5
1181	-0.731061	136.542291	0.007202	15.3
1182	-0.848721	136.478426	0.005173	14.0
1183	-1.183406	136.414641	0.008796	11.4
1184	-1.091326	136.350936	0.011147	14.0
1185	-1.009900	136.287310	0.008311	12.1
1186	-1.200027	136.223763	0.007641	11.0
1187	-0.941972	136.160295	0.005803	10.7
1188	-1.205927	136.096905	0.009476	8.7
1189	-0.985020	136.033594	0.006680	9.0
1190	-0.882381	135.970362	0.007324	9.0
1191	-1.116764	135.907208	0.006662	8.9
1192	-0.649280	135.844133	0.005349	9.2
1193	-1.265388	135.781135	0.007368	9.3
1194	-0.440458	135.718215	0.004239	9.4
1195	-1.031203	135.655373	0.006948	8.8
1196	-1.193892	135.592608	0.008084	8.5
1197	-1.079566	135.529921	0.006668	8.5
1198	-1.061182	135.467311	0.008269	10.1
1199	-1.087562	135.404778	0.008432	10.6
1200	-0.211048	135.342322	0.004231	9.7
1201	-0.746987	135.279942	0.006525	8.5
1202	-0.196700	135.217640	0.004566	8.1
1203	-0.901359	135.155413	0.008752	7.8
1204	-0.757183	135.093263	0.005935	8.0
1205	-0.530687	135.031190	0.004794	7.9
1206	-1.249704	134.969192	0.008564	7.7
1207	-0.386134	134.907270	0.003865	8.5
1208	-1.022341	134.845424	0.008330	7.9
1209	-0.561762	134.783653	0.004369	8.4
1210	-0.023169	134.721958	0.001114	7.9
1211	-0.109406	134.660338	0.002958	8.0
1212	-1.242361	134.598793	0.006564	7.7
1213	-0.927393	134.537323	0.009116	7.8
1214	-1.280336	134.475927	0.010615	8.9
1215	-1.026106	134.414607	0.008998	7.8
1216	-1.340425	134.353361	0.008032	8.5
1217	-0.854148	134.292189	0.005452	7.8
1218	-1.157904	134.231092	0.007592	7.8
1219	-0.852151	134.170068	0.006892	7.9
1220	-0.274703	134.109119	0.006208	7.7
1221	-1.257809	134.048243	0.007086	7.6
1222	-0.324087	133.987441	0.004640	7.8
1223	-0.821596	133.926713	0.007001	7.8
1224	-1.280017	133.866057	0.009357	8.0
1225	-0.931471	133.805475	0.004777	7.9
1226	-0.320296	133.744966	0.003357	8.6
1227	-1.325322	133.684530	0.007816	8.4
1228	-0.211682	133.624167	0.004927	7.8
1229	-0.794213	133.563877	0.007276	7.8
1230	-1.095574	133.503658	0.009123	7.9
1231	-0.923620	133.443513	0.008786	7.7
1232	-0.675946	133.383439	0.005763	7.7
1233	-1.197893	133.323437	0.007164	11.7
1234	-0.807926	133.263508	0.007308	14.8
1235	-0.451513	133.203650	0.003829	15.9
1236	-1.067042	133.143864	0.007086	18.6
1237	-0.784174	133.084149	0.007851	10.5
1238	-0.192339	133.024506	0.002683	7.8
1239	-0.536021	132.964934	0.005419	7.7
1240	-1.025591	132.905433	0.007381	7.8
1241	-0.706729	132.846003	0.006195	7.7
1242	-0.213887	132.786643	0.002561	7.7
1243	-0.437952	132.727355	0.005923	7.8
1244	-0.935587	132.668137	0.008600	7.7
1245	-0.320359	132.608989	0.004270	7.8
1246	-0.718714	132.549912	0.006157	7.9
1247	-1.101078	132.490904	0.008327	7.7
1248	-0.645674	132.431967	0.005194	7.6
1249	-0.448477	132.373100	0.008316	7.8
1250	-0.874727	132.314302	0.007995	7.7
1251	-0.722180	132.255574	0.007020	7.8
1252	-0.962180	132.196916	0.008246	7.8
1253	-0.681867	132.138326	0.006594	8.0
1254	-0.997314	132.079806	0.007591	10.3
1255	-0.255620	132.021355	0.004196	7.8
1256	-1.273609	131.962973	0.009796	8.3
1257	-0.574766	131.904660	0.004850	8.2
1258	-0.127552	131.846415	0.001748	8.2
1259	-1.080723	131.788239	0.006320	7.9
1260	-0.897843	131.730131	0.009351	8.3
1261	-1.136361	131.672092	0.009932	8.3
1262	-0.658446	131.614121	0.005478	8.2
1263	-0.474276	131.556217	0.005142	8.2
1264	-1.074024	131.498382	0.008599	8.1
1265	-0.822483	131.440614	0.006947	8.4
1266	-0.488850	131.382914	0.005688	8.0
1267	-0.612943	131.325282	0.005047	8.3
1268	-0.854832	131.267717	0.006404	10.4
1269	-0.905602	131.210219	0.007337	9.4
1270	-0.443588	131.152788	0.006290	10.0
1271	-0.364071	131.095424	0.003264	10.1
1272	-0.939663	131.038127	0.006704	9.5
1273	-0.853626	130.980897	0.008646	10.3
1274	-1.165772	130.923733	0.010014	8.7
1275	-1.131124	130.866636	0.009134	9.6
1276	-0.894698	130.809605	0.005918	8.1
1277	-1.234969	130.752641	0.006627	9.4
1278	-1.307947	130.695742	0.008034	8.6
1279	-1.262809	130.638910	0.009446	10.2
1280	-1.245234	130.582143	0.008367	9.7
1281	-1.181091	130.525442	0.009316	8.9
1282	-1.050020	130.468807	0.006337	9.3
1283	-1.076183	130.412237	0.007359	9.3
1284	-0.986581	130.355733	0.006932	10.5
1285	-0.299443	130.299294	0.005338	9.4
1286	-0.689868	130.242920	0.006217	9.3
1287	-0.671460	130.186611	0.006183	9.6
1288	-0.836796	130.130366	0.006277	9.2
1289	-0.312914	130.074187	0.003178	10.5
1290	-1.332963	130.018072	0.008322	8.8
1291	-0.591228	129.962022	0.003717	10.1
1292	-0.905217	129.906036	0.009549	10.0
1293	-0.259744	129.850114	0.006677	8.9
1294	-0.346355	129.794257	0.003898	9.4
1295	-1.255729	129.738463	0.006522	9.2
1296	-0.275747	129.682734	0.002918	9.8
1297	-0.768222	129.627068	0.006753	9.6
1298	-1.109301	129.571466	0.008216	8.9
1299	-0.210744	129.515927	0.003408	8.9
1300	-1.204820	129.460452	0.007697	9.2
1301	-0.537501	129.405040	0.004079	9.1
1302	-0.330709	129.349692	0.004145	9.2
1303	-0.772276	129.294406	0.006634	10.4
1304	-0.967673	129.239183	0.005061	9.4
1305	-0.775675	129.184024	0.005665	9.2
1306	-1.205098	129.128927	0.008378	8.9
1307	-0.425789	129.073892	0.006185	8.7
1308	-1.227723	129.018921	0.007920	9.3
1309	-0.046509	128.964011	0.001828	9.4
1310	-0.140260	128.909164	0.003199	9.7
1311	-0.851125	128.854379	0.005907	8.9
1312	-0.236421	128.799656	0.004640	9.5
1313	-0.904281	128.744995	0.007050	9.6
1314	-0.714396	128.690396	0.004871	10.0
1315	-0.181373	128.635858	0.004306	9.0
1316	-1.350305	128.581382	0.009259	9.9
1317	-1.140351	128.526968	0.009059	9.0
1318	-0.714631	128.472615	0.005434	9.1
1319	-1.028007	128.418323	0.007603	8.6
1320	-0.964019	128.364092	0.008195	7.9
1321	-1.336229	128.309922	0.009750	8.4
1322	-0.518597	128.255814	0.009284	9.2
1323	-0.446298	128.201766	0.003944	8.9
1324	-1.097386	128.147778	0.009340	8.7
1325	-0.836979	128.093852	0.006729	8.6
1326	-0.193622	128.039985	0.003808	8.7
1327	-0.817559	127.986180	0.005169	8.0
1328	-1.231201	127.932434	0.007826	9.0
1329	-0.384312	127.878749	0.005033	8.4
1330	-0.449874	127.825123	0.003626	8.8
1331	-0.349743	127.771558	0.006829	8.5
1332	-1.058539	127.718052	0.007187	9.1
1333	-1.197954	127.664606	0.008203	8.3
1334	-0.979944	127.611220	0.006881	9.3
1335	-1.272596	127.557893	0.008562	8.5
1336	-1.138346	127.504625	0.008075	8.8
1337	-1.019580	127.451417	0.006163	8.3
1338	-0.866840	127.398268	0.007072	8.9
1339	-0.889682	127.345178	0.007294	8.9
1340	-0.490489	127.292147	0.004752	7.5
1341	-0.589566	127.239175	0.007375	8.8
1342	-0.782297	127.186261	0.007073	8.5
1343	-1.136834	127.133407	0.006437	8.5
1344	-1.089564	127.080610	0.011192	8.1
1345	-1.070560	127.027872	0.008809	8.9
1346	-1.072067	126.975193	0.008299	8.1
1347	-1.084757	126.922572	0.006805	8.5
1348	-1.065421	126.870008	0.008691	8.2
1349	-1.202031	126.817503	0.011618	9.6
1350	-0.811646	126.765056	0.005412	8.2
1351	-0.540117	126.712667	0.004111	8.9
1352	-0.513864	126.660335	0.005067	8.7
1353	-0.512329	126.608061	0.004459	8.9
1354	-0.874557	126.555844	0.005667	8.2
1355	-1.131860	126.503685	0.006818	9.1
1356	-0.877283	126.451583	0.008287	9.3
1357	-1.230888	126.399538	0.007095	17.8
1358	-0.658889	126.347550	0.004921	15.6
1359	-1.250708	126.295619	0.008601	10.1
1360	-0.590847	126.243745	0.004330	9.1
1361	-1.269648	126.191928	0.008090	9.9
1362	-0.845183	126.140168	0.010988	8.9
1363	-0.819307	126.088464	0.007140	8.1
1364	-0.937514	126.036817	0.007468	8.8
1365	-0.908160	125.985226	0.005861	8.0
1366	-0.857092	125.933691	0.008894	8.7
1367	-0.389672	125.882212	0.005730	8.4
1368	-1.240043	125.830790	0.007777	8.8
1369	-0.710935	125.779423	0.004659	8.2
1370	-0.968165	125.728113	0.008543	9.6
1371	-0.519567	125.676858	0.005925	8.8
1372	-0.816780	125.625659	0.007073	8.2
1373	-0.556173	125.574515	0.005468	8.4
1374	-1.284597	125.523427	0.011634	8.1
1375	-1.218627	125.472394	0.009982	8.9
1376	-0.407251	125.421417	0.007691	7.6
1377	-0.863943	125.370495	0.006261	8.7
1378	-0.404439	125.319628	0.002941	9.0
1379	-0.869544	125.268815	0.006927	9.1
1380	-0.382125	125.218058	0.004593	9.6
1381	-1.085135	125.167356	0.006377	9.0
1382	-1.305372	125.116708	0.006276	9.2
1383	-1.140974	125.066115	0.008292	9.1
1384	-0.981067	125.015576	0.006197	8.2
1385	-1.053010	124.965092	0.008433	8.0
1386	-0.943226	124.914662	0.006824	8.2
1387	-0.798595	124.864287	0.007176	8.5
1388	-1.216709	124.813965	0.007632	9.8
1389	-0.769235	124.763698	0.008021	8.4
1390	-1.131649	124.713485	0.007061	9.2
1391	-0.996867	124.663325	0.009299	8.7
1392	-1.296045	124.613219	0.007322	7.9
1393	-0.801695	124.563167	0.006087	8.1
1394	-1.259020	124.513168	0.008507	7.7
1395	-0.623250	124.463223	0.005339	7.8
1396	-1.257807	124.413332	0.006992	7.7
1397	-0.484605	124.363493	0.005132	7.7
1398	-0.412503	124.313708	0.004085	7.7
1399	-1.194058	124.263976	0.009704	8.2
1400	-0.785150	124.214297	0.008070	8.3
1401	-0.817634	124.164671	0.008467	8.2
1402	-0.366831	124.115097	0.004432	8.8
1403	-0.835411	124.065577	0.007244	8.9
1404	-1.092231	124.016109	0.005360	8.4
1405	-0.169419	123.966693	0.003496	8.6
1406	-1.051892	123.917330	0.006785	8.1
1407	-1.024986	123.868020	0.007940	8.5
1408	-0.662788	123.818762	0.004740	10.2
1409	-0.369259	123.769556	0.004215	9.1
1410	-0.205603	123.720402	0.002257	8.9
1411	-0.336423	123.671300	0.004386	10.0
1412	-1.096743	123.622250	0.006701	8.7
1413	-0.759828	123.573252	0.006342	8.7
1414	-1.132253	123.524305	0.009186	8.5
1415	-0.912426	123.475411	0.006083	8.7
1416	-1.268117	123.426568	0.007515	9.9
1417	-0.739079	123.377776	0.008636	8.6
1418	-0.488023	123.329036	0.005703	8.6
1419	-0.000146	123.280347	0.000123	8.6
1420	-1.202128	123.231709	0.007571	8.9
1421	-0.913290	123.183122	0.006441	8.6
1422	-1.286865	123.134587	0.008618	9.0
1423	-1.298695	123.086102	0.009396	8.9
1424	-0.960245	123.037669	0.006573	8.7
1425	-0.989182	122.989286	0.007914	9.0
1426	-0.793958	122.940954	0.008190	8.7
1427	-0.297884	122.892672	0.005730	8.8
1428	-0.686845	122.844441	0.005764	8.7
1429	-1.180298	122.796261	0.005014	8.7
1430	-0.343873	122.748130	0.004719	9.1
1431	-0.958571	122.700050	0.008260	8.8
1432	-0.620321	122.652021	0.004283	9.0
1433	-1.116317	122.604041	0.009801	8.6
1434	-1.255717	122.556111	0.007830	8.6
1435	-1.294138	122.508232	0.006274	8.8
1436	-0.236335	122.460402	0.006065	8.6
1437	-0.721285	122.412622	0.006457	10.1
1438	-1.265992	122.364891	0.010655	8.7
1439	-0.839189	122.317210	0.007665	9.1
1440	-0.828274	122.269579	0.007829	8.7
1441	-1.240466	122.221997	0.005771	8.6
1442	-0.770140	122.174465	0.007495	10.0
1443	-1.071196	122.126981	0.007464	8.9
1444	-0.539229	122.079547	0.007306	8.7
1445	-1.128850	122.032162	0.006854	8.8
1446	-0.374498	121.984826	0.006788	9.0
1447	-0.795400	121.937539	0.007435	9.1
1448	-0.933915	121.890301	0.007241	8.6
1449	-1.147891	121.843112	0.010156	9.0
1450	-1.190830	121.795971	0.007514	8.9
1451	-0.612407	121.748879	0.006465	8.9
1452	-0.054772	121.701835	0.001559	8.4
1453	-0.906935	121.654840	0.006190	8.6
1454	-1.184940	121.607893	0.008005	8.6
1455	-0.510931	121.560994	0.003344	8.8
1456	-1.020415	121.514144	0.008106	8.1
1457	-1.315150	121.467342	0.008139	8.2
1458	-0.992895	121.420588	0.005338	7.8
1459	-1.047790	121.373882	0.006662	7.9
1460	-1.066263	121.327223	0.007230	7.9
1461	-0.790412	121.280613	0.006866	7.8
1462	-0.576285	121.234050	0.005460	7.7
1463	-1.196193	121.187535	0.008871	7.7
1464	-0.466469	121.141067	0.004311	7.0
1465	-0.719215	121.094647	0.004827	7.7
1466	-0.548376	121.048274	0.006324	8.1
1467	-0.687578	121.001949	0.006076	7.4
1468	-1.320269	120.955671	0.008145	7.7
1469	-0.992836	120.909440	0.008147	7.8
1470	-1.156617	120.863256	0.006246	7.6
1471	-0.951759	120.817119	0.007300	7.6
1472	-0.788904	120.771029	0.007450	7.7
1473	-0.671059	120.724986	0.007179	7.7
1474	-0.720414	120.678990	0.005737	7.8
1475	-1.134957	120.633040	0.007231	7.8
1476	-0.952029	120.587137	0.006765	7.8
1477	-1.015104	120.541281	0.008831	7.7
1478	-0.997835	120.495471	0.007093	8.3
1479	-0.994701	120.449707	0.008282	7.7
1480	-1.200998	120.403990	0.008635	7.7
1481	-0.828120	120.358319	0.006071	7.7
1482	-1.226579	120.312694	0.006333	7.7
1483	-0.990439	120.267115	0.008782	7.9
1484	-0.535309	120.221582	0.003591	7.7
1485	-0.922120	120.176096	0.008330	7.7
1486	-0.058262	120.130655	0.004076	7.5
1487	-0.138285	120.085260	0.003810	7.8
1488	-0.461649	120.039910	0.004678	7.8
1489	-1.169440	119.994606	0.009635	7.7
1490	-0.059653	119.949348	0.002167	7.7
1491	-1.133445	119.904135	0.006957	7.6
1492	-1.128413	119.858968	0.009684	8.0
1493	-0.867038	119.813846	0.008225	7.8
1494	-0.922516	119.768769	0.007964	7.7
1495	-1.242871	119.723738	0.007636	7.8
1496	-1.276387	119.678752	0.007580	7.8
1497	-1.206116	119.633810	0.006038	7.7
1498	-0.569785	119.588914	0.006687	7.7
1499	-1.030701	119.544062	0.007837	7.9
1500	-0.251466	119.499256	0.005174	7.8
1501	-1.029861	119.454494	0.008528	7.2
1502	-0.367530	119.409777	0.004185	7.8
1503	-1.110250	119.365104	0.006836	8.3
1504	-0.612089	119.320476	0.005678	8.1
1505	-1.360479	119.275893	0.007318	7.8
1506	-1.242837	119.231353	0.008154	8.5
1507	-0.522672	119.186859	0.005898	7.7
1508	-1.061332	119.142408	0.008043	7.8
1509	-0.771681	119.098002	0.008131	7.6
1510	-0.356242	119.053639	0.005017	7.6
1511	-0.807806	119.009321	0.006684	7.8
1512	-0.917962	118.965047	0.008565	7.7
1513	-0.763793	118.920816	0.004833	7.8
1514	-0.752624	118.876630	0.006774	7.8
1515	-0.167882	118.832487	0.006130	7.7
1516	-0.962841	118.788388	0.005224	7.7
1517	-0.809124	118.744332	0.006363	7.8
1518	-0.097667	118.700320	0.002532	7.7
1519	-1.166206	118.656352	0.010085	7.7
1520	-1.192872	118.612427	0.010441	7.8
1521	-0.822298	118.568545	0.006771	7.6
1522	-0.788086	118.524706	0.004977	9.3
1523	-0.899318	118.480911	0.005811	7.8
1524	-0.934101	118.437159	0.005529	7.8
1525	-1.096222	118.393450	0.009032	7.8
1526	-1.003810	118.349784	0.010808	7.7
1527	-1.173742	118.306160	0.006349	7.6
1528	-0.918729	118.262580	0.006848	8.3
1529	-0.932443	118.219042	0.006285	7.7
1530	-1.097326	118.175548	0.008483	7.6
1531	-0.713957	118.132095	0.004323	7.8
1532	-0.810220	118.088686	0.006400	10.4
1533	-1.015255	118.045319	0.005889	7.6
1534	-1.204452	118.001994	0.007197	9.6
1535	-0.883999	117.958712	0.006939	7.8
1536	-0.988502	117.915472	0.007322	8.9
1537	-0.883367	117.872274	0.007209	7.8
1538	-0.638070	117.829118	0.005489	8.1
1539	-0.744751	117.786005	0.006312	7.7
1540	-0.576522	117.742933	0.005769	7.9
1541	-0.848348	117.699904	0.005474	7.7
1542	-0.247614	117.656916	0.004219	7.7
1543	-0.824729	117.613971	0.007617	7.8
1544	-1.232952	117.571067	0.006970	8.0
1545	-1.117213	117.528205	0.008229	7.7
1546	-0.504303	117.485384	0.004167	7.6
1547	-1.259738	117.442605	0.006855	7.7
1548	-1.164148	117.399867	0.006501	8.0
1549	-0.952356	117.357171	0.006362	7.7
1550	-0.751970	117.314517	0.005504	7.7
1551	-0.319305	117.271903	0.003110	7.7
1552	-1.027910	117.229331	0.007847	7.8
1553	-0.734853	117.186800	0.006644	8.0
1554	-0.860731	117.144311	0.009716	7.7
1555	-0.805318	117.101862	0.006998	7.7
1556	-0.902625	117.059454	0.007746	7.7
1557	-0.852813	117.017087	0.007274	7.7
1558	-1.216465	116.974762	0.008134	7.7
1559	-0.564436	116.932476	0.003619	7.6
1560	-0.633691	116.890232	0.004499	7.6
1561	-1.194215	116.848028	0.008290	7.8
1562	-0.482686	116.805865	0.006520	7.8
1563	-0.890721	116.763743	0.006663	7.8
1564	-1.044774	116.721661	0.007519	7.7
1565	-1.052264	116.679619	0.007765	7.8
1566	-0.838049	116.637618	0.005713	8.5
1567	-1.130740	116.595657	0.006914	7.7
1568	-1.201563	116.553736	0.007921	7.7
1569	-1.235033	116.511855	0.009385	7.7
1570	-1.212078	116.470015	0.009677	7.7
1571	-0.526243	116.428214	0.005090	7.7
1572	-0.749492	116.386454	0.006245	7.6
1573	-1.247605	116.344733	0.006876	7.7
1574	-1.332918	116.303052	0.010619	7.7
1575	-0.122778	116.261412	0.002838	7.7
1576	-1.237366	116.219810	0.008052	7.8
1577	-1.013048	116.178249	0.008071	7.7
1578	-0.352627	116.136727	0.004368	7.8
1579	-0.708165	116.095245	0.006717	8.0
1580	-1.262445	116.053802	0.011428	7.8
1581	-0.510109	116.012398	0.004854	8.1
1582	-1.201994	115.971034	0.006163	7.9
1583	-1.224999	115.929710	0.007837	7.6
1584	-1.038123	115.888424	0.007215	7.6
1585	-0.444519	115.847178	0.006673	7.7
1586	-0.830559	115.805970	0.006057	7.7
1587	-0.506343	115.764802	0.006876	7.9
1588	-1.069189	115.723673	0.007049	7.7
1589	-0.875599	115.682583	0.007280	7.6
1590	-0.717716	115.641532	0.007131	7.6
1591	-1.077721	115.600519	0.007125	8.4
1592	-0.884486	115.559546	0.005692	7.7
1593	-1.231703	115.518610	0.008239	7.9
1594	-1.181983	115.477714	0.007309	7.9
1595	-1.026626	115.436856	0.008133	7.7
1596	-0.917886	115.396037	0.010070	10.0
1597	-0.548837	115.355256	0.004670	7.9
1598	-0.337305	115.314514	0.005946	7.3
1599	-1.135132	115.273810	0.007743	8.4
1600	-1.123998	115.233144	0.007190	7.7
1601	-0.932663	115.192517	0.006187	7.7
1602	-1.231953	115.151927	0.007135	7.6
1603	-0.154192	115.111376	0.005263	7.3
1604	-0.462018	115.070863	0.003076	7.2
1605	-0.113955	115.030388	0.002757	7.9
1606	-0.992034	114.989951	0.007308	7.7
1607	-1.257634	114.949551	0.007515	7.7
1608	-0.941057	114.909190	0.005648	7.7
1609	-0.715042	114.868866	0.006182	7.3
1610	-0.612912	114.828580	0.005955	7.7
1611	-1.018094	114.788332	0.008507	7.8
1612	-1.189416	114.748121	0.009045	7.7
1613	-0.048106	114.707948	0.001915	7.8
1614	-1.243410	114.667812	0.007093	7.8
1615	-1.260455	114.627714	0.007916	7.6
1616	-0.709945	114.587653	0.006885	7.7
1617	-0.840544	114.547629	0.007917	7.9
1618	-1.136431	114.507643	0.007963	7.9
1619	-1.033042	114.467693	0.007022	7.7
1620	-1.026028	114.427781	0.007224	7.7
1621	-0.680244	114.387907	0.005854	7.7
1622	-1.116834	114.348069	0.007713	7.6
1623	-0.641060	114.308268	0.006530	7.8
1624	-1.139828	114.268504	0.007075	7.8
1625	-1.320773	114.228777	0.007250	8.3
1626	-0.109463	114.189086	0.002607	9.6
1627	-1.207816	114.149433	0.008579	9.3
1628	-1.118648	114.109816	0.007826	9.2
1629	-1.218581	114.070235	0.006639	10.1
1630	-0.749359	114.030692	0.006325	8.7
1631	-0.841029	113.991185	0.006985	7.9
1632	-1.078648	113.951714	0.007328	7.8
1633	-0.950855	113.912280	0.006139	7.7
1634	-1.072951	113.872882	0.007877	7.7
1635	-0.396482	113.833521	0.002948	7.8
1636	-0.947273	113.794195	0.006920	7.7
1637	-1.255226	113.754906	0.005975	7.7
1638	-0.815095	113.715653	0.007716	7.6
1639	-0.246277	113.676437	0.003440	7.9
1640	-1.263195	113.637256	0.007450	7.6
1641	-1.199608	113.598111	0.009013	7.7
1642	-1.063385	113.559002	0.006034	7.8
1643	-0.911115	113.519929	0.007601	7.8
1644	-1.022642	113.480892	0.007297	7.7
1645	-1.026534	113.441891	0.011304	8.4
1646	-1.207575	113.402925	0.007586	7.7
1647	-1.014598	113.363995	0.007071	9.2
1648	-0.426901	113.325101	0.003645	7.9
1649	-0.816748	113.286242	0.006401	8.4
1650	-1.089130	113.247419	0.005618	8.0
1651	-0.999501	113.208631	0.006178	7.8
1652	-0.320357	113.169879	0.005299	7.8
1653	-0.152194	113.131162	0.001476	7.8
1654	-0.995949	113.092480	0.007564	8.2
1655	-1.253605	113.053833	0.007652	7.7
1656	-1.222979	113.015222	0.010346	7.7
1657	-0.321184	112.976646	0.004124	7.7
1658	-1.225681	112.938105	0.006404	7.7
1659	-0.806420	112.899599	0.007441	7.7
1660	-1.190666	112.861128	0.006596	8.5
1661	-1.135365	112.822692	0.009204	7.4
1662	-1.148817	112.784291	0.008060	8.8
1663	-0.847335	112.745924	0.005085	7.7
1664	-1.357112	112.707593	0.007087	7.7
1665	-1.293518	112.669296	0.009067	8.1
1666	-1.206155	112.631034	0.010288	7.7
1667	-1.238766	112.592806	0.006770	7.7
1668	-0.638832	112.554613	0.006539	7.8
1669	-0.787380	112.516455	0.004957	7.7
1670	-1.203534	112.478331	0.006606	7.8
1671	-1.300008	112.440241	0.008081	8.0
1672	-1.281179	112.402186	0.007979	7.6
1673	-1.205480	112.364165	0.005630	7.7
1674	-0.926106	112.326179	0.009027	8.0
1675	-0.874599	112.288227	0.009040	7.8
1676	-0.789610	112.250309	0.007242	7.8
1677	-0.888638	112.212425	0.006604	7.6
1678	-0.560574	112.174575	0.004949	8.5
1679	-1.327559	112.136759	0.008495	7.7
1680	-0.828608	112.098977	0.006008	7.7
1681	-1.217820	112.061229	0.010328	7.8
1682	-1.094085	112.023515	0.007591	7.7
1683	-1.240706	111.985834	0.008028	7.6
1684	-1.059528	111.948188	0.009403	7.7
1685	-0.203248	111.910575	0.003666	7.6
1686	-1.151098	111.872996	0.007707	7.8
1687	-0.818683	111.835450	0.007396	7.6
1688	-1.289052	111.797939	0.006645	7.7
1689	-0.883678	111.760460	0.004615	7.8
1690	-0.506828	111.723015	0.005430	7.7
1691	-1.237577	111.685604	0.007462	7.7
1692	-0.776255	111.648226	0.006326	8.4
1693	-0.640432	111.610881	0.004110	7.8
1694	-1.158739	111.573570	0.007468	8.2
1695	-1.053349	111.536292	0.008835	7.8
1696	-0.983230	111.499047	0.009165	7.7
1697	-0.000000	111.461835	0.000000	7.8
1698	-1.047917	111.424656	0.007257	7.6
1699	-0.995408	111.387510	0.006783	7.7
1700	-1.158329	111.350398	0.008200	7.7
1701	-1.183941	111.313318	0.006347	7.7
1702	-0.532409	111.276271	0.004820	7.8
1703	-1.011518	111.239257	0.007419	7.6
1704	-0.508352	111.202276	0.005594	8.4
1705	-0.918388	111.165328	0.007915	7.7
1706	-1.009709	111.128412	0.008288	8.0
1707	-1.103912	111.091529	0.005877	7.9
1708	-0.419439	111.054679	0.004495	7.7
1709	-1.290570	111.017861	0.010122	7.7
1710	-0.806223	110.981076	0.008341	7.2
1711	-0.986552	110.944323	0.006807	7.8
1712	-0.864025	110.907603	0.007014	7.7
1713	-0.767740	110.870915	0.009631	7.9
1714	-0.837001	110.834259	0.005730	7.7
1715	-0.792385	110.797636	0.006912	7.7
1716	-1.237677	110.761045	0.008328	7.6
1717	-0.346600	110.724486	0.005467	7.8
1718	-1.343932	110.687959	0.013326	7.7
1719	-1.329754	110.651465	0.008938	8.1
1720	-0.157723	110.615002	0.005707	7.4
1721	-0.254176	110.578572	0.005573	7.7
1722	-1.173316	110.542173	0.006250	7.7
1723	-0.788138	110.505807	0.007847	7.7
1724	-1.194206	110.469472	0.008710	7.7
1725	-0.821397	110.433169	0.007077	7.7
1726	-0.324395	110.396898	0.003206	7.7
1727	-1.195996	110.360659	0.011653	8.4
1728	-1.047369	110.324451	0.006835	7.6
1729	-1.152500	110.288276	0.010128	7.6
1730	-1.370342	110.252131	0.008375	7.8
1731	-0.226042	110.216019	0.004321	7.8
1732	-0.579050	110.179937	0.004248	7.8
1733	-1.275312	110.143888	0.007621	7.9
1734	-0.625648	110.107869	0.007352	7.9
1735	-0.331720	110.071882	0.004512	7.7
1736	-1.264999	110.035927	0.008157	7.7
1737	-0.903594	110.000003	0.008344	7.7
1738	-0.669877	109.964110	0.003907	7.7
1739	-0.852527	109.928248	0.007476	7.9
1740	-0.139604	109.892417	0.002943	7.7
1741	-1.117272	109.856618	0.006007	7.6
1742	-1.174291	109.820850	0.007788	8.3
1743	-0.376378	109.785112	0.006365	7.0
1744	-1.202218	109.749406	0.007730	7.7
1745	-0.258192	109.713730	0.002124	8.5
1746	-0.098674	109.678086	0.002144	7.8
1747	-0.657503	109.642472	0.004803	7.7
1748	-0.677554	109.606890	0.004426	7.7
1749	-0.464803	109.571337	0.004564	7.8
1750	-0.687491	109.535816	0.010200	8.0
1751	-0.913831	109.500326	0.008222	8.1
1752	-0.749179	109.464866	0.007036	7.8
1753	-1.118133	109.429436	0.008801	7.7
1754	-0.662071	109.394038	0.008881	7.6
1755	-0.164266	109.358669	0.003203	7.8
1756	-0.826381	109.323331	0.005527	7.7
1757	-0.435739	109.288024	0.004407	7.7
1758	-0.909468	109.252747	0.006850	7.7
1759	-0.295427	109.217501	0.004444	7.6
1760	-0.189572	109.182284	0.003761	7.7
1761	-1.064202	109.147098	0.007569	7.6
1762	-0.537184	109.111942	0.004781	7.4
1763	-0.188561	109.076817	0.004125	7.8
1764	-0.769173	109.041721	0.005791	8.4
1765	-1.198668	109.006656	0.006752	7.8
1766	-1.308165	108.971620	0.006378	7.8
1767	-0.962788	108.936615	0.007021	7.8
1768	-0.845857	108.901640	0.006978	8.0
1769	-1.187778	108.866694	0.008156	7.7
1770	-1.153408	108.831779	0.006116	8.7
1771	-1.241575	108.796893	0.008859	7.8
1772	-0.653621	108.762037	0.005521	7.9
1773	-1.350253	108.727211	0.007883	7.7
1774	-1.304577	108.692415	0.008832	7.8
1775	-0.748662	108.657648	0.007519	8.0
1776	-1.047320	108.622911	0.007582	7.7
1777	-0.903850	108.588203	0.004987	8.0
1778	-1.224337	108.553525	0.007717	7.7
1779	-1.312186	108.518877	0.007301	7.6
1780	-1.016197	108.484258	0.007598	8.5
1781	-0.872110	108.449668	0.006629	10.0
1782	-0.897977	108.415108	0.008737	7.7
1783	-0.791297	108.380578	0.005139	7.8
1784	-0.035204	108.346076	0.000427	8.5
1785	-0.863773	108.311604	0.006731	7.7
1786	-1.256488	108.277161	0.006412	7.7
1787	-0.008607	108.242747	0.000093	7.9
1788	-1.199019	108.208363	0.007288	8.4
1789	-1.380157	108.174007	0.007618	7.7
1790	-0.292671	108.139681	0.003819	7.8
1791	-1.211689	108.105383	0.008313	7.7
1792	-0.950174	108.071115	0.007299	7.8
1793	-1.158405	108.036875	0.006702	7.7
1794	-0.271817	108.002665	0.002027	7.8
1795	-1.124867	107.968483	0.008127	7.7
1796	-0.494235	107.934330	0.005616	7.9
1797	-1.166513	107.900206	0.009029	7.9
1798	-0.179906	107.866111	0.003185	7.7
1799	-1.203010	107.832044	0.008858	7.6
1800	-0.858925	107.798007	0.008177	7.9
1801	-1.126473	107.763997	0.007365	7.7
1802	-0.348873	107.730017	0.005057	7.8
1803	-0.972480	107.696065	0.009018	7.7
1804	-1.253349	107.662141	0.009276	7.7
1805	-0.432705	107.628246	0.005370	7.8
1806	-1.024297	107.594379	0.006756	7.7
1807	-1.118176	107.560541	0.006675	7.9
1808	-0.882192	107.526731	0.007538	7.7
1809	-0.564504	107.492949	0.003496	7.6
1810	-0.959125	107.459196	0.011358	7.6
1811	-1.112975	107.425471	0.008570	7.7
1812	-0.722778	107.391774	0.006052	7.7
1813	-1.224724	107.358106	0.007305	7.7
1814	-0.821984	107.324465	0.006487	7.7
1815	-0.850386	107.290853	0.007278	7.8
1816	-1.270316	107.257268	0.008144	7.6
1817	-0.995920	107.223712	0.007338	7.7
1818	-1.160214	107.190184	0.007203	7.6
1819	-0.903215	107.156683	0.006879	7.7
1820	-0.719222	107.123211	0.005861	7.8
1821	-0.483895	107.089766	0.003987	7.7
1822	-1.225055	107.056349	0.007319	8.5
1823	-0.399382	107.022960	0.005695	8.5
1824	-1.183073	106.989599	0.006995	8.2
1825	-1.278966	106.956265	0.006685	8.8
1826	-1.046742	106.922960	0.007225	7.8
1827	-0.956382	106.889681	0.007848	7.9
1828	-1.142940	106.856431	0.009154	8.5
1829	-0.066703	106.823208	0.001457	7.7
1830	-0.851698	106.790012	0.007012	7.8
1831	-1.095603	106.756844	0.008197	7.8
1832	-1.161703	106.723703	0.007899	8.3
1833	-0.982004	106.690590	0.007674	8.1
1834	-0.436063	106.657505	0.005881	8.2
1835	-1.167386	106.624446	0.007185	8.2
1836	-1.087134	106.591415	0.010010	8.6
1837	-1.248183	106.558411	0.009459	8.4
1838	-0.599069	106.525435	0.007334	8.2
1839	-1.199868	106.492485	0.007171	8.7
1840	-0.984114	106.459563	0.006861	8.1
1841	-1.258619	106.426668	0.008803	8.1
1842	-1.083259	106.393800	0.007801	8.2
1843	-1.190841	106.360959	0.013736	8.3
1844	-1.261438	106.328145	0.006294	7.8
1845	-0.856880	106.295358	0.007020	7.7
1846	-1.280399	106.262598	0.009499	7.6
1847	-1.055140	106.229865	0.006801	7.8
1848	-0.910945	106.197158	0.006428	7.8
1849	-1.049970	106.164479	0.008019	7.4
1850	-1.146539	106.131826	0.009404	8.3
1851	-0.266774	106.099201	0.003932	7.8
1852	-0.158688	106.066602	0.002579	8.3
1853	-1.118671	106.034029	0.007797	7.6
1854	-1.002297	106.001483	0.007795	7.7
1855	-0.693243	105.968964	0.005998	7.7
1856	-1.283584	105.936472	0.009806	7.8
1857	-0.005251	105.904006	0.000388	7.8
1858	-1.226911	105.871566	0.008248	7.7
1859	-1.113431	105.839153	0.007623	7.7
1860	-0.434810	105.806767	0.003523	7.7
1861	-1.238286	105.774407	0.010663	7.7
1862	-0.337067	105.742073	0.004422	7.7
1863	-0.820994	105.709766	0.006869	7.7
1864	-0.781918	105.677485	0.007610	7.8
1865	-0.687512	105.645230	0.005466	7.8
1866	-1.227656	105.613001	0.009076	8.4
1867	-1.231650	105.580799	0.007091	7.8
1868	-0.893661	105.548623	0.005626	7.7
1869	-1.112229	105.516473	0.007638	7.7
1870	-0.848347	105.484349	0.007924	7.8
1871	-1.142629	105.452251	0.007224	7.7
1872	-1.022447	105.420179	0.008158	7.6
1873	-1.153031	105.388133	0.010908	7.5
1874	-0.395228	105.356113	0.004740	7.8
1875	-0.768337	105.324119	0.006059	7.6
1876	-0.638145	105.292151	0.006842	7.9
1877	-0.736864	105.260209	0.006108	7.9
1878	-0.595202	105.228293	0.005444	7.2
1879	-1.114429	105.196402	0.006120	7.7
1880	-1.234779	105.164537	0.008202	7.7
1881	-1.133153	105.132698	0.008215	7.7
1882	-1.205572	105.100885	0.006728	7.8
1883	-1.176204	105.069097	0.007226	7.7
1884	-0.720391	105.037335	0.005293	7.9
1885	-1.201879	105.005598	0.007622	7.6
1886	-1.339341	104.973887	0.008144	7.9
1887	-0.483299	104.942202	0.005570	7.3
1888	-0.191859	104.910542	0.002175	8.5
1889	-0.608626	104.878907	0.007488	7.7
1890	-0.666314	104.847298	0.005689	7.7
1891	-1.186812	104.815715	0.007495	7.8
1892	-0.790678	104.784156	0.008390	7.6
1893	-1.144813	104.752623	0.007774	7.7
1894	-0.855359	104.721116	0.007621	7.8
1895	-0.427133	104.689633	0.005935	9.3
1896	-1.273907	104.658176	0.008393	7.8
1897	-1.196073	104.626744	0.010141	7.7
1898	-0.886811	104.595337	0.005736	7.7
1899	-0.196879	104.563955	0.003596	8.1
1900	-0.914340	104.532599	0.007813	7.1
1901	-1.195135	104.501267	0.007107	8.0
1902	-0.874859	104.469960	0.008051	8.3
1903	-0.793525	104.438679	0.004842	7.5
1904	-0.697559	104.407422	0.006220	7.7
1905	-0.223921	104.376191	0.002293	7.7
1906	-0.584901	104.344984	0.005221	7.1
1907	-1.168064	104.313802	0.010035	7.7
1908	-0.825364	104.282645	0.007931	7.7
1909	-1.259506	104.251513	0.008811	7.7
1910	-0.701980	104.220405	0.006830	7.7
1911	-1.233227	104.189323	0.010940	7.7
1912	-1.021841	104.158265	0.006822	7.8
1913	-1.205970	104.127231	0.007076	8.6
1914	-0.957248	104.096222	0.006352	7.7
1915	-1.236177	104.065238	0.008203	8.0
1916	-1.317054	104.034279	0.006950	8.3
1917	-1.008482	104.003344	0.005767	7.7
1918	-0.612903	103.972433	0.004634	7.7
1919	-1.194615	103.941547	0.010553	7.7
1920	-1.083821	103.910686	0.008059	7.8
1921	-0.989801	103.879849	0.005893	7.9
1922	-0.258140	103.849036	0.006406	7.2
1923	-1.111129	103.818248	0.006559	7.6
1924	-1.125508	103.787484	0.005816	7.6
1925	-0.783343	103.756744	0.004898	8.0
1926	-1.199780	103.726029	0.006809	7.8
1927	-1.141697	103.695338	0.009352	7.7
1928	-0.089204	103.664671	0.003005	7.9
1929	-1.257825	103.634028	0.007459	7.8
1930	-0.308621	103.603409	0.004820	8.6
1931	-0.623516	103.572814	0.004942	7.8
1932	-0.759763	103.542244	0.006373	7.7
1933	-1.055348	103.511698	0.006076	7.7
1934	-1.091122	103.481175	0.009715	7.7
1935	-1.124604	103.450677	0.008353	7.6
1936	-1.281373	103.420202	0.008331	7.6
1937	-1.134220	103.389752	0.007028	7.7
1938	-0.020768	103.359325	0.002869	8.0
1939	-0.930702	103.328922	0.008568	7.8
1940	-0.982815	103.298543	0.006547	7.7
1941	-0.223106	103.268188	0.003288	7.5
1942	-1.012863	103.237857	0.007793	8.3
1943	-0.194796	103.207549	0.004487	7.7
1944	-0.026071	103.177265	0.001692	7.1
1945	-1.013163	103.147005	0.005520	7.7
1946	-0.548466	103.116768	0.003645	7.8
1947	-0.341223	103.086556	0.009425	7.8
1948	-1.268187	103.056366	0.007734	7.6
1949	-1.106235	103.026200	0.010809	7.6
1950	-0.821013	102.996058	0.007175	8.1
1951	-1.227424	102.965939	0.007069	8.0
1952	-1.307141	102.935844	0.008215	7.8
1953	-1.228487	102.905772	0.007175	7.7
1954	-1.330937	102.875724	0.008959	7.8
1955	-1.295254	102.845699	0.010536	7.7
1956	-0.810092	102.815697	0.005590	7.8
1957	-1.199222	102.785719	0.008076	7.7
1958	-0.285026	102.755764	0.004188	7.7
1959	-1.283058	102.725832	0.005992	7.7
1960	-0.514203	102.695924	0.005658	7.7
1961	-0.607037	102.666038	0.004497	7.7
1962	-1.094726	102.636176	0.009410	7.7
1963	-1.134336	102.606337	0.006896	8.5
1964	-0.722524	102.576521	0.007743	7.8
1965	-0.723497	102.546728	0.005606	7.8
1966	-1.245084	102.516959	0.008266	7.7
1967	-0.767507	102.487212	0.006833	7.7
1968	-0.768913	102.457488	0.008810	7.6
1969	-1.117213	102.427788	0.007614	7.7
1970	-1.078196	102.398110	0.005471	7.7
1971	-0.858282	102.368455	0.007092	7.8
1972	-1.115770	102.338823	0.006202	7.6
1973	-0.825318	102.309214	0.006056	7.6
1974	-1.151365	102.279628	0.007942	7.6
1975	-1.243169	102.250064	0.006569	7.6
1976	-0.827203	102.220524	0.005868	7.8
1977	-0.808600	102.191006	0.004701	7.7
1978	-1.267444	102.161511	0.006752	7.7
1979	-0.956365	102.132038	0.005744	7.7
1980	-1.002235	102.102588	0.008499	7.6
1981	-0.250161	102.073161	0.002629	10.1
1982	-1.449785	102.043757	0.009009	7.9
1983	-1.203137	102.014375	0.006751	7.9
1984	-1.122361	101.985015	0.006257	7.9
1985	-0.449860	101.955678	0.004228	7.5
1986	-1.224129	101.926364	0.007153	8.0
1987	-0.315618	101.897072	0.003230	7.3
1988	-1.156043	101.867802	0.006998	8.0
1989	-0.374833	101.838555	0.003100	7.8
1990	-1.277523	101.809330	0.008848	7.6
1991	-1.259978	101.780128	0.007770	7.7
1992	-0.870155	101.750948	0.008282	7.6
1993	-0.821214	101.721790	0.007322	7.7
1994	-0.835431	101.692654	0.008242	7.7
1995	-0.339036	101.663541	0.003060	7.3
1996	-1.277400	101.634450	0.007367	7.7
1997	-0.970709	101.605381	0.008100	7.7
1998	-0.772255	101.576335	0.004619	7.7
1999	-1.160752	101.547310	0.007637	7.6
