1:ItNr	2:Metric	3:StepSize	4:||Gradient||	Time[ms]
0	-1.374839	627.201626	0.034098	465.0
1	-0.286338	623.504937	0.009401	8.0
2	-1.051972	619.865785	0.007763	7.9
3	-0.544953	616.282728	0.012541	7.9
4	-0.474797	612.754375	0.004693	9.7
5	-1.300141	609.279381	0.022857	7.7
6	-0.955981	605.856447	0.022299	7.8
7	-1.222406	602.484317	0.030258	7.7
8	-1.331035	599.161779	0.011065	7.8
9	-0.001560	595.887656	0.000044	10.3
10	-0.629231	592.660813	0.009417	8.1
11	-1.541366	589.480151	0.016114	7.8
12	-0.852334	586.344606	0.024075	7.9
13	-0.885009	583.253145	0.009948	7.8
14	-1.189353	580.204771	0.024628	10.4
15	-0.536069	577.198517	0.013120	7.7
16	-0.367272	574.233444	0.010056	8.6
17	-0.978344	571.308645	0.020282	7.9
18	-0.552430	568.423237	0.005620	7.5
19	-1.513223	565.576365	0.022801	10.3
20	-0.652007	562.767201	0.008242	8.0
21	-1.342804	559.994938	0.029207	7.9
22	-0.599373	557.258797	0.010021	8.1
23	-0.837157	554.558018	0.021591	8.0
24	-1.054587	551.891865	0.016528	10.3
25	-0.554882	549.259621	0.011233	7.9
26	-0.627699	546.660592	0.012890	8.2
27	-1.074402	544.094102	0.018791	7.9
28	-1.118007	541.559494	0.018882	8.0
29	-0.749677	539.056129	0.007391	9.9
30	-0.978945	536.583387	0.014665	8.3
31	-0.843797	534.140663	0.012383	9.0
32	-1.546166	531.727370	0.019295	8.8
33	-1.513079	529.342935	0.016726	9.7
34	-0.655355	526.986802	0.011940	10.2
35	-1.585412	524.658430	0.015813	8.5
36	-0.916447	522.357290	0.008618	8.6
37	-0.934205	520.082868	0.009871	8.6
38	-1.131962	517.834665	0.017692	11.4
39	-0.367621	515.612193	0.004455	8.6
40	-1.300942	513.414976	0.012628	7.7
41	-0.731715	511.242551	0.011397	8.4
42	-1.530686	509.094468	0.020748	10.5
43	-1.445719	506.970285	0.007550	8.4
44	-0.892914	504.869574	0.007627	8.1
45	-1.218487	502.791916	0.020363	8.7
46	-0.957524	500.736903	0.014786	8.6
47	-1.573682	498.704137	0.020388	10.9
48	-0.796096	496.693228	0.004960	8.9
49	-1.104148	494.703798	0.015230	8.8
50	-1.429931	492.735476	0.017104	9.1
51	-1.010609	490.787900	0.015135	10.9
52	-1.568486	488.860718	0.017221	7.8
53	-1.576374	486.953585	0.024325	7.8
54	-1.508540	485.066164	0.020394	7.7
55	-0.576523	483.198126	0.008702	10.1
56	-1.509591	481.349149	0.022294	7.6
57	-0.862507	479.518920	0.007345	7.6
58	-1.021440	477.707132	0.025188	8.0
59	-1.250455	475.913485	0.026836	8.5
60	-0.520632	474.137684	0.007919	10.8
61	-1.586279	472.379445	0.023758	8.3
62	-0.701511	470.638485	0.010277	8.1
63	-1.406942	468.914531	0.025180	7.9
64	-1.446623	467.207315	0.025590	8.2
65	-0.582207	465.516573	0.011194	12.4
66	-0.270368	463.842050	0.002843	9.0
67	-0.692217	462.183494	0.007245	8.2
68	-1.431124	460.540658	0.014170	8.2
69	-1.032821	458.913303	0.018324	8.9
70	-1.537636	457.301192	0.016898	10.1
71	-1.231034	455.704096	0.013723	8.4
72	-0.060530	454.121787	0.001201	8.4
73	-0.308693	452.554045	0.004960	8.3
74	-0.422253	451.000653	0.009440	11.6
75	-1.206437	449.461399	0.010839	9.0
76	-0.178503	447.936075	0.001952	8.5
77	-1.174298	446.424477	0.014829	11.4
78	-1.246863	444.926406	0.014705	12.5
79	-1.581334	443.441666	0.010247	9.8
80	-0.565163	441.970065	0.005559	8.5
81	-1.025959	440.511415	0.014549	8.3
82	-1.391284	439.065533	0.014324	9.5
83	-1.519452	437.632238	0.011380	9.0
84	-1.573105	436.211351	0.019540	8.4
85	-1.489343	434.802701	0.008847	8.9
86	-1.322855	433.406117	0.009851	8.4
87	-0.655502	432.021430	0.011114	11.9
88	-1.420752	430.648479	0.017645	8.2
89	-0.385139	429.287101	0.003928	8.6
90	-0.571037	427.937140	0.009373	8.8
91	-1.600911	426.598440	0.029502	10.7
92	-0.203612	425.270849	0.003542	8.5
93	-1.557800	423.954220	0.035625	8.3
94	-1.040030	422.648404	0.014160	8.9
95	-1.512210	421.353259	0.021755	8.9
96	-1.438183	420.068643	0.038556	10.0
97	-1.033298	418.794419	0.009486	9.0
98	-1.111437	417.530451	0.006991	8.9
99	-0.440346	416.276604	0.003706	15.3
100	-1.702372	415.032748	0.010636	10.2
101	-1.266809	413.798754	0.025614	9.2
102	-1.436746	412.574495	0.014318	9.5
103	-0.171379	411.359849	0.002299	13.0
104	-0.815598	410.154691	0.012662	9.1
105	-1.567847	408.958904	0.016837	9.1
106	-0.570709	407.772368	0.017159	10.1
107	-0.523913	406.594968	0.016947	11.4
108	-0.271095	405.426590	0.004877	9.4
109	-0.382270	404.267122	0.005514	8.6
110	-0.377956	403.116456	0.005870	9.8
111	-1.300030	401.974481	0.016508	15.6
112	-1.142405	400.841093	0.014460	9.0
113	-0.555966	399.716187	0.009006	9.4
114	-1.561315	398.599660	0.021280	9.2
115	-1.486540	397.491411	0.018303	9.9
116	-1.275789	396.391342	0.009981	10.2
117	-1.120888	395.299353	0.016456	9.9
118	-1.742801	394.215350	0.011470	9.1
119	-0.801895	393.139238	0.016381	10.9
120	-0.194194	392.070924	0.003427	9.0
121	-1.142892	391.010316	0.014015	8.9
122	-0.473756	389.957325	0.010855	8.7
123	-0.444506	388.911862	0.004897	10.3
124	-1.311456	387.873839	0.016043	10.0
125	-0.859844	386.843173	0.010096	9.0
126	-0.580499	385.819777	0.006067	10.0
127	-1.469461	384.803569	0.013839	11.2
128	-1.216551	383.794468	0.008486	9.5
129	-0.267255	382.792393	0.004413	8.8
130	-0.187176	381.797264	0.002282	9.0
131	-0.236053	380.809005	0.003645	11.7
132	-0.783780	379.827537	0.010920	9.7
133	-0.396214	378.852786	0.007261	9.4
134	-1.447909	377.884678	0.025618	8.7
135	-0.684090	376.923138	0.008871	10.7
136	-0.079896	375.968095	0.001062	10.5
137	-0.913553	375.019479	0.011230	8.7
138	-0.536315	374.077218	0.008880	8.9
139	-1.546709	373.141244	0.028371	8.0
140	-0.977749	372.211489	0.014449	11.1
141	-0.423414	371.287887	0.003930	8.2
142	-0.627573	370.370370	0.008637	8.1
143	-0.849964	369.458876	0.023532	7.9
144	-1.496641	368.553338	0.025912	10.3
145	-0.696908	367.653696	0.015059	8.1
146	-1.156013	366.759885	0.019504	11.2
147	-0.295032	365.871846	0.003225	7.9
148	-1.426888	364.989518	0.018907	13.3
149	-0.649811	364.112841	0.010441	8.1
150	-1.058301	363.241757	0.019691	8.3
151	-1.100762	362.376208	0.015181	8.8
152	-1.338598	361.516137	0.023614	10.3
153	-1.424201	360.661488	0.013849	10.7
154	-0.664024	359.812206	0.011605	9.4
155	-1.290875	358.968236	0.015158	7.8
156	-1.011505	358.129524	0.005902	10.3
157	-0.492222	357.296018	0.006878	12.3
158	-1.593606	356.467665	0.018628	8.7
159	-1.480267	355.644414	0.023419	12.0
160	-1.383845	354.826213	0.017570	9.8
161	-1.539640	354.013012	0.032899	9.0
162	-0.673933	353.204763	0.008908	9.6
163	-0.306695	352.401415	0.003914	8.7
164	-1.384498	351.602922	0.022665	9.7
165	-1.066713	350.809235	0.020599	10.6
166	-1.407959	350.020308	0.016275	9.1
167	-1.489367	349.236095	0.025228	8.8
168	-0.234835	348.456550	0.003195	13.7
169	-1.625991	347.681627	0.018366	8.8
170	-0.627087	346.911283	0.005386	8.4
171	-0.763287	346.145474	0.009560	8.0
172	-1.616782	345.384157	0.019593	9.3
173	-0.967536	344.627288	0.011905	11.1
174	-0.904749	343.874826	0.018107	8.0
175	-1.561193	343.126729	0.023614	7.4
176	-0.728140	342.382957	0.009355	8.9
177	-1.063830	341.643469	0.025150	10.7
178	-1.573273	340.908224	0.019703	9.7
179	-0.104992	340.177184	0.001395	7.9
180	-0.521015	339.450309	0.007199	8.2
181	-0.723557	338.727561	0.009705	8.0
182	-0.807006	338.008902	0.020884	10.7
183	-1.048409	337.294295	0.004044	8.4
184	-1.652191	336.583703	0.039184	8.5
185	-1.459082	335.877089	0.016941	8.6
186	-1.437333	335.174416	0.036161	11.3
187	-1.630280	334.475651	0.013732	8.7
188	-0.436138	333.780756	0.005704	7.5
189	-0.851144	333.089698	0.012937	8.6
190	-1.653127	332.402443	0.014116	10.4
191	-0.017087	331.718955	0.000114	10.2
192	-1.324839	331.039203	0.008512	9.0
193	-0.334934	330.363153	0.003866	7.8
194	-0.177747	329.690771	0.002065	8.5
195	-0.752996	329.022027	0.011105	12.0
196	-1.497281	328.356888	0.016581	8.2
197	-0.684315	327.695322	0.011056	8.9
198	-1.575414	327.037299	0.017900	8.5
199	-0.477357	326.382787	0.013929	8.4
200	-0.775869	325.731758	0.008464	11.3
201	-1.156675	325.084179	0.016324	7.6
202	-1.238508	324.440023	0.018163	8.6
203	-1.508653	323.799258	0.015526	7.7
204	-0.185128	323.161858	0.002513	9.9
205	-0.424576	322.527792	0.006702	8.4
206	-1.317481	321.897034	0.011544	8.2
207	-0.569000	321.269554	0.005251	7.9
208	-1.442953	320.645325	0.011094	8.2
209	-0.775067	320.024320	0.012403	10.3
210	-1.449645	319.406512	0.008850	8.3
211	-0.855204	318.791875	0.011380	8.0
212	-1.542510	318.180381	0.004281	7.5
213	-0.683473	317.572005	0.008492	8.5
214	-0.024811	316.966721	0.000598	10.1
215	-0.703190	316.364504	0.008155	8.0
216	-0.156395	315.765329	0.000682	7.9
217	-0.358124	315.169170	0.004708	8.4
218	-0.371218	314.576003	0.004439	8.4
219	-1.436400	313.985804	0.004497	10.2
220	-0.781872	313.398548	0.017424	8.0
221	-0.481320	312.814213	0.008821	8.0
222	-1.170255	312.232773	0.005935	8.3
223	-0.619277	311.654207	0.006532	12.4
224	-1.532673	311.078491	0.010783	9.0
225	-0.835793	310.505602	0.009327	9.3
226	-1.062191	309.935518	0.013606	8.1
227	-0.076490	309.368217	0.000597	8.1
228	-1.384018	308.803676	0.018792	11.2
229	-0.232583	308.241874	0.004809	10.1
230	-1.640928	307.682789	0.011672	15.8
231	-0.990911	307.126400	0.011334	11.0
232	-1.547935	306.572687	0.008574	7.6
233	-0.901730	306.021627	0.012476	7.6
234	-1.289241	305.473201	0.009130	8.0
235	-1.319073	304.927388	0.014300	8.7
236	-1.651256	304.384168	0.016019	10.2
237	-1.649912	303.843521	0.016963	7.6
238	-1.462541	303.305427	0.016219	7.4
239	-1.183361	302.769867	0.009986	7.6
240	-0.198959	302.236821	0.000903	8.1
241	-1.203573	301.706270	0.021082	10.4
242	-1.520447	301.178196	0.012873	7.5
243	-1.374908	300.652580	0.009396	7.7
244	-1.250239	300.129402	0.012159	8.6
245	-1.243312	299.608645	0.007238	7.5
246	-0.836889	299.090291	0.009285	10.1
247	-1.596448	298.574321	0.014115	7.8
248	-1.532469	298.060718	0.013323	7.5
249	-1.068406	297.549465	0.011623	7.5
250	-1.287220	297.040543	0.011412	7.5
251	-0.670491	296.533936	0.007502	10.2
252	-0.161609	296.029626	0.001687	7.3
253	-1.578300	295.527597	0.011658	7.7
254	-0.134263	295.027832	0.001146	7.5
255	-0.526936	294.530315	0.006912	7.2
256	-1.372521	294.035028	0.011829	9.7
257	-1.625574	293.541956	0.016995	7.7
258	-0.867364	293.051083	0.014044	7.5
259	-1.698526	292.562393	0.022051	7.6
260	-0.801727	292.075870	0.008140	7.6
261	-1.382628	291.591498	0.014324	10.1
262	-1.579430	291.109263	0.037818	7.8
263	-1.467598	290.629149	0.017902	7.5
264	-0.944829	290.151140	0.012475	7.5
265	-1.124158	289.675222	0.008225	7.5
266	-0.528647	289.201380	0.010776	10.2
267	-1.115127	288.729600	0.021908	7.9
268	-0.252476	288.259866	0.005030	7.5
269	-1.109528	287.792165	0.010839	7.5
270	-0.749533	287.326481	0.010603	7.5
271	-1.441380	286.862802	0.023964	10.6
272	-1.539811	286.401113	0.017262	7.6
273	-1.029231	285.941400	0.006567	7.6
274	-0.966480	285.483649	0.006328	7.5
275	-1.085449	285.027847	0.009116	8.1
276	-1.425802	284.573981	0.015564	9.8
277	-1.229815	284.122037	0.018934	7.9
278	-0.674215	283.672002	0.009487	7.5
279	-0.711068	283.223863	0.008757	7.6
280	-0.943913	282.777607	0.012296	7.7
281	-0.444412	282.333221	0.003408	10.5
282	-1.172769	281.890692	0.013814	7.9
283	-1.381134	281.450008	0.015295	8.2
284	-0.797995	281.011157	0.007909	7.4
285	-1.605484	280.574125	0.009906	7.9
286	-0.650843	280.138901	0.011212	10.4
287	-1.256464	279.705473	0.012326	8.1
288	-1.583893	279.273829	0.028814	7.9
289	-0.454890	278.843956	0.008712	8.0
290	-1.421975	278.415844	0.018581	8.4
291	-0.450247	277.989479	0.006156	10.2
292	-1.688853	277.564851	0.020343	10.2
293	-1.303823	277.141949	0.020386	9.0
294	-0.941867	276.720761	0.013453	8.6
295	-1.486167	276.301275	0.017992	11.8
296	-0.735876	275.883480	0.010975	10.6
297	-1.099459	275.467366	0.016466	8.4
298	-1.084523	275.052922	0.016209	8.5
299	-0.456450	274.640136	0.011066	9.0
300	-1.560883	274.228998	0.030437	9.8
301	-1.456544	273.819497	0.012445	8.7
302	-0.310263	273.411623	0.004931	8.6
303	-0.267841	273.005365	0.000620	9.0
304	-0.375476	272.600712	0.006784	11.1
305	-0.227517	272.197655	0.003540	8.5
306	-0.491736	271.796184	0.002026	8.6
307	-1.344229	271.396287	0.020358	9.2
308	-0.244540	270.997956	0.001247	11.6
309	-0.602644	270.601180	0.006850	9.0
310	-1.412840	270.205949	0.018535	8.5
311	-0.926715	269.812254	0.009114	8.4
312	-1.641636	269.420085	0.019768	8.7
313	-0.367892	269.029432	0.006772	11.6
314	-1.190198	268.640287	0.012271	8.1
315	-0.841883	268.252638	0.009556	7.9
316	-0.583310	267.866478	0.004064	8.0
317	-1.322182	267.481796	0.029705	10.6
318	-1.618156	267.098584	0.033284	8.0
319	-1.106530	266.716833	0.015571	8.2
320	-1.160380	266.336533	0.016630	8.7
321	-1.071068	265.957676	0.005607	8.1
322	-0.902706	265.580253	0.012433	9.8
323	-0.685856	265.204254	0.004392	7.8
324	-0.327887	264.829672	0.011242	7.6
325	-1.426501	264.456497	0.014847	7.5
326	-1.444610	264.084721	0.020754	7.1
327	-1.581003	263.714335	0.015606	9.4
328	-0.665227	263.345332	0.008609	7.2
329	-1.260317	262.977702	0.013488	7.6
330	-1.549160	262.611438	0.007968	7.5
331	-1.357526	262.246531	0.014568	7.6
332	-0.733508	261.882973	0.010701	10.1
333	-0.738250	261.520756	0.010257	7.7
334	-0.927670	261.159871	0.011156	7.7
335	-0.453896	260.800312	0.004883	7.5
336	-1.659788	260.442070	0.018148	7.7
337	-0.636459	260.085137	0.007611	10.2
338	-1.428385	259.729505	0.014248	8.4
339	-0.525643	259.375167	0.007411	7.7
340	-0.663500	259.022116	0.007292	7.5
341	-1.452127	258.670343	0.014770	7.5
342	-1.232027	258.319841	0.016500	10.0
343	-0.928507	257.970602	0.018554	7.7
344	-1.405823	257.622620	0.007823	7.1
345	-1.370836	257.275887	0.014938	8.2
346	-0.715843	256.930396	0.004943	7.5
347	-1.556271	256.586139	0.009173	11.2
348	-0.347083	256.243109	0.007689	7.9
349	-1.229463	255.901300	0.011834	8.3
350	-0.901444	255.560703	0.009854	7.6
351	-1.231133	255.221313	0.016121	7.6
352	-1.155606	254.883122	0.017366	10.4
353	-1.062832	254.546124	0.007541	8.3
354	-1.110801	254.210311	0.014239	7.6
355	-0.689455	253.875677	0.013409	7.6
356	-0.599108	253.542215	0.006946	8.3
357	-1.214875	253.209918	0.006898	10.4
358	-0.253520	252.878781	0.001984	7.5
359	-1.338519	252.548795	0.006369	7.6
360	-0.769975	252.219956	0.006247	7.4
361	-1.369770	251.892255	0.013802	7.7
362	-0.838633	251.565688	0.008310	10.8
363	-0.575754	251.240247	0.010089	7.6
364	-1.360558	250.915926	0.019287	7.4
365	-0.717832	250.592720	0.014296	7.7
366	-0.628080	250.270621	0.003027	7.4
367	-0.729263	249.949624	0.008357	10.2
368	-1.046714	249.629723	0.004731	7.7
369	-1.524413	249.310911	0.017719	8.1
370	-1.092912	248.993182	0.012350	7.6
371	-0.718087	248.676531	0.010278	8.0
372	-0.123950	248.360952	0.001609	10.5
373	-0.219424	248.046438	0.003596	7.7
374	-1.500924	247.732984	0.006654	7.5
375	-0.916498	247.420584	0.006038	7.8
376	-1.514608	247.109233	0.012769	7.4
377	-0.058810	246.798924	0.000717	10.0
378	-0.820464	246.489652	0.006612	7.5
379	-0.425755	246.181412	0.001650	7.6
380	-1.056556	245.874197	0.009207	7.6
381	-1.626524	245.568002	0.017703	7.6
382	-1.002440	245.262822	0.011266	10.8
383	-0.654627	244.958652	0.003088	8.3
384	-1.375638	244.655485	0.019691	7.9
385	-0.723086	244.353317	0.006658	7.7
386	-0.933865	244.052142	0.010226	7.9
387	-0.456086	243.751955	0.002700	10.8
388	-0.699261	243.452750	0.007756	8.0
389	-1.579355	243.154523	0.013258	8.1
390	-1.228295	242.857268	0.016834	8.5
391	-1.359242	242.560980	0.010353	8.2
392	-1.631068	242.265654	0.020247	10.5
393	-1.671775	241.971285	0.021112	7.5
394	-1.506297	241.677868	0.027235	7.4
395	-0.483386	241.385397	0.013154	7.6
396	-0.938443	241.093869	0.022668	7.9
397	-1.147518	240.803278	0.008599	10.8
398	-1.097309	240.513619	0.009127	8.7
399	-1.442801	240.224887	0.024827	9.0
400	-0.724065	239.937077	0.007391	8.4
401	-0.777784	239.650186	0.007806	8.8
402	-0.748434	239.364207	0.008610	10.4
403	-1.351129	239.079136	0.013686	9.1
404	-0.748742	238.794969	0.005783	8.7
405	-1.515606	238.511701	0.016421	8.5
406	-0.791579	238.229327	0.007589	10.5
407	-0.382048	237.947843	0.002456	9.2
408	-0.744359	237.667244	0.007399	8.6
409	-0.714842	237.387526	0.008512	9.2
410	-1.538789	237.108684	0.025341	9.4
411	-0.566960	236.830714	0.007101	10.1
412	-1.612335	236.553610	0.017636	8.5
413	-0.608802	236.277370	0.010802	8.6
414	-1.524524	236.001989	0.013255	8.7
415	-0.249626	235.727461	0.003755	12.4
416	-0.621762	235.453784	0.015227	8.8
417	-1.249715	235.180952	0.012090	9.0
418	-0.847020	234.908962	0.010466	8.1
419	-0.128579	234.637809	0.001988	10.2
420	-0.675077	234.367488	0.009575	8.1
421	-1.651861	234.097997	0.015697	7.5
422	-0.960373	233.829331	0.012250	7.6
423	-0.181795	233.561485	0.002212	7.6
424	-1.479358	233.294456	0.015577	10.2
425	-1.562582	233.028239	0.013884	7.5
426	-0.687859	232.762831	0.007798	7.7
427	-1.342778	232.498228	0.008837	7.6
428	-0.634280	232.234425	0.009819	7.6
429	-1.261279	231.971419	0.006989	10.0
430	-1.174962	231.709205	0.012949	7.7
431	-1.557340	231.447781	0.020870	7.5
432	-1.210807	231.187141	0.018876	7.7
433	-1.047407	230.927283	0.009988	7.4
434	-1.630841	230.668202	0.005873	10.0
435	-1.443688	230.409895	0.009350	7.5
436	-0.694940	230.152358	0.005294	7.6
437	-1.440559	229.895587	0.018487	7.7
438	-1.394615	229.639578	0.012831	7.7
439	-0.460588	229.384329	0.010411	10.0
440	-1.260789	229.129834	0.015352	7.5
441	-1.425292	228.876091	0.020930	7.5
442	-1.338798	228.623096	0.014368	8.0
443	-1.334691	228.370846	0.013992	7.5
444	-0.641947	228.119336	0.007141	10.2
445	-0.276940	227.868563	0.003897	7.6
446	-1.712036	227.618525	0.013124	7.5
447	-1.372932	227.369216	0.018274	7.5
448	-0.307622	227.120635	0.003545	7.4
449	-1.134146	226.872777	0.013064	9.7
450	-1.018733	226.625638	0.013787	7.7
451	-1.628228	226.379217	0.026529	7.6
452	-1.588987	226.133509	0.024244	7.5
453	-0.423956	225.888510	0.002902	7.6
454	-0.505866	225.644218	0.006056	10.9
455	-1.382661	225.400630	0.007303	7.6
456	-0.712494	225.157741	0.005861	8.2
457	-1.559056	224.915549	0.014515	7.6
458	-0.867635	224.674051	0.013063	7.5
459	-1.364171	224.433242	0.020494	10.1
460	-0.351712	224.193121	0.004097	7.4
461	-1.600428	223.953684	0.022072	7.5
462	-0.641753	223.714927	0.007305	7.8
463	-0.556033	223.476848	0.005413	7.6
464	-0.611810	223.239444	0.006482	10.2
465	-1.582094	223.002710	0.019525	7.7
466	-1.375732	222.766645	0.010447	7.7
467	-0.757390	222.531245	0.003957	7.6
468	-0.938993	222.296508	0.011579	7.5
469	-1.581188	222.062429	0.023023	10.6
470	-0.284255	221.829007	0.005805	7.8
471	-0.514015	221.596238	0.007700	8.1
472	-0.633653	221.364119	0.004306	7.8
473	-0.636301	221.132647	0.008634	8.3
474	-1.171435	220.901820	0.012286	10.4
475	-1.452535	220.671634	0.020074	8.5
476	-1.517415	220.442086	0.006852	8.0
477	-1.488252	220.213174	0.009059	7.9
478	-1.437488	219.984895	0.012527	8.0
479	-0.790907	219.757246	0.008256	10.5
480	-0.793109	219.530224	0.021463	8.0
481	-0.957512	219.303826	0.004675	8.2
482	-1.431642	219.078050	0.013073	7.9
483	-1.500708	218.852893	0.013473	8.0
484	-1.047365	218.628352	0.011549	10.1
485	-0.295723	218.404424	0.006068	8.5
486	-1.474277	218.181106	0.012725	8.2
487	-1.194019	217.958397	0.031293	8.9
488	-1.470606	217.736292	0.014803	8.1
489	-0.650555	217.514790	0.003780	10.0
490	-0.291602	217.293888	0.003019	7.1
491	-1.573249	217.073584	0.012714	7.5
492	-1.480578	216.853873	0.014266	7.7
493	-1.363763	216.634755	0.005863	8.4
494	-0.489618	216.416227	0.002282	8.8
495	-1.651915	216.198285	0.010331	7.6
496	-0.748450	215.980927	0.014539	7.6
497	-0.756697	215.764151	0.007009	7.7
498	-0.661614	215.547955	0.005178	9.3
499	-1.683908	215.332335	0.017276	7.5
500	-1.680246	215.117289	0.010029	8.9
501	-0.303235	214.902815	0.003594	7.5
502	-0.209422	214.688911	0.002256	7.5
503	-0.644788	214.475573	0.011557	10.9
504	-0.253774	214.262800	0.005147	7.5
505	-1.268933	214.050588	0.007723	7.4
506	-1.318385	213.838936	0.011828	7.5
507	-0.096539	213.627842	0.001082	8.1
508	-1.370585	213.417302	0.018466	10.2
509	-1.057345	213.207314	0.014227	7.4
510	-0.878704	212.997877	0.009385	8.4
511	-1.131465	212.788987	0.007855	7.7
512	-0.347501	212.580642	0.006120	7.7
513	-1.598496	212.372841	0.010940	10.1
514	-0.587130	212.165581	0.004532	7.8
515	-1.098270	211.958859	0.008500	7.4
516	-1.204166	211.752673	0.014024	7.6
517	-0.862590	211.547021	0.012418	8.2
518	-1.189956	211.341902	0.012733	10.1
519	-0.893619	211.137311	0.009402	7.6
520	-0.355534	210.933248	0.004317	7.8
521	-1.051357	210.729710	0.007895	8.2
522	-0.667292	210.526695	0.011980	7.5
523	-0.845422	210.324200	0.017260	10.1
524	-1.439472	210.122224	0.012805	7.7
525	-0.609450	209.920765	0.007057	7.5
526	-1.437358	209.719820	0.011580	7.6
527	-0.839685	209.519387	0.009821	7.5
528	-1.501113	209.319463	0.014160	10.1
529	-1.403599	209.120048	0.009019	8.0
530	-1.588103	208.921139	0.013579	9.2
531	-1.085174	208.722733	0.008694	7.6
532	-0.650002	208.524829	0.006853	7.7
533	-1.515662	208.327425	0.018869	10.0
534	-0.886103	208.130518	0.012772	7.9
535	-1.116379	207.934107	0.010522	8.5
536	-1.694477	207.738189	0.011771	8.0
537	-0.685299	207.542762	0.006870	7.6
538	-0.905543	207.347825	0.006878	9.9
539	-1.477302	207.153376	0.009965	8.8
540	-0.454320	206.959412	0.003337	7.7
541	-1.117181	206.765932	0.012566	7.5
542	-0.990793	206.572933	0.009622	7.5
543	-1.014728	206.380414	0.013960	10.5
544	-0.923714	206.188373	0.014864	7.7
545	-0.426541	205.996807	0.002072	7.5
546	-0.647235	205.805716	0.011368	7.6
547	-0.692759	205.615096	0.008047	7.6
548	-1.279198	205.424946	0.009679	10.1
549	-1.443199	205.235265	0.010777	8.1
550	-1.368235	205.046050	0.021942	8.3
551	-0.638454	204.857299	0.009693	7.6
552	-0.725137	204.669011	0.008595	7.5
553	-1.474082	204.481184	0.013891	10.5
554	-0.991253	204.293816	0.007157	8.0
555	-1.349360	204.106905	0.013837	7.5
556	-0.891115	203.920449	0.016389	7.6
557	-1.363670	203.734447	0.012468	9.5
558	-1.477354	203.548896	0.009023	10.4
559	-1.021085	203.363795	0.014583	7.6
560	-1.444270	203.179143	0.012157	7.7
561	-1.469467	202.994937	0.016071	7.6
562	-1.116790	202.811176	0.012539	7.7
563	-1.150715	202.627857	0.010211	10.0
564	-0.197720	202.444980	0.002123	7.6
565	-0.978187	202.262543	0.009246	8.3
566	-0.556391	202.080543	0.008146	7.4
567	-1.663822	201.898979	0.016280	10.1
568	-1.611585	201.717849	0.025093	14.0
569	-0.327563	201.537153	0.003342	7.6
570	-0.829011	201.356887	0.005527	7.5
571	-1.566528	201.177050	0.025920	7.9
572	-0.519331	200.997642	0.005309	10.9
573	-0.460106	200.818659	0.006057	10.1
574	-0.941204	200.640100	0.009424	7.7
575	-0.571997	200.461965	0.008086	7.9
576	-0.876974	200.284250	0.008196	7.6
577	-0.001274	200.106955	0.000036	10.5
578	-1.589191	199.930078	0.026286	11.3
579	-1.195848	199.753617	0.007935	14.3
580	-1.114266	199.577571	0.011344	13.0
581	-1.252260	199.401938	0.012018	13.4
582	-1.492550	199.226717	0.017734	12.4
583	-0.324118	199.051905	0.005630	13.0
584	-1.238606	198.877502	0.008176	12.4
585	-1.335627	198.703506	0.018863	11.8
586	-1.268193	198.529916	0.008885	13.0
587	-1.401974	198.356729	0.023363	14.9
588	-1.477996	198.183944	0.023977	13.8
589	-0.309310	198.011560	0.006803	25.3
590	-1.077795	197.839576	0.008321	14.5
591	-1.288211	197.667989	0.010965	10.8
592	-1.249591	197.496798	0.018124	11.2
593	-1.226887	197.326002	0.010129	11.6
594	-1.450212	197.155600	0.014755	10.2
595	-0.558266	196.985589	0.005807	11.1
596	-1.036067	196.815969	0.009479	20.3
597	-0.299785	196.646738	0.005101	15.6
598	-1.261244	196.477894	0.008996	9.7
599	-1.173051	196.309436	0.004559	11.5
600	-0.768321	196.141363	0.011583	13.0
601	-1.507221	195.973673	0.008793	12.0
602	-1.406214	195.806365	0.013484	13.8
603	-1.603635	195.639437	0.008330	11.7
604	-1.346493	195.472888	0.013968	11.9
605	-0.859061	195.306717	0.008554	11.5
606	-1.026756	195.140922	0.010134	12.7
607	-0.569536	194.975501	0.009057	11.8
608	-0.953444	194.810454	0.012697	8.3
609	-0.959616	194.645779	0.009451	10.5
610	-0.632278	194.481475	0.014059	13.7
611	-1.404477	194.317540	0.014191	16.3
612	-0.955726	194.153973	0.010410	17.8
613	-0.539721	193.990773	0.006060	12.5
614	-1.352858	193.827938	0.005344	10.1
615	-1.603077	193.665467	0.023283	8.8
616	-0.534892	193.503358	0.004534	13.9
617	-1.430067	193.341611	0.021145	10.3
618	-1.492229	193.180224	0.007861	8.8
619	-1.524598	193.019196	0.012429	10.0
620	-1.649736	192.858525	0.009524	9.7
621	-1.438730	192.698210	0.012914	10.0
622	-1.463257	192.538251	0.019622	10.3
623	-1.648644	192.378644	0.015178	8.3
624	-1.116675	192.219391	0.012084	13.4
625	-1.558689	192.060488	0.014743	12.3
626	-1.236169	191.901935	0.014142	11.4
627	-1.237331	191.743730	0.008492	14.8
628	-1.254783	191.585873	0.013307	13.0
629	-1.541631	191.428362	0.012532	13.9
630	-1.463465	191.271196	0.009699	16.9
631	-0.939729	191.114374	0.007395	11.1
632	-1.210576	190.957893	0.019417	11.9
633	-1.517510	190.801755	0.008013	12.7
634	-1.602096	190.645956	0.022271	13.2
635	-0.853635	190.490495	0.013003	12.1
636	-1.660842	190.335373	0.011459	12.5
637	-0.898889	190.180587	0.012081	13.1
638	-1.014614	190.026136	0.010723	9.5
639	-1.536519	189.872019	0.013785	8.5
640	-1.496869	189.718235	0.021653	10.7
641	-1.403743	189.564782	0.013871	12.3
642	-1.436624	189.411661	0.009575	12.0
643	-0.259049	189.258868	0.006411	9.3
644	-1.202354	189.106404	0.010705	12.3
645	-1.011379	188.954267	0.008973	11.2
646	-0.096556	188.802456	0.000381	10.2
647	-1.149917	188.650969	0.008387	12.5
648	-0.733294	188.499807	0.009464	11.1
649	-1.213155	188.348967	0.011243	8.5
650	-1.251191	188.198448	0.014436	9.5
651	-1.363936	188.048250	0.021806	11.2
652	-1.608474	187.898371	0.009769	10.4
653	-1.494946	187.748810	0.016233	12.6
654	-0.174485	187.599566	0.002427	10.8
655	-1.384765	187.450638	0.019556	12.4
656	-0.943567	187.302025	0.004596	12.2
657	-1.390329	187.153725	0.011080	11.1
658	-1.523424	187.005739	0.009283	8.5
659	-0.478470	186.858064	0.009095	11.2
660	-1.653992	186.710699	0.026202	10.1
661	-1.528270	186.563645	0.015724	10.8
662	-1.456673	186.416898	0.013836	20.7
663	-1.299390	186.270459	0.018104	10.1
664	-0.642440	186.124326	0.007533	11.0
665	-1.544400	185.978499	0.010017	9.7
666	-1.154224	185.832976	0.009236	11.1
667	-0.999590	185.687756	0.006609	9.5
668	-1.259224	185.542838	0.013639	8.6
669	-1.572231	185.398222	0.014570	7.9
670	-0.784168	185.253906	0.017514	13.7
671	-0.225226	185.109889	0.002661	9.7
672	-1.584971	184.966170	0.015745	9.4
673	-0.166598	184.822748	0.002464	10.4
674	-0.784929	184.679623	0.009317	10.2
675	-1.222189	184.536792	0.012146	9.3
676	-0.098575	184.394256	0.001219	11.5
677	-1.710872	184.252013	0.023231	8.5
678	-1.594493	184.110062	0.008433	9.7
679	-1.393749	183.968403	0.012339	10.3
680	-0.845651	183.827034	0.007348	11.6
681	-1.494183	183.685954	0.021386	11.2
682	-1.336889	183.545163	0.011529	12.7
683	-0.421774	183.404658	0.006246	11.6
684	-1.050188	183.264441	0.010211	9.1
685	-1.492402	183.124509	0.012220	11.2
686	-0.557563	182.984861	0.007548	13.3
687	-0.777082	182.845497	0.012679	11.4
688	-1.498978	182.706416	0.020025	20.0
689	-1.224814	182.567616	0.012227	18.6
690	-0.590265	182.429098	0.011527	9.4
691	-1.464088	182.290859	0.009476	9.0
692	-1.520384	182.152899	0.009685	9.0
693	-1.234123	182.015217	0.010318	11.0
694	-1.092405	181.877813	0.011477	11.6
695	-1.463271	181.740684	0.025364	11.7
696	-0.271653	181.603832	0.002796	8.3
697	-1.507428	181.467253	0.016414	12.5
698	-0.093046	181.330948	0.000202	9.9
699	-0.750099	181.194916	0.012549	9.3
700	-0.570584	181.059155	0.002186	7.9
701	-1.166880	180.923666	0.009763	8.2
702	-0.136422	180.788446	0.001316	11.2
703	-1.592155	180.653496	0.012832	11.4
704	-0.347625	180.518814	0.006966	11.0
705	-1.154842	180.384399	0.008878	12.5
706	-1.379206	180.250251	0.011073	11.3
707	-1.077669	180.116369	0.004854	11.5
708	-0.008765	179.982752	0.000136	12.3
709	-1.583051	179.849398	0.009029	13.7
710	-0.595228	179.716308	0.003578	11.5
711	-0.865776	179.583480	0.012934	10.8
712	-1.041536	179.450913	0.017924	13.7
713	-1.163412	179.318607	0.009186	10.9
714	-0.950273	179.186561	0.012730	11.4
715	-1.228423	179.054774	0.016005	11.8
716	-1.675986	178.923245	0.012306	14.1
717	-1.421383	178.791973	0.013266	11.9
718	-1.694100	178.660958	0.009034	11.6
719	-1.414435	178.530199	0.015010	13.4
720	-1.498152	178.399694	0.007292	21.7
721	-1.407024	178.269444	0.011742	16.0
722	-1.449200	178.139447	0.010162	11.4
723	-0.548442	178.009702	0.003301	11.0
724	-1.004494	177.880209	0.010210	10.8
725	-1.465355	177.750967	0.011215	12.7
726	-1.645048	177.621975	0.015056	11.4
727	-1.223997	177.493232	0.021027	11.9
728	-1.741866	177.364738	0.019045	11.2
729	-1.137468	177.236492	0.009027	14.4
730	-1.550957	177.108492	0.008055	10.2
731	-1.272425	176.980739	0.007995	10.3
732	-0.997317	176.853231	0.006958	12.6
733	-0.613411	176.725968	0.008278	8.4
734	-0.345331	176.598949	0.006432	7.9
735	-1.409388	176.472173	0.012467	8.7
736	-1.671084	176.345639	0.014672	11.5
737	-0.410975	176.219348	0.002956	11.2
738	-1.044628	176.093296	0.011721	9.7
739	-0.480742	175.967486	0.005637	9.8
740	-0.917780	175.841914	0.009515	12.3
741	-1.555134	175.716581	0.010462	10.8
742	-0.812577	175.591486	0.006507	11.0
743	-1.454803	175.466629	0.011370	8.8
744	-1.563150	175.342008	0.015370	11.9
745	-1.549694	175.217622	0.008148	10.0
746	-0.380183	175.093472	0.003537	9.7
747	-1.042873	174.969556	0.011228	8.5
748	-1.424063	174.845873	0.019578	11.6
749	-0.086903	174.722423	0.000840	9.6
750	-1.544749	174.599206	0.009204	10.6
751	-1.141157	174.476220	0.015551	7.7
752	-1.567947	174.353464	0.014355	10.0
753	-1.674665	174.230939	0.009030	9.0
754	-1.417709	174.108643	0.011974	8.1
755	-1.516173	173.986576	0.014294	10.4
756	-0.154152	173.864737	0.001672	11.0
757	-0.761375	173.743124	0.010325	8.5
758	-1.401390	173.621739	0.009900	10.9
759	-1.670748	173.500579	0.012596	7.9
760	-1.560594	173.379645	0.012518	10.0
761	-0.489179	173.258935	0.008324	8.9
762	-0.750533	173.138449	0.011437	8.3
763	-0.649944	173.018186	0.007108	8.2
764	-1.355169	172.898146	0.013832	8.6
765	-1.404260	172.778327	0.020508	10.8
766	-0.990075	172.658730	0.007824	8.3
767	-0.702622	172.539353	0.009708	7.8
768	-0.960693	172.420196	0.006686	9.0
769	-0.921983	172.301258	0.006797	8.9
770	-1.251490	172.182539	0.024043	10.8
771	-1.376287	172.064037	0.016010	8.6
772	-1.340115	171.945753	0.014520	7.7
773	-1.014282	171.827686	0.014146	7.5
774	-0.593206	171.709834	0.007819	10.3
775	-1.352641	171.592198	0.013854	7.7
776	-1.395553	171.474776	0.014289	7.8
777	-1.206122	171.357568	0.008065	7.7
778	-1.406516	171.240574	0.010049	8.3
779	-0.762650	171.123793	0.010388	10.5
780	-1.530598	171.007223	0.005904	7.6
781	-0.472560	170.890865	0.007849	7.8
782	-0.916038	170.774718	0.011760	7.3
783	-1.047398	170.658782	0.008133	7.7
784	-1.074960	170.543055	0.008065	10.2
785	-1.581206	170.427537	0.006077	7.9
786	-0.614808	170.312227	0.010205	7.6
787	-1.426097	170.197125	0.012559	7.8
788	-1.248319	170.082231	0.004460	7.6
789	-1.266093	169.967543	0.008324	10.2
790	-1.345236	169.853061	0.007493	7.6
791	-1.618689	169.738784	0.017462	7.9
792	-0.435835	169.624713	0.005645	7.6
793	-1.578262	169.510845	0.023161	7.5
794	-1.713784	169.397181	0.006852	10.2
795	-1.046188	169.283720	0.013913	9.1
796	-1.469671	169.170462	0.016837	7.5
797	-0.486461	169.057405	0.005420	8.1
798	-0.808264	168.944549	0.009718	7.6
799	-0.616571	168.831895	0.008569	10.1
800	-1.368830	168.719440	0.010650	7.8
801	-1.539378	168.607185	0.013733	8.0
802	-1.274059	168.495129	0.014203	8.2
803	-0.753020	168.383271	0.005344	7.6
804	-0.839290	168.271611	0.004683	10.4
805	-0.176270	168.160148	0.002370	8.8
806	-0.973844	168.048882	0.005055	10.4
807	-1.308784	167.937812	0.007409	8.6
808	-1.227142	167.826938	0.004349	12.9
809	-0.722537	167.716258	0.011773	10.4
810	-1.061456	167.605773	0.008704	7.9
811	-1.229323	167.495482	0.021371	7.6
812	-0.664817	167.385384	0.004969	9.7
813	-0.857925	167.275479	0.008433	12.0
814	-1.475580	167.165766	0.015897	9.4
815	-0.733720	167.056245	0.006807	7.9
816	-1.366128	166.946915	0.013662	7.7
817	-1.395421	166.837776	0.009605	13.5
818	-1.003820	166.728826	0.004845	8.0
819	-1.040375	166.620067	0.010751	8.4
820	-0.308917	166.511496	0.004510	7.8
821	-0.422343	166.403113	0.002223	9.9
822	-0.016272	166.294919	0.000208	7.8
823	-0.606524	166.186912	0.005301	7.8
824	-1.481431	166.079091	0.005492	7.8
825	-0.622421	165.971458	0.011440	8.2
826	-0.578103	165.864009	0.007756	10.7
827	-0.496337	165.756747	0.012698	7.6
828	-1.102388	165.649669	0.013269	8.2
829	-1.021857	165.542775	0.008675	7.7
830	-1.211565	165.436065	0.011178	8.1
831	-1.128786	165.329538	0.012986	10.3
832	-1.400929	165.223194	0.017447	7.7
833	-1.608752	165.117032	0.010805	7.6
834	-1.414143	165.011052	0.008527	7.6
835	-1.021859	164.905253	0.007412	7.7
836	-0.858109	164.799635	0.009316	11.1
837	-1.116826	164.694197	0.008363	7.9
838	-1.262622	164.588939	0.011269	8.2
839	-0.661659	164.483859	0.010254	8.5
840	-1.243647	164.378959	0.017739	9.1
841	-1.641657	164.274237	0.008315	12.0
842	-0.554767	164.169692	0.007635	9.7
843	-1.364694	164.065325	0.011875	9.7
844	-0.842568	163.961135	0.007986	8.0
845	-1.523316	163.857120	0.007752	10.4
846	-1.620195	163.753282	0.010012	7.9
847	-1.497360	163.649619	0.013788	7.6
848	-0.973412	163.546130	0.005241	7.9
849	-1.423197	163.442816	0.015218	8.8
850	-1.273999	163.339676	0.013624	9.1
851	-0.593086	163.236709	0.010618	7.6
852	-1.284584	163.133915	0.016202	8.0
853	-0.539486	163.031294	0.003615	6.9
854	-1.549268	162.928844	0.018327	10.7
855	-0.327989	162.826566	0.004595	7.6
856	-0.694059	162.724459	0.013398	8.2
857	-1.005066	162.622523	0.008004	7.0
858	-1.426234	162.520757	0.010466	7.7
859	-1.640694	162.419160	0.009849	10.2
860	-1.393926	162.317733	0.007659	8.3
861	-0.886600	162.216474	0.007029	7.8
862	-1.236250	162.115383	0.010315	7.6
863	-0.803010	162.014461	0.007212	7.8
864	-1.701355	161.913705	0.014553	10.4
865	-0.658235	161.813117	0.008665	8.3
866	-1.239770	161.712695	0.015304	8.0
867	-1.546640	161.612439	0.017087	7.1
868	-0.811293	161.512349	0.006259	7.9
869	-0.682391	161.412424	0.010082	10.5
870	-1.497174	161.312663	0.014784	7.8
871	-1.146406	161.213067	0.009081	9.9
872	-1.527185	161.113635	0.010169	8.7
873	-0.119097	161.014366	0.001592	7.5
874	-1.587429	160.915260	0.018129	11.3
875	-1.155890	160.816316	0.019393	8.2
876	-1.366550	160.717535	0.009695	7.7
877	-1.569021	160.618915	0.015460	7.8
878	-0.987514	160.520456	0.007599	10.4
879	-0.772277	160.422158	0.007395	7.7
880	-1.466557	160.324021	0.007849	8.3
881	-1.090650	160.226043	0.013018	7.6
882	-1.569066	160.128225	0.022450	8.2
883	-1.552209	160.030566	0.006936	10.7
884	-0.472703	159.933066	0.004029	7.7
885	-1.288753	159.835723	0.015325	12.3
886	-1.206480	159.738539	0.011935	8.2
887	-0.479445	159.641512	0.006722	9.6
888	-1.283814	159.544642	0.008395	7.8
889	-0.527181	159.447929	0.006177	7.7
890	-1.545372	159.351372	0.020656	7.5
891	-0.324321	159.254971	0.002326	7.6
892	-0.713113	159.158725	0.015044	10.0
893	-1.535621	159.062634	0.010844	8.4
894	-0.866903	158.966697	0.012678	7.9
895	-1.322686	158.870915	0.016839	7.9
896	-1.492355	158.775286	0.012694	7.9
897	-0.580244	158.679811	0.004214	13.4
898	-1.473274	158.584489	0.012348	9.1
899	-0.623399	158.489319	0.010367	7.7
900	-0.799538	158.394302	0.010507	7.8
901	-0.540784	158.299436	0.006438	7.6
902	-1.379322	158.204721	0.012883	9.7
903	-0.883066	158.110158	0.002181	7.6
904	-0.466230	158.015745	0.004645	7.6
905	-0.624747	157.921482	0.007680	7.5
906	-1.185505	157.827369	0.009974	7.5
907	-0.542868	157.733406	0.012840	10.3
908	-1.449127	157.639591	0.011750	7.7
909	-1.189256	157.545925	0.016630	7.6
910	-0.774271	157.452408	0.009574	7.6
911	-1.297018	157.359038	0.015402	7.5
912	-1.124864	157.265816	0.005134	10.3
913	-1.322210	157.172741	0.006002	7.2
914	-1.337090	157.079813	0.018534	7.7
915	-0.895008	156.987031	0.009539	7.5
916	-0.281406	156.894395	0.005616	7.6
917	-1.456565	156.801904	0.014596	10.2
918	-0.852035	156.709559	0.007111	7.8
919	-1.673394	156.617359	0.017512	7.5
920	-1.143270	156.525304	0.007955	7.6
921	-1.384820	156.433392	0.007676	7.6
922	-0.638021	156.341624	0.002292	10.1
923	-1.412400	156.250000	0.014993	8.6
924	-1.662436	156.158519	0.015471	8.2
925	-0.809818	156.067180	0.008087	7.4
926	-1.544269	155.975984	0.019820	7.3
927	-0.859022	155.884930	0.005011	10.1
928	-1.268929	155.794017	0.014727	7.9
929	-0.496593	155.703246	0.005264	7.4
930	-0.926812	155.612615	0.005715	7.6
931	-1.373355	155.522125	0.013293	7.6
932	-1.211494	155.431775	0.005723	10.2
933	-1.269087	155.341565	0.011850	7.6
934	-0.822717	155.251495	0.010920	7.8
935	-1.649768	155.161563	0.013853	8.4
936	-1.111607	155.071771	0.014279	8.1
937	-0.733619	154.982117	0.008288	9.9
938	-1.269318	154.892601	0.009749	8.4
939	-0.563272	154.803222	0.005061	7.5
940	-1.082644	154.713981	0.006950	7.6
941	-0.643034	154.624878	0.006334	7.5
942	-0.072694	154.535910	0.000513	10.7
943	-1.541309	154.447080	0.007904	7.6
944	-0.425997	154.358385	0.001356	7.6
945	-1.380006	154.269826	0.015878	7.6
946	-1.321745	154.181402	0.012118	7.5
947	-1.280444	154.093114	0.009433	10.1
948	-0.438105	154.004960	0.008913	7.8
949	-1.580901	153.916940	0.010812	7.7
950	-1.455155	153.829054	0.010455	7.6
951	-1.399557	153.741303	0.008934	8.3
952	-1.520401	153.653684	0.014810	10.7
953	-0.945953	153.566198	0.011999	8.1
954	-1.350823	153.478846	0.009698	7.8
955	-0.481816	153.391625	0.007535	7.6
956	-1.343123	153.304537	0.011284	7.5
957	-1.471179	153.217580	0.011159	9.4
958	-0.459907	153.130755	0.004435	7.6
959	-1.537968	153.044061	0.014716	7.6
960	-1.501135	152.957498	0.007117	7.8
961	-0.853058	152.871065	0.008062	7.5
962	-0.252907	152.784762	0.002390	9.0
963	-1.576784	152.698589	0.015705	7.6
964	-1.453366	152.612545	0.014633	7.5
965	-1.222202	152.526631	0.007993	7.5
966	-0.929507	152.440845	0.008611	7.5
967	-0.759898	152.355188	0.007966	10.1
968	-1.258547	152.269660	0.009840	7.7
969	-0.783729	152.184259	0.010629	7.8
970	-1.558565	152.098986	0.007663	7.5
971	-0.979868	152.013840	0.015320	7.4
972	-1.004496	151.928821	0.007087	10.2
973	-1.686939	151.843928	0.012331	7.7
974	-0.860553	151.759163	0.007994	7.5
975	-1.348394	151.674523	0.010009	7.6
976	-1.744677	151.590009	0.017947	7.5
977	-1.632427	151.505620	0.012743	10.3
978	-1.210839	151.421357	0.011602	7.5
979	-1.450585	151.337218	0.009592	7.9
980	-0.147614	151.253204	0.001326	7.7
981	-1.629580	151.169314	0.021396	7.7
982	-1.370492	151.085549	0.011175	10.2
983	-1.727538	151.001907	0.016628	7.8
984	-1.110900	150.918388	0.005067	8.3
985	-1.230978	150.834992	0.020274	7.9
986	-1.048308	150.751719	0.006655	7.7
987	-1.162223	150.668569	0.015573	10.1
988	-0.513434	150.585541	0.004099	7.5
989	-1.367276	150.502634	0.009526	7.8
990	-0.319563	150.419849	0.005353	7.6
991	-1.534743	150.337186	0.014069	7.5
992	-1.458065	150.254644	0.011742	10.3
993	-1.288997	150.172222	0.007009	7.8
994	-1.432078	150.089921	0.014213	7.7
995	-1.314238	150.007740	0.015430	8.2
996	-1.619898	149.925679	0.010999	8.2
997	-1.366064	149.843737	0.011796	9.7
998	-0.835583	149.761915	0.009186	7.6
999	-1.511559	149.680212	0.008770	7.7
1000	-1.281759	149.598627	0.021227	7.7
1001	-1.317466	149.517161	0.014802	7.8
1002	-1.143873	149.435814	0.011022	10.2
1003	-1.534120	149.354584	0.013669	7.8
1004	-0.748705	149.273472	0.010778	7.8
1005	-0.479830	149.192477	0.004620	7.9
1006	-1.563466	149.111599	0.018487	7.6
1007	-1.203392	149.030838	0.008704	10.3
1008	-1.608773	148.950194	0.012750	7.8
1009	-1.014522	148.869666	0.016517	7.7
1010	-0.149296	148.789253	0.000991	7.5
1011	-0.678961	148.708957	0.013081	7.6
1012	-1.113449	148.628776	0.008767	10.4
1013	-1.597966	148.548710	0.004254	7.5
1014	-0.607779	148.468759	0.005668	8.5
1015	-0.840080	148.388923	0.005897	8.5
1016	-1.264570	148.309201	0.014436	7.8
1017	-1.640154	148.229594	0.011820	10.0
1018	-1.032405	148.150100	0.009059	7.7
1019	-1.533745	148.070719	0.010110	8.1
1020	-1.382243	147.991452	0.009740	8.1
1021	-1.346254	147.912298	0.014574	7.7
1022	-0.342235	147.833257	0.006235	10.5
1023	-1.205281	147.754329	0.016797	8.2
1024	-1.179855	147.675512	0.007283	7.6
1025	-0.256396	147.596808	0.003162	7.6
1026	-1.374247	147.518216	0.008328	7.5
1027	-0.727317	147.439735	0.004738	10.1
1028	-0.605409	147.361365	0.006808	7.8
1029	-1.261603	147.283106	0.014331	7.7
1030	-1.069849	147.204958	0.007279	7.6
1031	-1.568574	147.126920	0.007660	7.5
1032	-1.627080	147.048993	0.018508	10.1
1033	-0.412659	146.971175	0.008802	7.9
1034	-0.189306	146.893468	0.002561	7.6
1035	-1.472298	146.815869	0.014046	7.6
1036	-0.653113	146.738380	0.008898	7.7
1037	-0.905322	146.661000	0.009966	10.4
1038	-1.419190	146.583729	0.014278	7.7
1039	-1.517694	146.506566	0.016830	7.5
1040	-1.328552	146.429511	0.009758	7.6
1041	-1.446913	146.352565	0.019148	8.0
1042	-0.637366	146.275726	0.005907	10.5
1043	-0.680637	146.198994	0.005889	12.3
1044	-1.102891	146.122370	0.013863	18.0
1045	-1.434381	146.045853	0.014765	18.1
1046	-0.391093	145.969442	0.005741	7.6
1047	-0.900307	145.893139	0.008137	7.6
1048	-0.183956	145.816941	0.002680	7.6
1049	-1.522489	145.740849	0.014019	7.9
1050	-1.023416	145.664863	0.007888	10.2
1051	-0.664453	145.588983	0.008564	8.6
1052	-1.614412	145.513208	0.010934	8.4
1053	-1.394352	145.437538	0.016302	7.6
1054	-0.069054	145.361973	0.000846	7.8
1055	-1.191918	145.286513	0.007045	9.5
1056	-1.376600	145.211157	0.017224	7.6
1057	-0.707157	145.135905	0.008568	7.6
1058	-1.281157	145.060757	0.006990	7.8
1059	-0.538506	144.985712	0.004522	8.2
1060	-1.370745	144.910771	0.024300	9.9
1061	-1.570059	144.835934	0.007686	7.6
1062	-0.527945	144.761199	0.006211	7.6
1063	-0.080873	144.686567	0.000851	7.6
1064	-1.535962	144.612037	0.008110	7.6
1065	-1.129632	144.537610	0.010094	10.0
1066	-0.423778	144.463285	0.004293	7.5
1067	-1.254097	144.389062	0.013192	7.6
1068	-1.060075	144.314940	0.009128	7.5
1069	-1.403663	144.240920	0.014083	7.5
1070	-0.718586	144.167001	0.007145	10.4
1071	-1.309912	144.093182	0.013749	8.5
1072	-0.157971	144.019465	0.001987	7.8
1073	-1.426359	143.945848	0.010207	7.5
1074	-1.593580	143.872331	0.015136	7.6
1075	-1.004631	143.798914	0.008843	9.6
1076	-1.094766	143.725597	0.004908	7.6
1077	-0.498912	143.652380	0.008695	7.6
1078	-1.491716	143.579262	0.018320	7.7
1079	-0.408101	143.506243	0.006498	7.8
1080	-0.932202	143.433323	0.009025	9.9
1081	-1.037538	143.360502	0.013663	7.6
1082	-1.304047	143.287780	0.010223	7.8
1083	-1.484889	143.215155	0.011181	7.5
1084	-1.623853	143.142629	0.012115	7.6
1085	-0.801096	143.070201	0.011970	10.0
1086	-0.455799	142.997870	0.004449	7.0
1087	-1.469577	142.925637	0.017742	7.6
1088	-1.269560	142.853501	0.015809	7.8
1089	-1.643647	142.781462	0.008738	7.7
1090	-1.581264	142.709519	0.012896	10.2
1091	-1.273911	142.637674	0.024808	7.5
1092	-1.509273	142.565924	0.007837	7.6
1093	-1.039521	142.494271	0.009080	7.5
1094	-0.149425	142.422714	0.001726	8.0
1095	-1.678480	142.351252	0.014017	10.0
1096	-1.615446	142.279886	0.011776	7.7
1097	-1.525811	142.208616	0.017007	7.5
1098	-1.441931	142.137440	0.014390	7.6
1099	-1.560793	142.066360	0.023698	8.4
1100	-0.606035	141.995374	0.005673	10.4
1101	-1.346344	141.924483	0.020248	7.5
1102	-1.177266	141.853685	0.020154	7.9
1103	-0.571960	141.782983	0.004952	7.0
1104	-1.302457	141.712373	0.007299	7.5
1105	-1.352530	141.641858	0.006087	9.9
1106	-1.556259	141.571436	0.011408	7.6
1107	-0.898605	141.501108	0.004611	7.3
1108	-1.047751	141.430872	0.005219	7.6
1109	-1.542884	141.360730	0.018154	8.2
1110	-1.074727	141.290680	0.015206	11.3
1111	-0.855491	141.220722	0.006775	7.6
1112	-1.103245	141.150857	0.008889	7.7
1113	-1.366760	141.081084	0.015915	7.6
1114	-0.954196	141.011403	0.006650	7.6
1115	-1.540498	140.941813	0.026312	10.4
1116	-0.915480	140.872315	0.009175	9.6
1117	-0.640533	140.802909	0.004439	8.1
1118	-1.620059	140.733593	0.016152	8.9
1119	-1.366078	140.664369	0.008171	7.6
1120	-0.946661	140.595235	0.006671	11.6
1121	-1.767485	140.526192	0.016452	7.7
1122	-1.384535	140.457239	0.018359	8.4
1123	-1.747277	140.388376	0.008374	7.6
1124	-1.327253	140.319603	0.013541	11.1
1125	-0.195826	140.250920	0.004193	9.0
1126	-0.678955	140.182326	0.003942	7.5
1127	-1.650321	140.113822	0.006988	9.0
1128	-1.333738	140.045407	0.005692	7.6
1129	-0.950767	139.977081	0.011756	11.3
1130	-1.409983	139.908844	0.011227	7.6
1131	-1.709554	139.840696	0.014557	9.0
1132	-1.281304	139.772635	0.012116	7.5
1133	-0.033266	139.704664	0.000362	10.6
1134	-1.565025	139.636780	0.014066	7.6
1135	-0.795062	139.568984	0.008595	9.4
1136	-1.566836	139.501276	0.010627	7.7
1137	-1.485557	139.433655	0.013900	8.4
1138	-0.627511	139.366122	0.009336	11.9
1139	-1.550853	139.298676	0.012586	7.6
1140	-1.510740	139.231317	0.016290	8.8
1141	-1.334219	139.164045	0.011223	7.5
1142	-0.164470	139.096859	0.001613	10.5
1143	-1.592497	139.029760	0.016524	7.5
1144	-1.289172	138.962747	0.009285	8.6
1145	-1.618828	138.895820	0.014340	7.5
1146	-0.331315	138.828978	0.004420	8.6
1147	-0.992400	138.762223	0.008903	9.9
1148	-0.250134	138.695553	0.001825	9.1
1149	-0.202505	138.628969	0.002211	7.7
1150	-1.610204	138.562469	0.014263	8.9
1151	-0.670073	138.496055	0.005273	8.1
1152	-0.732188	138.429725	0.005422	12.0
1153	-0.693237	138.363481	0.003945	8.6
1154	-0.901041	138.297320	0.010155	7.5
1155	-0.878162	138.231244	0.003160	8.8
1156	-1.014871	138.165252	0.011489	10.9
1157	-0.967655	138.099344	0.010765	8.7
1158	-1.587546	138.033520	0.010966	7.7
1159	-0.844471	137.967779	0.013643	8.7
1160	-1.653658	137.902122	0.012634	7.9
1161	-1.072086	137.836548	0.008878	10.5
1162	-1.048586	137.771057	0.006736	7.6
1163	-0.667817	137.705649	0.009888	8.2
1164	-0.543926	137.640324	0.006812	7.5
1165	-1.262303	137.575081	0.015567	8.8
1166	-1.477130	137.509921	0.012504	10.4
1167	-0.575603	137.444842	0.011239	8.1
1168	-0.389111	137.379846	0.005767	8.5
1169	-1.453032	137.314932	0.012472	8.9
1170	-0.704579	137.250100	0.007045	8.5
1171	-0.163253	137.185349	0.001189	7.5
1172	-0.496791	137.120680	0.004196	8.8
1173	-0.215169	137.056092	0.003318	8.5
1174	-1.330676	136.991585	0.017589	8.6
1175	-1.354183	136.927158	0.015781	7.5
1176	-0.206696	136.862813	0.003039	8.4
1177	-0.662806	136.798548	0.007753	8.7
1178	-1.525130	136.734363	0.015176	10.0
1179	-0.403101	136.670259	0.009473	7.6
1180	-0.377821	136.606235	0.005119	7.3
1181	-0.503609	136.542291	0.010207	7.6
1182	-1.399610	136.478426	0.007546	7.4
1183	-0.367914	136.414641	0.003202	7.6
1184	-0.229302	136.350936	0.004656	7.6
1185	-1.157780	136.287310	0.011590	7.6
1186	-1.062187	136.223763	0.007424	7.4
1187	-1.406981	136.160295	0.018983	7.4
1188	-0.864806	136.096905	0.015301	7.5
1189	-0.612545	136.033594	0.005876	7.2
1190	-0.858355	135.970362	0.011807	7.6
1191	-0.802201	135.907208	0.007539	7.7
1192	-1.354095	135.844133	0.019387	7.7
1193	-0.458570	135.781135	0.003332	7.5
1194	-1.581015	135.718215	0.015582	7.4
1195	-0.573709	135.655373	0.005893	6.9
1196	-0.750719	135.592608	0.007354	9.2
1197	-1.160120	135.529921	0.003942	7.4
1198	-0.429973	135.467311	0.004683	7.8
1199	-0.807864	135.404778	0.012302	8.1
1200	-0.696035	135.342322	0.005240	8.2
1201	-1.244293	135.279942	0.017172	8.0
1202	-0.356142	135.217640	0.004722	7.4
1203	-1.482807	135.155413	0.007124	7.6
1204	-1.176651	135.093263	0.008508	7.5
1205	-1.576159	135.031190	0.005245	7.4
1206	-0.749557	134.969192	0.006769	7.5
1207	-1.685194	134.907270	0.010904	7.5
1208	-0.897141	134.845424	0.017642	7.4
1209	-1.125640	134.783653	0.011408	7.6
1210	-0.339659	134.721958	0.003560	7.6
1211	-1.652390	134.660338	0.012504	7.5
1212	-1.507513	134.598793	0.010670	7.5
1213	-1.651851	134.537323	0.023323	7.4
1214	-0.816814	134.475927	0.005499	7.4
1215	-1.268392	134.414607	0.009426	7.5
1216	-1.059964	134.353361	0.009205	7.5
1217	-0.877023	134.292189	0.005767	7.3
1218	-1.417231	134.231092	0.015801	7.6
1219	-0.728806	134.170068	0.003678	7.5
1220	-0.952001	134.109119	0.008632	7.4
1221	-1.530497	134.048243	0.011637	8.3
1222	-1.569385	133.987441	0.007377	7.6
1223	-0.774116	133.926713	0.008178	7.4
1224	-0.083463	133.866057	0.001119	7.5
1225	-1.434994	133.805475	0.009758	7.5
1226	-0.548857	133.744966	0.003310	7.4
1227	-1.414995	133.684530	0.006694	7.6
1228	-0.923023	133.624167	0.005892	7.4
1229	-1.466971	133.563877	0.022594	7.4
1230	-0.357139	133.503658	0.003502	7.4
1231	-1.545600	133.443513	0.018414	8.1
1232	-0.117616	133.383439	0.001647	7.5
1233	-1.221131	133.323437	0.004874	7.5
1234	-1.067909	133.263508	0.007852	7.5
1235	-1.558377	133.203650	0.018360	7.5
1236	-0.062895	133.143864	0.000473	7.6
1237	-0.059567	133.084149	0.000644	7.3
1238	-1.520749	133.024506	0.009995	7.4
1239	-1.681942	132.964934	0.015367	7.7
1240	-1.339414	132.905433	0.010202	7.4
1241	-0.783806	132.846003	0.004204	7.4
1242	-1.156141	132.786643	0.009542	8.4
1243	-1.315306	132.727355	0.020684	7.5
1244	-0.542059	132.668137	0.010791	7.4
1245	-0.646203	132.608989	0.012548	7.5
1246	-1.482075	132.549912	0.011917	7.4
1247	-1.128421	132.490904	0.010926	7.9
1248	-0.921859	132.431967	0.010861	7.5
1249	-1.642873	132.373100	0.018847	7.5
1250	-0.137772	132.314302	0.001632	7.5
1251	-1.512081	132.255574	0.017426	7.4
1252	-0.930670	132.196916	0.011384	7.5
1253	-1.213529	132.138326	0.007318	7.4
1254	-1.416104	132.079806	0.021850	7.4
1255	-1.693833	132.021355	0.021141	7.5
1256	-1.576738	131.962973	0.009024	7.5
1257	-1.203275	131.904660	0.012157	7.5
1258	-1.446917	131.846415	0.011172	7.5
1259	-0.397940	131.788239	0.003231	6.6
1260	-1.247446	131.730131	0.010405	7.6
1261	-0.512292	131.672092	0.002347	7.4
1262	-0.444454	131.614121	0.004938	7.5
1263	-0.355395	131.556217	0.011811	7.7
1264	-0.179959	131.498382	0.001305	8.1
1265	-0.577207	131.440614	0.006475	8.2
1266	-0.656651	131.382914	0.004251	7.4
1267	-0.649466	131.325282	0.009138	7.5
1268	-0.778712	131.267717	0.010293	7.6
1269	-0.973740	131.210219	0.020405	7.5
1270	-1.549513	131.152788	0.012115	7.5
1271	-1.612927	131.095424	0.017770	8.0
1272	-1.499269	131.038127	0.007271	7.4
1273	-1.129911	130.980897	0.011574	8.1
1274	-1.444781	130.923733	0.017239	7.7
1275	-1.085847	130.866636	0.009486	7.5
1276	-0.452201	130.809605	0.006949	8.3
1277	-1.260072	130.752641	0.006648	7.4
1278	-1.146611	130.695742	0.007792	7.5
1279	-1.556121	130.638910	0.010146	7.5
1280	-0.794485	130.582143	0.008892	7.6
1281	-0.870424	130.525442	0.009398	7.6
1282	-0.878136	130.468807	0.010729	7.5
1283	-0.865728	130.412237	0.013366	8.9
1284	-1.052752	130.355733	0.009712	7.8
1285	-1.700797	130.299294	0.017786	7.5
1286	-0.696451	130.242920	0.008590	7.5
1287	-0.369211	130.186611	0.004838	7.5
1288	-1.425973	130.130366	0.013823	7.8
1289	-0.702134	130.074187	0.008802	7.5
1290	-1.649756	130.018072	0.020428	7.5
1291	-0.958327	129.962022	0.009350	8.5
1292	-1.675006	129.906036	0.017154	7.9
1293	-1.085986	129.850114	0.009052	7.4
1294	-1.596828	129.794257	0.008061	7.5
1295	-1.277945	129.738463	0.012941	7.5
1296	-1.546585	129.682734	0.006715	7.7
1297	-0.360742	129.627068	0.002436	7.8
1298	-1.526624	129.571466	0.020709	8.5
1299	-0.692653	129.515927	0.012797	8.2
1300	-1.304356	129.460452	0.016265	7.5
1301	-1.571697	129.405040	0.014772	7.8
1302	-0.852191	129.349692	0.009373	7.5
1303	-1.506716	129.294406	0.009524	7.5
1304	-1.303357	129.239183	0.008302	7.5
1305	-0.789554	129.184024	0.002709	7.5
1306	-1.377580	129.128927	0.012709	7.4
1307	-1.490156	129.073892	0.012517	7.5
1308	-1.569449	129.018921	0.014053	7.7
1309	-1.225877	128.964011	0.005900	7.6
1310	-1.543330	128.909164	0.008299	7.4
1311	-1.074764	128.854379	0.007926	7.5
1312	-1.371671	128.799656	0.006589	7.6
1313	-1.205043	128.744995	0.009111	7.6
1314	-1.571276	128.690396	0.009412	7.5
1315	-0.509944	128.635858	0.006981	7.7
1316	-1.487200	128.581382	0.015351	7.5
1317	-1.562546	128.526968	0.010115	7.7
1318	-0.705751	128.472615	0.006575	7.4
1319	-1.231153	128.418323	0.013288	7.6
1320	-1.398496	128.364092	0.021183	7.6
1321	-1.426961	128.309922	0.020507	7.5
1322	-0.006666	128.255814	0.000126	7.4
1323	-0.560790	128.201766	0.006493	7.5
1324	-1.680132	128.147778	0.014121	7.5
1325	-1.128064	128.093852	0.017597	7.5
1326	-1.482672	128.039985	0.012731	7.6
1327	-1.182510	127.986180	0.012937	7.6
1328	-0.665837	127.932434	0.006244	7.6
1329	-1.125579	127.878749	0.009429	8.2
1330	-0.525281	127.825123	0.005528	8.5
1331	-0.620656	127.771558	0.008939	8.1
1332	-0.654302	127.718052	0.011358	7.6
1333	-0.987753	127.664606	0.003889	7.5
1334	-0.832449	127.611220	0.011053	7.5
1335	-0.887737	127.557893	0.007871	7.3
1336	-0.999101	127.504625	0.013387	7.5
1337	-0.858015	127.451417	0.003283	7.5
1338	-1.578553	127.398268	0.011571	7.5
1339	-1.032456	127.345178	0.007477	7.5
1340	-0.300814	127.292147	0.003581	7.2
1341	-0.792542	127.239175	0.005435	8.2
1342	-0.908261	127.186261	0.008523	7.6
1343	-0.379881	127.133407	0.003206	7.5
1344	-1.073337	127.080610	0.014185	7.6
1345	-0.503257	127.027872	0.006928	8.4
1346	-1.546953	126.975193	0.015768	7.6
1347	-0.806462	126.922572	0.007253	8.3
1348	-1.269650	126.870008	0.005917	7.5
1349	-0.636855	126.817503	0.007285	7.4
1350	-0.633306	126.765056	0.006786	7.4
1351	-0.561268	126.712667	0.011837	7.4
1352	-0.209188	126.660335	0.003159	7.5
1353	-0.947693	126.608061	0.008718	7.5
1354	-0.683909	126.555844	0.006527	8.8
1355	-1.015595	126.503685	0.009791	8.9
1356	-1.342533	126.451583	0.009492	7.7
1357	-1.608799	126.399538	0.023802	7.5
1358	-1.253410	126.347550	0.010437	7.6
1359	-0.378083	126.295619	0.005785	7.5
1360	-1.247792	126.243745	0.012754	7.5
1361	-0.676301	126.191928	0.013840	7.6
1362	-1.043858	126.140168	0.003008	7.5
1363	-0.330627	126.088464	0.002053	7.4
1364	-1.427421	126.036817	0.012295	8.1
1365	-0.911400	125.985226	0.011940	7.6
1366	-1.716943	125.933691	0.011237	7.5
1367	-1.395136	125.882212	0.014324	7.5
1368	-1.570055	125.830790	0.010180	7.5
1369	-0.594493	125.779423	0.006280	8.0
1370	-0.332878	125.728113	0.003518	7.5
1371	-1.274951	125.676858	0.008038	7.5
1372	-1.518235	125.625659	0.013579	7.7
1373	-1.697619	125.574515	0.022680	7.7
1374	-1.053320	125.523427	0.012633	7.5
1375	-1.099815	125.472394	0.006275	7.3
1376	-0.522532	125.421417	0.004731	6.9
1377	-1.485249	125.370495	0.016781	7.8
1378	-1.586472	125.319628	0.013251	7.5
1379	-0.666914	125.268815	0.005001	7.4
1380	-1.456699	125.218058	0.012960	7.5
1381	-0.858205	125.167356	0.006497	7.7
1382	-1.502150	125.116708	0.014747	7.6
1383	-1.526804	125.066115	0.012133	7.5
1384	-1.696573	125.015576	0.008197	7.7
1385	-1.338467	124.965092	0.011434	8.6
1386	-0.724740	124.914662	0.009922	7.5
1387	-0.583451	124.864287	0.011542	7.6
1388	-1.257443	124.813965	0.017571	7.5
1389	-0.947789	124.763698	0.013778	7.5
1390	-1.324568	124.713485	0.007294	7.5
1391	-1.391253	124.663325	0.010932	7.5
1392	-0.980647	124.613219	0.017453	7.5
1393	-0.730022	124.563167	0.010331	7.5
1394	-1.578713	124.513168	0.012741	7.5
1395	-1.354583	124.463223	0.012551	7.5
1396	-1.589472	124.413332	0.008580	8.1
1397	-0.814314	124.363493	0.007142	7.8
1398	-0.581426	124.313708	0.008365	7.5
1399	-0.853831	124.263976	0.002900	7.6
1400	-1.005225	124.214297	0.018648	6.9
1401	-1.585417	124.164671	0.017151	7.5
1402	-0.565070	124.115097	0.003404	7.5
1403	-1.509343	124.065577	0.006791	7.4
1404	-0.964702	124.016109	0.007159	7.6
1405	-0.658041	123.966693	0.008845	7.6
1406	-1.086110	123.917330	0.009572	7.5
1407	-1.298484	123.868020	0.005533	7.7
1408	-1.650005	123.818762	0.021471	7.9
1409	-0.699300	123.769556	0.005652	7.4
1410	-1.325084	123.720402	0.009489	6.9
1411	-1.515621	123.671300	0.011492	7.6
1412	-1.491513	123.622250	0.007048	9.0
1413	-1.131571	123.573252	0.007995	7.6
1414	-0.067392	123.524305	0.000496	8.4
1415	-1.483202	123.475411	0.015175	8.0
1416	-0.849273	123.426568	0.005488	7.4
1417	-0.318247	123.377776	0.007694	7.5
1418	-1.532101	123.329036	0.017039	8.3
1419	-1.465251	123.280347	0.014416	7.6
1420	-1.226668	123.231709	0.009598	7.5
1421	-1.531679	123.183122	0.008251	8.2
1422	-1.408075	123.134587	0.005374	8.8
1423	-1.285287	123.086102	0.007416	7.6
1424	-1.034265	123.037669	0.009867	7.5
1425	-1.398910	122.989286	0.011972	7.8
1426	-0.907664	122.940954	0.007223	7.6
1427	-1.309785	122.892672	0.019853	9.0
1428	-0.704119	122.844441	0.005121	7.6
1429	-0.223010	122.796261	0.002251	7.5
1430	-1.437779	122.748130	0.010273	7.5
1431	-1.533051	122.700050	0.015281	7.4
1432	-1.202587	122.652021	0.008954	7.4
1433	-0.713696	122.604041	0.005085	7.5
1434	-1.225911	122.556111	0.013487	7.5
1435	-1.145555	122.508232	0.009178	7.5
1436	-1.326519	122.460402	0.010385	9.2
1437	-1.618200	122.412622	0.017126	8.7
1438	-1.360399	122.364891	0.013949	7.9
1439	-0.938654	122.317210	0.002729	7.4
1440	-0.900612	122.269579	0.009086	7.5
1441	-1.414284	122.221997	0.006526	8.3
1442	-0.791888	122.174465	0.005613	7.5
1443	-1.647577	122.126981	0.015620	7.6
1444	-1.220710	122.079547	0.007476	7.5
1445	-1.577901	122.032162	0.008681	7.6
1446	-0.812106	121.984826	0.003718	7.5
1447	-0.770923	121.937539	0.009423	7.7
1448	-0.737923	121.890301	0.008125	7.4
1449	-0.969382	121.843112	0.009269	7.8
1450	-0.412252	121.795971	0.003241	7.0
1451	-0.869026	121.748879	0.011946	8.2
1452	-0.413919	121.701835	0.004616	7.5
1453	-0.379137	121.654840	0.004340	7.5
1454	-1.323599	121.607893	0.015457	7.5
1455	-0.365618	121.560994	0.007260	7.5
1456	-1.502576	121.514144	0.016553	7.5
1457	-0.576360	121.467342	0.003424	7.2
1458	-1.147342	121.420588	0.022139	7.4
1459	-1.642519	121.373882	0.015252	7.4
1460	-1.026116	121.327223	0.006512	7.6
1461	-1.541155	121.280613	0.014903	7.5
1462	-0.827815	121.234050	0.007824	7.5
1463	-0.772530	121.187535	0.003075	7.5
1464	-1.403954	121.141067	0.016909	7.7
1465	-1.422595	121.094647	0.016537	7.5
1466	-1.545799	121.048274	0.015318	7.5
1467	-1.619729	121.001949	0.008089	7.5
1468	-1.465408	120.955671	0.011266	7.6
1469	-1.315698	120.909440	0.006262	6.9
1470	-0.670400	120.863256	0.008242	7.5
1471	-1.567646	120.817119	0.015431	7.6
1472	-1.202914	120.771029	0.013313	7.6
1473	-1.652448	120.724986	0.010895	7.5
1474	-1.021650	120.678990	0.014028	7.7
1475	-1.105868	120.633040	0.011645	7.3
1476	-1.544348	120.587137	0.011746	7.7
1477	-0.905575	120.541281	0.007984	7.4
1478	-1.472781	120.495471	0.008238	7.6
1479	-1.344838	120.449707	0.010454	8.1
1480	-0.846491	120.403990	0.007953	7.6
1481	-0.983283	120.358319	0.006153	7.5
1482	-1.327412	120.312694	0.007015	7.6
1483	-0.737183	120.267115	0.014136	6.9
1484	-0.405380	120.221582	0.009673	7.9
1485	-1.542806	120.176096	0.014190	7.5
1486	-0.708321	120.130655	0.006304	7.5
1487	-1.602841	120.085260	0.007731	7.5
1488	-1.473058	120.039910	0.017084	7.7
1489	-1.174968	119.994606	0.005726	8.5
1490	-1.453641	119.949348	0.013813	7.4
1491	-0.490464	119.904135	0.005714	7.6
1492	-1.426837	119.858968	0.014197	7.4
1493	-1.299780	119.813846	0.012396	8.1
1494	-0.760502	119.768769	0.012239	9.9
1495	-0.272310	119.723738	0.007752	8.5
1496	-1.308819	119.678752	0.015756	7.5
1497	-0.793802	119.633810	0.004259	7.5
1498	-0.368468	119.588914	0.002443	7.9
1499	-1.495494	119.544062	0.012897	7.5
1500	-0.316014	119.499256	0.003284	7.8
1501	-1.574881	119.454494	0.011268	8.2
1502	-1.572249	119.409777	0.006918	7.5
1503	-1.201915	119.365104	0.016927	7.5
1504	-0.533676	119.320476	0.007021	7.8
1505	-1.033666	119.275893	0.014397	7.9
1506	-1.174902	119.231353	0.013762	7.6
1507	-0.863996	119.186859	0.013208	7.3
1508	-0.854716	119.142408	0.003611	7.4
1509	-1.576707	119.098002	0.010998	7.6
1510	-1.585323	119.053639	0.010548	7.5
1511	-0.743568	119.009321	0.009018	7.5
1512	-1.331283	118.965047	0.011137	9.5
1513	-1.135894	118.920816	0.008815	15.1
1514	-1.034202	118.876630	0.008495	9.7
1515	-0.518195	118.832487	0.002686	7.5
1516	-0.424684	118.788388	0.001375	7.6
1517	-0.855384	118.744332	0.007143	7.6
1518	-0.386625	118.700320	0.009110	7.7
1519	-0.716741	118.656352	0.004490	7.5
1520	-1.099658	118.612427	0.004815	7.5
1521	-0.788312	118.568545	0.009399	7.5
1522	-1.494073	118.524706	0.015347	7.5
1523	-0.619013	118.480911	0.006447	7.5
1524	-0.521267	118.437159	0.005597	7.8
1525	-1.404015	118.393450	0.008836	8.6
1526	-1.250186	118.349784	0.012168	7.6
1527	-0.573124	118.306160	0.009621	8.0
1528	-0.586902	118.262580	0.008322	7.5
1529	-1.174534	118.219042	0.012055	7.5
1530	-0.235440	118.175548	0.003037	7.6
1531	-1.590228	118.132095	0.021611	7.6
1532	-1.293040	118.088686	0.009178	7.8
1533	-0.519675	118.045319	0.002643	7.5
1534	-0.800031	118.001994	0.014796	7.5
1535	-1.381457	117.958712	0.009976	7.4
1536	-1.479711	117.915472	0.012301	7.5
1537	-1.434874	117.872274	0.017072	8.2
1538	-1.397217	117.829118	0.011070	7.6
1539	-0.302077	117.786005	0.003209	7.9
1540	-1.559226	117.742933	0.011351	8.3
1541	-1.039569	117.699904	0.009844	7.3
1542	-0.679607	117.656916	0.009852	7.4
1543	-1.322695	117.613971	0.009374	8.2
1544	-0.656209	117.571067	0.013786	7.6
1545	-0.604920	117.528205	0.008565	8.1
1546	-0.690023	117.485384	0.003778	7.5
1547	-1.027272	117.442605	0.007308	7.5
1548	-0.983791	117.399867	0.006260	7.8
1549	-0.102194	117.357171	0.000731	8.0
1550	-1.410657	117.314517	0.006266	7.5
1551	-1.606547	117.271903	0.010581	7.5
1552	-1.527207	117.229331	0.012487	7.5
1553	-0.192304	117.186800	0.002046	7.5
1554	-0.394225	117.144311	0.003069	8.6
1555	-1.063818	117.101862	0.009350	7.7
1556	-0.745224	117.059454	0.008500	7.5
1557	-0.660243	117.017087	0.009072	7.5
1558	-0.843177	116.974762	0.007540	7.5
1559	-1.432629	116.932476	0.010902	7.7
1560	-1.581971	116.890232	0.015733	8.2
1561	-1.508485	116.848028	0.014388	7.5
1562	-0.364564	116.805865	0.005848	7.5
1563	-1.404060	116.763743	0.011170	7.5
1564	-1.537164	116.721661	0.009869	7.6
1565	-1.084629	116.679619	0.013599	7.6
1566	-0.934442	116.637618	0.007360	7.6
1567	-1.418858	116.595657	0.007614	7.7
1568	-1.275378	116.553736	0.013090	7.6
1569	-0.702054	116.511855	0.006465	7.3
1570	-1.603452	116.470015	0.014635	7.5
1571	-1.255124	116.428214	0.009618	7.8
1572	-1.553925	116.386454	0.009184	7.4
1573	-0.245470	116.344733	0.002208	7.4
1574	-0.983425	116.303052	0.011757	7.4
1575	-1.610861	116.261412	0.013021	7.5
1576	-1.458295	116.219810	0.013684	7.6
1577	-1.423933	116.178249	0.008599	7.6
1578	-1.707203	116.136727	0.008734	7.8
1579	-1.329244	116.095245	0.009690	7.5
1580	-1.245568	116.053802	0.012540	7.4
1581	-1.401777	116.012398	0.005924	8.3
1582	-1.557209	115.971034	0.014705	7.6
1583	-0.564032	115.929710	0.006606	7.4
1584	-1.123674	115.888424	0.024855	8.2
1585	-0.579757	115.847178	0.006409	7.5
1586	-0.896982	115.805970	0.007844	7.5
1587	-1.445315	115.764802	0.014551	7.5
1588	-0.709729	115.723673	0.006281	7.4
1589	-0.694775	115.682583	0.006220	7.6
1590	-1.066521	115.641532	0.013515	9.9
1591	-1.460271	115.600519	0.015856	7.5
1592	-1.117946	115.559546	0.006979	7.2
1593	-1.426553	115.518610	0.011067	7.5
1594	-0.555800	115.477714	0.014269	7.4
1595	-0.931289	115.436856	0.008694	7.5
1596	-0.353752	115.396037	0.005046	7.5
1597	-1.133366	115.355256	0.006948	7.2
1598	-1.504231	115.314514	0.011901	7.5
1599	-0.572857	115.273810	0.004588	8.5
1600	-1.039384	115.233144	0.008821	7.4
1601	-0.733849	115.192517	0.013372	7.8
1602	-1.428643	115.151927	0.011786	7.6
1603	-0.730753	115.111376	0.007076	7.9
1604	-0.480010	115.070863	0.005526	8.8
1605	-0.642932	115.030388	0.009730	8.6
1606	-0.844160	114.989951	0.011443	8.3
1607	-0.977343	114.949551	0.008601	9.8
1608	-1.479567	114.909190	0.012566	9.1
1609	-1.284895	114.868866	0.008482	7.8
1610	-1.539900	114.828580	0.018122	8.1
1611	-0.751154	114.788332	0.009698	7.4
1612	-1.167481	114.748121	0.008674	7.7
1613	-0.629152	114.707948	0.003012	8.3
1614	-0.096256	114.667812	0.000742	7.5
1615	-1.624028	114.627714	0.010473	7.6
1616	-0.925971	114.587653	0.015850	7.6
1617	-1.020697	114.547629	0.010541	7.5
1618	-1.458852	114.507643	0.012146	7.6
1619	-0.969784	114.467693	0.011919	7.4
1620	-1.581883	114.427781	0.012002	8.0
1621	-0.393861	114.387907	0.007182	10.4
1622	-0.234920	114.348069	0.003829	7.9
1623	-1.556995	114.308268	0.010152	7.5
1624	-1.606567	114.268504	0.009802	7.5
1625	-0.811711	114.228777	0.007711	7.7
1626	-0.204318	114.189086	0.003226	7.7
1627	-1.614232	114.149433	0.009400	7.7
1628	-0.840798	114.109816	0.003292	7.5
1629	-1.446982	114.070235	0.015196	7.6
1630	-0.291948	114.030692	0.005082	7.4
1631	-1.548983	113.991185	0.010606	7.5
1632	-1.607116	113.951714	0.019644	7.5
1633	-1.447090	113.912280	0.008191	7.4
1634	-0.824305	113.872882	0.003971	7.5
1635	-1.342207	113.833521	0.017083	7.6
1636	-0.589184	113.794195	0.007267	7.5
1637	-1.568871	113.754906	0.007268	7.5
1638	-0.445277	113.715653	0.005339	7.5
1639	-1.675027	113.676437	0.016608	7.6
1640	-0.957438	113.637256	0.008008	7.4
1641	-0.790139	113.598111	0.009156	7.4
1642	-0.073972	113.559002	0.001193	8.3
1643	-1.427352	113.519929	0.007869	8.2
1644	-0.900923	113.480892	0.004041	9.9
1645	-0.606586	113.441891	0.003247	7.7
1646	-1.421300	113.402925	0.006318	7.5
1647	-1.091783	113.363995	0.006635	7.6
1648	-1.000182	113.325101	0.009121	7.5
1649	-0.629243	113.286242	0.009189	7.5
1650	-0.091125	113.247419	0.001382	7.6
1651	-1.554201	113.208631	0.011869	7.4
1652	-1.492927	113.169879	0.015011	7.6
1653	-1.515646	113.131162	0.008309	7.5
1654	-1.702870	113.092480	0.010795	8.1
1655	-1.265065	113.053833	0.019039	8.3
1656	-1.364394	113.015222	0.008042	7.5
1657	-1.532389	112.976646	0.016877	7.5
1658	-1.500261	112.938105	0.012486	7.4
1659	-0.929676	112.899599	0.006515	7.5
1660	-1.506231	112.861128	0.014478	7.6
1661	-1.365371	112.822692	0.016663	7.5
1662	-1.319188	112.784291	0.019485	7.4
1663	-0.000000	112.745924	0.000000	7.5
1664	-1.410441	112.707593	0.012960	7.5
1665	-0.996417	112.669296	0.012552	7.6
1666	-1.013055	112.631034	0.011364	8.3
1667	-1.349075	112.592806	0.012738	7.6
1668	-0.984344	112.554613	0.005066	7.9
1669	-1.617039	112.516455	0.012582	7.7
1670	-0.826492	112.478331	0.009545	7.6
1671	-1.470155	112.440241	0.012406	7.6
1672	-1.299314	112.402186	0.008047	7.8
1673	-1.169318	112.364165	0.011514	7.6
1674	-0.805262	112.326179	0.004802	7.6
1675	-0.921359	112.288227	0.011610	7.4
1676	-0.844618	112.250309	0.006910	7.5
1677	-1.732058	112.212425	0.012935	8.3
1678	-0.567033	112.174575	0.008954	7.9
1679	-1.259188	112.136759	0.004910	7.5
1680	-1.354984	112.098977	0.012651	7.5
1681	-0.980446	112.061229	0.012490	7.7
1682	-1.685050	112.023515	0.012608	7.9
1683	-0.160494	111.985834	0.001478	7.6
1684	-0.525650	111.948188	0.006780	7.5
1685	-0.795737	111.910575	0.008826	7.6
1686	-0.158870	111.872996	0.000904	8.2
1687	-0.420074	111.835450	0.002387	7.5
1688	-0.555673	111.797939	0.007433	7.6
1689	-0.610249	111.760460	0.006289	8.1
1690	-1.690327	111.723015	0.010446	8.1
1691	-1.291087	111.685604	0.006576	7.5
1692	-0.589025	111.648226	0.008994	7.5
1693	-1.594166	111.610881	0.008951	8.1
1694	-0.837035	111.573570	0.006131	7.6
1695	-0.347869	111.536292	0.007376	7.5
1696	-0.000026	111.499047	0.000009	7.8
1697	-1.303861	111.461835	0.011714	7.5
1698	-0.293141	111.424656	0.002609	6.9
1699	-0.301320	111.387510	0.002428	7.5
1700	-0.564405	111.350398	0.006091	7.7
1701	-0.967313	111.313318	0.015168	9.3
1702	-0.812505	111.276271	0.003830	7.6
1703	-0.499407	111.239257	0.005742	7.6
1704	-1.587218	111.202276	0.014859	7.5
1705	-0.974457	111.165328	0.010980	7.5
1706	-1.514465	111.128412	0.008126	7.8
1707	-1.599980	111.091529	0.019362	8.2
1708	-0.858111	111.054679	0.005337	7.6
1709	-1.494694	111.017861	0.012984	7.5
1710	-1.286002	110.981076	0.011995	7.4
1711	-1.611389	110.944323	0.011852	7.7
1712	-1.273604	110.907603	0.015124	7.5
1713	-1.510071	110.870915	0.008224	7.7
1714	-1.423329	110.834259	0.011532	7.8
1715	-1.365278	110.797636	0.010227	7.5
1716	-1.074614	110.761045	0.011789	7.8
1717	-1.479177	110.724486	0.015026	7.6
1718	-1.192200	110.687959	0.008310	7.5
1719	-0.915375	110.651465	0.007682	7.8
1720	-1.508154	110.615002	0.009870	7.7
1721	-0.897521	110.578572	0.011204	7.6
1722	-0.451327	110.542173	0.002532	7.6
1723	-1.268056	110.505807	0.007729	7.7
1724	-0.827427	110.469472	0.005639	7.5
1725	-0.990098	110.433169	0.010374	7.7
1726	-1.457631	110.396898	0.008651	8.6
1727	-0.553145	110.360659	0.005029	7.4
1728	-1.478950	110.324451	0.010538	8.2
1729	-1.322309	110.288276	0.016077	7.7
1730	-1.138309	110.252131	0.007778	7.6
1731	-0.753483	110.216019	0.005440	7.4
1732	-1.569945	110.179937	0.015464	7.7
1733	-0.805913	110.143888	0.008577	7.4
1734	-1.344741	110.107869	0.013226	7.3
1735	-0.388290	110.071882	0.007377	7.6
1736	-0.835974	110.035927	0.009811	7.6
1737	-0.781366	110.000003	0.010934	8.1
1738	-0.628257	109.964110	0.009367	7.6
1739	-0.618152	109.928248	0.009266	8.3
1740	-1.041996	109.892417	0.019192	7.5
1741	-1.548967	109.856618	0.009334	7.4
1742	-1.152943	109.820850	0.011235	7.5
1743	-0.183045	109.785112	0.003179	7.6
1744	-0.350978	109.749406	0.006522	7.5
1745	-0.996112	109.713730	0.008943	10.8
1746	-1.523379	109.678086	0.013330	24.1
1747	-1.635451	109.642472	0.017485	10.0
1748	-0.107729	109.606890	0.001383	8.1
1749	-1.280836	109.571337	0.007061	7.6
1750	-0.727297	109.535816	0.007544	7.5
1751	-0.932388	109.500326	0.008234	7.6
1752	-1.248386	109.464866	0.013446	7.6
1753	-1.398432	109.429436	0.012542	7.7
1754	-1.614333	109.394038	0.018807	7.8
1755	-1.266255	109.358669	0.012167	10.8
1756	-0.436370	109.323331	0.002131	7.6
1757	-1.591612	109.288024	0.011482	7.5
1758	-0.491507	109.252747	0.009621	7.9
1759	-1.543467	109.217501	0.022209	7.3
1760	-1.183627	109.182284	0.010715	7.5
1761	-1.138246	109.147098	0.007936	13.3
1762	-1.441994	109.111942	0.020955	7.5
1763	-1.320368	109.076817	0.011962	7.2
1764	-1.579730	109.041721	0.012638	7.5
1765	-0.115812	109.006656	0.001378	7.5
1766	-1.699337	108.971620	0.015870	7.5
1767	-1.499193	108.936615	0.010906	7.5
1768	-0.905509	108.901640	0.008426	7.5
1769	-0.630620	108.866694	0.004591	7.6
1770	-1.627474	108.831779	0.014076	7.7
1771	-1.417558	108.796893	0.016131	7.6
1772	-0.098778	108.762037	0.000567	7.0
1773	-0.698922	108.727211	0.007419	7.5
1774	-0.778081	108.692415	0.007115	7.5
1775	-0.011044	108.657648	0.000127	7.4
1776	-1.290526	108.622911	0.014628	7.4
1777	-0.228410	108.588203	0.002341	7.4
1778	-1.365772	108.553525	0.010635	7.7
1779	-1.474267	108.518877	0.012752	7.5
1780	-1.399889	108.484258	0.011551	8.2
1781	-1.257987	108.449668	0.010363	7.5
1782	-0.602573	108.415108	0.005509	8.0
1783	-1.476826	108.380578	0.011385	7.6
1784	-1.153641	108.346076	0.014925	7.6
1785	-1.172944	108.311604	0.007933	7.5
1786	-0.360240	108.277161	0.002803	7.6
1787	-1.558962	108.242747	0.009723	7.8
1788	-0.977318	108.208363	0.008820	7.4
1789	-0.686920	108.174007	0.011090	7.4
1790	-1.498590	108.139681	0.010285	7.5
1791	-0.914392	108.105383	0.009964	7.5
1792	-0.743171	108.071115	0.010853	8.7
1793	-0.152621	108.036875	0.001879	7.5
1794	-0.968429	108.002665	0.008481	7.4
1795	-0.826549	107.968483	0.001498	7.6
1796	-1.178212	107.934330	0.008844	7.5
1797	-0.777307	107.900206	0.013693	7.5
1798	-1.301839	107.866111	0.010555	7.7
1799	-1.371802	107.832044	0.010273	7.6
1800	-0.770994	107.798007	0.009387	7.8
1801	-0.596929	107.763997	0.008756	7.6
1802	-1.096509	107.730017	0.011571	7.5
1803	-0.779052	107.696065	0.009257	7.5
1804	-1.231422	107.662141	0.013147	7.8
1805	-0.803095	107.628246	0.007334	7.5
1806	-0.822100	107.594379	0.007338	8.1
1807	-1.381267	107.560541	0.020689	8.8
1808	-0.148007	107.526731	0.001761	7.5
1809	-1.201585	107.492949	0.012212	8.0
1810	-0.783954	107.459196	0.007505	7.6
1811	-1.293628	107.425471	0.011151	7.5
1812	-0.937623	107.391774	0.005887	8.0
1813	-0.861721	107.358106	0.005275	7.6
1814	-1.277116	107.324465	0.006398	7.4
1815	-0.934401	107.290853	0.009177	7.9
1816	-1.389344	107.257268	0.019054	7.5
1817	-1.639566	107.223712	0.012075	7.5
1818	-1.594726	107.190184	0.012259	7.6
1819	-0.710682	107.156683	0.008950	7.5
1820	-1.632306	107.123211	0.016092	7.4
1821	-1.484201	107.089766	0.011821	8.5
1822	-1.530349	107.056349	0.011688	7.6
1823	-1.577023	107.022960	0.014768	7.5
1824	-1.591232	106.989599	0.007358	7.5
1825	-0.422264	106.956265	0.004098	7.3
1826	-0.762836	106.922960	0.005734	7.5
1827	-1.410246	106.889681	0.011527	7.5
1828	-1.372089	106.856431	0.004024	7.7
1829	-1.646901	106.823208	0.025465	7.5
1830	-1.309909	106.790012	0.014041	7.6
1831	-1.329863	106.756844	0.012165	7.5
1832	-0.153553	106.723703	0.001171	7.7
1833	-1.367313	106.690590	0.008574	8.6
1834	-1.536099	106.657505	0.006149	7.6
1835	-1.309966	106.624446	0.008880	7.5
1836	-1.404468	106.591415	0.015110	7.6
1837	-1.389683	106.558411	0.005874	7.6
1838	-1.282202	106.525435	0.011187	7.6
1839	-0.896140	106.492485	0.009732	7.5
1840	-1.218947	106.459563	0.009666	7.5
1841	-1.390854	106.426668	0.013060	7.5
1842	-1.373482	106.393800	0.008517	9.2
1843	-0.389428	106.360959	0.005368	7.5
1844	-1.259622	106.328145	0.009908	7.8
1845	-0.202773	106.295358	0.001562	8.1
1846	-0.683786	106.262598	0.011411	7.5
1847	-1.624533	106.229865	0.018138	8.5
1848	-0.780816	106.197158	0.008876	8.4
1849	-0.902962	106.164479	0.004908	8.7
1850	-0.813389	106.131826	0.009905	8.7
1851	-1.351405	106.099201	0.013915	8.5
1852	-0.593735	106.066602	0.004329	9.2
1853	-0.877426	106.034029	0.005479	7.9
1854	-1.089938	106.001483	0.008231	7.7
1855	-1.207251	105.968964	0.016384	7.6
1856	-1.711583	105.936472	0.015235	7.5
1857	-1.685212	105.904006	0.006847	8.5
1858	-0.623703	105.871566	0.005158	7.6
1859	-1.230450	105.839153	0.015334	7.8
1860	-1.559576	105.806767	0.007933	7.5
1861	-1.188990	105.774407	0.012975	7.6
1862	-0.604563	105.742073	0.011072	7.7
1863	-0.638695	105.709766	0.008185	7.6
1864	-1.471552	105.677485	0.013270	7.4
1865	-1.251024	105.645230	0.012621	7.4
1866	-0.264853	105.613001	0.002580	7.5
1867	-0.150268	105.580799	0.001252	7.5
1868	-1.313710	105.548623	0.009048	7.9
1869	-1.671107	105.516473	0.010266	7.6
1870	-0.700528	105.484349	0.009971	7.5
1871	-0.913743	105.452251	0.011445	7.5
1872	-0.795921	105.420179	0.009690	7.5
1873	-1.391043	105.388133	0.010013	7.7
1874	-0.714711	105.356113	0.005352	7.6
1875	-1.502587	105.324119	0.011558	7.6
1876	-0.653949	105.292151	0.005255	7.6
1877	-1.386558	105.260209	0.023420	8.5
1878	-1.000252	105.228293	0.003677	8.5
1879	-0.744203	105.196402	0.012162	8.0
1880	-1.336230	105.164537	0.007001	7.7
1881	-1.137217	105.132698	0.014149	7.7
1882	-1.635563	105.100885	0.015660	7.5
1883	-0.801922	105.069097	0.007487	7.5
1884	-0.597633	105.037335	0.006285	7.5
1885	-0.619898	105.005598	0.005588	7.9
1886	-1.050086	104.973887	0.006658	7.7
1887	-0.675457	104.942202	0.007699	7.7
1888	-1.489871	104.910542	0.013568	7.7
1889	-1.520593	104.878907	0.011395	7.5
1890	-0.555210	104.847298	0.006334	7.6
1891	-1.602706	104.815715	0.017322	7.5
1892	-0.084072	104.784156	0.000839	7.7
1893	-0.778154	104.752623	0.008654	8.3
1894	-0.781379	104.721116	0.008247	7.8
1895	-0.857748	104.689633	0.009822	7.6
1896	-0.826784	104.658176	0.004959	7.5
1897	-0.262115	104.626744	0.004642	7.5
1898	-0.999376	104.595337	0.007343	7.6
1899	-0.688805	104.563955	0.007575	7.8
1900	-1.526444	104.532599	0.012528	7.6
1901	-0.834164	104.501267	0.005125	7.6
1902	-1.422183	104.469960	0.010967	8.1
1903	-1.173651	104.438679	0.005706	7.5
1904	-0.985775	104.407422	0.007902	7.6
1905	-0.566552	104.376191	0.012418	7.7
1906	-0.669450	104.344984	0.003398	7.4
1907	-1.565434	104.313802	0.009600	7.6
1908	-1.648515	104.282645	0.009041	7.6
1909	-1.651159	104.251513	0.007978	7.4
1910	-0.908190	104.220405	0.005142	8.1
1911	-0.822148	104.189323	0.006614	7.4
1912	-0.119427	104.158265	0.001138	7.5
1913	-1.591583	104.127231	0.015993	7.5
1914	-0.762008	104.096222	0.005846	7.6
1915	-1.424088	104.065238	0.010833	7.6
1916	-1.214986	104.034279	0.010370	7.8
1917	-1.623121	104.003344	0.011139	8.3
1918	-0.757705	103.972433	0.009184	7.6
1919	-1.113889	103.941547	0.011786	7.6
1920	-0.817598	103.910686	0.006748	8.5
1921	-1.082297	103.879849	0.009221	7.6
1922	-1.175373	103.849036	0.011193	7.5
1923	-0.060155	103.818248	0.000408	8.6
1924	-0.607529	103.787484	0.003944	8.6
1925	-0.563513	103.756744	0.002796	7.5
1926	-1.544630	103.726029	0.009974	7.5
1927	-1.036251	103.695338	0.007453	7.6
1928	-0.490260	103.664671	0.007264	7.5
1929	-1.688981	103.634028	0.015023	7.4
1930	-0.319556	103.603409	0.003865	7.5
1931	-0.237465	103.572814	0.004413	7.6
1932	-0.918010	103.542244	0.007177	8.3
1933	-1.417261	103.511698	0.009907	7.7
1934	-1.574776	103.481175	0.014844	8.4
1935	-0.948381	103.450677	0.008744	7.5
1936	-0.579102	103.420202	0.002459	7.4
1937	-1.619745	103.389752	0.014863	7.5
1938	-1.313454	103.359325	0.010746	7.5
1939	-0.600437	103.328922	0.008503	7.5
1940	-0.671370	103.298543	0.010357	7.7
1941	-1.710120	103.268188	0.010153	7.5
1942	-0.452808	103.237857	0.004282	7.4
1943	-1.203410	103.207549	0.006540	8.1
1944	-0.311228	103.177265	0.002277	7.8
1945	-0.953067	103.147005	0.004004	7.5
1946	-1.348226	103.116768	0.010531	7.4
1947	-1.621186	103.086556	0.008452	7.4
1948	-0.877764	103.056366	0.009934	6.7
1949	-0.970407	103.026200	0.005954	7.7
1950	-1.318842	102.996058	0.012868	7.3
1951	-1.043890	102.965939	0.010036	7.4
1952	-0.850955	102.935844	0.013221	7.5
1953	-0.728131	102.905772	0.003092	7.6
1954	-1.287871	102.875724	0.010325	7.6
1955	-1.080868	102.845699	0.005264	7.5
1956	-1.411227	102.815697	0.015082	8.3
1957	-1.244208	102.785719	0.012038	8.5
1958	-1.016342	102.755764	0.005766	7.5
1959	-0.644214	102.725832	0.009417	7.6
1960	-1.072438	102.695924	0.007589	7.5
1961	-1.579294	102.666038	0.011002	7.5
1962	-0.546092	102.636176	0.007157	7.5
1963	-1.546788	102.606337	0.014915	7.4
1964	-1.707950	102.576521	0.012858	7.4
1965	-0.632255	102.546728	0.007936	7.4
1966	-0.581361	102.516959	0.006377	7.6
1967	-1.396355	102.487212	0.009899	7.5
1968	-1.607092	102.457488	0.008399	7.5
1969	-1.541010	102.427788	0.017948	7.5
1970	-0.789419	102.398110	0.007083	7.5
1971	-1.634788	102.368455	0.024917	7.5
1972	-1.217082	102.338823	0.010141	6.8
1973	-1.602906	102.309214	0.014316	7.4
1974	-1.685901	102.279628	0.025833	7.4
1975	-0.528768	102.250064	0.006082	7.0
1976	-1.305191	102.220524	0.009466	7.5
1977	-1.611014	102.191006	0.009344	7.5
1978	-0.516829	102.161511	0.004877	7.5
1979	-1.048967	102.132038	0.008717	7.5
1980	-1.683561	102.102588	0.013755	7.5
1981	-0.700042	102.073161	0.004845	7.5
1982	-0.709429	102.043757	0.004370	7.6
1983	-1.531594	102.014375	0.010240	7.7
1984	-1.538968	101.985015	0.009021	7.2
1985	-1.301350	101.955678	0.011115	7.5
1986	-0.567043	101.926364	0.005065	7.6
1987	-0.662886	101.897072	0.008183	7.5
1988	-0.906403	101.867802	0.012941	7.5
1989	-1.510301	101.838555	0.007894	7.5
1990	-1.243197	101.809330	0.012649	7.5
1991	-0.822835	101.780128	0.009744	7.4
1992	-0.549475	101.750948	0.007551	7.5
1993	-1.703592	101.721790	0.022770	7.5
1994	-1.408698	101.692654	0.014641	7.9
1995	-0.986389	101.663541	0.012669	7.6
1996	-1.594136	101.634450	0.014730	7.4
1997	-0.774583	101.605381	0.006002	7.6
1998	-0.504937	101.576335	0.005803	7.5
1999	-1.331229	101.547310	0.016559	7.5
