1:ItNr	2:Metric	3:StepSize	4:||Gradient||	Time[ms]
0	-1.439740	627.201626	0.027175	493.8
1	-0.355870	623.504937	0.012501	8.8
2	-1.051694	619.865785	0.015185	8.4
3	-0.610351	616.282728	0.010020	8.5
4	-0.484441	612.754375	0.004357	8.3
5	-1.509600	609.279381	0.022081	8.7
6	-1.217979	605.856447	0.016470	10.4
7	-1.456501	602.484317	0.045783	8.9
8	-1.359825	599.161779	0.012687	9.5
9	-0.001585	595.887656	0.000034	8.6
10	-0.791741	592.660813	0.014415	9.8
11	-1.411735	589.480151	0.029215	11.1
12	-0.916657	586.344606	0.024944	11.4
13	-0.764235	583.253145	0.015233	12.0
14	-1.231601	580.204771	0.032880	11.4
15	-0.516349	577.198517	0.011045	8.7
16	-0.307588	574.233444	0.006857	8.6
17	-1.036413	571.308645	0.016942	9.3
18	-0.694511	568.423237	0.008435	7.3
19	-1.287694	565.576365	0.026568	10.1
20	-0.757233	562.767201	0.006718	8.1
21	-1.422639	559.994938	0.029909	9.2
22	-0.492201	557.258797	0.010340	8.5
23	-0.963533	554.558018	0.021487	9.2
24	-1.298850	551.891865	0.026624	8.7
25	-0.661370	549.259621	0.011234	10.1
26	-0.647912	546.660592	0.014679	8.1
27	-1.180800	544.094102	0.013803	11.5
28	-1.264726	541.559494	0.013713	13.6
29	-0.674997	539.056129	0.008799	13.7
30	-1.202235	536.583387	0.024293	12.2
31	-0.678204	534.140663	0.009752	12.7
32	-1.622937	531.727370	0.023672	13.4
33	-1.653727	529.342935	0.029155	13.1
34	-0.558895	526.986802	0.010218	11.2
35	-1.488547	524.658430	0.023342	11.4
36	-0.745352	522.357290	0.010712	9.4
37	-0.932362	520.082868	0.008580	13.1
38	-1.344313	517.834665	0.024166	20.2
39	-0.382038	515.612193	0.004593	19.0
40	-1.331034	513.414976	0.011224	21.2
41	-0.627885	511.242551	0.010108	11.7
42	-1.503510	509.094468	0.032963	17.7
43	-1.206712	506.970285	0.010899	14.0
44	-0.999137	504.869574	0.004808	14.7
45	-1.285222	502.791916	0.037542	13.6
46	-1.025004	500.736903	0.022830	14.7
47	-1.538698	498.704137	0.016690	13.4
48	-0.801716	496.693228	0.009066	16.9
49	-1.163986	494.703798	0.009334	12.3
50	-1.463714	492.735476	0.007925	15.9
51	-1.177640	490.787900	0.011894	16.7
52	-1.529788	488.860718	0.030900	14.2
53	-1.532604	486.953585	0.021714	11.6
54	-1.472088	485.066164	0.012842	15.4
55	-0.673104	483.198126	0.022035	12.3
56	-1.454611	481.349149	0.020695	10.3
57	-0.990758	479.518920	0.036639	15.7
58	-1.116110	477.707132	0.018491	11.7
59	-1.324160	475.913485	0.017781	12.0
60	-0.652510	474.137684	0.004454	12.9
61	-1.419539	472.379445	0.024882	13.7
62	-0.873328	470.638485	0.010024	14.0
63	-1.016134	468.914531	0.009835	14.0
64	-1.554513	467.207315	0.018136	13.8
65	-0.928614	465.516573	0.016852	11.0
66	-0.298855	463.842050	0.002836	10.1
67	-0.760281	462.183494	0.010194	10.5
68	-1.395407	460.540658	0.011130	13.3
69	-1.098402	458.913303	0.023981	14.3
70	-1.475459	457.301192	0.011953	10.9
71	-1.231426	455.704096	0.027924	11.4
72	-0.074696	454.121787	0.000827	9.1
73	-0.304181	452.554045	0.003071	8.3
74	-0.464519	451.000653	0.009540	8.7
75	-1.024801	449.461399	0.017997	8.8
76	-0.188095	447.936075	0.002568	9.0
77	-1.211559	446.424477	0.015898	8.7
78	-1.274080	444.926406	0.014744	8.3
79	-1.539317	443.441666	0.013661	8.4
80	-0.571959	441.970065	0.006831	9.2
81	-1.044407	440.511415	0.030823	8.2
82	-1.369247	439.065533	0.014925	8.4
83	-1.438424	437.632238	0.021685	9.0
84	-1.690875	436.211351	0.032534	9.7
85	-1.509881	434.802701	0.025725	8.3
86	-1.513569	433.406117	0.019129	8.3
87	-0.543693	432.021430	0.014701	8.5
88	-1.289394	430.648479	0.014209	9.3
89	-0.365451	429.287101	0.009615	8.6
90	-0.582791	427.937140	0.012666	8.7
91	-1.658479	426.598440	0.023901	9.0
92	-0.216940	425.270849	0.002510	9.1
93	-1.636970	423.954220	0.022319	8.4
94	-1.091428	422.648404	0.021502	8.9
95	-1.494727	421.353259	0.014774	9.2
96	-1.455846	420.068643	0.042562	8.4
97	-1.062089	418.794419	0.021636	9.0
98	-0.943499	417.530451	0.014902	8.2
99	-0.442223	416.276604	0.004531	8.7
100	-1.575710	415.032748	0.012892	9.7
101	-1.331836	413.798754	0.029477	8.7
102	-1.365868	412.574495	0.020470	9.0
103	-0.202099	411.359849	0.002151	9.9
104	-0.833087	410.154691	0.019600	8.8
105	-1.601024	408.958904	0.034315	8.1
106	-0.495843	407.772368	0.015321	9.8
107	-0.375892	406.594968	0.008384	7.7
108	-0.347073	405.426590	0.004684	9.3
109	-0.407921	404.267122	0.007160	7.8
110	-0.402394	403.116456	0.002806	9.9
111	-1.315813	401.974481	0.017765	8.4
112	-1.267780	400.841093	0.027099	8.1
113	-0.557852	399.716187	0.008020	8.7
114	-1.577579	398.599660	0.011571	8.1
115	-1.523700	397.491411	0.033969	9.0
116	-1.372248	396.391342	0.013267	9.2
117	-1.166542	395.299353	0.024509	8.3
118	-1.719527	394.215350	0.021329	8.0
119	-0.869573	393.139238	0.013384	9.9
120	-0.254915	392.070924	0.003166	8.7
121	-1.132257	391.010316	0.011714	8.9
122	-0.452248	389.957325	0.010742	8.9
123	-0.578344	388.911862	0.006401	7.0
124	-1.266012	387.873839	0.007217	9.1
125	-0.996479	386.843173	0.020333	8.6
126	-0.436759	385.819777	0.005567	12.0
127	-1.375882	384.803569	0.018368	12.7
128	-1.172409	383.794468	0.011667	13.5
129	-0.283352	382.792393	0.003115	11.8
130	-0.204809	381.797264	0.003139	8.8
131	-0.295896	380.809005	0.002642	8.2
132	-0.755431	379.827537	0.011469	9.9
133	-0.377528	378.852786	0.006785	8.9
134	-1.482722	377.884678	0.039496	8.4
135	-0.685632	376.923138	0.010923	8.8
136	-0.086002	375.968095	0.000666	9.6
137	-1.038350	375.019479	0.020822	8.8
138	-0.620319	374.077218	0.005554	8.2
139	-1.630237	373.141244	0.010979	9.0
140	-1.050104	372.211489	0.011134	8.5
141	-0.405812	371.287887	0.003481	9.7
142	-0.603431	370.370370	0.006466	8.5
143	-1.003325	369.458876	0.028619	8.3
144	-1.479923	368.553338	0.035363	9.5
145	-0.740050	367.653696	0.011780	10.3
146	-1.186434	366.759885	0.030277	11.7
147	-0.301571	365.871846	0.004603	9.9
148	-1.441993	364.989518	0.020558	12.9
149	-0.729112	364.112841	0.018021	10.9
150	-1.203190	363.241757	0.020970	10.8
151	-1.049117	362.376208	0.009401	10.6
152	-1.388355	361.516137	0.015546	10.5
153	-1.441463	360.661488	0.030490	11.3
154	-0.685318	359.812206	0.006763	8.9
155	-1.473605	358.968236	0.014200	14.1
156	-0.934356	358.129524	0.011011	21.1
157	-0.617155	357.296018	0.009926	13.6
158	-1.615411	356.467665	0.022430	14.4
159	-1.553981	355.644414	0.022403	17.0
160	-1.480553	354.826213	0.009540	9.5
161	-1.688538	354.013012	0.039508	8.8
162	-0.610128	353.204763	0.005968	8.6
163	-0.305014	352.401415	0.001984	10.2
164	-1.437364	351.602922	0.027636	9.5
165	-1.149777	350.809235	0.033322	7.6
166	-1.401264	350.020308	0.029369	12.9
167	-1.212536	349.236095	0.018489	11.3
168	-0.230252	348.456550	0.002135	12.9
169	-1.567692	347.681627	0.017993	12.6
170	-0.666016	346.911283	0.003997	13.1
171	-0.807259	346.145474	0.006743	14.9
172	-1.607277	345.384157	0.016712	12.2
173	-0.962387	344.627288	0.007914	8.7
174	-0.951039	343.874826	0.035540	8.4
175	-1.294411	343.126729	0.019348	7.9
176	-0.777373	342.382957	0.007525	8.5
177	-0.964842	341.643469	0.010580	8.8
178	-1.683181	340.908224	0.022365	8.0
179	-0.120885	340.177184	0.000963	8.7
180	-0.544291	339.450309	0.006066	7.6
181	-0.752422	338.727561	0.008582	11.7
182	-0.597344	338.008902	0.008818	8.9
183	-1.004628	337.294295	0.012891	11.2
184	-1.631091	336.583703	0.027575	10.8
185	-1.475178	335.877089	0.008512	9.7
186	-1.581759	335.174416	0.035872	10.4
187	-1.573866	334.475651	0.014922	9.0
188	-0.513824	333.780756	0.006055	8.5
189	-0.543418	333.089698	0.009175	8.6
190	-1.552916	332.402443	0.037981	8.9
191	-0.017151	331.718955	0.000116	8.7
192	-1.305649	331.039203	0.009927	8.1
193	-0.314862	330.363153	0.003341	8.7
194	-0.183314	329.690771	0.001492	8.3
195	-0.855683	329.022027	0.018154	8.3
196	-1.490955	328.356888	0.051859	8.3
197	-0.707420	327.695322	0.015579	8.2
198	-1.527881	327.037299	0.043619	11.1
199	-0.497301	326.382787	0.010261	9.1
200	-0.745109	325.731758	0.029624	11.1
201	-1.139936	325.084179	0.016306	8.9
202	-1.276411	324.440023	0.015482	11.4
203	-1.476753	323.799258	0.011089	11.3
204	-0.238027	323.161858	0.002317	11.3
205	-0.388618	322.527792	0.004000	8.2
206	-1.255645	321.897034	0.016681	10.2
207	-0.508926	321.269554	0.004938	9.7
208	-1.348266	320.645325	0.015336	11.0
209	-0.658546	320.024320	0.011709	10.1
210	-1.347459	319.406512	0.016994	9.0
211	-1.005765	318.791875	0.028370	9.3
212	-1.524382	318.180381	0.014104	8.5
213	-0.726114	317.572005	0.007602	8.4
214	-0.038129	316.966721	0.000612	7.5
215	-0.795945	316.364504	0.008564	9.8
216	-0.150209	315.765329	0.001986	8.6
217	-0.333355	315.169170	0.002920	8.9
218	-0.385601	314.576003	0.003802	8.9
219	-1.457687	313.985804	0.012423	9.0
220	-0.710172	313.398548	0.009050	10.4
221	-0.583541	312.814213	0.010354	14.0
222	-1.184079	312.232773	0.006207	13.0
223	-0.468339	311.654207	0.005954	16.8
224	-1.545403	311.078491	0.017109	12.4
225	-0.814388	310.505602	0.012619	11.6
226	-1.046241	309.935518	0.012499	13.3
227	-0.073266	309.368217	0.001129	19.7
228	-1.435267	308.803676	0.010641	14.9
229	-0.308478	308.241874	0.005725	15.3
230	-1.650400	307.682789	0.023955	13.6
231	-1.112256	307.126400	0.012984	14.3
232	-1.555150	306.572687	0.013210	13.3
233	-0.877507	306.021627	0.010450	15.3
234	-1.424926	305.473201	0.014653	19.9
235	-1.474357	304.927388	0.019260	16.0
236	-1.622906	304.384168	0.030617	12.8
237	-1.679115	303.843521	0.022427	15.3
238	-1.598266	303.305427	0.008662	10.4
239	-1.170967	302.769867	0.013399	8.0
240	-0.190139	302.236821	0.002132	9.2
241	-1.326969	301.706270	0.027569	8.6
242	-1.614484	301.178196	0.015975	8.7
243	-1.367842	300.652580	0.013844	9.0
244	-1.298073	300.129402	0.021104	10.0
245	-1.280453	299.608645	0.022121	9.8
246	-0.923759	299.090291	0.018092	11.2
247	-1.554852	298.574321	0.024280	10.9
248	-1.515849	298.060718	0.007162	9.6
249	-1.146549	297.549465	0.012048	8.9
250	-1.320152	297.040543	0.012587	8.3
251	-0.576082	296.533936	0.014189	9.1
252	-0.167575	296.029626	0.001472	8.6
253	-1.554533	295.527597	0.026672	8.2
254	-0.127845	295.027832	0.002525	9.0
255	-0.435700	294.530315	0.003480	9.8
256	-1.367205	294.035028	0.029328	11.1
257	-1.648995	293.541956	0.012991	10.7
258	-1.006426	293.051083	0.017090	14.5
259	-1.772948	292.562393	0.029989	16.6
260	-0.877603	292.075870	0.016532	13.0
261	-1.410051	291.591498	0.016291	19.8
262	-1.699806	291.109263	0.018611	16.1
263	-1.497300	290.629149	0.025690	15.0
264	-0.957974	290.151140	0.010781	16.2
265	-1.057199	289.675222	0.011990	15.8
266	-0.507706	289.201380	0.013434	11.9
267	-1.160075	288.729600	0.004795	14.3
268	-0.261096	288.259866	0.003646	14.1
269	-1.133938	287.792165	0.017368	15.5
270	-0.780967	287.326481	0.010901	10.6
271	-1.616443	286.862802	0.031420	10.6
272	-1.578545	286.401113	0.037979	13.2
273	-1.079853	285.941400	0.015916	11.8
274	-1.041946	285.483649	0.010686	8.5
275	-1.137613	285.027847	0.012128	9.4
276	-1.409066	284.573981	0.023075	9.1
277	-1.212322	284.122037	0.008976	10.9
278	-0.792074	283.672002	0.012750	7.8
279	-0.677972	283.223863	0.006355	9.5
280	-0.765843	282.777607	0.008156	9.0
281	-0.431984	282.333221	0.005055	9.5
282	-1.192605	281.890692	0.013181	10.2
283	-1.391029	281.450008	0.012749	7.8
284	-0.579074	281.011157	0.007342	11.0
285	-1.605232	280.574125	0.012562	8.3
286	-0.855923	280.138901	0.015450	9.7
287	-1.105629	279.705473	0.011555	10.0
288	-1.805070	279.273829	0.010504	8.4
289	-0.411702	278.843956	0.011017	11.5
290	-1.517709	278.415844	0.015159	9.8
291	-0.464762	277.989479	0.003016	9.7
292	-1.691982	277.564851	0.027232	10.3
293	-1.313613	277.141949	0.023210	13.1
294	-1.061684	276.720761	0.008810	13.9
295	-1.595206	276.301275	0.024279	10.6
296	-0.763021	275.883480	0.006960	10.2
297	-0.894487	275.467366	0.015912	9.8
298	-1.123635	275.052922	0.028232	9.4
299	-0.449028	274.640136	0.013145	9.0
300	-1.653268	274.228998	0.038654	11.1
301	-1.494404	273.819497	0.020492	9.1
302	-0.333135	273.411623	0.004187	9.8
303	-0.262454	273.005365	0.000977	9.3
304	-0.387222	272.600712	0.005139	9.9
305	-0.215397	272.197655	0.002688	9.7
306	-0.497835	271.796184	0.006641	14.9
307	-1.369586	271.396287	0.031573	14.5
308	-0.236764	270.997956	0.001760	9.4
309	-0.665614	270.601180	0.007213	10.0
310	-1.425484	270.205949	0.017627	8.2
311	-0.680870	269.812254	0.009118	10.4
312	-1.630913	269.420085	0.027561	8.6
313	-0.344356	269.029432	0.005449	8.3
314	-1.250473	268.640287	0.015504	8.8
315	-0.804091	268.252638	0.018941	8.6
316	-0.575646	267.866478	0.004690	9.0
317	-1.401587	267.481796	0.026562	9.9
318	-1.607897	267.098584	0.026980	9.8
319	-1.212754	266.716833	0.025811	8.4
320	-1.318405	266.336533	0.020317	8.2
321	-1.070077	265.957676	0.013497	9.9
322	-1.095042	265.580253	0.010363	8.4
323	-0.680723	265.204254	0.004853	8.8
324	-0.391575	264.829672	0.009915	8.0
325	-1.311092	264.456497	0.022109	9.3
326	-1.498222	264.084721	0.010198	7.5
327	-1.581445	263.714335	0.023345	9.7
328	-0.813761	263.345332	0.010388	7.0
329	-1.206768	262.977702	0.013045	9.1
330	-1.597858	262.611438	0.011040	8.5
331	-1.324176	262.246531	0.014542	8.1
332	-0.930233	261.882973	0.012493	9.0
333	-0.630036	261.520756	0.008588	12.7
334	-1.131884	261.159871	0.016857	11.7
335	-0.455023	260.800312	0.003729	12.7
336	-1.666151	260.442070	0.021030	10.6
337	-0.563774	260.085137	0.007228	11.9
338	-1.577323	259.729505	0.021257	14.4
339	-0.437495	259.375167	0.006849	7.3
340	-0.641845	259.022116	0.005377	8.7
341	-1.427442	258.670343	0.014889	9.1
342	-1.373544	258.319841	0.016462	8.2
343	-0.780489	257.970602	0.007390	8.7
344	-1.482852	257.622620	0.016516	8.7
345	-1.484965	257.275887	0.008105	10.5
346	-0.700410	256.930396	0.007843	7.7
347	-1.385625	256.586139	0.010526	8.4
348	-0.335903	256.243109	0.005878	7.9
349	-1.247924	255.901300	0.015310	7.6
350	-0.889515	255.560703	0.011524	7.5
351	-0.995593	255.221313	0.014877	8.1
352	-1.071185	254.883122	0.019740	8.7
353	-0.997608	254.546124	0.012816	9.0
354	-1.043273	254.210311	0.007995	12.1
355	-0.638931	253.875677	0.011998	10.7
356	-0.613877	253.542215	0.007797	9.9
357	-1.418971	253.209918	0.019999	10.7
358	-0.245103	252.878781	0.003742	9.4
359	-1.249739	252.548795	0.013462	9.5
360	-0.777240	252.219956	0.007408	7.9
361	-1.385164	251.892255	0.024906	11.7
362	-0.942697	251.565688	0.032666	12.4
363	-0.559053	251.240247	0.009347	12.3
364	-1.362050	250.915926	0.020643	14.1
365	-0.895841	250.592720	0.027781	9.2
366	-0.701285	250.270621	0.006247	9.5
367	-0.599190	249.949624	0.011481	10.6
368	-1.053378	249.629723	0.012821	18.5
369	-1.476876	249.310911	0.026131	22.3
370	-0.923329	248.993182	0.011856	22.7
371	-0.570016	248.676531	0.007273	17.6
372	-0.132829	248.360952	0.001349	16.1
373	-0.246593	248.046438	0.002357	26.6
374	-1.529196	247.732984	0.011805	23.5
375	-1.063435	247.420584	0.009934	15.4
376	-1.507724	247.109233	0.012375	14.4
377	-0.069253	246.798924	0.000588	11.2
378	-0.850148	246.489652	0.010620	20.1
379	-0.425663	246.181412	0.002422	18.8
380	-1.011179	245.874197	0.009300	19.6
381	-1.619324	245.568002	0.021886	17.1
382	-0.928514	245.262822	0.016765	18.0
383	-0.579099	244.958652	0.003980	13.5
384	-1.590145	244.655485	0.031911	15.6
385	-0.828011	244.353317	0.007839	13.1
386	-0.919581	244.052142	0.016652	17.1
387	-0.506353	243.751955	0.003914	12.1
388	-0.730504	243.452750	0.006745	8.0
389	-1.614915	243.154523	0.042172	8.8
390	-1.348037	242.857268	0.016782	8.0
391	-1.277276	242.560980	0.011420	10.4
392	-1.405551	242.265654	0.050440	8.6
393	-1.706902	241.971285	0.026178	8.0
394	-1.459602	241.677868	0.014497	9.1
395	-0.452936	241.385397	0.013360	8.8
396	-0.846035	241.093869	0.011778	8.3
397	-1.235793	240.803278	0.028372	8.5
398	-1.096384	240.513619	0.023312	10.6
399	-1.450811	240.224887	0.042725	11.4
400	-0.692337	239.937077	0.010430	12.2
401	-0.807043	239.650186	0.012643	13.6
402	-0.911057	239.364207	0.011561	11.5
403	-1.351147	239.079136	0.011277	8.7
404	-0.825586	238.794969	0.006457	8.1
405	-1.545161	238.511701	0.013787	8.4
406	-0.783480	238.229327	0.008511	9.3
407	-0.384132	237.947843	0.005293	8.5
408	-0.781099	237.667244	0.007763	8.1
409	-0.712842	237.387526	0.008916	8.0
410	-1.636220	237.108684	0.039659	8.3
411	-0.647302	236.830714	0.009281	8.7
412	-1.618288	236.553610	0.041842	9.0
413	-0.650785	236.277370	0.014608	8.3
414	-1.531638	236.001989	0.007536	8.8
415	-0.326549	235.727461	0.004589	8.9
416	-0.597218	235.453784	0.011466	8.7
417	-1.246789	235.180952	0.029947	7.8
418	-0.931789	234.908962	0.014128	8.8
419	-0.149387	234.637809	0.001131	8.8
420	-0.777968	234.367488	0.013791	8.5
421	-1.610498	234.097997	0.014111	8.7
422	-1.063940	233.829331	0.016077	8.4
423	-0.176199	233.561485	0.001807	8.4
424	-1.623431	233.294456	0.029217	8.2
425	-1.450494	233.028239	0.023506	7.8
426	-0.733568	232.762831	0.004974	8.1
427	-1.263622	232.498228	0.007383	8.4
428	-0.579476	232.234425	0.010826	8.9
429	-1.291634	231.971419	0.010649	9.3
430	-1.260247	231.709205	0.016351	9.0
431	-1.646173	231.447781	0.016981	8.5
432	-1.268131	231.187141	0.022243	8.1
433	-1.092874	230.927283	0.018907	8.1
434	-1.607805	230.668202	0.012865	8.3
435	-1.528479	230.409895	0.019819	8.5
436	-0.710891	230.152358	0.010830	8.6
437	-1.448266	229.895587	0.010922	8.5
438	-1.558169	229.639578	0.036146	8.4
439	-0.491438	229.384329	0.008931	11.0
440	-1.311304	229.129834	0.016956	9.2
441	-1.511444	228.876091	0.012374	10.2
442	-1.446011	228.623096	0.009047	9.1
443	-1.196520	228.370846	0.012726	10.3
444	-0.631448	228.119336	0.011437	9.5
445	-0.321855	227.868563	0.005121	9.6
446	-1.674876	227.618525	0.023775	10.2
447	-1.418096	227.369216	0.014812	9.9
448	-0.296069	227.120635	0.003507	9.9
449	-1.272517	226.872777	0.012524	8.3
450	-1.029903	226.625638	0.023331	9.1
451	-1.554698	226.379217	0.021129	10.7
452	-1.663991	226.133509	0.018890	8.5
453	-0.452196	225.888510	0.007896	10.7
454	-0.454600	225.644218	0.004795	9.7
455	-1.462122	225.400630	0.011509	9.1
456	-0.704390	225.157741	0.004213	12.3
457	-1.425798	224.915549	0.012565	10.4
458	-0.899675	224.674051	0.013618	9.0
459	-1.395734	224.433242	0.029169	10.2
460	-0.364071	224.193121	0.002531	9.3
461	-1.601441	223.953684	0.011229	8.5
462	-0.577447	223.714927	0.014758	9.0
463	-0.553507	223.476848	0.003962	8.2
464	-0.534653	223.239444	0.005722	13.1
465	-1.568193	223.002710	0.018559	14.2
466	-1.355197	222.766645	0.008917	9.3
467	-0.710503	222.531245	0.004455	9.1
468	-1.086576	222.296508	0.007384	8.2
469	-1.583120	222.062429	0.029867	8.2
470	-0.346363	221.829007	0.004960	8.8
471	-0.666601	221.596238	0.005541	8.8
472	-0.592881	221.364119	0.008661	8.2
473	-0.819734	221.132647	0.010168	9.2
474	-1.236084	220.901820	0.018334	9.4
475	-1.489869	220.671634	0.014372	8.2
476	-1.582670	220.442086	0.008197	8.7
477	-1.458527	220.213174	0.009314	8.0
478	-1.533709	219.984895	0.012656	8.7
479	-0.790038	219.757246	0.005462	9.6
480	-0.964437	219.530224	0.014856	10.3
481	-1.086490	219.303826	0.012793	8.2
482	-1.448259	219.078050	0.011967	11.0
483	-1.534846	218.852893	0.013003	8.9
484	-1.051789	218.628352	0.013799	10.3
485	-0.331148	218.404424	0.005260	13.3
486	-1.449153	218.181106	0.019909	9.0
487	-1.402538	217.958397	0.035544	11.0
488	-1.548278	217.736292	0.019292	9.0
489	-0.660954	217.514790	0.006986	11.3
490	-0.387830	217.293888	0.004050	9.0
491	-1.613724	217.073584	0.025588	10.0
492	-1.540156	216.853873	0.022142	11.6
493	-1.394875	216.634755	0.011377	9.9
494	-0.482053	216.416227	0.002802	10.7
495	-1.667380	216.198285	0.008466	10.3
496	-0.810458	215.980927	0.019319	8.9
497	-0.755243	215.764151	0.016550	11.5
498	-0.672870	215.547955	0.003752	11.4
499	-1.623712	215.332335	0.019680	10.8
500	-1.674497	215.117289	0.016024	9.8
501	-0.286575	214.902815	0.003062	9.7
502	-0.199867	214.688911	0.003500	10.4
503	-0.732396	214.475573	0.012164	9.0
504	-0.287196	214.262800	0.005111	10.3
505	-1.165158	214.050588	0.007158	9.6
506	-1.404177	213.838936	0.017559	11.5
507	-0.113992	213.627842	0.000771	8.1
508	-1.399788	213.417302	0.024490	10.1
509	-1.154027	213.207314	0.008626	7.5
510	-1.099002	212.997877	0.012234	12.4
511	-1.161453	212.788987	0.013206	12.9
512	-0.383682	212.580642	0.004544	15.3
513	-1.513836	212.372841	0.008513	12.9
514	-0.576601	212.165581	0.005048	10.3
515	-1.011332	211.958859	0.009495	9.2
516	-1.151947	211.752673	0.007699	9.6
517	-0.866472	211.547021	0.014495	13.2
518	-1.262370	211.341902	0.009164	10.3
519	-0.768367	211.137311	0.009056	9.1
520	-0.342191	210.933248	0.003047	11.3
521	-1.092041	210.729710	0.006839	9.3
522	-0.853858	210.526695	0.013969	10.1
523	-1.044705	210.324200	0.008517	12.0
524	-1.590884	210.122224	0.028040	10.5
525	-0.616604	209.920765	0.004467	9.0
526	-1.395988	209.719820	0.020022	13.5
527	-0.587071	209.519387	0.007768	12.6
528	-1.635121	209.319463	0.011555	12.8
529	-1.397660	209.120048	0.025926	12.8
530	-1.598000	208.921139	0.024507	12.7
531	-0.988997	208.722733	0.006953	11.9
532	-0.658051	208.524829	0.006981	13.6
533	-1.569760	208.327425	0.020107	10.5
534	-1.070639	208.130518	0.007861	10.9
535	-1.139122	207.934107	0.021219	12.7
536	-1.698179	207.738189	0.023490	12.7
537	-0.703854	207.542762	0.009959	11.5
538	-1.024078	207.347825	0.006287	10.1
539	-1.462090	207.153376	0.018975	11.3
540	-0.436744	206.959412	0.005135	8.9
541	-0.896250	206.765932	0.011806	11.6
542	-0.927947	206.572933	0.009776	11.5
543	-1.106849	206.380414	0.009586	9.1
544	-0.951217	206.188373	0.012002	15.9
545	-0.464686	205.996807	0.002942	17.3
546	-0.729889	205.805716	0.014215	17.4
547	-0.735011	205.615096	0.010864	41.8
548	-1.395971	205.424946	0.022570	32.5
549	-1.449488	205.235265	0.012103	20.3
550	-1.138201	205.046050	0.016837	13.1
551	-0.802151	204.857299	0.010072	8.0
552	-0.653933	204.669011	0.008119	8.1
553	-1.413781	204.481184	0.017609	8.2
554	-1.015573	204.293816	0.006602	8.4
555	-1.437567	204.106905	0.013458	19.4
556	-0.940846	203.920449	0.018054	16.3
557	-1.326762	203.734447	0.007118	14.7
558	-1.504095	203.548896	0.020582	12.8
559	-1.066366	203.363795	0.017243	8.2
560	-1.371849	203.179143	0.006093	8.3
561	-1.577992	202.994937	0.013588	9.1
562	-1.101619	202.811176	0.017199	8.4
563	-1.031743	202.627857	0.018647	8.2
564	-0.192808	202.444980	0.001943	8.1
565	-1.017093	202.262543	0.012398	13.0
566	-0.690290	202.080543	0.007214	10.6
567	-1.568246	201.898979	0.026175	16.4
568	-1.646379	201.717849	0.016754	15.0
569	-0.342728	201.537153	0.002683	12.2
570	-0.775887	201.356887	0.012213	13.9
571	-1.679563	201.177050	0.014958	13.0
572	-0.501730	200.997642	0.008382	8.6
573	-0.470870	200.818659	0.003398	8.2
574	-0.796241	200.640100	0.007044	8.1
575	-0.476591	200.461965	0.006020	8.3
576	-1.131289	200.284250	0.014157	12.8
577	-0.002096	200.106955	0.000056	6.8
578	-1.538251	199.930078	0.017622	10.5
579	-1.151350	199.753617	0.006248	9.2
580	-1.139527	199.577571	0.016282	8.2
581	-1.253326	199.401938	0.020851	8.8
582	-1.473252	199.226717	0.019095	7.7
583	-0.362395	199.051905	0.005336	8.3
584	-1.252807	198.877502	0.007435	7.8
585	-1.456913	198.703506	0.011024	8.0
586	-1.277783	198.529916	0.011742	8.9
587	-1.336708	198.356729	0.030208	7.6
588	-1.569651	198.183944	0.024889	7.9
589	-0.360889	198.011560	0.005625	7.8
590	-1.023412	197.839576	0.009295	8.8
591	-1.337670	197.667989	0.008650	10.7
592	-1.467960	197.496798	0.019005	12.3
593	-1.219847	197.326002	0.011500	11.9
594	-1.642629	197.155600	0.013117	9.9
595	-0.575221	196.985589	0.002380	7.6
596	-0.967554	196.815969	0.008995	8.2
597	-0.290375	196.646738	0.002798	7.9
598	-1.262765	196.477894	0.008210	8.3
599	-1.184805	196.309436	0.010517	8.0
600	-0.832273	196.141363	0.010412	7.8
601	-1.503710	195.973673	0.014385	8.0
602	-1.456310	195.806365	0.018069	7.6
603	-1.628456	195.639437	0.019419	7.7
604	-1.522144	195.472888	0.012710	8.5
605	-0.970956	195.306717	0.008406	8.1
606	-1.040663	195.140922	0.011419	8.6
607	-0.769834	194.975501	0.010071	8.1
608	-1.029585	194.810454	0.009027	7.9
609	-0.913301	194.645779	0.009285	7.6
610	-0.508454	194.481475	0.014099	8.0
611	-1.596017	194.317540	0.016773	9.2
612	-0.937943	194.153973	0.005204	8.2
613	-0.591306	193.990773	0.008304	7.7
614	-1.415047	193.827938	0.017321	13.1
615	-1.536282	193.665467	0.015527	7.6
616	-0.519881	193.503358	0.004594	8.4
617	-1.249105	193.341611	0.014457	8.7
618	-1.481097	193.180224	0.009150	8.0
619	-1.695333	193.019196	0.023379	7.7
620	-1.700246	192.858525	0.006644	7.5
621	-1.520297	192.698210	0.023764	7.7
622	-1.571107	192.538251	0.009885	8.0
623	-1.538556	192.378644	0.011054	7.5
624	-1.170769	192.219391	0.007179	8.4
625	-1.682909	192.060488	0.011498	7.7
626	-1.237959	191.901935	0.018972	8.0
627	-1.183552	191.743730	0.007515	7.7
628	-1.278817	191.585873	0.039875	8.3
629	-1.485095	191.428362	0.021584	7.9
630	-1.349309	191.271196	0.008465	7.9
631	-1.063702	191.114374	0.011267	6.4
632	-1.365839	190.957893	0.019394	9.4
633	-1.403910	190.801755	0.012518	7.8
634	-1.299217	190.645956	0.014627	11.0
635	-0.909430	190.490495	0.019954	8.3
636	-1.737213	190.335373	0.028768	8.2
637	-1.048821	190.180587	0.013946	7.6
638	-1.053494	190.026136	0.003939	8.4
639	-1.643972	189.872019	0.018326	8.5
640	-1.228093	189.718235	0.014033	11.9
641	-1.514382	189.564782	0.028824	12.5
642	-1.472696	189.411661	0.021228	12.1
643	-0.325411	189.258868	0.004506	13.7
644	-1.330367	189.106404	0.008636	11.6
645	-1.210234	188.954267	0.005073	8.4
646	-0.097429	188.802456	0.000661	10.8
647	-0.951614	188.650969	0.008201	7.5
648	-0.655426	188.499807	0.008893	7.5
649	-1.221467	188.348967	0.018665	8.2
650	-1.355833	188.198448	0.021848	7.9
651	-1.443477	188.048250	0.032553	8.8
652	-1.518879	187.898371	0.006833	8.3
653	-1.477574	187.748810	0.014845	7.6
654	-0.198576	187.599566	0.001836	7.8
655	-1.485492	187.450638	0.038955	8.3
656	-0.887430	187.302025	0.004109	8.2
657	-1.311197	187.153725	0.012964	7.9
658	-1.459255	187.005739	0.020653	7.8
659	-0.470112	186.858064	0.013258	8.3
660	-1.667452	186.710699	0.026465	7.9
661	-1.565974	186.563645	0.010073	9.0
662	-1.650787	186.416898	0.033898	8.9
663	-1.223232	186.270459	0.011181	9.1
664	-0.667053	186.124326	0.005606	7.9
665	-1.622155	185.978499	0.018904	8.1
666	-1.121415	185.832976	0.007293	8.3
667	-1.013149	185.687756	0.012965	12.2
668	-1.289179	185.542838	0.011858	8.8
669	-1.717935	185.398222	0.008421	9.7
670	-0.934888	185.253906	0.021473	14.4
671	-0.265328	185.109889	0.002623	9.9
672	-1.552401	184.966170	0.021933	9.4
673	-0.172736	184.822748	0.001112	11.1
674	-0.951110	184.679623	0.010291	9.6
675	-1.286007	184.536792	0.005281	9.8
676	-0.094943	184.394256	0.001860	10.2
677	-1.692916	184.252013	0.024104	10.7
678	-1.471699	184.110062	0.009909	9.8
679	-1.162874	183.968403	0.011551	11.1
680	-0.823025	183.827034	0.012027	10.3
681	-1.631551	183.685954	0.007131	9.3
682	-1.389655	183.545163	0.028315	10.7
683	-0.486926	183.404658	0.006368	11.2
684	-1.069174	183.264441	0.013399	9.1
685	-1.516963	183.124509	0.019031	10.1
686	-0.435344	182.984861	0.003947	11.6
687	-0.750662	182.845497	0.007983	10.8
688	-1.420925	182.706416	0.016395	9.4
689	-1.166255	182.567616	0.008218	10.5
690	-0.510201	182.429098	0.012067	9.0
691	-1.566223	182.290859	0.008541	9.6
692	-1.250560	182.152899	0.014454	7.1
693	-1.252424	182.015217	0.011691	8.6
694	-1.094212	181.877813	0.009896	9.9
695	-1.508496	181.740684	0.011321	10.7
696	-0.287005	181.603832	0.003455	9.4
697	-1.618115	181.467253	0.034335	12.3
698	-0.090376	181.330948	0.000587	13.4
699	-0.682599	181.194916	0.009703	14.2
700	-0.573351	181.059155	0.002403	16.2
701	-1.258933	180.923666	0.017467	12.1
702	-0.188269	180.788446	0.001266	8.2
703	-1.512284	180.653496	0.013482	12.1
704	-0.400351	180.518814	0.008445	10.6
705	-1.129724	180.384399	0.021609	9.6
706	-1.321256	180.250251	0.013091	11.7
707	-1.106895	180.116369	0.015094	9.9
708	-0.008652	179.982752	0.000126	9.7
709	-1.316171	179.849398	0.009736	10.2
710	-0.558747	179.716308	0.007275	8.8
711	-0.841175	179.583480	0.009415	10.1
712	-1.123060	179.450913	0.028864	8.5
713	-1.269869	179.318607	0.010914	8.7
714	-1.046969	179.186561	0.012866	9.3
715	-1.372596	179.054774	0.023039	7.7
716	-1.609023	178.923245	0.013428	8.8
717	-1.464730	178.791973	0.008944	9.0
718	-1.738438	178.660958	0.005959	8.6
719	-1.450527	178.530199	0.012525	9.3
720	-1.560065	178.399694	0.018552	8.5
721	-1.442456	178.269444	0.016198	9.4
722	-1.481749	178.139447	0.012973	9.3
723	-0.538714	178.009702	0.007879	9.4
724	-1.012051	177.880209	0.014257	11.3
725	-1.523934	177.750967	0.005021	10.0
726	-1.505806	177.621975	0.011102	8.7
727	-1.280537	177.493232	0.019884	8.6
728	-1.693368	177.364738	0.020281	9.3
729	-1.160104	177.236492	0.016725	10.7
730	-1.569506	177.108492	0.024035	11.3
731	-1.322312	176.980739	0.018308	9.2
732	-1.033641	176.853231	0.012629	11.3
733	-0.701541	176.725968	0.004113	7.9
734	-0.363097	176.598949	0.004683	11.0
735	-1.458478	176.472173	0.016627	11.7
736	-1.662877	176.345639	0.027041	12.5
737	-0.415056	176.219348	0.003753	10.7
738	-0.957497	176.093296	0.011165	10.8
739	-0.461191	175.967486	0.002748	10.0
740	-1.099197	175.841914	0.012807	10.4
741	-1.622087	175.716581	0.009551	10.1
742	-0.722501	175.591486	0.007770	9.0
743	-1.548771	175.466629	0.023406	10.3
744	-1.492015	175.342008	0.018780	11.2
745	-1.611539	175.217622	0.010218	7.8
746	-0.371705	175.093472	0.004244	11.3
747	-1.133367	174.969556	0.012068	9.3
748	-1.570247	174.845873	0.013266	13.5
749	-0.095870	174.722423	0.000496	12.1
750	-1.670527	174.599206	0.017106	13.3
751	-1.149058	174.476220	0.021823	14.3
752	-1.554344	174.353464	0.024499	9.2
753	-1.521176	174.230939	0.008257	11.1
754	-1.524296	174.108643	0.014648	10.0
755	-1.471726	173.986576	0.012381	9.2
756	-0.204889	173.864737	0.001440	7.2
757	-0.826845	173.743124	0.014159	10.9
758	-1.425735	173.621739	0.016322	10.2
759	-1.684534	173.500579	0.018437	9.7
760	-1.515818	173.379645	0.017438	9.9
761	-0.398679	173.258935	0.007594	9.4
762	-0.994263	173.138449	0.011678	11.0
763	-0.685612	173.018186	0.004855	7.6
764	-1.544415	172.898146	0.019666	8.5
765	-1.457376	172.778327	0.016381	8.5
766	-0.930272	172.658730	0.006663	8.7
767	-0.864945	172.539353	0.011569	8.3
768	-0.953762	172.420196	0.007388	8.1
769	-1.027721	172.301258	0.013597	7.8
770	-1.028094	172.182539	0.015546	8.6
771	-1.442487	172.064037	0.015211	9.0
772	-1.578672	171.945753	0.017892	8.6
773	-0.996045	171.827686	0.006371	7.3
774	-0.642516	171.709834	0.008627	8.1
775	-1.384466	171.592198	0.010727	8.1
776	-1.328178	171.474776	0.021757	8.8
777	-1.195018	171.357568	0.011163	7.8
778	-1.506528	171.240574	0.013649	7.8
779	-0.806967	171.123793	0.008043	8.7
780	-1.526044	171.007223	0.008109	8.4
781	-0.404840	170.890865	0.005998	9.0
782	-0.665222	170.774718	0.009518	7.1
783	-1.038577	170.658782	0.007759	8.7
784	-1.107792	170.543055	0.012610	9.0
785	-1.550856	170.427537	0.021389	8.7
786	-0.469994	170.312227	0.007448	8.5
787	-1.471054	170.197125	0.010842	10.0
788	-1.254858	170.082231	0.004302	9.6
789	-1.255255	169.967543	0.013836	8.5
790	-1.359268	169.853061	0.009634	9.0
791	-1.646456	169.738784	0.015947	8.5
792	-0.381983	169.624713	0.004267	8.9
793	-1.550775	169.510845	0.011175	9.1
794	-1.733884	169.397181	0.017128	8.0
795	-1.001770	169.283720	0.013405	8.1
796	-1.536583	169.170462	0.016279	9.1
797	-0.509148	169.057405	0.004671	9.0
798	-0.824819	168.944549	0.005068	8.8
799	-0.724951	168.831895	0.012748	8.6
800	-1.401793	168.719440	0.016500	8.7
801	-1.655138	168.607185	0.017764	7.8
802	-1.345303	168.495129	0.011230	9.1
803	-0.744774	168.383271	0.009248	8.2
804	-0.868250	168.271611	0.008710	8.9
805	-0.203833	168.160148	0.001904	12.4
806	-0.950002	168.048882	0.005804	12.5
807	-1.344043	167.937812	0.019852	13.6
808	-1.229894	167.826938	0.004369	11.7
809	-0.698774	167.716258	0.011354	7.9
810	-1.041478	167.605773	0.016560	8.9
811	-1.421274	167.495482	0.009317	8.2
812	-0.721017	167.385384	0.011062	8.9
813	-0.759729	167.275479	0.008228	8.6
814	-1.641498	167.165766	0.032847	8.3
815	-0.742419	167.056245	0.004508	8.6
816	-1.237342	166.946915	0.009127	8.2
817	-1.396928	166.837776	0.006078	9.0
818	-0.942551	166.728826	0.006014	8.7
819	-0.823438	166.620067	0.011411	8.8
820	-0.328682	166.511496	0.004706	8.2
821	-0.493467	166.403113	0.001558	8.5
822	-0.015900	166.294919	0.000384	8.9
823	-0.739116	166.186912	0.007680	8.9
824	-1.553271	166.079091	0.009136	7.5
825	-0.780711	165.971458	0.014856	8.8
826	-0.568516	165.864009	0.011819	8.7
827	-0.467534	165.756747	0.013964	8.7
828	-1.080864	165.649669	0.013288	8.8
829	-1.155907	165.542775	0.020161	8.7
830	-1.280058	165.436065	0.020087	8.2
831	-1.149799	165.329538	0.011505	7.9
832	-1.548837	165.223194	0.011900	8.9
833	-1.726950	165.117032	0.013326	7.9
834	-1.181341	165.011052	0.013568	8.2
835	-1.065783	164.905253	0.007474	8.2
836	-0.741253	164.799635	0.006368	8.7
837	-0.978915	164.694197	0.009948	7.8
838	-1.358070	164.588939	0.013042	8.0
839	-0.688917	164.483859	0.008564	7.6
840	-1.240786	164.378959	0.010966	8.8
841	-1.789692	164.274237	0.010740	8.9
842	-0.489384	164.169692	0.005009	8.4
843	-1.556826	164.065325	0.017047	11.6
844	-0.928711	163.961135	0.007120	7.8
845	-1.611997	163.857120	0.015535	7.7
846	-1.528208	163.753282	0.007171	8.2
847	-1.623154	163.649619	0.008218	8.4
848	-1.043070	163.546130	0.008999	8.4
849	-1.378944	163.442816	0.014570	8.8
850	-1.363069	163.339676	0.018660	7.3
851	-0.821534	163.236709	0.010209	8.9
852	-1.256657	163.133915	0.020364	8.7
853	-0.503861	163.031294	0.006809	7.4
854	-1.667523	162.928844	0.008218	7.5
855	-0.343983	162.826566	0.003451	8.6
856	-0.511372	162.724459	0.008697	8.4
857	-0.734817	162.622523	0.011310	7.6
858	-1.505372	162.520757	0.029281	7.6
859	-1.616021	162.419160	0.015547	8.0
860	-1.441214	162.317733	0.009832	7.6
861	-0.841314	162.216474	0.008611	8.6
862	-1.232730	162.115383	0.008776	7.7
863	-0.907436	162.014461	0.007146	7.8
864	-1.738637	161.913705	0.015760	8.2
865	-0.598174	161.813117	0.006008	11.6
866	-1.226688	161.712695	0.017457	12.6
867	-1.374159	161.612439	0.015516	11.9
868	-0.699177	161.512349	0.010242	10.0
869	-0.810843	161.412424	0.012030	9.9
870	-1.547380	161.312663	0.015623	7.6
871	-1.150943	161.213067	0.010301	8.3
872	-1.529404	161.113635	0.018915	7.7
873	-0.111591	161.014366	0.002774	7.9
874	-1.476238	160.915260	0.013369	7.7
875	-1.205687	160.816316	0.019637	8.2
876	-1.360880	160.717535	0.011537	7.9
877	-1.571453	160.618915	0.017221	7.8
878	-1.103140	160.520456	0.023535	8.3
879	-0.782992	160.422158	0.006132	8.0
880	-1.432412	160.324021	0.014147	8.5
881	-1.094114	160.226043	0.009323	8.1
882	-1.371530	160.128225	0.016735	7.5
883	-1.569561	160.030566	0.004789	8.2
884	-0.484935	159.933066	0.003831	8.4
885	-1.318279	159.835723	0.020987	8.3
886	-1.389699	159.738539	0.013667	8.1
887	-0.454999	159.641512	0.005699	9.4
888	-1.010874	159.544642	0.012682	8.8
889	-0.532131	159.447929	0.003467	8.2
890	-1.594650	159.351372	0.012191	9.1
891	-0.323882	159.254971	0.002177	8.4
892	-0.911231	159.158725	0.009171	8.6
893	-1.545294	159.062634	0.021077	8.9
894	-0.643192	158.966697	0.008340	8.7
895	-1.365806	158.870915	0.016332	10.4
896	-1.609676	158.775286	0.025176	10.2
897	-0.571732	158.679811	0.008268	9.5
898	-1.562059	158.584489	0.008931	12.7
899	-0.719093	158.489319	0.007131	8.9
900	-0.727192	158.394302	0.009101	14.6
901	-0.656564	158.299436	0.008345	10.8
902	-1.432524	158.204721	0.016736	12.6
903	-0.898336	158.110158	0.005845	10.3
904	-0.467539	158.015745	0.002060	10.5
905	-0.753166	157.921482	0.006386	11.0
906	-1.276740	157.827369	0.013875	9.3
907	-0.448030	157.733406	0.012927	9.9
908	-1.434595	157.639591	0.010587	10.5
909	-1.061750	157.545925	0.008625	9.3
910	-0.901916	157.452408	0.010341	11.3
911	-1.434970	157.359038	0.027782	10.9
912	-1.117803	157.265816	0.011312	9.7
913	-1.416492	157.172741	0.010453	10.2
914	-1.324461	157.079813	0.018306	8.7
915	-0.867610	156.987031	0.007113	11.5
916	-0.338998	156.894395	0.005144	10.1
917	-1.404637	156.801904	0.021271	8.0
918	-0.709623	156.709559	0.007206	10.7
919	-1.709841	156.617359	0.015989	9.9
920	-1.143820	156.525304	0.005092	11.5
921	-1.488902	156.433392	0.008903	14.8
922	-0.749723	156.341624	0.004701	13.5
923	-1.604467	156.250000	0.021943	11.6
924	-1.588304	156.158519	0.023412	12.8
925	-0.778377	156.067180	0.003726	10.6
926	-1.411947	155.975984	0.017592	9.2
927	-0.907089	155.884930	0.012083	11.6
928	-1.265328	155.794017	0.017016	8.6
929	-0.594164	155.703246	0.004723	9.4
930	-0.793324	155.612615	0.010139	9.6
931	-1.516629	155.522125	0.011020	8.9
932	-1.215074	155.431775	0.004721	11.0
933	-1.397599	155.341565	0.014291	9.5
934	-0.945896	155.251495	0.014911	9.8
935	-1.586740	155.161563	0.017574	11.2
936	-1.204376	155.071771	0.018643	8.4
937	-0.940932	154.982117	0.007711	8.6
938	-1.514922	154.892601	0.011815	7.8
939	-0.600425	154.803222	0.003796	8.3
940	-0.999593	154.713981	0.007718	7.9
941	-0.600586	154.624878	0.005640	8.9
942	-0.071284	154.535910	0.000436	7.8
943	-1.594493	154.447080	0.014341	8.2
944	-0.433880	154.358385	0.002569	7.5
945	-1.462456	154.269826	0.015367	8.0
946	-1.409805	154.181402	0.016702	7.6
947	-1.084696	154.093114	0.004990	8.5
948	-0.395161	154.004960	0.004377	7.7
949	-1.602800	153.916940	0.014982	11.5
950	-1.614714	153.829054	0.016045	7.5
951	-1.618881	153.741303	0.007985	8.5
952	-1.456680	153.653684	0.015597	7.9
953	-1.000335	153.566198	0.008719	9.1
954	-1.416018	153.478846	0.008101	7.6
955	-0.416724	153.391625	0.003989	8.3
956	-1.397158	153.304537	0.006101	7.8
957	-1.505499	153.217580	0.004887	7.9
958	-0.443270	153.130755	0.004712	7.7
959	-1.609019	153.044061	0.022291	9.0
960	-1.396996	152.957498	0.009590	8.4
961	-0.895768	152.871065	0.011103	8.2
962	-0.239872	152.784762	0.002235	7.3
963	-1.434490	152.698589	0.012831	7.0
964	-1.204746	152.612545	0.017037	8.5
965	-1.263010	152.526631	0.004205	9.2
966	-0.920989	152.440845	0.013447	13.4
967	-0.769344	152.355188	0.010170	13.8
968	-1.352894	152.269660	0.008506	11.8
969	-0.907681	152.184259	0.007666	7.5
970	-1.647958	152.098986	0.008128	9.9
971	-0.975119	152.013840	0.016410	8.2
972	-0.811498	151.928821	0.007494	8.1
973	-1.597301	151.843928	0.011592	8.2
974	-0.863133	151.759163	0.005635	7.7
975	-1.368255	151.674523	0.012669	8.1
976	-1.700349	151.590009	0.015280	9.3
977	-1.525590	151.505620	0.012562	11.6
978	-1.285081	151.421357	0.020158	12.1
979	-1.519625	151.337218	0.009631	13.3
980	-0.137145	151.253204	0.001875	9.3
981	-1.616057	151.169314	0.017617	9.9
982	-1.143449	151.085549	0.010932	8.6
983	-1.587152	151.001907	0.019497	7.9
984	-1.107615	150.918388	0.006816	7.7
985	-1.196769	150.834992	0.018372	7.7
986	-1.020112	150.751719	0.010059	8.1
987	-1.303623	150.668569	0.019771	8.6
988	-0.482275	150.585541	0.001487	8.6
989	-1.418418	150.502634	0.011141	7.6
990	-0.303171	150.419849	0.002671	8.8
991	-1.491438	150.337186	0.008772	8.2
992	-1.374119	150.254644	0.019914	8.2
993	-1.385038	150.172222	0.007330	7.9
994	-1.584820	150.089921	0.008149	8.5
995	-1.423706	150.007740	0.013799	8.0
996	-1.560942	149.925679	0.009099	8.1
997	-1.423743	149.843737	0.005888	8.2
998	-0.946231	149.761915	0.008570	7.6
999	-1.675660	149.680212	0.008493	8.8
1000	-1.244402	149.598627	0.014944	8.0
1001	-1.118076	149.517161	0.009392	7.7
1002	-1.202407	149.435814	0.005331	6.9
1003	-1.496259	149.354584	0.018962	8.7
1004	-0.942456	149.273472	0.008109	7.8
1005	-0.456876	149.192477	0.003357	8.8
1006	-1.652284	149.111599	0.018527	10.4
1007	-1.260865	149.030838	0.006884	7.7
1008	-1.696444	148.950194	0.025972	7.4
1009	-1.218756	148.869666	0.009796	8.5
1010	-0.148899	148.789253	0.001238	8.9
1011	-0.867156	148.708957	0.014185	9.1
1012	-0.962886	148.628776	0.008641	7.6
1013	-1.502449	148.548710	0.011991	7.5
1014	-0.607200	148.468759	0.008129	8.9
1015	-0.932485	148.388923	0.007549	8.3
1016	-1.196168	148.309201	0.015717	8.2
1017	-1.463016	148.229594	0.009300	7.2
1018	-1.044954	148.150100	0.013084	7.9
1019	-1.405902	148.070719	0.009603	7.5
1020	-1.378006	147.991452	0.016023	7.7
1021	-1.345529	147.912298	0.009999	7.5
1022	-0.386176	147.833257	0.005758	8.9
1023	-1.348373	147.754329	0.010320	8.1
1024	-1.223543	147.675512	0.006221	8.0
1025	-0.254688	147.596808	0.002049	7.9
1026	-1.268258	147.518216	0.007314	8.5
1027	-0.873623	147.439735	0.012181	8.3
1028	-0.611376	147.361365	0.006153	8.3
1029	-0.987360	147.283106	0.013062	7.7
1030	-0.958017	147.204958	0.007518	8.0
1031	-1.690642	147.126920	0.015540	8.5
1032	-1.675595	147.048993	0.016080	8.9
1033	-0.369510	146.971175	0.006801	7.8
1034	-0.245083	146.893468	0.002667	7.8
1035	-1.432534	146.815869	0.015268	8.2
1036	-0.639887	146.738380	0.010941	8.2
1037	-0.687589	146.661000	0.011536	8.0
1038	-1.437945	146.583729	0.018900	8.2
1039	-1.531045	146.506566	0.015132	12.1
1040	-1.476970	146.429511	0.011909	10.1
1041	-1.314204	146.352565	0.010938	10.7
1042	-0.756178	146.275726	0.007857	10.8
1043	-0.805128	146.198994	0.007492	10.2
1044	-1.209512	146.122370	0.013296	10.2
1045	-1.203755	146.045853	0.014296	7.4
1046	-0.393845	145.969442	0.005473	8.2
1047	-0.882911	145.893139	0.010654	8.2
1048	-0.170924	145.816941	0.002297	8.3
1049	-1.505029	145.740849	0.018477	7.8
1050	-0.883779	145.664863	0.004492	8.1
1051	-0.659753	145.588983	0.006994	8.0
1052	-1.765043	145.513208	0.021831	7.9
1053	-1.396055	145.437538	0.016686	7.6
1054	-0.067246	145.361973	0.000564	7.7
1055	-0.856317	145.286513	0.012059	7.0
1056	-1.290604	145.211157	0.007005	7.7
1057	-0.816239	145.135905	0.007499	7.6
1058	-1.313894	145.060757	0.003548	8.0
1059	-0.530666	144.985712	0.001918	8.1
1060	-1.487959	144.910771	0.017011	8.1
1061	-1.660817	144.835934	0.015923	7.7
1062	-0.539736	144.761199	0.007006	8.1
1063	-0.098257	144.686567	0.000651	8.5
1064	-1.641460	144.612037	0.016837	7.9
1065	-1.140711	144.537610	0.008316	7.6
1066	-0.437078	144.463285	0.003226	10.9
1067	-1.286468	144.389062	0.021725	8.7
1068	-1.047125	144.314940	0.020181	8.4
1069	-1.557552	144.240920	0.021450	8.5
1070	-0.792829	144.167001	0.008859	7.6
1071	-1.429596	144.093182	0.010926	8.1
1072	-0.153819	144.019465	0.002176	7.9
1073	-1.526278	143.945848	0.016489	8.5
1074	-1.492463	143.872331	0.006138	7.8
1075	-1.063851	143.798914	0.008145	6.8
1076	-1.123417	143.725597	0.010335	7.7
1077	-0.381174	143.652380	0.006870	8.4
1078	-1.545524	143.579262	0.016942	7.7
1079	-0.402678	143.506243	0.006571	7.7
1080	-0.970374	143.433323	0.009495	7.6
1081	-1.042947	143.360502	0.005183	8.3
1082	-1.515288	143.287780	0.020929	7.7
1083	-1.529232	143.215155	0.018282	8.9
1084	-1.718312	143.142629	0.011685	8.3
1085	-0.568392	143.070201	0.007824	8.7
1086	-0.556169	142.997870	0.004294	6.1
1087	-1.524343	142.925637	0.016507	8.3
1088	-1.429086	142.853501	0.015519	7.9
1089	-1.766509	142.781462	0.019666	8.2
1090	-1.574295	142.709519	0.020228	7.4
1091	-1.301361	142.637674	0.015859	7.9
1092	-1.460515	142.565924	0.013027	7.9
1093	-0.997367	142.494271	0.009668	8.2
1094	-0.200316	142.422714	0.001376	8.0
1095	-1.702541	142.351252	0.014423	7.5
1096	-1.551599	142.279886	0.008454	7.7
1097	-1.599330	142.208616	0.019019	8.3
1098	-1.605801	142.137440	0.013618	7.5
1099	-1.588532	142.066360	0.012010	8.1
1100	-0.630914	141.995374	0.011646	8.4
1101	-1.362804	141.924483	0.015239	8.6
1102	-1.175295	141.853685	0.014234	11.1
1103	-0.646342	141.782983	0.006087	10.3
1104	-1.317914	141.712373	0.011507	12.1
1105	-1.380097	141.641858	0.017002	13.5
1106	-1.615497	141.571436	0.012807	8.9
1107	-1.025792	141.501108	0.004481	7.0
1108	-1.142886	141.430872	0.009666	8.2
1109	-1.535452	141.360730	0.011826	10.8
1110	-1.242297	141.290680	0.011157	7.8
1111	-1.004186	141.220722	0.008582	8.4
1112	-1.116624	141.150857	0.011404	8.0
1113	-1.433325	141.081084	0.033540	9.1
1114	-1.005567	141.011403	0.010052	7.8
1115	-1.561363	140.941813	0.026045	7.5
1116	-0.957951	140.872315	0.006750	8.7
1117	-0.611077	140.802909	0.005871	8.2
1118	-1.674410	140.733593	0.023072	7.9
1119	-1.216331	140.664369	0.010900	7.3
1120	-0.799593	140.595235	0.004656	9.4
1121	-1.714099	140.526192	0.024404	8.0
1122	-1.362131	140.457239	0.019313	9.1
1123	-1.687495	140.388376	0.020279	12.4
1124	-1.380742	140.319603	0.014093	9.4
1125	-0.203154	140.250920	0.004781	11.0
1126	-0.658808	140.182326	0.004550	11.2
1127	-1.717792	140.113822	0.020228	10.6
1128	-1.347451	140.045407	0.010160	10.8
1129	-0.988312	139.977081	0.007701	9.8
1130	-1.372105	139.908844	0.024631	10.1
1131	-1.607877	139.840696	0.023125	10.9
1132	-1.182115	139.772635	0.008138	10.1
1133	-0.032916	139.704664	0.000538	9.5
1134	-1.333538	139.636780	0.011251	11.7
1135	-0.813308	139.568984	0.008611	17.7
1136	-1.581304	139.501276	0.011509	16.8
1137	-1.490906	139.433655	0.014220	15.8
1138	-0.682544	139.366122	0.008751	15.4
1139	-1.553692	139.298676	0.023949	9.2
1140	-1.320016	139.231317	0.011598	12.4
1141	-1.325956	139.164045	0.011222	11.9
1142	-0.186349	139.096859	0.001672	8.0
1143	-1.648248	139.029760	0.038763	10.4
1144	-1.426800	138.962747	0.014035	8.7
1145	-1.522775	138.895820	0.009601	9.9
1146	-0.409507	138.828978	0.003099	10.5
1147	-0.975937	138.762223	0.008053	8.0
1148	-0.281532	138.695553	0.004535	9.5
1149	-0.201211	138.628969	0.001927	7.8
1150	-1.682950	138.562469	0.016008	9.9
1151	-0.656143	138.496055	0.009519	8.7
1152	-0.841716	138.429725	0.004390	8.3
1153	-0.682896	138.363481	0.002774	7.6
1154	-0.960009	138.297320	0.010160	9.5
1155	-0.890611	138.231244	0.010884	12.2
1156	-1.004043	138.165252	0.011510	12.9
1157	-0.948442	138.099344	0.007741	11.1
1158	-1.605354	138.033520	0.015691	8.9
1159	-0.921069	137.967779	0.011070	10.8
1160	-1.708747	137.902122	0.013536	9.7
1161	-1.181099	137.836548	0.010626	7.4
1162	-1.070515	137.771057	0.006462	9.0
1163	-0.697783	137.705649	0.009462	8.2
1164	-0.601326	137.640324	0.007496	8.5
1165	-1.418822	137.575081	0.012552	8.1
1166	-1.484694	137.509921	0.011907	8.1
1167	-0.490075	137.444842	0.009274	8.6
1168	-0.439637	137.379846	0.006205	8.8
1169	-1.591840	137.314932	0.018751	9.2
1170	-0.703687	137.250100	0.009475	8.5
1171	-0.187883	137.185349	0.003131	11.7
1172	-0.496314	137.120680	0.003226	9.3
1173	-0.235375	137.056092	0.002740	9.1
1174	-1.423834	136.991585	0.016284	8.5
1175	-1.483753	136.927158	0.011718	8.8
1176	-0.275718	136.862813	0.002830	9.4
1177	-0.677740	136.798548	0.007647	8.4
1178	-1.585849	136.734363	0.016720	9.7
1179	-0.459403	136.670259	0.010006	9.3
1180	-0.351870	136.606235	0.003300	8.8
1181	-0.524127	136.542291	0.005790	8.8
1182	-1.328880	136.478426	0.009410	8.6
1183	-0.367090	136.414641	0.002601	9.0
1184	-0.258967	136.350936	0.002683	8.9
1185	-1.205401	136.287310	0.018140	10.1
1186	-0.828132	136.223763	0.005393	8.7
1187	-1.558647	136.160295	0.015521	9.0
1188	-1.055236	136.096905	0.013017	8.8
1189	-0.722338	136.033594	0.007088	8.2
1190	-1.044938	135.970362	0.017355	9.7
1191	-0.601005	135.907208	0.008646	9.4
1192	-1.269765	135.844133	0.020070	9.2
1193	-0.451489	135.781135	0.004464	8.8
1194	-1.547105	135.718215	0.013977	9.3
1195	-0.665013	135.655373	0.002804	7.8
1196	-0.844654	135.592608	0.007692	9.0
1197	-1.195274	135.529921	0.009222	9.3
1198	-0.453385	135.467311	0.003557	8.2
1199	-0.901384	135.404778	0.009471	10.8
1200	-0.736717	135.342322	0.010524	9.8
1201	-1.301664	135.279942	0.020530	9.4
1202	-0.416018	135.217640	0.004632	8.9
1203	-1.504170	135.155413	0.007689	9.2
1204	-1.282962	135.093263	0.025889	9.2
1205	-1.569916	135.031190	0.006460	9.8
1206	-0.850483	134.969192	0.011413	9.5
1207	-1.708956	134.907270	0.017468	8.8
1208	-1.114685	134.845424	0.015796	9.7
1209	-1.284198	134.783653	0.012158	9.8
1210	-0.352873	134.721958	0.002748	9.3
1211	-1.644574	134.660338	0.015001	12.9
1212	-1.514399	134.598793	0.014646	14.3
1213	-1.702129	134.537323	0.024276	15.9
1214	-0.750585	134.475927	0.011570	14.0
1215	-1.328663	134.414607	0.014066	9.5
1216	-1.188410	134.353361	0.023024	9.1
1217	-1.001815	134.292189	0.005634	8.4
1218	-1.127706	134.231092	0.013937	9.1
1219	-0.711315	134.170068	0.006089	7.5
1220	-1.076220	134.109119	0.025684	8.5
1221	-1.251922	134.048243	0.011605	8.9
1222	-1.615843	133.987441	0.016668	8.4
1223	-0.785524	133.926713	0.009817	12.0
1224	-0.096285	133.866057	0.000750	8.5
1225	-1.472326	133.805475	0.013566	8.5
1226	-0.596137	133.744966	0.005093	7.4
1227	-1.397085	133.684530	0.007863	8.3
1228	-1.005001	133.624167	0.008207	8.6
1229	-1.546625	133.563877	0.010190	7.4
1230	-0.366610	133.503658	0.003419	7.8
1231	-1.523663	133.443513	0.023450	7.9
1232	-0.142666	133.383439	0.001197	9.0
1233	-1.285033	133.323437	0.006603	8.4
1234	-1.116841	133.263508	0.005359	8.6
1235	-1.516677	133.203650	0.022220	8.4
1236	-0.060934	133.143864	0.000559	9.3
1237	-0.059888	133.084149	0.000470	7.4
1238	-1.393258	133.024506	0.010451	8.4
1239	-1.807615	132.964934	0.016254	8.8
1240	-1.264025	132.905433	0.014631	7.8
1241	-0.734470	132.846003	0.003857	8.4
1242	-1.029884	132.786643	0.010873	9.6
1243	-1.304143	132.727355	0.025639	10.2
1244	-0.498636	132.668137	0.010223	9.2
1245	-0.810951	132.608989	0.013772	11.4
1246	-1.594465	132.549912	0.020866	14.6
1247	-1.272724	132.490904	0.010607	15.6
1248	-1.028125	132.431967	0.019547	14.6
1249	-1.703416	132.373100	0.014937	12.9
1250	-0.141486	132.314302	0.000835	11.7
1251	-1.607906	132.255574	0.013121	13.3
1252	-1.155030	132.196916	0.012629	14.2
1253	-1.287318	132.138326	0.008371	14.7
1254	-1.467534	132.079806	0.012022	14.3
1255	-1.698843	132.021355	0.037442	15.4
1256	-1.659315	131.962973	0.019473	15.0
1257	-1.190469	131.904660	0.018970	11.5
1258	-1.490881	131.846415	0.007512	15.0
1259	-0.365373	131.788239	0.004712	22.5
1260	-1.286557	131.730131	0.006296	20.4
1261	-0.516490	131.672092	0.003471	16.8
1262	-0.492006	131.614121	0.006318	12.1
1263	-0.392667	131.556217	0.011717	8.6
1264	-0.172670	131.498382	0.001747	9.3
1265	-0.702207	131.440614	0.007817	8.6
1266	-0.702985	131.382914	0.003588	8.0
1267	-0.763596	131.325282	0.015061	10.2
1268	-0.844485	131.267717	0.008113	11.0
1269	-0.708960	131.210219	0.012161	8.3
1270	-1.589288	131.152788	0.017123	8.7
1271	-1.509553	131.095424	0.011820	9.6
1272	-1.507540	131.038127	0.018269	7.7
1273	-1.225498	130.980897	0.007234	8.5
1274	-1.486291	130.923733	0.036342	11.2
1275	-1.187593	130.866636	0.014191	8.2
1276	-0.468928	130.809605	0.007806	9.1
1277	-1.272552	130.752641	0.005662	8.7
1278	-1.065380	130.695742	0.005772	9.4
1279	-1.346904	130.638910	0.009650	8.0
1280	-0.673212	130.582143	0.007786	7.9
1281	-0.887720	130.525442	0.013321	8.9
1282	-1.092721	130.468807	0.006452	8.5
1283	-0.743383	130.412237	0.012723	8.4
1284	-1.071789	130.355733	0.007051	8.1
1285	-1.697060	130.299294	0.028405	7.3
1286	-0.778877	130.242920	0.008088	8.0
1287	-0.427124	130.186611	0.005800	8.3
1288	-1.600203	130.130366	0.011968	8.3
1289	-0.781977	130.074187	0.012270	7.4
1290	-1.618981	130.018072	0.009094	8.8
1291	-1.034640	129.962022	0.014393	7.6
1292	-1.693921	129.906036	0.009574	8.3
1293	-1.076802	129.850114	0.007366	7.9
1294	-1.693592	129.794257	0.018138	8.1
1295	-1.316034	129.738463	0.012133	7.9
1296	-1.628897	129.682734	0.015953	8.6
1297	-0.455819	129.627068	0.005303	6.3
1298	-1.649336	129.571466	0.029889	8.6
1299	-0.848275	129.515927	0.009441	7.8
1300	-1.479035	129.460452	0.021274	8.6
1301	-1.607466	129.405040	0.015556	7.4
1302	-0.952228	129.349692	0.008062	7.9
1303	-1.539697	129.294406	0.015906	8.4
1304	-1.358102	129.239183	0.008695	8.2
1305	-0.792557	129.184024	0.004507	8.6
1306	-1.418753	129.128927	0.013669	7.5
1307	-1.539702	129.073892	0.014030	8.5
1308	-1.498500	129.018921	0.021595	8.0
1309	-1.237964	128.964011	0.016026	7.9
1310	-1.408734	128.909164	0.010747	7.5
1311	-1.233302	128.854379	0.011997	8.3
1312	-1.307788	128.799656	0.008261	7.8
1313	-1.231842	128.744995	0.014813	7.9
1314	-1.520079	128.690396	0.005832	8.2
1315	-0.542602	128.635858	0.007196	7.5
1316	-1.615512	128.581382	0.014041	7.9
1317	-1.635674	128.526968	0.016457	7.7
1318	-0.677199	128.472615	0.012993	8.9
1319	-1.282181	128.418323	0.007193	10.3
1320	-1.379227	128.364092	0.023028	12.1
1321	-1.225573	128.309922	0.011157	10.3
1322	-0.006515	128.255814	0.000192	12.6
1323	-0.531334	128.201766	0.008413	7.6
1324	-1.752775	128.147778	0.018935	9.0
1325	-1.235092	128.093852	0.013572	8.8
1326	-1.314767	128.039985	0.011841	9.6
1327	-1.236169	127.986180	0.015073	8.8
1328	-0.666111	127.932434	0.005157	8.2
1329	-1.016644	127.878749	0.008462	8.2
1330	-0.589726	127.825123	0.008554	6.9
1331	-0.635662	127.771558	0.012455	8.9
1332	-0.719928	127.718052	0.014671	8.7
1333	-0.968809	127.664606	0.007875	8.2
1334	-1.027588	127.611220	0.009485	7.4
1335	-1.047488	127.557893	0.013321	7.5
1336	-0.961125	127.504625	0.005601	8.3
1337	-0.843445	127.451417	0.006565	8.6
1338	-1.695430	127.398268	0.017940	7.5
1339	-0.957455	127.345178	0.007157	9.0
1340	-0.401885	127.292147	0.002691	6.5
1341	-0.838948	127.239175	0.009500	8.2
1342	-0.653174	127.186261	0.009740	7.4
1343	-0.362625	127.133407	0.005178	8.5
1344	-0.820863	127.080610	0.012997	8.4
1345	-0.437542	127.027872	0.008861	8.2
1346	-1.649786	126.975193	0.024779	7.8
1347	-0.667684	126.922572	0.006520	8.3
1348	-1.412005	126.870008	0.015128	7.7
1349	-0.639521	126.817503	0.003830	8.2
1350	-0.687122	126.765056	0.003863	7.3
1351	-0.670148	126.712667	0.005896	8.1
1352	-0.267063	126.660335	0.002513	8.1
1353	-0.848226	126.608061	0.010800	8.7
1354	-0.614577	126.555844	0.013214	7.6
1355	-1.006797	126.503685	0.004441	8.0
1356	-1.452526	126.451583	0.019072	8.0
1357	-1.523506	126.399538	0.013477	8.3
1358	-1.235254	126.347550	0.006116	7.6
1359	-0.354357	126.295619	0.002640	8.1
1360	-1.279510	126.243745	0.015953	8.1
1361	-0.610488	126.191928	0.009553	9.0
1362	-1.031948	126.140168	0.009282	7.8
1363	-0.322469	126.088464	0.003951	8.4
1364	-1.457229	126.036817	0.011830	7.7
1365	-1.042811	125.985226	0.014707	7.8
1366	-1.705966	125.933691	0.019423	7.9
1367	-1.430270	125.882212	0.017519	8.2
1368	-1.670715	125.830790	0.016610	7.5
1369	-0.723409	125.779423	0.005442	7.1
1370	-0.298402	125.728113	0.002295	8.5
1371	-1.162371	125.676858	0.007586	7.9
1372	-1.571029	125.625659	0.010510	7.5
1373	-1.713275	125.574515	0.013377	8.2
1374	-1.241580	125.523427	0.018081	7.8
1375	-0.945518	125.472394	0.005968	7.4
1376	-0.494734	125.421417	0.004567	7.5
1377	-1.626954	125.370495	0.012050	8.8
1378	-1.473473	125.319628	0.020136	8.0
1379	-0.646411	125.268815	0.005524	8.0
1380	-1.409169	125.218058	0.011314	7.4
1381	-0.944611	125.167356	0.011888	8.9
1382	-1.433068	125.116708	0.013913	12.0
1383	-1.432260	125.066115	0.009945	11.3
1384	-1.710142	125.015576	0.013093	20.0
1385	-1.314930	124.965092	0.008102	23.1
1386	-0.584595	124.914662	0.009067	13.8
1387	-0.773048	124.864287	0.007325	8.9
1388	-1.277534	124.813965	0.006860	11.5
1389	-0.957974	124.763698	0.013194	8.7
1390	-1.324246	124.713485	0.013660	11.8
1391	-1.335395	124.663325	0.006270	11.6
1392	-1.138548	124.613219	0.024499	8.4
1393	-0.655167	124.563167	0.007866	11.9
1394	-1.693084	124.513168	0.016042	12.4
1395	-1.439876	124.463223	0.021980	9.1
1396	-1.574197	124.413332	0.009663	11.6
1397	-0.882944	124.363493	0.007183	12.1
1398	-0.666867	124.313708	0.008476	8.6
1399	-0.818093	124.263976	0.005731	13.7
1400	-0.791603	124.214297	0.011708	14.2
1401	-1.685153	124.164671	0.018198	21.8
1402	-0.564269	124.115097	0.007234	17.0
1403	-1.533686	124.065577	0.012068	22.2
1404	-0.991176	124.016109	0.010239	21.9
1405	-0.606672	123.966693	0.011796	13.1
1406	-1.036405	123.917330	0.008203	13.3
1407	-1.193630	123.868020	0.006096	11.8
1408	-1.667100	123.818762	0.018897	14.4
1409	-0.723515	123.769556	0.005595	14.4
1410	-1.322521	123.720402	0.015797	7.7
1411	-1.456217	123.671300	0.007812	8.1
1412	-1.551936	123.622250	0.006215	10.8
1413	-1.113366	123.573252	0.014460	10.1
1414	-0.067401	123.524305	0.000639	7.5
1415	-1.689223	123.475411	0.014909	8.1
1416	-0.819334	123.426568	0.012483	9.9
1417	-0.360052	123.377776	0.006338	9.8
1418	-1.521887	123.329036	0.016236	7.7
1419	-1.651324	123.280347	0.010170	7.9
1420	-1.368128	123.231709	0.013059	7.9
1421	-1.446867	123.183122	0.006665	11.7
1422	-1.060227	123.134587	0.011049	8.3
1423	-1.286209	123.086102	0.010589	13.6
1424	-1.142867	123.037669	0.010205	14.4
1425	-1.458683	122.989286	0.012022	16.9
1426	-0.859313	122.940954	0.002755	10.9
1427	-1.099385	122.892672	0.017120	10.6
1428	-0.735938	122.844441	0.012663	8.6
1429	-0.224190	122.796261	0.002393	9.2
1430	-1.418209	122.748130	0.007949	8.7
1431	-1.575606	122.700050	0.017445	9.0
1432	-1.216850	122.652021	0.015061	11.4
1433	-0.781695	122.604041	0.012644	9.8
1434	-1.292721	122.556111	0.011327	9.1
1435	-1.346595	122.508232	0.013967	11.8
1436	-1.440234	122.460402	0.008015	10.5
1437	-1.561446	122.412622	0.009561	8.7
1438	-1.350942	122.364891	0.009658	9.2
1439	-0.957675	122.317210	0.007349	9.4
1440	-0.655473	122.269579	0.008741	10.2
1441	-1.493008	122.221997	0.006849	11.5
1442	-0.805386	122.174465	0.003301	8.8
1443	-1.801397	122.126981	0.015798	11.4
1444	-0.993250	122.079547	0.005345	10.6
1445	-1.618161	122.032162	0.010088	8.3
1446	-0.899055	121.984826	0.005084	8.8
1447	-0.772368	121.937539	0.004826	11.0
1448	-0.816922	121.890301	0.013678	8.8
1449	-0.951886	121.843112	0.009709	10.3
1450	-0.407681	121.795971	0.003470	7.8
1451	-0.828563	121.748879	0.012587	9.8
1452	-0.426845	121.701835	0.004524	9.4
1453	-0.413398	121.654840	0.005360	10.4
1454	-1.383713	121.607893	0.010423	8.9
1455	-0.394325	121.560994	0.007026	9.9
1456	-1.525003	121.514144	0.015006	10.6
1457	-0.704282	121.467342	0.005177	6.8
1458	-1.180697	121.420588	0.017446	8.1
1459	-1.728879	121.373882	0.014375	7.6
1460	-1.002854	121.327223	0.012393	10.6
1461	-1.399435	121.280613	0.009229	7.8
1462	-0.977862	121.234050	0.006236	8.4
1463	-0.751312	121.187535	0.004645	8.7
1464	-1.573053	121.141067	0.013428	8.4
1465	-1.388094	121.094647	0.006840	11.0
1466	-1.698581	121.048274	0.028276	9.2
1467	-1.773535	121.001949	0.027401	8.1
1468	-1.517580	120.955671	0.020386	7.7
1469	-1.319421	120.909440	0.017820	9.3
1470	-0.735280	120.863256	0.009965	9.1
1471	-1.423356	120.817119	0.012680	9.5
1472	-1.193290	120.771029	0.016284	8.4
1473	-1.476350	120.724986	0.006326	9.5
1474	-1.039564	120.678990	0.011453	13.9
1475	-0.880486	120.633040	0.011076	8.3
1476	-1.651008	120.587137	0.015109	12.6
1477	-1.092414	120.541281	0.012244	18.6
1478	-1.393176	120.495471	0.009726	14.0
1479	-1.327410	120.449707	0.017688	13.0
1480	-1.016330	120.403990	0.012537	8.0
1481	-1.002788	120.358319	0.006471	10.1
1482	-1.372953	120.312694	0.004768	8.4
1483	-0.574171	120.267115	0.007970	9.7
1484	-0.446251	120.221582	0.009363	12.2
1485	-1.597991	120.176096	0.008686	9.0
1486	-0.680551	120.130655	0.009045	9.7
1487	-1.594155	120.085260	0.006227	9.9
1488	-1.394772	120.039910	0.014858	8.9
1489	-1.138241	119.994606	0.010615	10.2
1490	-1.242829	119.949348	0.005596	8.4
1491	-0.573066	119.904135	0.005403	10.0
1492	-1.063547	119.858968	0.010994	8.6
1493	-1.397813	119.813846	0.017666	10.2
1494	-0.706214	119.768769	0.006202	9.6
1495	-0.355202	119.723738	0.007835	11.6
1496	-1.388039	119.678752	0.018361	10.6
1497	-0.863661	119.633810	0.018694	9.2
1498	-0.362237	119.588914	0.004612	8.1
1499	-1.549639	119.544062	0.014668	10.0
1500	-0.296111	119.499256	0.002921	8.3
1501	-1.414296	119.454494	0.014326	10.3
1502	-1.648716	119.409777	0.007043	7.8
1503	-1.128454	119.365104	0.008812	8.0
1504	-0.661299	119.320476	0.009040	10.9
1505	-1.094945	119.275893	0.016334	9.7
1506	-1.234963	119.231353	0.006197	8.0
1507	-0.970191	119.186859	0.008548	7.6
1508	-0.857818	119.142408	0.008775	10.2
1509	-1.513530	119.098002	0.009430	9.8
1510	-1.571677	119.053639	0.013899	7.6
1511	-0.724171	119.009321	0.005247	8.6
1512	-1.368720	118.965047	0.013236	8.4
1513	-1.106236	118.920816	0.009721	10.0
1514	-1.071733	118.876630	0.012964	9.5
1515	-0.505346	118.832487	0.004489	8.2
1516	-0.392695	118.788388	0.003105	7.6
1517	-0.721981	118.744332	0.007391	10.2
1518	-0.449035	118.700320	0.007564	10.5
1519	-0.679555	118.656352	0.008536	8.0
1520	-1.090019	118.612427	0.005975	8.2
1521	-0.558240	118.568545	0.006438	7.7
1522	-1.511274	118.524706	0.013986	10.3
1523	-0.688278	118.480911	0.007785	9.6
1524	-0.530896	118.437159	0.003174	7.5
1525	-1.497963	118.393450	0.009958	12.1
1526	-1.154068	118.349784	0.015458	9.9
1527	-0.501764	118.306160	0.009745	9.4
1528	-0.706295	118.262580	0.008576	8.3
1529	-1.205162	118.219042	0.008032	8.1
1530	-0.271834	118.175548	0.002392	11.2
1531	-1.617433	118.132095	0.021759	10.8
1532	-1.249590	118.088686	0.018162	13.1
1533	-0.493696	118.045319	0.003963	12.0
1534	-0.509888	118.001994	0.011732	13.7
1535	-1.006372	117.958712	0.010369	10.3
1536	-1.448119	117.915472	0.012186	9.9
1537	-1.395234	117.872274	0.008081	12.9
1538	-1.411777	117.829118	0.019185	7.8
1539	-0.274569	117.786005	0.003134	8.9
1540	-1.612586	117.742933	0.007855	8.6
1541	-1.192384	117.699904	0.015188	7.7
1542	-0.785003	117.656916	0.010218	11.2
1543	-1.247282	117.613971	0.006151	11.0
1544	-0.708896	117.571067	0.009344	8.2
1545	-0.691527	117.528205	0.008302	8.9
1546	-0.695064	117.485384	0.006653	10.7
1547	-0.956061	117.442605	0.005995	8.8
1548	-0.903869	117.399867	0.008033	10.5
1549	-0.107855	117.357171	0.001392	8.3
1550	-1.447944	117.314517	0.012636	11.1
1551	-1.578312	117.271903	0.017996	10.8
1552	-1.605211	117.229331	0.030559	8.5
1553	-0.182607	117.186800	0.001677	8.8
1554	-0.395438	117.144311	0.004317	11.5
1555	-1.173497	117.101862	0.014813	8.8
1556	-0.560674	117.059454	0.006385	9.3
1557	-0.639857	117.017087	0.008750	8.2
1558	-0.847187	116.974762	0.015500	10.3
1559	-1.457803	116.932476	0.007311	8.8
1560	-1.764045	116.890232	0.019293	10.3
1561	-1.568690	116.848028	0.007017	8.2
1562	-0.397260	116.805865	0.005253	9.5
1563	-1.381416	116.763743	0.010605	11.2
1564	-1.648339	116.721661	0.010175	7.8
1565	-1.215527	116.679619	0.017836	8.2
1566	-0.893552	116.637618	0.013206	7.6
1567	-1.445181	116.595657	0.010440	10.1
1568	-1.314995	116.553736	0.013427	8.0
1569	-0.539249	116.511855	0.005415	9.6
1570	-1.752306	116.470015	0.020946	8.4
1571	-1.257694	116.428214	0.006286	8.2
1572	-1.320604	116.386454	0.013113	9.8
1573	-0.232628	116.344733	0.001666	9.5
1574	-1.024994	116.303052	0.013445	8.9
1575	-1.636079	116.261412	0.012100	8.0
1576	-1.452916	116.219810	0.009957	11.8
1577	-1.475564	116.178249	0.017343	9.8
1578	-1.680133	116.136727	0.028429	10.4
1579	-1.305927	116.095245	0.008830	8.4
1580	-1.287223	116.053802	0.012664	10.0
1581	-1.575425	116.012398	0.019339	10.6
1582	-1.499280	115.971034	0.020770	8.3
1583	-0.536323	115.929710	0.008393	8.6
1584	-1.228290	115.888424	0.009774	14.2
1585	-0.581984	115.847178	0.006499	9.7
1586	-0.935624	115.805970	0.003602	12.7
1587	-1.461411	115.764802	0.018603	13.4
1588	-0.775048	115.723673	0.012744	10.2
1589	-0.637586	115.682583	0.009997	10.9
1590	-1.076433	115.641532	0.013345	8.2
1591	-1.455330	115.600519	0.005284	8.7
1592	-1.181640	115.559546	0.007677	9.7
1593	-1.465590	115.518610	0.009390	8.1
1594	-0.679072	115.477714	0.008706	9.7
1595	-0.918140	115.436856	0.009999	7.7
1596	-0.368474	115.396037	0.006962	10.2
1597	-1.283056	115.355256	0.009841	7.2
1598	-1.583001	115.314514	0.027972	10.1
1599	-0.535795	115.273810	0.005487	8.8
1600	-1.138398	115.233144	0.006129	7.7
1601	-0.616921	115.192517	0.011319	11.5
1602	-1.488587	115.151927	0.017608	7.9
1603	-0.736424	115.111376	0.007310	11.2
1604	-0.443962	115.070863	0.008027	9.8
1605	-0.499894	115.030388	0.007044	9.9
1606	-0.855715	114.989951	0.012634	10.4
1607	-1.108115	114.949551	0.012413	8.1
1608	-1.499644	114.909190	0.019768	9.4
1609	-1.256695	114.868866	0.008457	11.2
1610	-1.480212	114.828580	0.012713	9.8
1611	-0.753879	114.788332	0.013850	9.0
1612	-1.317102	114.748121	0.013277	10.7
1613	-0.636173	114.707948	0.004896	10.6
1614	-0.090708	114.667812	0.000852	8.6
1615	-1.546701	114.627714	0.018115	8.1
1616	-0.669695	114.587653	0.007761	9.5
1617	-1.043800	114.547629	0.003585	8.6
1618	-1.495778	114.507643	0.013623	10.4
1619	-0.650890	114.467693	0.010989	8.2
1620	-1.611771	114.427781	0.017385	8.5
1621	-0.447324	114.387907	0.006533	11.0
1622	-0.256198	114.348069	0.002164	10.1
1623	-1.614097	114.308268	0.009299	7.9
1624	-1.613546	114.268504	0.006046	7.5
1625	-0.794669	114.228777	0.007257	12.8
1626	-0.237657	114.189086	0.002624	8.3
1627	-1.697633	114.149433	0.018214	11.6
1628	-0.839202	114.109816	0.006262	9.4
1629	-1.430694	114.070235	0.016499	9.2
1630	-0.312097	114.030692	0.004214	9.6
1631	-1.553462	113.991185	0.015373	8.6
1632	-1.665583	113.951714	0.016528	7.9
1633	-1.504974	113.912280	0.009669	10.0
1634	-0.923522	113.872882	0.006096	10.1
1635	-1.465507	113.833521	0.015698	7.5
1636	-0.585513	113.794195	0.007040	8.4
1637	-1.520841	113.754906	0.011465	11.2
1638	-0.509668	113.715653	0.004548	11.7
1639	-1.717508	113.676437	0.014090	12.2
1640	-0.973583	113.637256	0.007816	13.7
1641	-0.713551	113.598111	0.006736	11.8
1642	-0.074764	113.559002	0.001343	8.7
1643	-1.374944	113.519929	0.006325	8.3
1644	-0.895862	113.480892	0.008160	8.5
1645	-0.604929	113.441891	0.005253	10.1
1646	-1.502457	113.402925	0.008475	8.3
1647	-1.044343	113.363995	0.009569	8.1
1648	-1.185914	113.325101	0.015766	7.7
1649	-0.536047	113.286242	0.012541	9.7
1650	-0.086665	113.247419	0.001540	7.5
1651	-1.516189	113.208631	0.011350	9.7
1652	-1.444407	113.169879	0.017927	7.9
1653	-1.515428	113.131162	0.014995	8.0
1654	-1.638421	113.092480	0.009347	11.9
1655	-1.325059	113.053833	0.012768	8.6
1656	-1.318308	113.015222	0.013350	8.0
1657	-1.635389	112.976646	0.022557	8.3
1658	-1.581969	112.938105	0.017554	8.8
1659	-0.748189	112.899599	0.011234	11.3
1660	-1.484360	112.861128	0.018898	10.3
1661	-1.532076	112.822692	0.031436	8.5
1662	-1.065161	112.784291	0.014153	8.8
1663	-0.000000	112.745924	0.000000	10.9
1664	-1.362327	112.707593	0.019882	8.1
1665	-1.051084	112.669296	0.013155	9.1
1666	-1.173195	112.631034	0.012857	8.6
1667	-1.363137	112.592806	0.006881	10.5
1668	-0.995859	112.554613	0.009973	10.4
1669	-1.646309	112.516455	0.014278	8.9
1670	-0.993333	112.478331	0.010985	9.0
1671	-1.503379	112.440241	0.015052	10.0
1672	-1.244845	112.402186	0.015478	11.8
1673	-1.301196	112.364165	0.013311	8.6
1674	-0.740553	112.326179	0.005995	11.2
1675	-0.941794	112.288227	0.008034	14.2
1676	-0.963505	112.250309	0.011113	13.9
1677	-1.760002	112.212425	0.011618	18.4
1678	-0.471370	112.174575	0.005520	14.8
1679	-1.244739	112.136759	0.011679	9.8
1680	-1.392797	112.098977	0.015376	10.9
1681	-1.037127	112.061229	0.003895	12.3
1682	-1.761823	112.023515	0.015298	14.0
1683	-0.184194	111.985834	0.001408	9.3
1684	-0.670122	111.948188	0.006216	11.2
1685	-0.728947	111.910575	0.008589	13.3
1686	-0.159835	111.872996	0.001236	8.0
1687	-0.414393	111.835450	0.004602	12.8
1688	-0.606164	111.797939	0.007149	17.3
1689	-0.695400	111.760460	0.007159	15.9
1690	-1.614076	111.723015	0.011074	14.3
1691	-1.208262	111.685604	0.005247	93.4
1692	-0.664084	111.648226	0.004481	59.7
1693	-1.593712	111.610881	0.006991	17.6
1694	-0.985077	111.573570	0.005221	24.9
1695	-0.379663	111.536292	0.006557	13.9
1696	-0.000032	111.499047	0.000011	12.1
1697	-1.350574	111.461835	0.014410	18.0
1698	-0.377449	111.424656	0.001593	10.7
1699	-0.296703	111.387510	0.001787	11.7
1700	-0.579219	111.350398	0.009127	8.8
1701	-0.975370	111.313318	0.017434	10.5
1702	-0.808006	111.276271	0.009139	8.2
1703	-0.507154	111.239257	0.003741	8.1
1704	-1.625263	111.202276	0.018550	8.4
1705	-1.057574	111.165328	0.009411	8.8
1706	-1.590518	111.128412	0.015331	11.1
1707	-1.492814	111.091529	0.024284	7.7
1708	-0.852065	111.054679	0.008183	8.1
1709	-1.496016	111.017861	0.013051	8.1
1710	-1.321986	110.981076	0.010796	11.2
1711	-1.650223	110.944323	0.009448	9.5
1712	-1.511204	110.907603	0.011423	8.3
1713	-1.525324	110.870915	0.007585	8.5
1714	-1.372108	110.834259	0.009114	10.6
1715	-1.331058	110.797636	0.012042	9.6
1716	-1.119250	110.761045	0.015379	9.5
1717	-1.525872	110.724486	0.014363	8.8
1718	-1.108199	110.687959	0.008356	9.4
1719	-0.887330	110.651465	0.012844	12.6
1720	-1.615452	110.615002	0.007969	8.4
1721	-0.986908	110.578572	0.007125	9.3
1722	-0.552652	110.542173	0.004442	15.9
1723	-1.224430	110.505807	0.014506	14.0
1724	-0.858287	110.469472	0.005229	10.6
1725	-1.106910	110.433169	0.009827	10.7
1726	-1.564400	110.396898	0.005770	10.8
1727	-0.577217	110.360659	0.007073	9.4
1728	-1.478393	110.324451	0.011471	9.3
1729	-1.258534	110.288276	0.013282	10.9
1730	-1.034278	110.252131	0.009867	11.0
1731	-0.761429	110.216019	0.008075	8.9
1732	-1.699288	110.179937	0.008310	9.7
1733	-0.859682	110.143888	0.007173	10.6
1734	-1.341488	110.107869	0.013470	9.3
1735	-0.398652	110.071882	0.005558	9.7
1736	-0.811635	110.035927	0.007001	9.1
1737	-0.807646	110.000003	0.008216	9.5
1738	-0.700110	109.964110	0.006971	10.1
1739	-0.460058	109.928248	0.008372	9.3
1740	-0.732553	109.892417	0.014545	9.2
1741	-1.398284	109.856618	0.010133	9.3
1742	-1.268852	109.820850	0.008134	11.0
1743	-0.167924	109.785112	0.002244	8.6
1744	-0.375334	109.749406	0.004793	11.1
1745	-0.978961	109.713730	0.009261	11.9
1746	-1.680970	109.678086	0.012969	10.7
1747	-1.725344	109.642472	0.013439	11.7
1748	-0.124927	109.606890	0.000598	9.6
1749	-1.291924	109.571337	0.010638	11.0
1750	-0.815800	109.535816	0.010214	8.8
1751	-0.958789	109.500326	0.010607	9.4
1752	-1.373468	109.464866	0.016219	7.9
1753	-1.534462	109.429436	0.012848	9.4
1754	-1.608083	109.394038	0.017032	10.0
1755	-1.369368	109.358669	0.012954	8.5
1756	-0.446285	109.323331	0.003452	8.0
1757	-1.675447	109.288024	0.009822	9.0
1758	-0.503706	109.252747	0.006583	10.8
1759	-1.458257	109.217501	0.018047	9.1
1760	-1.217953	109.182284	0.007511	9.8
1761	-1.100069	109.147098	0.009287	9.0
1762	-1.647809	109.111942	0.018095	15.5
1763	-1.352101	109.076817	0.017760	8.3
1764	-1.695950	109.041721	0.010695	9.4
1765	-0.113454	109.006656	0.001067	8.6
1766	-1.695247	108.971620	0.031062	10.2
1767	-1.541565	108.936615	0.015003	11.6
1768	-1.012963	108.901640	0.009998	9.2
1769	-0.712439	108.866694	0.008999	8.6
1770	-1.698483	108.831779	0.012985	9.1
1771	-1.523328	108.796893	0.014424	10.1
1772	-0.139314	108.762037	0.000647	7.4
1773	-0.728912	108.727211	0.007944	8.6
1774	-0.777443	108.692415	0.007906	10.3
1775	-0.010858	108.657648	0.000196	11.5
1776	-1.320933	108.622911	0.015084	8.5
1777	-0.226460	108.588203	0.001514	8.7
1778	-1.564765	108.553525	0.010243	8.8
1779	-1.478752	108.518877	0.009151	10.6
1780	-1.319814	108.484258	0.010741	8.5
1781	-1.318630	108.449668	0.023197	9.9
1782	-0.617668	108.415108	0.006689	8.7
1783	-1.467967	108.380578	0.014342	10.2
1784	-1.196774	108.346076	0.013989	11.0
1785	-1.230071	108.311604	0.011499	9.9
1786	-0.407660	108.277161	0.002836	8.0
1787	-1.623497	108.242747	0.008462	10.8
1788	-1.172975	108.208363	0.015049	8.7
1789	-0.739277	108.174007	0.015270	8.8
1790	-1.522759	108.139681	0.008046	7.7
1791	-1.037640	108.105383	0.011758	10.0
1792	-0.853388	108.071115	0.009292	9.5
1793	-0.194561	108.036875	0.001493	9.1
1794	-1.044265	108.002665	0.012400	11.8
1795	-0.803170	107.968483	0.005577	9.2
1796	-0.918596	107.934330	0.013520	10.4
1797	-0.950615	107.900206	0.010949	8.7
1798	-1.389493	107.866111	0.010233	8.7
1799	-1.382868	107.832044	0.013239	12.1
1800	-0.780827	107.798007	0.008404	14.2
1801	-0.634609	107.763997	0.008669	14.6
1802	-1.121750	107.730017	0.013244	17.8
1803	-0.726679	107.696065	0.008459	14.5
1804	-1.221039	107.662141	0.014012	11.4
1805	-0.724566	107.628246	0.009706	13.1
1806	-0.907245	107.594379	0.009257	12.2
1807	-1.130543	107.560541	0.014956	13.5
1808	-0.171940	107.526731	0.001860	12.8
1809	-1.193376	107.492949	0.007697	48.0
1810	-0.775496	107.459196	0.008668	24.7
1811	-1.307505	107.425471	0.012347	19.8
1812	-0.988592	107.391774	0.008023	14.2
1813	-0.796453	107.358106	0.007579	16.3
1814	-1.322790	107.324465	0.013181	11.9
1815	-1.087036	107.290853	0.012160	12.3
1816	-1.407220	107.257268	0.018038	12.7
1817	-1.556928	107.223712	0.012603	8.3
1818	-1.463992	107.190184	0.015491	11.5
1819	-0.835412	107.156683	0.010208	19.5
1820	-1.613178	107.123211	0.011850	17.4
1821	-1.480594	107.089766	0.010483	21.1
1822	-1.538530	107.056349	0.015204	27.4
1823	-1.684163	107.022960	0.009225	24.9
1824	-1.644114	106.989599	0.012302	8.8
1825	-0.547141	106.956265	0.002853	8.6
1826	-0.792814	106.922960	0.007985	12.5
1827	-1.432852	106.889681	0.008209	16.8
1828	-1.429184	106.856431	0.015422	15.1
1829	-1.716561	106.823208	0.027289	12.4
1830	-1.357228	106.790012	0.011680	21.7
1831	-1.463399	106.756844	0.011297	16.3
1832	-0.145309	106.723703	0.001180	13.8
1833	-1.370024	106.690590	0.017533	16.9
1834	-1.544742	106.657505	0.018826	16.6
1835	-1.440615	106.624446	0.006940	25.1
1836	-1.363519	106.591415	0.011489	14.1
1837	-1.318221	106.558411	0.006334	12.8
1838	-1.033563	106.525435	0.012169	14.1
1839	-0.777715	106.492485	0.007867	12.4
1840	-1.138483	106.459563	0.013652	9.6
1841	-1.446427	106.426668	0.024918	7.6
1842	-1.434746	106.393800	0.013239	12.1
1843	-0.370004	106.360959	0.003801	7.7
1844	-1.404638	106.328145	0.019314	10.0
1845	-0.199908	106.295358	0.002858	9.1
1846	-0.773200	106.262598	0.011366	11.2
1847	-1.626670	106.229865	0.006755	10.0
1848	-0.932719	106.197158	0.005977	8.5
1849	-0.911882	106.164479	0.003698	8.7
1850	-1.002673	106.131826	0.008264	9.2
1851	-1.329589	106.099201	0.012741	13.8
1852	-0.708660	106.066602	0.005119	12.3
1853	-0.898747	106.034029	0.005174	17.4
1854	-1.237996	106.001483	0.013603	18.6
1855	-1.243219	105.968964	0.014634	9.1
1856	-1.650384	105.936472	0.020309	9.6
1857	-1.702352	105.904006	0.011858	12.2
1858	-0.568057	105.871566	0.005152	8.8
1859	-1.317808	105.839153	0.011111	9.6
1860	-1.584314	105.806767	0.026457	9.7
1861	-1.140928	105.774407	0.011283	8.5
1862	-0.600476	105.742073	0.010207	10.3
1863	-0.634863	105.709766	0.005819	9.5
1864	-1.557043	105.677485	0.008129	9.9
1865	-1.200816	105.645230	0.006892	9.9
1866	-0.338643	105.613001	0.002137	7.0
1867	-0.151870	105.580799	0.000801	8.9
1868	-1.280837	105.548623	0.013497	8.7
1869	-1.732351	105.516473	0.020604	12.2
1870	-0.703205	105.484349	0.009343	8.3
1871	-0.792942	105.452251	0.008047	10.4
1872	-0.877201	105.420179	0.007306	9.7
1873	-1.422434	105.388133	0.014533	10.9
1874	-0.786490	105.356113	0.004784	11.3
1875	-1.519202	105.324119	0.010579	9.5
1876	-0.639058	105.292151	0.005508	9.2
1877	-1.493403	105.260209	0.018823	11.2
1878	-0.990785	105.228293	0.004842	8.3
1879	-0.493980	105.196402	0.009580	8.9
1880	-1.343018	105.164537	0.009966	8.4
1881	-1.136104	105.132698	0.018799	10.3
1882	-1.672803	105.100885	0.015138	10.1
1883	-0.676988	105.069097	0.007414	10.6
1884	-0.585457	105.037335	0.004438	12.0
1885	-0.672539	105.005598	0.007600	10.9
1886	-1.059873	104.973887	0.010882	8.6
1887	-0.602518	104.942202	0.006362	8.4
1888	-1.506442	104.910542	0.020529	10.0
1889	-1.597341	104.878907	0.014945	9.8
1890	-0.632632	104.847298	0.005896	8.5
1891	-1.781278	104.815715	0.028774	7.6
1892	-0.082127	104.784156	0.001536	9.2
1893	-0.873057	104.752623	0.007842	9.8
1894	-0.924307	104.721116	0.008517	7.5
1895	-0.891465	104.689633	0.015117	9.6
1896	-0.841661	104.658176	0.008795	7.9
1897	-0.314382	104.626744	0.003744	10.5
1898	-1.034477	104.595337	0.007602	8.9
1899	-0.721918	104.563955	0.006669	8.3
1900	-1.428594	104.532599	0.014442	8.1
1901	-0.873047	104.501267	0.005609	7.9
1902	-1.397672	104.469960	0.011254	13.6
1903	-1.161258	104.438679	0.009545	10.5
1904	-0.863939	104.407422	0.006742	12.0
1905	-0.732632	104.376191	0.005407	14.1
1906	-0.806845	104.344984	0.007584	15.1
1907	-1.639183	104.313802	0.009333	10.8
1908	-1.755406	104.282645	0.016431	8.1
1909	-1.816538	104.251513	0.015621	10.1
1910	-0.922098	104.220405	0.006696	7.4
1911	-0.909240	104.189323	0.010914	9.3
1912	-0.117012	104.158265	0.001596	10.1
1913	-1.582400	104.127231	0.022165	12.2
1914	-0.742862	104.096222	0.006485	11.6
1915	-1.432398	104.065238	0.008793	10.1
1916	-1.041872	104.034279	0.006745	7.2
1917	-1.640441	104.003344	0.032024	11.2
1918	-0.871026	103.972433	0.007109	8.6
1919	-1.138516	103.941547	0.017177	9.8
1920	-0.730476	103.910686	0.008875	12.3
1921	-1.109083	103.879849	0.012883	10.8
1922	-1.375529	103.849036	0.011781	9.9
1923	-0.088231	103.818248	0.000482	6.4
1924	-0.676298	103.787484	0.004395	7.6
1925	-0.557384	103.756744	0.003253	7.9
1926	-1.512579	103.726029	0.013272	11.1
1927	-0.894797	103.695338	0.006426	11.1
1928	-0.522976	103.664671	0.007918	9.4
1929	-1.591887	103.634028	0.019653	8.6
1930	-0.281996	103.603409	0.003046	10.4
1931	-0.263840	103.572814	0.002346	9.7
1932	-1.039168	103.542244	0.011601	8.3
1933	-1.453009	103.511698	0.016658	8.8
1934	-1.545385	103.481175	0.014915	8.5
1935	-1.140077	103.450677	0.007569	9.6
1936	-0.584197	103.420202	0.006872	12.4
1937	-1.483203	103.389752	0.012000	8.4
1938	-1.298287	103.359325	0.014093	10.7
1939	-0.670485	103.328922	0.002550	10.2
1940	-0.652799	103.298543	0.009284	9.1
1941	-1.623540	103.268188	0.007268	8.6
1942	-0.479773	103.237857	0.003918	10.7
1943	-1.210274	103.207549	0.006929	12.5
1944	-0.296346	103.177265	0.002932	20.0
1945	-0.956992	103.147005	0.010760	15.6
1946	-1.366672	103.116768	0.012715	10.6
1947	-1.658780	103.086556	0.009902	7.7
1948	-1.059893	103.056366	0.006403	7.3
1949	-0.924130	103.026200	0.010344	8.4
1950	-1.442446	102.996058	0.016946	14.7
1951	-1.105566	102.965939	0.010748	11.9
1952	-0.976606	102.935844	0.012719	14.3
1953	-0.716051	102.905772	0.005459	15.7
1954	-1.191933	102.875724	0.008776	13.6
1955	-1.081299	102.845699	0.005660	22.6
1956	-1.573641	102.815697	0.015124	17.1
1957	-1.167321	102.785719	0.010672	10.1
1958	-0.981689	102.755764	0.007939	10.2
1959	-0.674667	102.725832	0.012394	9.5
1960	-0.998416	102.695924	0.006191	8.7
1961	-1.658003	102.666038	0.008451	11.6
1962	-0.568515	102.636176	0.008140	11.3
1963	-1.304315	102.606337	0.012187	7.9
1964	-1.707496	102.576521	0.013752	11.7
1965	-0.782793	102.546728	0.008845	9.0
1966	-0.608227	102.516959	0.009344	9.3
1967	-1.593101	102.487212	0.019842	12.8
1968	-1.684389	102.457488	0.010469	12.7
1969	-1.647621	102.427788	0.012578	16.5
1970	-0.722307	102.398110	0.010388	13.2
1971	-1.591133	102.368455	0.009858	9.8
1972	-1.256770	102.338823	0.014504	7.0
1973	-1.643726	102.309214	0.013869	10.5
1974	-1.808724	102.279628	0.017444	10.2
1975	-0.639730	102.250064	0.002071	6.8
1976	-1.327534	102.220524	0.014855	8.0
1977	-1.630791	102.191006	0.016971	8.2
1978	-0.479414	102.161511	0.004682	11.2
1979	-1.222606	102.132038	0.008938	7.9
1980	-1.595293	102.102588	0.018789	10.0
1981	-0.675005	102.073161	0.003185	7.8
1982	-0.708085	102.043757	0.006023	9.3
1983	-1.547626	102.014375	0.014451	12.8
1984	-1.430818	101.985015	0.013387	7.9
1985	-1.259972	101.955678	0.008958	8.7
1986	-0.555215	101.926364	0.003942	9.8
1987	-0.531388	101.897072	0.006543	12.6
1988	-1.079797	101.867802	0.010557	10.7
1989	-1.554834	101.838555	0.006409	10.6
1990	-1.258223	101.809330	0.010180	11.7
1991	-0.869784	101.780128	0.011218	10.9
1992	-0.572516	101.750948	0.007572	8.9
1993	-1.684058	101.721790	0.014106	8.8
1994	-1.371785	101.692654	0.007952	11.4
1995	-0.984062	101.663541	0.008480	12.1
1996	-1.671236	101.634450	0.015142	9.7
1997	-0.860544	101.605381	0.008220	11.4
1998	-0.526409	101.576335	0.004632	14.2
1999	-1.360911	101.547310	0.025127	9.5
