1:ItNr	2:Metric	3:StepSize	4:||Gradient||	Time[ms]
0	-1.455193	627.201626	0.027498	463.1
1	-0.352352	623.504937	0.013036	8.1
2	-1.004867	619.865785	0.018278	8.4
3	-0.559066	616.282728	0.011432	7.8
4	-0.469077	612.754375	0.008555	9.6
5	-1.507457	609.279381	0.032039	9.0
6	-1.039123	605.856447	0.020984	8.9
7	-1.387759	602.484317	0.042171	8.3
8	-1.358481	599.161779	0.023217	9.1
9	-0.001580	595.887656	0.000041	11.0
10	-0.771738	592.660813	0.015286	8.0
11	-1.522247	589.480151	0.034628	7.7
12	-0.756705	586.344606	0.024236	7.5
13	-0.815172	583.253145	0.013959	9.8
14	-1.197795	580.204771	0.026802	9.7
15	-0.597862	577.198517	0.009753	8.6
16	-0.366730	574.233444	0.012501	7.9
17	-1.060269	571.308645	0.024483	9.0
18	-0.623901	568.423237	0.008900	8.7
19	-1.373267	565.576365	0.026219	8.5
20	-0.737936	562.767201	0.010611	9.1
21	-1.380119	559.994938	0.030477	8.1
22	-0.583552	557.258797	0.012185	10.1
23	-0.903316	554.558018	0.021091	7.4
24	-1.241669	551.891865	0.019110	9.2
25	-0.564997	549.259621	0.012765	7.9
26	-0.693903	546.660592	0.011278	8.2
27	-1.060608	544.094102	0.040553	11.3
28	-1.206456	541.559494	0.015781	8.0
29	-0.752369	539.056129	0.007193	8.0
30	-1.135683	536.583387	0.025570	8.5
31	-0.725395	534.140663	0.016825	8.3
32	-1.548539	531.727370	0.028927	9.8
33	-1.574138	529.342935	0.024004	9.1
34	-0.633210	526.986802	0.009652	7.8
35	-1.633322	524.658430	0.017403	7.8
36	-0.850123	522.357290	0.009466	8.1
37	-0.917938	520.082868	0.008122	9.7
38	-1.324774	517.834665	0.029253	8.1
39	-0.325146	515.612193	0.005464	9.4
40	-1.286672	513.414976	0.010765	6.8
41	-0.671789	511.242551	0.008319	7.3
42	-1.502612	509.094468	0.028467	10.9
43	-1.277140	506.970285	0.020511	8.9
44	-0.947166	504.869574	0.011771	7.1
45	-1.187874	502.791916	0.022953	7.6
46	-1.149660	500.736903	0.019029	8.9
47	-1.346715	498.704137	0.022706	10.0
48	-0.779774	496.693228	0.006424	8.6
49	-1.089933	494.703798	0.016751	8.7
50	-1.470004	492.735476	0.012970	8.2
51	-0.912870	490.787900	0.024876	7.8
52	-1.485837	488.860718	0.028774	13.0
53	-1.488306	486.953585	0.028564	7.9
54	-1.519393	485.066164	0.020564	8.6
55	-0.681153	483.198126	0.018686	8.1
56	-1.479766	481.349149	0.027298	9.8
57	-0.961184	479.518920	0.019401	8.0
58	-1.169579	477.707132	0.024072	9.5
59	-1.296459	475.913485	0.019384	7.3
60	-0.589203	474.137684	0.010109	7.1
61	-1.619326	472.379445	0.019604	10.7
62	-0.813906	470.638485	0.009199	7.7
63	-1.330972	468.914531	0.019036	7.3
64	-1.504737	467.207315	0.013978	7.9
65	-0.746139	465.516573	0.021523	7.9
66	-0.299099	463.842050	0.002026	9.9
67	-0.721786	462.183494	0.012931	9.0
68	-1.436778	460.540658	0.010164	8.3
69	-1.144101	458.913303	0.017430	7.6
70	-1.590153	457.301192	0.011724	8.3
71	-1.261838	455.704096	0.017310	11.0
72	-0.059078	454.121787	0.000911	8.8
73	-0.319580	452.554045	0.002945	9.9
74	-0.470701	451.000653	0.007955	8.6
75	-1.150302	449.461399	0.021853	10.7
76	-0.198468	447.936075	0.000470	12.2
77	-1.278936	446.424477	0.012800	8.2
78	-1.370746	444.926406	0.008671	7.9
79	-1.602075	443.441666	0.021865	13.5
80	-0.635300	441.970065	0.006853	8.3
81	-1.058204	440.511415	0.030150	8.2
82	-1.269408	439.065533	0.016573	8.9
83	-1.437344	437.632238	0.031546	11.4
84	-1.677614	436.211351	0.023261	8.7
85	-1.498754	434.802701	0.025806	9.6
86	-1.385400	433.406117	0.035144	8.8
87	-0.538741	432.021430	0.013436	12.2
88	-1.372172	430.648479	0.010619	10.8
89	-0.401567	429.287101	0.003482	9.1
90	-0.531166	427.937140	0.017173	12.3
91	-1.680516	426.598440	0.016195	11.7
92	-0.197627	425.270849	0.003798	8.7
93	-1.565549	423.954220	0.027215	9.3
94	-1.093366	422.648404	0.018441	10.6
95	-1.478225	421.353259	0.023168	8.4
96	-1.527140	420.068643	0.049387	10.9
97	-1.012948	418.794419	0.008603	9.3
98	-1.039142	417.530451	0.015439	11.7
99	-0.451535	416.276604	0.005006	10.6
100	-1.603224	415.032748	0.023008	9.3
101	-1.275291	413.798754	0.027807	8.4
102	-1.488559	412.574495	0.012008	9.3
103	-0.158096	411.359849	0.002210	9.4
104	-0.716400	410.154691	0.019136	10.6
105	-1.669697	408.958904	0.025808	9.4
106	-0.631138	407.772368	0.014259	10.8
107	-0.545956	406.594968	0.005107	9.6
108	-0.286429	405.426590	0.006707	8.8
109	-0.414332	404.267122	0.005033	8.7
110	-0.377537	403.116456	0.004679	9.2
111	-1.409198	401.974481	0.019821	10.6
112	-1.211058	400.841093	0.033587	8.3
113	-0.564074	399.716187	0.010526	9.7
114	-1.605035	398.599660	0.010877	8.1
115	-1.496069	397.491411	0.034846	10.2
116	-1.319518	396.391342	0.023011	9.6
117	-1.149130	395.299353	0.018917	7.8
118	-1.707189	394.215350	0.019803	8.9
119	-0.861572	393.139238	0.009597	11.0
120	-0.245166	392.070924	0.005044	9.3
121	-1.111093	391.010316	0.021227	7.7
122	-0.545000	389.957325	0.011505	8.5
123	-0.542500	388.911862	0.005031	11.0
124	-1.348708	387.873839	0.015105	9.1
125	-1.017211	386.843173	0.020494	9.6
126	-0.509808	385.819777	0.006724	8.6
127	-1.480101	384.803569	0.021580	9.8
128	-1.250704	383.794468	0.016859	12.5
129	-0.255171	382.792393	0.003159	10.5
130	-0.195943	381.797264	0.003502	9.6
131	-0.260910	380.809005	0.004324	11.9
132	-0.774093	379.827537	0.006660	8.5
133	-0.396428	378.852786	0.006884	9.1
134	-1.501623	377.884678	0.044175	9.0
135	-0.669377	376.923138	0.012149	8.6
136	-0.080302	375.968095	0.001131	11.0
137	-1.046686	375.019479	0.019406	10.1
138	-0.556320	374.077218	0.010311	8.3
139	-1.713246	373.141244	0.020599	9.0
140	-1.038765	372.211489	0.015840	12.3
141	-0.422475	371.287887	0.003866	9.2
142	-0.615379	370.370370	0.009931	8.6
143	-0.890553	369.458876	0.032578	9.3
144	-1.465711	368.553338	0.036895	10.8
145	-0.745605	367.653696	0.015501	9.6
146	-1.240536	366.759885	0.018643	8.9
147	-0.322163	365.871846	0.003714	8.6
148	-1.452232	364.989518	0.015178	9.9
149	-0.736057	364.112841	0.018886	9.7
150	-1.061767	363.241757	0.016470	9.4
151	-1.123470	362.376208	0.015542	8.8
152	-1.447143	361.516137	0.015557	11.5
153	-1.520318	360.661488	0.024693	8.4
154	-0.737327	359.812206	0.010796	11.1
155	-1.374163	358.968236	0.016424	7.9
156	-1.035410	358.129524	0.006484	11.8
157	-0.674691	357.296018	0.009712	9.6
158	-1.562191	356.467665	0.032108	8.1
159	-1.459646	355.644414	0.031318	8.2
160	-1.476157	354.826213	0.018104	9.2
161	-1.625051	354.013012	0.037548	9.0
162	-0.689700	353.204763	0.008853	8.7
163	-0.312173	352.401415	0.002371	8.3
164	-1.453959	351.602922	0.022463	8.2
165	-1.101241	350.809235	0.026197	10.8
166	-1.481455	350.020308	0.020623	10.0
167	-1.499104	349.236095	0.018299	9.2
168	-0.237228	348.456550	0.002720	9.1
169	-1.626962	347.681627	0.021730	11.0
170	-0.693594	346.911283	0.007442	8.9
171	-0.797023	346.145474	0.009447	8.9
172	-1.547723	345.384157	0.028597	8.0
173	-0.937945	344.627288	0.014501	11.4
174	-0.973620	343.874826	0.031827	7.9
175	-1.583486	343.126729	0.013813	7.2
176	-0.792140	342.382957	0.021644	8.3
177	-1.060704	341.643469	0.012599	8.1
178	-1.632140	340.908224	0.034243	10.9
179	-0.099073	340.177184	0.001048	10.4
180	-0.519163	339.450309	0.006560	8.7
181	-0.708657	338.727561	0.013230	7.6
182	-0.737448	338.008902	0.011496	8.9
183	-0.984396	337.294295	0.014394	10.8
184	-1.682265	336.583703	0.019569	9.3
185	-1.542202	335.877089	0.021103	8.0
186	-1.683645	335.174416	0.024709	8.2
187	-1.636914	334.475651	0.017489	10.6
188	-0.529869	333.780756	0.008444	9.3
189	-0.692199	333.089698	0.016272	7.8
190	-1.656496	332.402443	0.031384	8.4
191	-0.017268	331.718955	0.000017	8.3
192	-1.324229	331.039203	0.015449	11.0
193	-0.339589	330.363153	0.003586	8.0
194	-0.170117	329.690771	0.003051	9.0
195	-0.879955	329.022027	0.013829	7.9
196	-1.528312	328.356888	0.043584	11.0
197	-0.725334	327.695322	0.015308	9.9
198	-1.550937	327.037299	0.046124	8.1
199	-0.559491	326.382787	0.009825	8.9
200	-0.766937	325.731758	0.010499	9.0
201	-1.187925	325.084179	0.016596	9.6
202	-1.254958	324.440023	0.012625	7.9
203	-1.501788	323.799258	0.023628	10.3
204	-0.182657	323.161858	0.002044	9.2
205	-0.404826	322.527792	0.006043	10.2
206	-1.309992	321.897034	0.014343	9.8
207	-0.573791	321.269554	0.005038	8.0
208	-1.435196	320.645325	0.021732	8.5
209	-0.790975	320.024320	0.010342	9.8
210	-1.486531	319.406512	0.009535	9.0
211	-0.944904	318.791875	0.029443	7.9
212	-1.582859	318.180381	0.017712	8.1
213	-0.728864	317.572005	0.011775	8.6
214	-0.031933	316.966721	0.000335	10.5
215	-0.798565	316.364504	0.007986	10.3
216	-0.154444	315.765329	0.001230	8.7
217	-0.303546	315.169170	0.004244	7.2
218	-0.368073	314.576003	0.005027	11.4
219	-1.397177	313.985804	0.028899	10.4
220	-0.739085	313.398548	0.013055	8.7
221	-0.539178	312.814213	0.007672	8.7
222	-1.196196	312.232773	0.017914	9.3
223	-0.594197	311.654207	0.006559	9.0
224	-1.592329	311.078491	0.024033	10.1
225	-0.835885	310.505602	0.013486	8.6
226	-1.029221	309.935518	0.017383	8.5
227	-0.075455	309.368217	0.000936	11.4
228	-1.524351	308.803676	0.012749	8.5
229	-0.318552	308.241874	0.006087	8.9
230	-1.649942	307.682789	0.024122	9.4
231	-1.108352	307.126400	0.014336	11.2
232	-1.552365	306.572687	0.022569	8.6
233	-0.936484	306.021627	0.012689	9.4
234	-1.452633	305.473201	0.017036	9.0
235	-1.434323	304.927388	0.023077	10.5
236	-1.593785	304.384168	0.030756	10.6
237	-1.684971	303.843521	0.030705	9.0
238	-1.548570	303.305427	0.023711	9.9
239	-1.211016	302.769867	0.011952	11.6
240	-0.189802	302.236821	0.001498	9.2
241	-1.350282	301.706270	0.022358	9.3
242	-1.617268	301.178196	0.016147	10.6
243	-1.382280	300.652580	0.017766	8.9
244	-1.314639	300.129402	0.013143	10.6
245	-1.307396	299.608645	0.012880	8.3
246	-0.923854	299.090291	0.015956	13.2
247	-1.535296	298.574321	0.026771	10.5
248	-1.546616	298.060718	0.021935	7.8
249	-1.104083	297.549465	0.016539	9.6
250	-1.293739	297.040543	0.019102	9.5
251	-0.649662	296.533936	0.016479	9.2
252	-0.156331	296.029626	0.001800	8.5
253	-1.525287	295.527597	0.029762	10.2
254	-0.129430	295.027832	0.001702	10.6
255	-0.463375	294.530315	0.004690	9.1
256	-1.376294	294.035028	0.023853	9.5
257	-1.667028	293.541956	0.012995	8.5
258	-1.047723	293.051083	0.009156	8.2
259	-1.743028	292.562393	0.024289	11.4
260	-0.918406	292.075870	0.006761	8.2
261	-1.439932	291.591498	0.018693	7.8
262	-1.741633	291.109263	0.033489	7.9
263	-1.514247	290.629149	0.018997	8.0
264	-1.005471	290.151140	0.007695	10.3
265	-1.074332	289.675222	0.008434	9.0
266	-0.553580	289.201380	0.015879	8.6
267	-1.179713	288.729600	0.010214	7.9
268	-0.258229	288.259866	0.005375	7.9
269	-1.211781	287.792165	0.015934	11.7
270	-0.764274	287.326481	0.015086	7.5
271	-1.518401	286.862802	0.035125	10.3
272	-1.626194	286.401113	0.037335	8.3
273	-1.155731	285.941400	0.012545	10.3
274	-1.101724	285.483649	0.013642	9.8
275	-1.078889	285.027847	0.018887	8.1
276	-1.377344	284.573981	0.024116	7.7
277	-1.261958	284.122037	0.017135	9.6
278	-0.792107	283.672002	0.013533	10.4
279	-0.721831	283.223863	0.009682	8.9
280	-0.868649	282.777607	0.012642	8.4
281	-0.445323	282.333221	0.003645	10.5
282	-1.190159	281.890692	0.022930	12.2
283	-1.452049	281.450008	0.021597	11.2
284	-0.689301	281.011157	0.007895	9.7
285	-1.698852	280.574125	0.014983	10.4
286	-0.764684	280.138901	0.020903	10.3
287	-1.163209	279.705473	0.016995	8.8
288	-1.681690	279.273829	0.029211	8.8
289	-0.473635	278.843956	0.013129	9.0
290	-1.487106	278.415844	0.021492	9.0
291	-0.462405	277.989479	0.004461	10.0
292	-1.740637	277.564851	0.015920	8.8
293	-1.297248	277.141949	0.020020	8.7
294	-1.019334	276.720761	0.013048	10.4
295	-1.714361	276.301275	0.015536	9.6
296	-0.762459	275.883480	0.005656	8.7
297	-1.059389	275.467366	0.021415	7.9
298	-1.199416	275.052922	0.018056	12.8
299	-0.494533	274.640136	0.014534	7.8
300	-1.593662	274.228998	0.044081	8.0
301	-1.489011	273.819497	0.013879	8.4
302	-0.330486	273.411623	0.006095	8.5
303	-0.269348	273.005365	0.000605	10.4
304	-0.407221	272.600712	0.006711	9.7
305	-0.234829	272.197655	0.003261	8.3
306	-0.511578	271.796184	0.001279	8.0
307	-1.322446	271.396287	0.029148	8.3
308	-0.242932	270.997956	0.001642	12.1
309	-0.675027	270.601180	0.005212	9.4
310	-1.484005	270.205949	0.023908	8.7
311	-0.904305	269.812254	0.009275	9.7
312	-1.668477	269.420085	0.025147	11.6
313	-0.343575	269.029432	0.005602	9.6
314	-1.234888	268.640287	0.021410	8.3
315	-0.783971	268.252638	0.016433	8.8
316	-0.599119	267.866478	0.006780	11.5
317	-1.414679	267.481796	0.027882	8.0
318	-1.650896	267.098584	0.028767	9.6
319	-1.286558	266.716833	0.018642	8.1
320	-1.300770	266.336533	0.023810	10.4
321	-1.122168	265.957676	0.017783	9.7
322	-1.121843	265.580253	0.016146	9.3
323	-0.670918	265.204254	0.006880	9.2
324	-0.386492	264.829672	0.011772	8.5
325	-1.338880	264.456497	0.027936	9.2
326	-1.471750	264.084721	0.015447	8.1
327	-1.651427	263.714335	0.014360	10.0
328	-0.778768	263.345332	0.009538	7.7
329	-1.297702	262.977702	0.012543	10.7
330	-1.573179	262.611438	0.012902	8.8
331	-1.430538	262.246531	0.016695	7.7
332	-0.844929	261.882973	0.011011	8.0
333	-0.735676	261.520756	0.005808	10.9
334	-1.140077	261.159871	0.013107	9.8
335	-0.455480	260.800312	0.004426	8.3
336	-1.654021	260.442070	0.021174	8.5
337	-0.650871	260.085137	0.005610	9.6
338	-1.573199	259.729505	0.022357	10.3
339	-0.483435	259.375167	0.008034	9.1
340	-0.666184	259.022116	0.002891	7.9
341	-1.566385	258.670343	0.009508	8.2
342	-1.421880	258.319841	0.016947	10.8
343	-0.872447	257.970602	0.016487	9.6
344	-1.425537	257.622620	0.012303	7.6
345	-1.533073	257.275887	0.017579	8.4
346	-0.730522	256.930396	0.011252	8.1
347	-1.472939	256.586139	0.016818	12.0
348	-0.365806	256.243109	0.008616	9.1
349	-1.318466	255.901300	0.009641	8.2
350	-0.922170	255.560703	0.006369	8.1
351	-1.208776	255.221313	0.017095	10.4
352	-1.110686	254.883122	0.013301	9.7
353	-1.048088	254.546124	0.007554	8.7
354	-1.112859	254.210311	0.010053	9.0
355	-0.726218	253.875677	0.015401	8.8
356	-0.552313	253.542215	0.013603	10.3
357	-1.368982	253.209918	0.017404	9.6
358	-0.252365	252.878781	0.003543	8.6
359	-1.392408	252.548795	0.013611	8.9
360	-0.767326	252.219956	0.009760	10.7
361	-1.399810	251.892255	0.026884	9.6
362	-0.908196	251.565688	0.009778	8.5
363	-0.626476	251.240247	0.008326	8.9
364	-1.424860	250.915926	0.012346	11.4
365	-0.931560	250.592720	0.018585	8.4
366	-0.707625	250.270621	0.005790	9.6
367	-0.728143	249.949624	0.010167	8.5
368	-1.086793	249.629723	0.013338	9.2
369	-1.536804	249.310911	0.036420	12.3
370	-1.025972	248.993182	0.016397	8.2
371	-0.660688	248.676531	0.006343	8.3
372	-0.124229	248.360952	0.002120	8.4
373	-0.233387	248.046438	0.003645	12.2
374	-1.577110	247.732984	0.024439	8.3
375	-1.028198	247.420584	0.014925	8.8
376	-1.557845	247.109233	0.010200	9.4
377	-0.064187	246.798924	0.001100	10.5
378	-0.895444	246.489652	0.011593	10.0
379	-0.415164	246.181412	0.003782	8.5
380	-1.053521	245.874197	0.014575	8.8
381	-1.627685	245.568002	0.020363	9.9
382	-0.940608	245.262822	0.014982	8.7
383	-0.635074	244.958652	0.007353	8.2
384	-1.630500	244.655485	0.015791	9.4
385	-0.809486	244.353317	0.011488	8.1
386	-0.950069	244.052142	0.010354	12.2
387	-0.484730	243.751955	0.003653	10.7
388	-0.750571	243.452750	0.010636	9.0
389	-1.609376	243.154523	0.019447	9.3
390	-1.371687	242.857268	0.015674	12.5
391	-1.363192	242.560980	0.011946	8.6
392	-1.720982	242.265654	0.027886	8.7
393	-1.710946	241.971285	0.029704	10.5
394	-1.500756	241.677868	0.023772	9.7
395	-0.510832	241.385397	0.018280	9.9
396	-0.948993	241.093869	0.014245	8.3
397	-1.285379	240.803278	0.021497	9.0
398	-1.099457	240.513619	0.021559	9.4
399	-1.464072	240.224887	0.042952	10.5
400	-0.715186	239.937077	0.010000	8.1
401	-0.825842	239.650186	0.012375	8.7
402	-0.824112	239.364207	0.010954	13.4
403	-1.370221	239.079136	0.023631	8.5
404	-0.866790	238.794969	0.010921	8.6
405	-1.594309	238.511701	0.014568	8.9
406	-0.815293	238.229327	0.009912	11.1
407	-0.385518	237.947843	0.002991	9.7
408	-0.784122	237.667244	0.004081	8.2
409	-0.718676	237.387526	0.006823	10.3
410	-1.567310	237.108684	0.041696	8.4
411	-0.583519	236.830714	0.004846	9.6
412	-1.666469	236.553610	0.039773	8.9
413	-0.684945	236.277370	0.014124	8.5
414	-1.561667	236.001989	0.010370	12.5
415	-0.271254	235.727461	0.005158	8.4
416	-0.673019	235.453784	0.015083	9.0
417	-1.266051	235.180952	0.033643	8.2
418	-0.956663	234.908962	0.010178	10.5
419	-0.125511	234.637809	0.001408	8.8
420	-0.751552	234.367488	0.008099	9.9
421	-1.629308	234.097997	0.024658	8.6
422	-1.094571	233.829331	0.016745	9.7
423	-0.182444	233.561485	0.001754	9.9
424	-1.656736	233.294456	0.032007	7.8
425	-1.547510	233.028239	0.017929	7.7
426	-0.728772	232.762831	0.006006	9.3
427	-1.382236	232.498228	0.010037	9.7
428	-0.671925	232.234425	0.011055	8.3
429	-1.290203	231.971419	0.020024	9.8
430	-1.262592	231.709205	0.020002	8.3
431	-1.658800	231.447781	0.019940	10.3
432	-1.371979	231.187141	0.009242	9.0
433	-1.087044	230.927283	0.022933	8.8
434	-1.682011	230.668202	0.018530	8.3
435	-1.552190	230.409895	0.023195	8.0
436	-0.760931	230.152358	0.009810	11.8
437	-1.546324	229.895587	0.017122	8.5
438	-1.497821	229.639578	0.021217	8.2
439	-0.465597	229.384329	0.010769	7.8
440	-1.363627	229.129834	0.013312	10.1
441	-1.522947	228.876091	0.014604	11.1
442	-1.419088	228.623096	0.014446	7.7
443	-1.265892	228.370846	0.015576	8.5
444	-0.675944	228.119336	0.013242	9.9
445	-0.302665	227.868563	0.005035	10.2
446	-1.643005	227.618525	0.010392	8.7
447	-1.396740	227.369216	0.022232	8.5
448	-0.290468	227.120635	0.003262	8.4
449	-1.240435	226.872777	0.019226	9.7
450	-1.037658	226.625638	0.019450	10.1
451	-1.594428	226.379217	0.024748	8.4
452	-1.649504	226.133509	0.020022	8.3
453	-0.454612	225.888510	0.004367	10.2
454	-0.495500	225.644218	0.006098	9.5
455	-1.499966	225.400630	0.019277	7.8
456	-0.703817	225.157741	0.005574	8.5
457	-1.497528	224.915549	0.010435	8.2
458	-0.905887	224.674051	0.015493	10.8
459	-1.426799	224.433242	0.028415	9.3
460	-0.362795	224.193121	0.001984	8.3
461	-1.608855	223.953684	0.017873	8.3
462	-0.625948	223.714927	0.009840	10.5
463	-0.553213	223.476848	0.002543	9.4
464	-0.606663	223.239444	0.004871	8.1
465	-1.570429	223.002710	0.023173	8.8
466	-1.419387	222.766645	0.019308	9.1
467	-0.740960	222.531245	0.005080	10.8
468	-1.152012	222.296508	0.010875	9.2
469	-1.641774	222.062429	0.028526	8.7
470	-0.335276	221.829007	0.005302	8.3
471	-0.570254	221.596238	0.011850	11.6
472	-0.615468	221.364119	0.008280	9.9
473	-0.858406	221.132647	0.006626	9.1
474	-1.093395	220.901820	0.011517	8.4
475	-1.453651	220.671634	0.013609	12.8
476	-1.577858	220.442086	0.013116	8.7
477	-1.513257	220.213174	0.014897	8.3
478	-1.506203	219.984895	0.024815	8.5
479	-0.809393	219.757246	0.009407	11.5
480	-0.849954	219.530224	0.020822	10.1
481	-1.078612	219.303826	0.009766	7.6
482	-1.432209	219.078050	0.016533	8.7
483	-1.577982	218.852893	0.017883	10.0
484	-1.046355	218.628352	0.011168	9.2
485	-0.325359	218.404424	0.002878	8.8
486	-1.550049	218.181106	0.014786	8.4
487	-1.286733	217.958397	0.039701	7.9
488	-1.607526	217.736292	0.021282	10.0
489	-0.679543	217.514790	0.002762	8.1
490	-0.353111	217.293888	0.001703	8.4
491	-1.697320	217.073584	0.023725	8.3
492	-1.549946	216.853873	0.016971	10.6
493	-1.442527	216.634755	0.012745	10.1
494	-0.478030	216.416227	0.004360	7.8
495	-1.642339	216.198285	0.023268	7.8
496	-0.716790	215.980927	0.013902	8.4
497	-0.832713	215.764151	0.011799	12.7
498	-0.678871	215.547955	0.004295	8.4
499	-1.731636	215.332335	0.026938	9.7
500	-1.680275	215.117289	0.024565	8.2
501	-0.296110	214.902815	0.004069	10.7
502	-0.210838	214.688911	0.001629	9.6
503	-0.764863	214.475573	0.012507	7.9
504	-0.261696	214.262800	0.005399	8.5
505	-1.191498	214.050588	0.013263	11.2
506	-1.405322	213.838936	0.012224	9.4
507	-0.107756	213.627842	0.001033	8.6
508	-1.437874	213.417302	0.014386	8.5
509	-1.128299	213.207314	0.013026	8.1
510	-1.037319	212.997877	0.012131	11.1
511	-1.163249	212.788987	0.010017	9.2
512	-0.419922	212.580642	0.006246	8.3
513	-1.621383	212.372841	0.007537	8.5
514	-0.581832	212.165581	0.003436	10.1
515	-1.042290	211.958859	0.009407	8.8
516	-1.215421	211.752673	0.008690	8.3
517	-0.879091	211.547021	0.015754	7.8
518	-1.302210	211.341902	0.008770	8.7
519	-0.858117	211.137311	0.011399	11.5
520	-0.361092	210.933248	0.004309	9.8
521	-1.101048	210.729710	0.007001	8.6
522	-0.764791	210.526695	0.014588	8.7
523	-1.090757	210.324200	0.013010	10.8
524	-1.565746	210.122224	0.019886	10.4
525	-0.620372	209.920765	0.008310	9.5
526	-1.426927	209.719820	0.028848	8.6
527	-0.763627	209.519387	0.010351	8.7
528	-1.618099	209.319463	0.014332	9.4
529	-1.473333	209.120048	0.021876	10.0
530	-1.617809	208.921139	0.022174	8.2
531	-1.088260	208.722733	0.005744	8.8
532	-0.651777	208.524829	0.002768	12.2
533	-1.641013	208.327425	0.016268	8.8
534	-0.918561	208.130518	0.012852	7.8
535	-1.218672	207.934107	0.022202	7.8
536	-1.711232	207.738189	0.020272	10.7
537	-0.748272	207.542762	0.012842	8.0
538	-0.982626	207.347825	0.009994	8.7
539	-1.509427	207.153376	0.019517	7.8
540	-0.449284	206.959412	0.003945	8.5
541	-1.026080	206.765932	0.012558	10.3
542	-1.014472	206.572933	0.009494	8.9
543	-1.086931	206.380414	0.019548	8.7
544	-0.927261	206.188373	0.016990	8.0
545	-0.418957	205.996807	0.002891	8.9
546	-0.761873	205.805716	0.017767	9.4
547	-0.729583	205.615096	0.012509	9.4
548	-1.413800	205.424946	0.026575	7.8
549	-1.465004	205.235265	0.017168	8.3
550	-1.335025	205.046050	0.022218	10.7
551	-0.723717	204.857299	0.015917	9.5
552	-0.753848	204.669011	0.008537	9.7
553	-1.540125	204.481184	0.012742	7.9
554	-1.015549	204.293816	0.015360	8.8
555	-1.425474	204.106905	0.025289	10.3
556	-1.030084	203.920449	0.008786	9.4
557	-1.349928	203.734447	0.021709	8.4
558	-1.525343	203.548896	0.017869	8.7
559	-1.080322	203.363795	0.012134	11.0
560	-1.499042	203.179143	0.009178	9.9
561	-1.634907	202.994937	0.010585	8.7
562	-1.131221	202.811176	0.011961	8.3
563	-1.125299	202.627857	0.016493	10.1
564	-0.198506	202.444980	0.002693	7.9
565	-1.069337	202.262543	0.017529	10.2
566	-0.665505	202.080543	0.008172	8.4
567	-1.622132	201.898979	0.024392	8.3
568	-1.687062	201.717849	0.030307	10.2
569	-0.329174	201.537153	0.001765	10.4
570	-0.785972	201.356887	0.010239	8.1
571	-1.627438	201.177050	0.026646	8.2
572	-0.595220	200.997642	0.008047	11.1
573	-0.453060	200.818659	0.005456	8.6
574	-0.875903	200.640100	0.007403	8.6
575	-0.566685	200.461965	0.007775	8.0
576	-1.051559	200.284250	0.018593	8.9
577	-0.001645	200.106955	0.000052	9.6
578	-1.600619	199.930078	0.017805	9.8
579	-1.230503	199.753617	0.012816	8.5
580	-1.110732	199.577571	0.012942	8.5
581	-1.250204	199.401938	0.021718	10.8
582	-1.587582	199.226717	0.023618	8.0
583	-0.341323	199.051905	0.006476	10.2
584	-1.231458	198.877502	0.009523	9.0
585	-1.409710	198.703506	0.030005	9.2
586	-1.266394	198.529916	0.010455	9.4
587	-1.467733	198.356729	0.028544	9.9
588	-1.544367	198.183944	0.038099	8.4
589	-0.385454	198.011560	0.006541	9.1
590	-1.088748	197.839576	0.012639	11.3
591	-1.410698	197.667989	0.008712	8.1
592	-1.454172	197.496798	0.021720	8.5
593	-1.253010	197.326002	0.010244	8.3
594	-1.643318	197.155600	0.015301	10.1
595	-0.564668	196.985589	0.004463	7.8
596	-1.053624	196.815969	0.007554	9.9
597	-0.285062	196.646738	0.005063	8.7
598	-1.324707	196.477894	0.014893	8.8
599	-1.230647	196.309436	0.009103	11.6
600	-0.797468	196.141363	0.012814	9.9
601	-1.511035	195.973673	0.012375	9.3
602	-1.484566	195.806365	0.015694	9.6
603	-1.693750	195.639437	0.018555	8.5
604	-1.547148	195.472888	0.015450	9.0
605	-0.952481	195.306717	0.005480	9.5
606	-1.020504	195.140922	0.013336	10.6
607	-0.675019	194.975501	0.014945	9.8
608	-1.016894	194.810454	0.009829	9.8
609	-0.963124	194.645779	0.008961	9.4
610	-0.589799	194.481475	0.016220	8.6
611	-1.632121	194.317540	0.014030	12.9
612	-1.000060	194.153973	0.005423	8.0
613	-0.587835	193.990773	0.007812	8.3
614	-1.432576	193.827938	0.012211	7.8
615	-1.574859	193.665467	0.014605	10.3
616	-0.539835	193.503358	0.004521	8.0
617	-1.403330	193.341611	0.019555	9.5
618	-1.522984	193.180224	0.010713	8.5
619	-1.747345	193.019196	0.011376	8.1
620	-1.724791	192.858525	0.008338	13.2
621	-1.537767	192.698210	0.024625	8.1
622	-1.621393	192.538251	0.017439	9.0
623	-1.656202	192.378644	0.015363	7.7
624	-1.155579	192.219391	0.017004	10.7
625	-1.719044	192.060488	0.026108	8.7
626	-1.294336	191.901935	0.014252	9.5
627	-1.278399	191.743730	0.011069	8.2
628	-1.360555	191.585873	0.011716	8.1
629	-1.628629	191.428362	0.020497	12.3
630	-1.469781	191.271196	0.007333	8.0
631	-1.017679	191.114374	0.015127	7.0
632	-1.299992	190.957893	0.018873	8.0
633	-1.491074	190.801755	0.013031	11.4
634	-1.610870	190.645956	0.020537	8.3
635	-0.935722	190.490495	0.010511	9.8
636	-1.737688	190.335373	0.014247	8.0
637	-1.023288	190.180587	0.011974	7.8
638	-1.039260	190.026136	0.010274	12.0
639	-1.623837	189.872019	0.026486	8.6
640	-1.502548	189.718235	0.016870	7.6
641	-1.524043	189.564782	0.028112	8.9
642	-1.505775	189.411661	0.015102	10.8
643	-0.305642	189.258868	0.004371	8.5
644	-1.279680	189.106404	0.016267	9.2
645	-1.085458	188.954267	0.008477	7.5
646	-0.098246	188.802456	0.000615	8.1
647	-1.033695	188.650969	0.007063	12.0
648	-0.666242	188.499807	0.010284	8.5
649	-1.175100	188.348967	0.010620	8.1
650	-1.319184	188.198448	0.019777	7.7
651	-1.436624	188.048250	0.030646	11.0
652	-1.628656	187.898371	0.009429	8.9
653	-1.610000	187.748810	0.014713	9.2
654	-0.176097	187.599566	0.002803	11.4
655	-1.548268	187.450638	0.019002	10.4
656	-0.920006	187.302025	0.008244	9.6
657	-1.454732	187.153725	0.007974	8.5
658	-1.603964	187.005739	0.019986	8.7
659	-0.495174	186.858064	0.013475	9.5
660	-1.729778	186.710699	0.025560	11.5
661	-1.514072	186.563645	0.014227	10.1
662	-1.690345	186.416898	0.021122	9.8
663	-1.339841	186.270459	0.022278	12.0
664	-0.700558	186.124326	0.010148	11.2
665	-1.622753	185.978499	0.017444	8.1
666	-1.199859	185.832976	0.005376	8.2
667	-1.006839	185.687756	0.006832	9.9
668	-1.300941	185.542838	0.016661	10.1
669	-1.757601	185.398222	0.013509	8.6
670	-0.928583	185.253906	0.017130	8.7
671	-0.231936	185.109889	0.003513	8.9
672	-1.603007	184.966170	0.011129	9.9
673	-0.181862	184.822748	0.001632	9.3
674	-0.928053	184.679623	0.014487	8.2
675	-1.300497	184.536792	0.010457	8.3
676	-0.100450	184.394256	0.000904	10.2
677	-1.763983	184.252013	0.023695	9.7
678	-1.603353	184.110062	0.007918	9.0
679	-1.293353	183.968403	0.009002	8.5
680	-0.860083	183.827034	0.012052	8.8
681	-1.640854	183.685954	0.010859	9.7
682	-1.437823	183.545163	0.020672	8.7
683	-0.502127	183.404658	0.008686	8.9
684	-1.106288	183.264441	0.022291	7.9
685	-1.533490	183.124509	0.017304	10.6
686	-0.503142	182.984861	0.008208	11.2
687	-0.837629	182.845497	0.008966	8.8
688	-1.560030	182.706416	0.020964	8.0
689	-1.203835	182.567616	0.010701	8.1
690	-0.570930	182.429098	0.015291	10.6
691	-1.592318	182.290859	0.010003	9.1
692	-1.502160	182.152899	0.013861	7.7
693	-1.225997	182.015217	0.019479	8.2
694	-1.103714	181.877813	0.014065	10.3
695	-1.556050	181.740684	0.009159	9.4
696	-0.283848	181.603832	0.005284	7.8
697	-1.677827	181.467253	0.030342	9.1
698	-0.092511	181.330948	0.000559	7.9
699	-0.764437	181.194916	0.017487	11.4
700	-0.577237	181.059155	0.003090	9.3
701	-1.268284	180.923666	0.025654	8.4
702	-0.160596	180.788446	0.000858	7.0
703	-1.605910	180.653496	0.013088	10.4
704	-0.428189	180.518814	0.007139	9.7
705	-1.195433	180.384399	0.017966	9.1
706	-1.385642	180.250251	0.010534	8.4
707	-1.124789	180.116369	0.008858	9.0
708	-0.008820	179.982752	0.000145	9.8
709	-1.602592	179.849398	0.015672	7.1
710	-0.572520	179.716308	0.006383	9.3
711	-0.895827	179.583480	0.004956	9.6
712	-1.149357	179.450913	0.027508	10.9
713	-1.289129	179.318607	0.013809	10.3
714	-1.039492	179.186561	0.007893	8.1
715	-1.394295	179.054774	0.031716	8.2
716	-1.702111	178.923245	0.011948	8.5
717	-1.506916	178.791973	0.011693	10.0
718	-1.767459	178.660958	0.016272	8.1
719	-1.418889	178.530199	0.011102	10.0
720	-1.591835	178.399694	0.014721	8.9
721	-1.345139	178.269444	0.021389	11.6
722	-1.504945	178.139447	0.014445	9.4
723	-0.542942	178.009702	0.005357	8.5
724	-1.019180	177.880209	0.005620	8.5
725	-1.576989	177.750967	0.016280	13.1
726	-1.545481	177.621975	0.015370	9.2
727	-1.285571	177.493232	0.013933	8.7
728	-1.719108	177.364738	0.015304	8.0
729	-1.122319	177.236492	0.009112	11.8
730	-1.618038	177.108492	0.015983	9.8
731	-1.338473	176.980739	0.013997	7.5
732	-1.048263	176.853231	0.008446	8.1
733	-0.667630	176.725968	0.010765	10.1
734	-0.349967	176.598949	0.005123	10.7
735	-1.483158	176.472173	0.010291	8.2
736	-1.727178	176.345639	0.019363	8.1
737	-0.431826	176.219348	0.003308	8.6
738	-1.057510	176.093296	0.010708	9.4
739	-0.503619	175.967486	0.003100	7.9
740	-1.060428	175.841914	0.010954	10.5
741	-1.608576	175.716581	0.014460	8.6
742	-0.794663	175.591486	0.004754	11.2
743	-1.566399	175.466629	0.012728	9.8
744	-1.500097	175.342008	0.021233	8.0
745	-1.601665	175.217622	0.014476	8.2
746	-0.384835	175.093472	0.002567	10.3
747	-1.185457	174.969556	0.012743	9.7
748	-1.595854	174.845873	0.011613	7.9
749	-0.085262	174.722423	0.000632	8.3
750	-1.739283	174.599206	0.011862	8.2
751	-1.215836	174.476220	0.019347	9.8
752	-1.628087	174.353464	0.020716	9.9
753	-1.681726	174.230939	0.007515	8.7
754	-1.546093	174.108643	0.012498	9.0
755	-1.592398	173.986576	0.014466	8.8
756	-0.186127	173.864737	0.000892	8.8
757	-0.739178	173.743124	0.007577	8.2
758	-1.493096	173.621739	0.018030	8.1
759	-1.716833	173.500579	0.032115	10.1
760	-1.590466	173.379645	0.023506	8.3
761	-0.429058	173.258935	0.010743	9.2
762	-0.915014	173.138449	0.012062	9.2
763	-0.663499	173.018186	0.003427	8.6
764	-1.560313	172.898146	0.017734	9.5
765	-1.431697	172.778327	0.031403	9.8
766	-1.011141	172.658730	0.005289	7.9
767	-0.771075	172.539353	0.017249	8.3
768	-0.982301	172.420196	0.013162	13.4
769	-1.028372	172.301258	0.010464	8.4
770	-1.249711	172.182539	0.021738	7.8
771	-1.358825	172.064037	0.011963	8.2
772	-1.614858	171.945753	0.017225	10.4
773	-0.974296	171.827686	0.012140	10.8
774	-0.665202	171.709834	0.011259	16.3
775	-1.336641	171.592198	0.012550	14.9
776	-1.352817	171.474776	0.023884	12.7
777	-1.233786	171.357568	0.017630	8.5
778	-1.420358	171.240574	0.033447	8.1
779	-0.859951	171.123793	0.011007	11.2
780	-1.523805	171.007223	0.013276	8.2
781	-0.432681	170.890865	0.007085	10.2
782	-0.846222	170.774718	0.008147	7.9
783	-1.071541	170.658782	0.008114	9.7
784	-1.103522	170.543055	0.016414	9.7
785	-1.617751	170.427537	0.023357	8.2
786	-0.553089	170.312227	0.005685	12.3
787	-1.464819	170.197125	0.021016	14.7
788	-1.233415	170.082231	0.010321	8.2
789	-1.289339	169.967543	0.007275	8.9
790	-1.383332	169.853061	0.010835	10.1
791	-1.614651	169.738784	0.016949	9.9
792	-0.458551	169.624713	0.004185	10.7
793	-1.678106	169.510845	0.012747	8.1
794	-1.668947	169.397181	0.015214	8.0
795	-1.096740	169.283720	0.007421	8.7
796	-1.537957	169.170462	0.012550	13.1
797	-0.498818	169.057405	0.003487	8.1
798	-0.812505	168.944549	0.006937	10.3
799	-0.732687	168.831895	0.013900	8.9
800	-1.466232	168.719440	0.009418	10.2
801	-1.615216	168.607185	0.018774	9.9
802	-1.397013	168.495129	0.011864	8.5
803	-0.802965	168.383271	0.007847	7.8
804	-0.862443	168.271611	0.006308	9.6
805	-0.186681	168.160148	0.002612	9.7
806	-0.986155	168.048882	0.005303	8.4
807	-1.330429	167.937812	0.020293	7.6
808	-1.259859	167.826938	0.007916	7.7
809	-0.740388	167.716258	0.018251	10.4
810	-1.088381	167.605773	0.018579	8.9
811	-1.474400	167.495482	0.014468	8.1
812	-0.761587	167.385384	0.011127	8.3
813	-0.814330	167.275479	0.007479	9.7
814	-1.644526	167.165766	0.035183	10.3
815	-0.790097	167.056245	0.010062	9.4
816	-1.298058	166.946915	0.015222	11.8
817	-1.430374	166.837776	0.016213	9.1
818	-1.019595	166.728826	0.010993	10.3
819	-0.992242	166.620067	0.016625	12.3
820	-0.312615	166.511496	0.005703	8.2
821	-0.457883	166.403113	0.001724	9.1
822	-0.016394	166.294919	0.000193	10.6
823	-0.746029	166.186912	0.008203	8.6
824	-1.556464	166.079091	0.017124	8.5
825	-0.713209	165.971458	0.009350	9.2
826	-0.635515	165.864009	0.013667	10.5
827	-0.557147	165.756747	0.018582	9.1
828	-1.166092	165.649669	0.008145	8.4
829	-1.170267	165.542775	0.010417	8.7
830	-1.220437	165.436065	0.027865	9.8
831	-1.140623	165.329538	0.011768	9.4
832	-1.572558	165.223194	0.013903	7.9
833	-1.747255	165.117032	0.014370	8.2
834	-1.341080	165.011052	0.014292	10.5
835	-1.121996	164.905253	0.008458	10.0
836	-0.830256	164.799635	0.008197	8.6
837	-1.065768	164.694197	0.012451	7.6
838	-1.330354	164.588939	0.014952	9.5
839	-0.590624	164.483859	0.010289	10.2
840	-1.279578	164.378959	0.016139	9.7
841	-1.728595	164.274237	0.015334	8.2
842	-0.545773	164.169692	0.005994	8.3
843	-1.584720	164.065325	0.011635	10.2
844	-0.898765	163.961135	0.004917	10.0
845	-1.584347	163.857120	0.009771	8.8
846	-1.643744	163.753282	0.012099	7.8
847	-1.674349	163.649619	0.014159	9.3
848	-1.084388	163.546130	0.010312	10.2
849	-1.417325	163.442816	0.015111	9.2
850	-1.354603	163.339676	0.018362	8.1
851	-0.821772	163.236709	0.008791	7.9
852	-1.322492	163.133915	0.024150	10.2
853	-0.515818	163.031294	0.006748	8.6
854	-1.667529	162.928844	0.012929	8.5
855	-0.324847	162.826566	0.003432	8.0
856	-0.621458	162.724459	0.017588	8.5
857	-0.959789	162.622523	0.008952	10.3
858	-1.499384	162.520757	0.034610	7.9
859	-1.713617	162.419160	0.016747	9.6
860	-1.379830	162.317733	0.010229	8.7
861	-0.899759	162.216474	0.007379	10.5
862	-1.243930	162.115383	0.013971	9.3
863	-0.796496	162.014461	0.008424	7.7
864	-1.733181	161.913705	0.021486	8.2
865	-0.608507	161.813117	0.007814	8.4
866	-1.240831	161.712695	0.015313	11.7
867	-1.551513	161.612439	0.022094	7.0
868	-0.812010	161.512349	0.010418	9.0
869	-0.810606	161.412424	0.011064	8.4
870	-1.647679	161.312663	0.008879	10.7
871	-1.178509	161.213067	0.016635	10.0
872	-1.616331	161.113635	0.012143	8.4
873	-0.120101	161.014366	0.001690	8.0
874	-1.550514	160.915260	0.020425	9.4
875	-1.232738	160.816316	0.020907	9.2
876	-1.425416	160.717535	0.021013	8.8
877	-1.661021	160.618915	0.010553	10.0
878	-1.079459	160.520456	0.017082	8.6
879	-0.787374	160.422158	0.005229	10.1
880	-1.447977	160.324021	0.011231	10.3
881	-1.089618	160.226043	0.016162	7.9
882	-1.583203	160.128225	0.016049	8.3
883	-1.645831	160.030566	0.008773	10.1
884	-0.466284	159.933066	0.005577	10.2
885	-1.402153	159.835723	0.013367	8.3
886	-1.371298	159.738539	0.016379	8.4
887	-0.461062	159.641512	0.006804	9.3
888	-1.222753	159.544642	0.011774	9.6
889	-0.535702	159.447929	0.005641	8.9
890	-1.605545	159.351372	0.014481	8.8
891	-0.314896	159.254971	0.001431	8.3
892	-0.833410	159.158725	0.006109	10.9
893	-1.643425	159.062634	0.019670	9.8
894	-0.838840	158.966697	0.008188	8.3
895	-1.398166	158.870915	0.019601	8.5
896	-1.672526	158.775286	0.016991	11.6
897	-0.561719	158.679811	0.003814	8.2
898	-1.564475	158.584489	0.011199	8.9
899	-0.643846	158.489319	0.010635	8.4
900	-0.816430	158.394302	0.010103	9.7
901	-0.594302	158.299436	0.011892	9.8
902	-1.445751	158.204721	0.018570	10.6
903	-0.862554	158.110158	0.007450	8.2
904	-0.477226	158.015745	0.005091	8.4
905	-0.800748	157.921482	0.008322	12.2
906	-1.251169	157.827369	0.008320	7.5
907	-0.545657	157.733406	0.017220	9.5
908	-1.531325	157.639591	0.016259	8.6
909	-1.120068	157.545925	0.014490	10.3
910	-0.890623	157.452408	0.015316	8.7
911	-1.458366	157.359038	0.011291	9.3
912	-1.112137	157.265816	0.005790	9.4
913	-1.308162	157.172741	0.010893	8.2
914	-1.419727	157.079813	0.022468	9.9
915	-0.894030	156.987031	0.004923	8.7
916	-0.350401	156.894395	0.005212	10.5
917	-1.472192	156.801904	0.025112	8.0
918	-0.768187	156.709559	0.008592	10.4
919	-1.647267	156.617359	0.009116	10.6
920	-1.174303	156.525304	0.009791	9.6
921	-1.478427	156.433392	0.010709	8.9
922	-0.725195	156.341624	0.004346	9.9
923	-1.597504	156.250000	0.010855	9.7
924	-1.669649	156.158519	0.026174	9.2
925	-0.824469	156.067180	0.009379	8.9
926	-1.536382	155.975984	0.023625	11.1
927	-0.906425	155.884930	0.008829	8.4
928	-1.334634	155.794017	0.015964	10.2
929	-0.606065	155.703246	0.005630	18.6
930	-0.909648	155.612615	0.007410	18.0
931	-1.554742	155.522125	0.011288	10.8
932	-1.172174	155.431775	0.006311	11.0
933	-1.419103	155.341565	0.013974	9.3
934	-0.961779	155.251495	0.010006	10.5
935	-1.653041	155.161563	0.010966	8.2
936	-1.248875	155.071771	0.014797	12.2
937	-0.933244	154.982117	0.011597	8.1
938	-1.519141	154.892601	0.011935	12.0
939	-0.581537	154.803222	0.004764	9.9
940	-1.058506	154.713981	0.009576	12.8
941	-0.632855	154.624878	0.007171	10.7
942	-0.075080	154.535910	0.000735	11.6
943	-1.636286	154.447080	0.016211	10.6
944	-0.439839	154.358385	0.004257	12.9
945	-1.490223	154.269826	0.016865	10.0
946	-1.456275	154.181402	0.011818	9.9
947	-1.163739	154.093114	0.009401	8.2
948	-0.406217	154.004960	0.005682	9.7
949	-1.701880	153.916940	0.009990	8.6
950	-1.625190	153.829054	0.018174	10.2
951	-1.632544	153.741303	0.012608	7.8
952	-1.582178	153.653684	0.011716	8.7
953	-1.002667	153.566198	0.015922	10.3
954	-1.441659	153.478846	0.007490	9.8
955	-0.437398	153.391625	0.006130	7.9
956	-1.377254	153.304537	0.009619	7.6
957	-1.499033	153.217580	0.008108	11.9
958	-0.455527	153.130755	0.004368	9.0
959	-1.635088	153.044061	0.029811	8.0
960	-1.454559	152.957498	0.009131	8.2
961	-0.963750	152.871065	0.008398	8.3
962	-0.231894	152.784762	0.002786	8.8
963	-1.558026	152.698589	0.021349	8.8
964	-1.411884	152.612545	0.010870	9.0
965	-1.268128	152.526631	0.006325	9.0
966	-1.029209	152.440845	0.007892	9.1
967	-0.786251	152.355188	0.008161	8.4
968	-1.338591	152.269660	0.016529	7.4
969	-0.858233	152.184259	0.012646	9.9
970	-1.684409	152.098986	0.013738	8.1
971	-0.909234	152.013840	0.021274	10.0
972	-0.908369	151.928821	0.013136	9.6
973	-1.652110	151.843928	0.012126	8.5
974	-0.838003	151.759163	0.008611	9.1
975	-1.391342	151.674523	0.007220	9.6
976	-1.729213	151.590009	0.013097	12.3
977	-1.631547	151.505620	0.018823	9.2
978	-1.272340	151.421357	0.021696	8.9
979	-1.563400	151.337218	0.012521	12.2
980	-0.144985	151.253204	0.001891	11.0
981	-1.670981	151.169314	0.017396	9.4
982	-1.342504	151.085549	0.019132	10.3
983	-1.671526	151.001907	0.013995	13.7
984	-1.135097	150.918388	0.003761	10.2
985	-1.263125	150.834992	0.015396	11.4
986	-1.075085	150.751719	0.004698	10.4
987	-1.322597	150.668569	0.022697	13.0
988	-0.501261	150.585541	0.002021	11.1
989	-1.431955	150.502634	0.011315	11.7
990	-0.309712	150.419849	0.004468	10.2
991	-1.615329	150.337186	0.014006	12.4
992	-1.418586	150.254644	0.018546	12.2
993	-1.400778	150.172222	0.008922	8.1
994	-1.605210	150.089921	0.014563	9.6
995	-1.392899	150.007740	0.015089	10.0
996	-1.690201	149.925679	0.008728	7.9
997	-1.427818	149.843737	0.014388	10.2
998	-0.963801	149.761915	0.011251	7.6
999	-1.688039	149.680212	0.012686	7.8
1000	-1.305668	149.598627	0.009100	11.7
1001	-1.273797	149.517161	0.011589	8.5
1002	-1.203922	149.435814	0.012170	7.9
1003	-1.589448	149.354584	0.014467	8.5
1004	-0.984041	149.273472	0.007231	10.6
1005	-0.485369	149.192477	0.006710	9.2
1006	-1.689326	149.111599	0.014793	8.2
1007	-1.310099	149.030838	0.013736	8.9
1008	-1.711039	148.950194	0.014401	9.6
1009	-1.275369	148.869666	0.006414	11.6
1010	-0.151116	148.789253	0.000882	9.9
1011	-0.772476	148.708957	0.016627	8.3
1012	-1.043815	148.628776	0.010228	10.3
1013	-1.564718	148.548710	0.007765	11.5
1014	-0.634879	148.468759	0.006050	8.6
1015	-0.933054	148.388923	0.008594	9.3
1016	-1.245492	148.309201	0.009914	8.4
1017	-1.591807	148.229594	0.011246	10.6
1018	-1.026305	148.150100	0.010780	9.4
1019	-1.539629	148.070719	0.010908	8.0
1020	-1.447007	147.991452	0.016483	8.7
1021	-1.385492	147.912298	0.014214	9.9
1022	-0.375180	147.833257	0.006410	12.2
1023	-1.290236	147.754329	0.013607	10.2
1024	-1.239443	147.675512	0.008018	9.5
1025	-0.270156	147.596808	0.004165	13.6
1026	-1.375874	147.518216	0.013957	11.1
1027	-0.847091	147.439735	0.010178	10.8
1028	-0.666639	147.361365	0.008793	10.7
1029	-1.186127	147.283106	0.023417	14.5
1030	-1.007768	147.204958	0.008511	10.7
1031	-1.710581	147.126920	0.020919	12.5
1032	-1.591546	147.048993	0.012118	11.0
1033	-0.408092	146.971175	0.006745	15.9
1034	-0.208074	146.893468	0.002835	11.5
1035	-1.515281	146.815869	0.017043	10.7
1036	-0.571890	146.738380	0.006201	13.1
1037	-0.868334	146.661000	0.008536	10.0
1038	-1.553193	146.583729	0.009278	11.5
1039	-1.639036	146.506566	0.019291	12.7
1040	-1.458947	146.429511	0.017079	13.0
1041	-1.357185	146.352565	0.017388	11.1
1042	-0.791729	146.275726	0.011548	8.9
1043	-0.835487	146.198994	0.009455	11.5
1044	-1.176710	146.122370	0.007326	8.2
1045	-1.431843	146.045853	0.015478	10.7
1046	-0.419693	145.969442	0.010098	10.2
1047	-0.947128	145.893139	0.008123	11.0
1048	-0.202491	145.816941	0.002842	10.3
1049	-1.624609	145.740849	0.012179	8.2
1050	-0.970172	145.664863	0.009640	9.2
1051	-0.711144	145.588983	0.013199	9.9
1052	-1.777626	145.513208	0.020985	9.2
1053	-1.395166	145.437538	0.019719	9.7
1054	-0.083192	145.361973	0.000892	7.2
1055	-1.157542	145.286513	0.007925	8.5
1056	-1.346775	145.211157	0.012266	10.5
1057	-0.802295	145.135905	0.010323	10.1
1058	-1.277535	145.060757	0.006683	7.9
1059	-0.543409	144.985712	0.004525	9.2
1060	-1.490898	144.910771	0.031256	11.2
1061	-1.652632	144.835934	0.013864	8.2
1062	-0.566678	144.761199	0.009360	9.9
1063	-0.090363	144.686567	0.000940	7.8
1064	-1.672342	144.612037	0.017125	10.6
1065	-1.194282	144.537610	0.009308	8.3
1066	-0.431252	144.463285	0.002734	11.6
1067	-1.316084	144.389062	0.026726	9.8
1068	-1.068692	144.314940	0.018181	10.5
1069	-1.581006	144.240920	0.019445	10.1
1070	-0.865270	144.167001	0.008051	8.3
1071	-1.473362	144.093182	0.014737	8.7
1072	-0.158790	144.019465	0.001290	9.4
1073	-1.547342	143.945848	0.023705	9.1
1074	-1.611284	143.872331	0.016652	10.3
1075	-1.135085	143.798914	0.005387	7.0
1076	-1.139457	143.725597	0.004258	8.5
1077	-0.408237	143.652380	0.005954	11.9
1078	-1.608608	143.579262	0.014769	10.2
1079	-0.372830	143.506243	0.006380	9.1
1080	-0.972154	143.433323	0.016720	9.2
1081	-1.077369	143.360502	0.004004	12.3
1082	-1.568550	143.287780	0.014939	8.7
1083	-1.558228	143.215155	0.023525	8.7
1084	-1.672740	143.142629	0.014487	8.7
1085	-0.719617	143.070201	0.010777	11.2
1086	-0.519366	142.997870	0.003503	10.2
1087	-1.583807	142.925637	0.016857	11.7
1088	-1.442906	142.853501	0.010791	10.4
1089	-1.762536	142.781462	0.022135	8.6
1090	-1.552549	142.709519	0.023449	8.9
1091	-1.325552	142.637674	0.011730	9.3
1092	-1.453655	142.565924	0.017729	9.1
1093	-0.982103	142.494271	0.006471	10.5
1094	-0.165957	142.422714	0.001410	8.6
1095	-1.624416	142.351252	0.018303	8.9
1096	-1.646743	142.279886	0.011576	12.4
1097	-1.647524	142.208616	0.015606	9.1
1098	-1.605504	142.137440	0.019038	8.7
1099	-1.582010	142.066360	0.010650	8.8
1100	-0.650753	141.995374	0.008092	11.9
1101	-1.328052	141.924483	0.010200	9.2
1102	-1.184825	141.853685	0.012778	8.9
1103	-0.677337	141.782983	0.009034	7.0
1104	-1.265063	141.712373	0.004727	11.0
1105	-1.411132	141.641858	0.004247	10.6
1106	-1.646061	141.571436	0.017829	8.6
1107	-0.988550	141.501108	0.008182	7.7
1108	-1.056879	141.430872	0.008713	10.4
1109	-1.584799	141.360730	0.010023	10.1
1110	-1.244216	141.290680	0.017586	8.8
1111	-0.923524	141.220722	0.005873	7.5
1112	-1.195060	141.150857	0.010839	9.4
1113	-1.437262	141.081084	0.020342	10.0
1114	-1.044342	141.011403	0.011749	10.5
1115	-1.592734	140.941813	0.023911	8.2
1116	-0.968109	140.872315	0.007669	8.5
1117	-0.648523	140.802909	0.004961	12.2
1118	-1.704069	140.733593	0.019319	8.0
1119	-1.331777	140.664369	0.012248	9.4
1120	-0.908333	140.595235	0.006738	7.6
1121	-1.746574	140.526192	0.016224	8.9
1122	-1.458407	140.457239	0.022948	11.1
1123	-1.721211	140.388376	0.015568	9.4
1124	-1.417973	140.319603	0.010461	8.5
1125	-0.187697	140.250920	0.003706	7.8
1126	-0.666761	140.182326	0.002746	11.6
1127	-1.725292	140.113822	0.012023	8.4
1128	-1.435374	140.045407	0.011447	8.0
1129	-1.004035	139.977081	0.009706	8.4
1130	-1.510546	139.908844	0.022510	8.8
1131	-1.628114	139.840696	0.026449	11.3
1132	-1.281105	139.772635	0.011140	9.5
1133	-0.033821	139.704664	0.000249	8.4
1134	-1.478665	139.636780	0.021581	8.7
1135	-0.857774	139.568984	0.009649	11.6
1136	-1.527007	139.501276	0.014571	8.3
1137	-1.533742	139.433655	0.011687	9.0
1138	-0.648685	139.366122	0.011225	9.0
1139	-1.545707	139.298676	0.018353	8.3
1140	-1.452843	139.231317	0.010993	11.0
1141	-1.313672	139.164045	0.010483	9.7
1142	-0.176615	139.096859	0.001997	7.9
1143	-1.686835	139.029760	0.014722	8.1
1144	-1.472554	138.962747	0.014434	11.3
1145	-1.630385	138.895820	0.021755	8.0
1146	-0.378209	138.828978	0.004970	8.4
1147	-1.061412	138.762223	0.009710	8.6
1148	-0.263799	138.695553	0.003842	8.5
1149	-0.203892	138.628969	0.001994	11.2
1150	-1.695243	138.562469	0.007337	10.0
1151	-0.666086	138.496055	0.004814	8.9
1152	-0.823943	138.429725	0.004967	7.2
1153	-0.679387	138.363481	0.002602	10.7
1154	-0.979058	138.297320	0.011145	7.8
1155	-0.901224	138.231244	0.007861	9.7
1156	-1.060472	138.165252	0.006885	8.3
1157	-0.991707	138.099344	0.006022	8.4
1158	-1.664793	138.033520	0.009559	10.2
1159	-0.994058	137.967779	0.018033	9.4
1160	-1.723179	137.902122	0.010987	8.3
1161	-1.138109	137.836548	0.010360	7.8
1162	-1.044321	137.771057	0.006276	12.5
1163	-0.765155	137.705649	0.010398	7.9
1164	-0.629334	137.640324	0.008792	8.4
1165	-1.451318	137.575081	0.010233	7.7
1166	-1.520752	137.509921	0.024293	8.8
1167	-0.583879	137.444842	0.009410	10.2
1168	-0.398220	137.379846	0.008068	9.6
1169	-1.625327	137.314932	0.022229	9.0
1170	-0.728798	137.250100	0.004923	8.7
1171	-0.172269	137.185349	0.003545	8.7
1172	-0.478946	137.120680	0.004814	10.1
1173	-0.228520	137.056092	0.003507	9.1
1174	-1.416753	136.991585	0.020754	8.0
1175	-1.473163	136.927158	0.019959	8.2
1176	-0.254718	136.862813	0.002390	10.7
1177	-0.724557	136.798548	0.009694	10.3
1178	-1.588928	136.734363	0.016126	8.5
1179	-0.466635	136.670259	0.009182	9.1
1180	-0.369589	136.606235	0.004139	10.3
1181	-0.578954	136.542291	0.007452	9.6
1182	-1.430731	136.478426	0.007026	9.3
1183	-0.370364	136.414641	0.004234	8.1
1184	-0.214396	136.350936	0.003322	8.8
1185	-1.202003	136.287310	0.016204	10.8
1186	-0.916809	136.223763	0.007302	9.2
1187	-1.606010	136.160295	0.018567	9.0
1188	-1.023456	136.096905	0.013583	8.1
1189	-0.704867	136.033594	0.005243	9.9
1190	-0.963942	135.970362	0.020431	7.7
1191	-0.775840	135.907208	0.006413	10.0
1192	-1.320569	135.844133	0.017415	8.2
1193	-0.458984	135.781135	0.002676	9.3
1194	-1.587967	135.718215	0.020035	9.8
1195	-0.676377	135.655373	0.005655	8.4
1196	-0.867352	135.592608	0.008326	7.8
1197	-1.220313	135.529921	0.009827	8.6
1198	-0.445923	135.467311	0.008455	11.3
1199	-0.760074	135.404778	0.007000	8.6
1200	-0.786656	135.342322	0.018057	8.5
1201	-1.342356	135.279942	0.018879	8.2
1202	-0.407158	135.217640	0.006353	8.1
1203	-1.564966	135.155413	0.013325	10.5
1204	-1.292603	135.093263	0.017018	9.4
1205	-1.666275	135.031190	0.009568	8.8
1206	-0.842596	134.969192	0.008056	8.8
1207	-1.713132	134.907270	0.033217	9.4
1208	-1.108993	134.845424	0.015723	9.4
1209	-1.244675	134.783653	0.010257	10.1
1210	-0.309178	134.721958	0.003747	7.9
1211	-1.643963	134.660338	0.014967	8.1
1212	-1.609876	134.598793	0.019673	10.9
1213	-1.727406	134.537323	0.015627	9.2
1214	-0.843445	134.475927	0.009922	8.4
1215	-1.326384	134.414607	0.012854	8.3
1216	-1.212147	134.353361	0.024353	11.6
1217	-0.987111	134.292189	0.009458	8.1
1218	-1.316322	134.231092	0.015686	8.1
1219	-0.732736	134.170068	0.004084	8.8
1220	-1.054225	134.109119	0.028062	8.0
1221	-1.513691	134.048243	0.013643	10.0
1222	-1.634014	133.987441	0.019651	9.3
1223	-0.862519	133.926713	0.010775	8.4
1224	-0.084209	133.866057	0.001204	7.9
1225	-1.462950	133.805475	0.020265	9.5
1226	-0.575337	133.744966	0.002535	10.2
1227	-1.491670	133.684530	0.006984	10.4
1228	-1.040978	133.624167	0.012038	8.6
1229	-1.475172	133.563877	0.009715	7.7
1230	-0.360706	133.503658	0.004632	10.5
1231	-1.563497	133.443513	0.031897	9.6
1232	-0.118925	133.383439	0.001168	7.8
1233	-1.358118	133.323437	0.010590	9.0
1234	-1.101010	133.263508	0.007329	9.4
1235	-1.524784	133.203650	0.007681	10.0
1236	-0.060433	133.143864	0.000695	9.2
1237	-0.058726	133.084149	0.000519	7.6
1238	-1.505830	133.024506	0.013672	8.3
1239	-1.808094	132.964934	0.014859	10.1
1240	-1.316754	132.905433	0.012595	9.0
1241	-0.765096	132.846003	0.005031	8.7
1242	-1.083900	132.786643	0.011788	9.0
1243	-1.378400	132.727355	0.024875	8.3
1244	-0.537347	132.668137	0.014681	10.4
1245	-0.736913	132.608989	0.014715	8.3
1246	-1.651192	132.549912	0.022504	9.2
1247	-1.310716	132.490904	0.013423	8.7
1248	-0.994325	132.431967	0.012436	10.6
1249	-1.581022	132.373100	0.016137	10.0
1250	-0.155310	132.314302	0.001290	7.9
1251	-1.644636	132.255574	0.014360	8.8
1252	-1.132639	132.196916	0.010428	10.6
1253	-1.302353	132.138326	0.009044	8.6
1254	-1.569005	132.079806	0.016786	8.1
1255	-1.745238	132.021355	0.037799	8.8
1256	-1.700341	131.962973	0.014843	8.7
1257	-1.266640	131.904660	0.016871	11.3
1258	-1.459353	131.846415	0.006728	9.5
1259	-0.377689	131.788239	0.004924	7.5
1260	-1.296553	131.730131	0.008281	8.3
1261	-0.508849	131.672092	0.001692	10.1
1262	-0.451833	131.614121	0.001148	9.1
1263	-0.434014	131.556217	0.011721	9.0
1264	-0.178930	131.498382	0.001034	9.0
1265	-0.672914	131.440614	0.008639	9.4
1266	-0.689481	131.382914	0.005369	8.5
1267	-0.758574	131.325282	0.011893	9.8
1268	-0.748833	131.267717	0.005279	8.3
1269	-0.899330	131.210219	0.017788	7.9
1270	-1.563908	131.152788	0.022997	11.1
1271	-1.625785	131.095424	0.015441	9.7
1272	-1.608664	131.038127	0.018212	8.0
1273	-1.064741	130.980897	0.007651	8.8
1274	-1.498834	130.923733	0.032407	12.0
1275	-1.216254	130.866636	0.015609	8.0
1276	-0.506113	130.809605	0.010176	7.9
1277	-1.245339	130.752641	0.007338	9.5
1278	-1.131984	130.695742	0.011570	9.7
1279	-1.505850	130.638910	0.010767	11.3
1280	-0.751989	130.582143	0.008282	9.2
1281	-0.922504	130.525442	0.009732	9.0
1282	-1.053641	130.468807	0.010167	8.0
1283	-0.884100	130.412237	0.013879	10.9
1284	-1.045887	130.355733	0.012708	8.7
1285	-1.800301	130.299294	0.018790	9.4
1286	-0.779028	130.242920	0.009963	7.8
1287	-0.434496	130.186611	0.008304	11.1
1288	-1.578767	130.130366	0.034336	9.6
1289	-0.696537	130.074187	0.006930	8.4
1290	-1.667948	130.018072	0.014493	8.0
1291	-1.070999	129.962022	0.018424	8.4
1292	-1.768356	129.906036	0.012531	11.9
1293	-1.053266	129.850114	0.006366	8.7
1294	-1.737948	129.794257	0.017133	8.1
1295	-1.327022	129.738463	0.009080	8.1
1296	-1.681599	129.682734	0.018968	10.6
1297	-0.388255	129.627068	0.003388	10.7
1298	-1.662209	129.571466	0.019930	8.5
1299	-0.915114	129.515927	0.008131	8.8
1300	-1.489951	129.460452	0.017063	9.7
1301	-1.625506	129.405040	0.013971	9.9
1302	-0.852399	129.349692	0.006700	8.4
1303	-1.558879	129.294406	0.013711	8.2
1304	-1.367308	129.239183	0.011569	8.7
1305	-0.794395	129.184024	0.005014	10.6
1306	-1.443515	129.128927	0.013437	8.1
1307	-1.514205	129.073892	0.014492	9.5
1308	-1.594351	129.018921	0.019405	8.3
1309	-1.186504	128.964011	0.005837	10.0
1310	-1.563954	128.909164	0.013473	9.1
1311	-1.211092	128.854379	0.013310	9.3
1312	-1.359711	128.799656	0.013513	9.1
1313	-1.273172	128.744995	0.014990	9.0
1314	-1.613171	128.690396	0.008816	10.2
1315	-0.508614	128.635858	0.009458	10.9
1316	-1.669040	128.581382	0.014893	9.4
1317	-1.692932	128.526968	0.006453	11.7
1318	-0.773572	128.472615	0.011097	10.0
1319	-1.311985	128.418323	0.008498	7.8
1320	-1.502880	128.364092	0.016521	8.4
1321	-1.403826	128.309922	0.013381	8.2
1322	-0.006657	128.255814	0.000137	10.3
1323	-0.605846	128.201766	0.009003	8.0
1324	-1.781110	128.147778	0.017995	10.0
1325	-1.233822	128.093852	0.021654	8.4
1326	-1.448021	128.039985	0.011730	9.6
1327	-1.255870	127.986180	0.017994	8.2
1328	-0.675474	127.932434	0.003863	9.0
1329	-1.118193	127.878749	0.008950	8.9
1330	-0.535078	127.825123	0.002779	8.2
1331	-0.679889	127.771558	0.012896	12.3
1332	-0.744303	127.718052	0.009347	8.7
1333	-1.036867	127.664606	0.010929	8.1
1334	-1.065280	127.611220	0.017238	8.2
1335	-1.005565	127.557893	0.006694	9.9
1336	-1.023914	127.504625	0.008820	8.4
1337	-0.850507	127.451417	0.005898	9.2
1338	-1.690936	127.398268	0.014612	8.9
1339	-1.014494	127.345178	0.008614	11.0
1340	-0.355965	127.292147	0.002914	8.7
1341	-0.874030	127.239175	0.006853	10.2
1342	-0.856833	127.186261	0.012518	9.6
1343	-0.377924	127.133407	0.003437	9.5
1344	-1.014193	127.080610	0.018484	8.0
1345	-0.444110	127.027872	0.007997	7.9
1346	-1.638547	126.975193	0.026801	9.4
1347	-0.785393	126.922572	0.009018	7.7
1348	-1.404851	126.870008	0.018857	10.7
1349	-0.623427	126.817503	0.005653	10.7
1350	-0.684799	126.765056	0.006118	8.9
1351	-0.598295	126.712667	0.007030	8.0
1352	-0.232070	126.660335	0.003130	12.2
1353	-0.929134	126.608061	0.010316	8.5
1354	-0.693491	126.555844	0.011222	7.4
1355	-1.004748	126.503685	0.004140	8.3
1356	-1.488179	126.451583	0.014609	10.5
1357	-1.569953	126.399538	0.015439	8.3
1358	-1.156242	126.347550	0.009129	9.5
1359	-0.373580	126.295619	0.004589	7.7
1360	-1.331687	126.243745	0.012214	8.7
1361	-0.685586	126.191928	0.008690	10.2
1362	-1.020329	126.140168	0.007580	10.0
1363	-0.324625	126.088464	0.003169	8.9
1364	-1.495468	126.036817	0.009985	8.2
1365	-1.077837	125.985226	0.013365	10.9
1366	-1.689896	125.933691	0.014624	9.0
1367	-1.468242	125.882212	0.018218	10.5
1368	-1.650885	125.830790	0.009181	8.6
1369	-0.638148	125.779423	0.006318	9.6
1370	-0.338197	125.728113	0.001608	9.3
1371	-1.263246	125.676858	0.009967	8.7
1372	-1.616294	125.625659	0.016017	8.5
1373	-1.693508	125.574515	0.009822	10.5
1374	-1.293900	125.523427	0.008404	10.1
1375	-1.083146	125.472394	0.009168	7.9
1376	-0.585065	125.421417	0.005388	6.7
1377	-1.684991	125.370495	0.014312	9.0
1378	-1.539240	125.319628	0.010467	11.3
1379	-0.675717	125.268815	0.002926	10.6
1380	-1.488919	125.218058	0.010155	9.6
1381	-0.789147	125.167356	0.004804	8.3
1382	-1.538930	125.116708	0.011765	10.5
1383	-1.477814	125.066115	0.011226	9.5
1384	-1.651832	125.015576	0.013235	7.8
1385	-1.377206	124.965092	0.008199	7.7
1386	-0.750224	124.914662	0.011050	10.5
1387	-0.769973	124.864287	0.007322	8.8
1388	-1.241968	124.813965	0.009289	9.2
1389	-1.065418	124.763698	0.013227	9.0
1390	-1.377086	124.713485	0.006120	8.9
1391	-1.393347	124.663325	0.004396	10.6
1392	-1.104946	124.613219	0.022899	10.0
1393	-0.707312	124.563167	0.007578	8.0
1394	-1.733526	124.513168	0.016422	8.3
1395	-1.503088	124.463223	0.023685	11.2
1396	-1.663303	124.413332	0.012425	8.7
1397	-0.860367	124.363493	0.005367	7.6
1398	-0.679924	124.313708	0.008253	8.5
1399	-0.857131	124.263976	0.003402	8.1
1400	-0.956134	124.214297	0.018145	9.0
1401	-1.738963	124.164671	0.012327	9.9
1402	-0.553881	124.115097	0.003680	8.1
1403	-1.521246	124.065577	0.009442	8.6
1404	-1.003585	124.016109	0.012071	8.4
1405	-0.708419	123.966693	0.006643	11.2
1406	-1.108689	123.917330	0.010325	9.5
1407	-1.271270	123.868020	0.011452	7.8
1408	-1.735310	123.818762	0.032532	8.7
1409	-0.699699	123.769556	0.004930	9.9
1410	-1.416891	123.720402	0.011277	8.6
1411	-1.560277	123.671300	0.011891	7.9
1412	-1.583061	123.622250	0.013832	8.3
1413	-1.156188	123.573252	0.015261	8.0
1414	-0.068440	123.524305	0.000478	10.0
1415	-1.681486	123.475411	0.018394	8.5
1416	-0.872698	123.426568	0.007854	9.6
1417	-0.357186	123.377776	0.007141	8.4
1418	-1.521382	123.329036	0.020930	8.3
1419	-1.649732	123.280347	0.014097	10.8
1420	-1.351890	123.231709	0.016525	7.7
1421	-1.559031	123.183122	0.009764	8.4
1422	-1.364364	123.134587	0.010480	9.3
1423	-1.359132	123.086102	0.019286	10.1
1424	-1.028624	123.037669	0.009317	8.5
1425	-1.459573	122.989286	0.016820	9.9
1426	-0.894988	122.940954	0.003454	7.9
1427	-1.340141	122.892672	0.020721	8.5
1428	-0.721083	122.844441	0.009665	12.6
1429	-0.220501	122.796261	0.002155	8.5
1430	-1.488156	122.748130	0.011092	8.6
1431	-1.579959	122.700050	0.014188	8.1
1432	-1.225367	122.652021	0.021350	11.1
1433	-0.860978	122.604041	0.012152	8.8
1434	-1.313142	122.556111	0.011669	9.8
1435	-1.359085	122.508232	0.013392	8.4
1436	-1.499909	122.460402	0.008695	8.6
1437	-1.590431	122.412622	0.016288	11.6
1438	-1.296225	122.364891	0.013685	8.5
1439	-0.985951	122.317210	0.010273	8.2
1440	-0.802680	122.269579	0.009271	8.6
1441	-1.506147	122.221997	0.007954	11.2
1442	-0.821395	122.174465	0.002001	10.4
1443	-1.771635	122.126981	0.015481	9.2
1444	-1.135506	122.079547	0.010568	10.1
1445	-1.594119	122.032162	0.010255	9.2
1446	-0.904070	121.984826	0.008222	9.5
1447	-0.746060	121.937539	0.009663	9.2
1448	-0.811623	121.890301	0.014325	9.1
1449	-0.963826	121.843112	0.008104	11.9
1450	-0.484476	121.795971	0.004165	8.8
1451	-0.919865	121.748879	0.016417	9.1
1452	-0.427534	121.701835	0.003259	9.9
1453	-0.424515	121.654840	0.005901	13.9
1454	-1.387845	121.607893	0.008161	11.4
1455	-0.385487	121.560994	0.008155	10.0
1456	-1.635309	121.514144	0.010332	11.2
1457	-0.653182	121.467342	0.003694	9.6
1458	-1.227718	121.420588	0.012654	11.5
1459	-1.775689	121.373882	0.013733	9.8
1460	-1.068329	121.327223	0.014439	13.1
1461	-1.522583	121.280613	0.015141	11.1
1462	-0.903929	121.234050	0.007695	8.5
1463	-0.802626	121.187535	0.004629	7.9
1464	-1.541916	121.141067	0.017017	9.8
1465	-1.498539	121.094647	0.015863	11.2
1466	-1.695871	121.048274	0.032645	9.4
1467	-1.787476	121.001949	0.011159	9.6
1468	-1.590067	120.955671	0.020471	11.3
1469	-1.431932	120.909440	0.010207	7.9
1470	-0.724006	120.863256	0.012184	9.1
1471	-1.566119	120.817119	0.007646	9.1
1472	-1.203667	120.771029	0.021814	9.2
1473	-1.627782	120.724986	0.007979	11.6
1474	-1.113487	120.678990	0.010842	10.3
1475	-1.062950	120.633040	0.010969	8.3
1476	-1.610054	120.587137	0.015132	8.2
1477	-1.014231	120.541281	0.015937	12.2
1478	-1.515805	120.495471	0.011164	9.1
1479	-1.448808	120.449707	0.011209	10.4
1480	-0.969993	120.403990	0.006947	10.6
1481	-1.029971	120.358319	0.006242	9.4
1482	-1.370603	120.312694	0.006247	10.5
1483	-0.709566	120.267115	0.007833	8.0
1484	-0.460119	120.221582	0.008493	9.7
1485	-1.597106	120.176096	0.013836	12.3
1486	-0.725008	120.130655	0.001971	9.3
1487	-1.723877	120.085260	0.007964	10.0
1488	-1.490353	120.039910	0.017033	12.4
1489	-1.215025	119.994606	0.007294	9.5
1490	-1.332907	119.949348	0.012399	11.5
1491	-0.538414	119.904135	0.008010	10.9
1492	-1.398473	119.858968	0.012742	10.9
1493	-1.365321	119.813846	0.020305	10.4
1494	-0.809998	119.768769	0.006492	10.2
1495	-0.337965	119.723738	0.008356	9.6
1496	-1.414639	119.678752	0.012734	11.1
1497	-0.890988	119.633810	0.013883	11.5
1498	-0.355223	119.588914	0.002569	11.0
1499	-1.554017	119.544062	0.015608	9.1
1500	-0.325882	119.499256	0.003414	13.5
1501	-1.569539	119.454494	0.013166	9.7
1502	-1.661567	119.409777	0.008906	11.0
1503	-1.217878	119.365104	0.015954	10.3
1504	-0.670545	119.320476	0.007734	11.6
1505	-1.120804	119.275893	0.014978	12.0
1506	-1.279209	119.231353	0.014834	10.2
1507	-0.882126	119.186859	0.009123	9.7
1508	-0.885735	119.142408	0.008624	13.2
1509	-1.525146	119.098002	0.009643	11.2
1510	-1.622922	119.053639	0.017223	10.5
1511	-0.768228	119.009321	0.005408	10.2
1512	-1.395769	118.965047	0.014893	13.6
1513	-1.131225	118.920816	0.005200	9.2
1514	-1.118991	118.876630	0.017042	8.4
1515	-0.499993	118.832487	0.003750	8.6
1516	-0.419691	118.788388	0.004346	10.4
1517	-0.805424	118.744332	0.006296	11.1
1518	-0.481811	118.700320	0.011066	8.5
1519	-0.719091	118.656352	0.005058	8.9
1520	-1.078536	118.612427	0.009123	9.2
1521	-0.671445	118.568545	0.008329	12.0
1522	-1.588500	118.524706	0.007390	10.2
1523	-0.661134	118.480911	0.009389	9.0
1524	-0.524878	118.437159	0.004361	11.7
1525	-1.569495	118.393450	0.012693	8.4
1526	-1.220353	118.349784	0.010244	10.4
1527	-0.533515	118.306160	0.013002	8.9
1528	-0.743329	118.262580	0.008839	11.0
1529	-1.224542	118.219042	0.010861	11.9
1530	-0.230016	118.175548	0.002952	8.7
1531	-1.521960	118.132095	0.012467	8.5
1532	-1.380213	118.088686	0.017306	11.0
1533	-0.514714	118.045319	0.003293	9.3
1534	-0.695647	118.001994	0.020898	9.7
1535	-1.336883	117.958712	0.008649	8.2
1536	-1.463851	117.915472	0.009941	8.9
1537	-1.460333	117.872274	0.007359	12.8
1538	-1.504049	117.829118	0.017490	9.6
1539	-0.306306	117.786005	0.002793	9.9
1540	-1.680856	117.742933	0.013176	10.2
1541	-1.136780	117.699904	0.009782	9.1
1542	-0.792600	117.656916	0.009605	10.4
1543	-1.310300	117.613971	0.013045	9.1
1544	-0.619543	117.571067	0.007697	10.9
1545	-0.632886	117.528205	0.007213	9.5
1546	-0.682911	117.485384	0.004920	9.9
1547	-1.050694	117.442605	0.006552	8.8
1548	-0.983477	117.399867	0.008707	10.8
1549	-0.104696	117.357171	0.000864	10.0
1550	-1.493005	117.314517	0.015441	8.5
1551	-1.627952	117.271903	0.018059	8.0
1552	-1.691643	117.229331	0.020944	8.2
1553	-0.208442	117.186800	0.002509	10.4
1554	-0.401203	117.144311	0.004222	8.2
1555	-1.199295	117.101862	0.015165	9.3
1556	-0.681655	117.059454	0.006050	8.6
1557	-0.700108	117.017087	0.013388	11.4
1558	-0.905351	116.974762	0.015670	9.2
1559	-1.452206	116.932476	0.007948	8.4
1560	-1.759198	116.890232	0.026042	8.4
1561	-1.647397	116.848028	0.010482	10.9
1562	-0.394792	116.805865	0.004649	10.1
1563	-1.412341	116.763743	0.010069	8.5
1564	-1.690509	116.721661	0.014956	7.5
1565	-1.148402	116.679619	0.007859	9.5
1566	-0.932818	116.637618	0.005895	9.6
1567	-1.383508	116.595657	0.006068	9.3
1568	-1.326738	116.553736	0.013304	8.0
1569	-0.638300	116.511855	0.005963	7.6
1570	-1.745101	116.470015	0.014572	9.8
1571	-1.224765	116.428214	0.015258	10.6
1572	-1.567005	116.386454	0.010722	10.4
1573	-0.246916	116.344733	0.002377	9.0
1574	-1.027944	116.303052	0.015939	11.7
1575	-1.716848	116.261412	0.012322	9.1
1576	-1.567980	116.219810	0.019574	10.1
1577	-1.505856	116.178249	0.019359	9.1
1578	-1.673584	116.136727	0.010847	11.4
1579	-1.379618	116.095245	0.013381	10.7
1580	-1.255433	116.053802	0.010663	8.6
1581	-1.598908	116.012398	0.009631	9.8
1582	-1.522283	115.971034	0.016875	11.0
1583	-0.592133	115.929710	0.011794	8.9
1584	-1.239276	115.888424	0.015318	10.4
1585	-0.637020	115.847178	0.008373	9.0
1586	-0.919017	115.805970	0.009520	11.1
1587	-1.539240	115.764802	0.016205	10.3
1588	-0.724928	115.723673	0.005658	7.7
1589	-0.709844	115.682583	0.007377	8.4
1590	-1.105548	115.641532	0.014959	8.2
1591	-1.508089	115.600519	0.011258	10.8
1592	-1.113440	115.559546	0.007370	8.1
1593	-1.573229	115.518610	0.012983	9.7
1594	-0.635932	115.477714	0.007377	9.6
1595	-0.958173	115.436856	0.004286	10.7
1596	-0.377188	115.396037	0.007007	12.7
1597	-1.243441	115.355256	0.013195	9.3
1598	-1.578767	115.314514	0.022991	9.9
1599	-0.568374	115.273810	0.005122	12.8
1600	-1.138106	115.233144	0.009860	10.2
1601	-0.749459	115.192517	0.007687	11.7
1602	-1.485424	115.151927	0.023352	9.8
1603	-0.760810	115.111376	0.005003	12.0
1604	-0.454552	115.070863	0.006923	12.0
1605	-0.578691	115.030388	0.006884	9.1
1606	-0.839115	114.989951	0.009983	9.8
1607	-1.127883	114.949551	0.016551	12.0
1608	-1.529866	114.909190	0.028269	11.0
1609	-1.291706	114.868866	0.008413	10.6
1610	-1.573749	114.828580	0.008800	9.7
1611	-0.798482	114.788332	0.013859	11.1
1612	-1.343491	114.748121	0.013342	10.5
1613	-0.635499	114.707948	0.003007	11.7
1614	-0.092864	114.667812	0.000545	9.2
1615	-1.656212	114.627714	0.022266	12.6
1616	-0.824102	114.587653	0.010436	10.3
1617	-1.024493	114.547629	0.010896	8.9
1618	-1.402932	114.507643	0.016063	10.4
1619	-0.859511	114.467693	0.015359	11.4
1620	-1.651272	114.427781	0.015064	8.1
1621	-0.503879	114.387907	0.009005	11.0
1622	-0.243283	114.348069	0.003632	8.3
1623	-1.708867	114.308268	0.009587	12.0
1624	-1.586258	114.268504	0.008072	9.9
1625	-0.693016	114.228777	0.008203	10.8
1626	-0.230003	114.189086	0.002920	8.5
1627	-1.756958	114.149433	0.026528	11.3
1628	-0.837215	114.109816	0.004577	9.3
1629	-1.539856	114.070235	0.012928	11.7
1630	-0.295164	114.030692	0.005568	9.6
1631	-1.457300	113.991185	0.014609	11.6
1632	-1.595347	113.951714	0.012683	12.2
1633	-1.439300	113.912280	0.009659	9.6
1634	-0.921519	113.872882	0.008862	10.3
1635	-1.454132	113.833521	0.014939	13.0
1636	-0.658653	113.794195	0.006103	11.7
1637	-1.605029	113.754906	0.014702	11.2
1638	-0.489561	113.715653	0.005136	11.9
1639	-1.623716	113.676437	0.009430	12.2
1640	-0.970610	113.637256	0.007224	8.3
1641	-0.796678	113.598111	0.011749	8.9
1642	-0.075360	113.559002	0.001035	8.9
1643	-1.466916	113.519929	0.011268	11.9
1644	-0.890935	113.480892	0.005770	10.6
1645	-0.632493	113.441891	0.002536	8.5
1646	-1.353566	113.402925	0.007695	11.5
1647	-0.946335	113.363995	0.015691	11.5
1648	-1.160282	113.325101	0.017613	8.4
1649	-0.598174	113.286242	0.017315	10.4
1650	-0.090341	113.247419	0.001197	10.9
1651	-1.591732	113.208631	0.011343	8.9
1652	-1.496602	113.169879	0.014394	11.0
1653	-1.590170	113.131162	0.020225	8.6
1654	-1.702987	113.092480	0.018154	12.0
1655	-1.367530	113.053833	0.013017	10.6
1656	-1.452663	113.015222	0.010014	8.6
1657	-1.653895	112.976646	0.033585	9.2
1658	-1.567166	112.938105	0.013296	9.4
1659	-0.901150	112.899599	0.017004	10.5
1660	-1.586455	112.861128	0.013805	7.9
1661	-1.561465	112.822692	0.031081	8.9
1662	-1.296535	112.784291	0.021120	9.5
1663	-0.000000	112.745924	0.000000	10.8
1664	-1.369853	112.707593	0.017743	9.8
1665	-1.044445	112.669296	0.024071	7.9
1666	-1.073003	112.631034	0.017680	8.6
1667	-1.362670	112.592806	0.009742	10.1
1668	-0.996986	112.554613	0.015435	9.3
1669	-1.562633	112.516455	0.009991	8.4
1670	-0.893527	112.478331	0.010436	8.2
1671	-1.610351	112.440241	0.013889	10.5
1672	-1.333297	112.402186	0.013137	7.7
1673	-1.304439	112.364165	0.011936	9.6
1674	-0.805349	112.326179	0.007525	7.7
1675	-0.960092	112.288227	0.016557	8.6
1676	-1.005967	112.250309	0.010867	10.5
1677	-1.638666	112.212425	0.016057	9.3
1678	-0.526233	112.174575	0.006196	8.4
1679	-1.287926	112.136759	0.006401	8.5
1680	-1.438153	112.098977	0.013453	10.6
1681	-1.038245	112.061229	0.006306	8.0
1682	-1.728417	112.023515	0.009150	10.8
1683	-0.171218	111.985834	0.001650	8.6
1684	-0.684550	111.948188	0.007761	10.5
1685	-0.822323	111.910575	0.011984	11.2
1686	-0.163580	111.872996	0.000638	9.3
1687	-0.422545	111.835450	0.002382	8.9
1688	-0.602273	111.797939	0.008370	11.0
1689	-0.697476	111.760460	0.010105	10.1
1690	-1.723962	111.723015	0.011747	8.9
1691	-1.287363	111.685604	0.010165	8.2
1692	-0.673556	111.648226	0.008079	8.8
1693	-1.553769	111.610881	0.009956	9.7
1694	-0.936388	111.573570	0.004862	9.1
1695	-0.367598	111.536292	0.007533	8.7
1696	-0.000029	111.499047	0.000011	8.3
1697	-1.357252	111.461835	0.015639	10.2
1698	-0.350230	111.424656	0.001853	7.8
1699	-0.299178	111.387510	0.002248	8.1
1700	-0.582825	111.350398	0.010617	8.2
1701	-1.033835	111.313318	0.017074	8.4
1702	-0.785296	111.276271	0.004399	10.3
1703	-0.507275	111.239257	0.003491	10.5
1704	-1.640688	111.202276	0.012608	8.6
1705	-1.096808	111.165328	0.012417	8.1
1706	-1.604857	111.128412	0.011943	8.8
1707	-1.632158	111.091529	0.020729	10.8
1708	-0.867409	111.054679	0.008046	8.4
1709	-1.556567	111.017861	0.020027	8.5
1710	-1.358040	110.981076	0.011130	8.6
1711	-1.690971	110.944323	0.017630	13.5
1712	-1.447153	110.907603	0.019167	10.4
1713	-1.599986	110.870915	0.012663	9.4
1714	-1.440359	110.834259	0.011007	9.5
1715	-1.467047	110.797636	0.013352	10.6
1716	-1.131479	110.761045	0.011877	8.6
1717	-1.546491	110.724486	0.021170	8.7
1718	-1.219931	110.687959	0.009100	9.5
1719	-0.834508	110.651465	0.013835	10.8
1720	-1.614216	110.615002	0.013008	9.4
1721	-1.002911	110.578572	0.016577	9.5
1722	-0.531029	110.542173	0.002354	8.0
1723	-1.164191	110.505807	0.016963	12.0
1724	-0.849609	110.469472	0.008463	9.5
1725	-1.186192	110.433169	0.008365	8.3
1726	-1.573721	110.396898	0.011983	8.7
1727	-0.572971	110.360659	0.009386	12.6
1728	-1.607796	110.324451	0.014212	9.2
1729	-1.354449	110.288276	0.012333	8.5
1730	-1.115357	110.252131	0.011176	8.3
1731	-0.813645	110.216019	0.008068	10.3
1732	-1.737852	110.179937	0.009457	8.6
1733	-0.763600	110.143888	0.010626	9.1
1734	-1.433482	110.107869	0.008800	7.7
1735	-0.396501	110.071882	0.005751	8.2
1736	-0.715590	110.035927	0.006407	13.3
1737	-0.828058	110.000003	0.013104	8.2
1738	-0.692997	109.964110	0.014049	8.2
1739	-0.530907	109.928248	0.010159	8.8
1740	-1.023877	109.892417	0.016572	12.9
1741	-1.545476	109.856618	0.012006	11.6
1742	-1.255737	109.820850	0.009983	8.4
1743	-0.200843	109.785112	0.003295	9.9
1744	-0.350972	109.749406	0.006565	9.6
1745	-0.940477	109.713730	0.014160	10.3
1746	-1.712010	109.678086	0.016724	8.0
1747	-1.739733	109.642472	0.012381	10.5
1748	-0.108953	109.606890	0.001069	9.8
1749	-1.340932	109.571337	0.015793	8.4
1750	-0.739650	109.535816	0.011874	8.1
1751	-0.963766	109.500326	0.008649	8.6
1752	-1.407374	109.464866	0.023466	12.3
1753	-1.584011	109.429436	0.018253	9.8
1754	-1.694467	109.394038	0.012690	8.7
1755	-1.401420	109.358669	0.008285	8.7
1756	-0.440270	109.323331	0.001691	10.7
1757	-1.697766	109.288024	0.009371	9.8
1758	-0.552151	109.252747	0.008673	8.7
1759	-1.607775	109.217501	0.018234	7.9
1760	-1.222590	109.182284	0.023111	10.2
1761	-1.181078	109.147098	0.006295	8.6
1762	-1.558589	109.111942	0.021426	10.5
1763	-1.461998	109.076817	0.011320	7.4
1764	-1.698862	109.041721	0.016919	11.1
1765	-0.119464	109.006656	0.000600	12.2
1766	-1.637265	108.971620	0.014312	9.0
1767	-1.595096	108.936615	0.012466	9.0
1768	-1.050004	108.901640	0.011668	10.1
1769	-0.732628	108.866694	0.006460	8.5
1770	-1.737646	108.831779	0.008046	8.0
1771	-1.612646	108.796893	0.010256	9.0
1772	-0.122504	108.762037	0.000379	7.3
1773	-0.783037	108.727211	0.010493	10.7
1774	-0.778901	108.692415	0.009914	11.1
1775	-0.011074	108.657648	0.000133	9.0
1776	-1.380518	108.622911	0.013196	9.8
1777	-0.245412	108.588203	0.002236	11.1
1778	-1.594037	108.553525	0.008524	9.7
1779	-1.618822	108.518877	0.008603	9.0
1780	-1.392769	108.484258	0.009379	8.7
1781	-1.344685	108.449668	0.019119	8.6
1782	-0.688399	108.415108	0.007237	9.7
1783	-1.506750	108.380578	0.011687	11.4
1784	-1.212599	108.346076	0.010192	9.0
1785	-1.186651	108.311604	0.007634	9.3
1786	-0.400114	108.277161	0.001708	10.3
1787	-1.670466	108.242747	0.014456	8.6
1788	-1.136445	108.208363	0.017647	8.6
1789	-0.735559	108.174007	0.010522	8.8
1790	-1.630279	108.139681	0.008453	10.2
1791	-1.055264	108.105383	0.010583	7.6
1792	-0.851823	108.071115	0.013980	10.2
1793	-0.169233	108.036875	0.001590	8.1
1794	-1.028741	108.002665	0.009185	10.6
1795	-0.832112	107.968483	0.005465	9.5
1796	-1.139281	107.934330	0.010753	8.4
1797	-0.843115	107.900206	0.017711	8.3
1798	-1.414068	107.866111	0.012811	8.7
1799	-1.446203	107.832044	0.014483	11.0
1800	-0.788749	107.798007	0.011737	10.4
1801	-0.661735	107.763997	0.008403	11.8
1802	-1.178571	107.730017	0.012243	23.3
1803	-0.802777	107.696065	0.008823	14.6
1804	-1.281771	107.662141	0.025349	9.8
1805	-0.782095	107.628246	0.006075	8.3
1806	-0.893213	107.594379	0.007997	11.6
1807	-1.371229	107.560541	0.016373	9.2
1808	-0.164762	107.526731	0.001887	8.9
1809	-1.247316	107.492949	0.007116	7.7
1810	-0.782012	107.459196	0.006996	9.4
1811	-1.348975	107.425471	0.012657	9.8
1812	-1.007025	107.391774	0.006756	10.0
1813	-0.876330	107.358106	0.007193	9.1
1814	-1.343827	107.324465	0.007639	8.4
1815	-1.108343	107.290853	0.016245	12.9
1816	-1.481381	107.257268	0.013910	8.4
1817	-1.692943	107.223712	0.011474	9.0
1818	-1.637266	107.190184	0.008837	7.5
1819	-0.867335	107.156683	0.011233	9.9
1820	-1.712894	107.123211	0.011695	9.2
1821	-1.609704	107.089766	0.007992	9.1
1822	-1.598267	107.056349	0.015347	9.1
1823	-1.682251	107.022960	0.007679	8.5
1824	-1.671298	106.989599	0.010839	10.8
1825	-0.505762	106.956265	0.004194	8.3
1826	-0.822301	106.922960	0.006937	8.1
1827	-1.439414	106.889681	0.007815	8.8
1828	-1.416819	106.856431	0.016498	11.5
1829	-1.781839	106.823208	0.018565	9.1
1830	-1.346351	106.790012	0.011547	9.2
1831	-1.546023	106.756844	0.011470	8.7
1832	-0.150257	106.723703	0.001249	10.8
1833	-1.435329	106.690590	0.009162	10.2
1834	-1.667240	106.657505	0.006343	8.6
1835	-1.466172	106.624446	0.007348	8.1
1836	-1.447841	106.591415	0.014513	8.0
1837	-1.399991	106.558411	0.008652	11.0
1838	-1.259966	106.525435	0.010713	8.3
1839	-0.883370	106.492485	0.009018	9.5
1840	-1.226177	106.459563	0.010735	7.9
1841	-1.415945	106.426668	0.012707	10.8
1842	-1.497104	106.393800	0.008146	9.9
1843	-0.377996	106.360959	0.005075	7.9
1844	-1.417560	106.328145	0.018083	9.5
1845	-0.203861	106.295358	0.002199	8.9
1846	-0.730143	106.262598	0.010799	10.7
1847	-1.689074	106.229865	0.009804	9.1
1848	-0.940947	106.197158	0.009809	8.7
1849	-0.874950	106.164479	0.007862	9.5
1850	-0.949634	106.131826	0.009670	11.3
1851	-1.457149	106.099201	0.013518	9.3
1852	-0.655010	106.066602	0.004702	7.2
1853	-0.891275	106.034029	0.007315	8.1
1854	-1.254806	106.001483	0.014265	15.9
1855	-1.305015	105.968964	0.019305	16.6
1856	-1.667395	105.936472	0.014595	15.9
1857	-1.766203	105.904006	0.024286	22.4
1858	-0.616279	105.871566	0.010409	8.3
1859	-1.370377	105.839153	0.019221	7.9
1860	-1.648781	105.806767	0.029462	8.9
1861	-1.236323	105.774407	0.016152	8.5
1862	-0.686285	105.742073	0.010113	10.7
1863	-0.724504	105.709766	0.007632	8.1
1864	-1.604871	105.677485	0.011541	9.5
1865	-1.238110	105.645230	0.006678	8.3
1866	-0.310443	105.613001	0.001410	9.5
1867	-0.152542	105.580799	0.000734	8.6
1868	-1.341501	105.548623	0.014398	9.5
1869	-1.791897	105.516473	0.013516	8.3
1870	-0.772573	105.484349	0.014501	8.6
1871	-0.897377	105.452251	0.006959	11.7
1872	-0.919462	105.420179	0.013258	8.0
1873	-1.457248	105.388133	0.012542	8.6
1874	-0.770338	105.356113	0.007341	7.7
1875	-1.486595	105.324119	0.009502	11.1
1876	-0.621672	105.292151	0.006890	8.8
1877	-1.549715	105.260209	0.012533	10.5
1878	-1.003496	105.228293	0.003712	8.2
1879	-0.678330	105.196402	0.016756	9.3
1880	-1.407066	105.164537	0.014278	10.0
1881	-1.142408	105.132698	0.009300	8.1
1882	-1.732173	105.100885	0.009837	8.0
1883	-0.791244	105.069097	0.006967	8.8
1884	-0.605881	105.037335	0.005792	11.6
1885	-0.695271	105.005598	0.008910	9.6
1886	-1.108400	104.973887	0.010591	8.0
1887	-0.591096	104.942202	0.009499	8.7
1888	-1.618226	104.910542	0.015392	9.8
1889	-1.642777	104.878907	0.010447	10.6
1890	-0.602999	104.847298	0.008300	8.5
1891	-1.731531	104.815715	0.022113	7.8
1892	-0.083965	104.784156	0.000942	8.8
1893	-0.873411	104.752623	0.011164	10.1
1894	-0.884044	104.721116	0.007178	9.9
1895	-0.849901	104.689633	0.016431	8.4
1896	-0.857226	104.658176	0.005037	8.5
1897	-0.316402	104.626744	0.005792	10.2
1898	-1.101851	104.595337	0.009228	9.3
1899	-0.733592	104.563955	0.008864	8.2
1900	-1.523143	104.532599	0.012650	8.7
1901	-0.864434	104.501267	0.006572	12.1
1902	-1.453786	104.469960	0.005506	8.9
1903	-1.206615	104.438679	0.007203	9.3
1904	-0.948690	104.407422	0.006007	9.1
1905	-0.670062	104.376191	0.005638	8.6
1906	-0.761624	104.344984	0.006249	9.3
1907	-1.679035	104.313802	0.015555	10.5
1908	-1.753878	104.282645	0.017931	7.8
1909	-1.801567	104.251513	0.016351	8.4
1910	-0.909897	104.220405	0.005828	12.8
1911	-0.844951	104.189323	0.005872	10.1
1912	-0.121843	104.158265	0.000966	8.2
1913	-1.583741	104.127231	0.014658	8.5
1914	-0.764215	104.096222	0.006753	9.0
1915	-1.515191	104.065238	0.012910	9.9
1916	-1.217687	104.034279	0.010779	8.0
1917	-1.757229	104.003344	0.014709	8.6
1918	-0.900898	103.972433	0.009704	8.6
1919	-1.151477	103.941547	0.006990	11.9
1920	-0.846799	103.910686	0.012063	8.3
1921	-1.126693	103.879849	0.020044	9.2
1922	-1.295665	103.849036	0.010866	8.4
1923	-0.069851	103.818248	0.000494	7.1
1924	-0.673804	103.787484	0.004217	10.0
1925	-0.564127	103.756744	0.003577	10.4
1926	-1.572265	103.726029	0.015665	8.5
1927	-0.993981	103.695338	0.006152	8.6
1928	-0.560544	103.664671	0.007421	8.8
1929	-1.691256	103.634028	0.012743	8.8
1930	-0.323425	103.603409	0.002522	9.7
1931	-0.237257	103.572814	0.003464	7.8
1932	-0.907054	103.542244	0.006578	8.5
1933	-1.536236	103.511698	0.018382	12.3
1934	-1.500654	103.481175	0.012789	8.7
1935	-1.064784	103.450677	0.014762	8.2
1936	-0.577403	103.420202	0.004664	7.8
1937	-1.597607	103.389752	0.020083	11.8
1938	-1.379363	103.359325	0.010694	7.7
1939	-0.660985	103.328922	0.006847	7.6
1940	-0.702790	103.298543	0.013043	9.0
1941	-1.755704	103.268188	0.011856	8.5
1942	-0.495309	103.237857	0.006410	11.2
1943	-1.268773	103.207549	0.009234	11.3
1944	-0.300884	103.177265	0.002808	8.5
1945	-0.931155	103.147005	0.007510	7.9
1946	-1.380005	103.116768	0.005361	8.9
1947	-1.652290	103.086556	0.014471	10.3
1948	-0.950957	103.056366	0.007857	9.0
1949	-0.986734	103.026200	0.006934	8.0
1950	-1.409963	102.996058	0.016163	8.2
1951	-1.156363	102.965939	0.006038	10.1
1952	-0.940698	102.935844	0.014013	9.8
1953	-0.739818	102.905772	0.005600	7.9
1954	-1.297545	102.875724	0.013479	8.1
1955	-1.073011	102.845699	0.010623	8.9
1956	-1.582407	102.815697	0.017412	10.8
1957	-1.192994	102.785719	0.010312	10.2
1958	-1.007383	102.755764	0.006655	8.5
1959	-0.707272	102.725832	0.014306	8.1
1960	-1.035671	102.695924	0.008421	10.2
1961	-1.660743	102.666038	0.008037	9.5
1962	-0.571783	102.636176	0.008683	8.8
1963	-1.545198	102.606337	0.022139	8.0
1964	-1.798415	102.576521	0.017239	8.9
1965	-0.781038	102.546728	0.007809	11.6
1966	-0.621836	102.516959	0.008154	9.7
1967	-1.623900	102.487212	0.024151	8.4
1968	-1.741455	102.457488	0.014762	8.7
1969	-1.669828	102.427788	0.016280	12.0
1970	-0.767199	102.398110	0.010291	7.9
1971	-1.637788	102.368455	0.015249	9.5
1972	-1.202630	102.338823	0.011070	7.6
1973	-1.534408	102.309214	0.012311	10.8
1974	-1.808475	102.279628	0.011769	8.6
1975	-0.619874	102.250064	0.003377	9.2
1976	-1.370904	102.220524	0.017412	7.8
1977	-1.733647	102.191006	0.009332	7.5
1978	-0.501357	102.161511	0.006068	10.2
1979	-1.245035	102.132038	0.009268	9.1
1980	-1.657152	102.102588	0.021673	8.1
1981	-0.694603	102.073161	0.006122	8.1
1982	-0.742434	102.043757	0.007045	7.9
1983	-1.597069	102.014375	0.016606	9.7
1984	-1.603409	101.985015	0.009988	9.2
1985	-1.323179	101.955678	0.013156	8.3
1986	-0.561924	101.926364	0.005040	8.1
1987	-0.629592	101.897072	0.006342	8.0
1988	-1.021844	101.867802	0.008634	10.2
1989	-1.562563	101.838555	0.007805	8.8
1990	-1.282418	101.809330	0.008327	9.7
1991	-0.865888	101.780128	0.012662	8.4
1992	-0.590446	101.750948	0.006254	8.9
1993	-1.732526	101.721790	0.012364	12.5
1994	-1.463341	101.692654	0.014166	8.2
1995	-0.898438	101.663541	0.007736	8.1
1996	-1.702322	101.634450	0.012033	8.4
1997	-0.744352	101.605381	0.009015	12.4
1998	-0.558138	101.576335	0.009444	7.9
1999	-1.415436	101.547310	0.020637	9.8
