1:ItNr	2:Metric	3:StepSize	4:||Gradient||	Time[ms]
0	-1.160305	627.201626	0.009705	516.4
1	-1.240162	623.504937	0.008212	11.8
2	-1.239391	619.865785	0.009683	11.2
3	-0.829142	616.282728	0.007598	10.6
4	-0.875151	612.754375	0.008077	11.3
5	-1.198467	609.279381	0.009388	12.4
6	-0.166227	605.856447	0.003179	11.9
7	-1.157005	602.484317	0.010557	11.9
8	-1.049467	599.161779	0.009240	12.5
9	-1.035209	595.887656	0.006290	12.5
10	-0.714013	592.660813	0.007216	10.9
11	-0.133538	589.480151	0.004971	11.1
12	-0.811296	586.344606	0.007598	13.1
13	-0.337342	583.253145	0.006267	10.5
14	-0.855758	580.204771	0.009337	12.0
15	-0.392596	577.198517	0.005864	10.9
16	-1.291522	574.233444	0.010227	13.4
17	-1.009852	571.308645	0.008876	11.5
18	-0.819510	568.423237	0.008667	11.2
19	-0.734314	565.576365	0.006692	12.7
20	-0.848110	562.767201	0.007866	11.9
21	-1.277786	559.994938	0.009764	10.6
22	-1.123795	557.258797	0.008820	11.2
23	-0.779659	554.558018	0.008134	14.0
24	-0.992320	551.891865	0.009407	11.7
25	-1.113074	549.259621	0.008837	9.7
26	-0.968636	546.660592	0.009024	14.4
27	-0.418179	544.094102	0.004576	11.2
28	-0.800074	541.559494	0.008219	11.9
29	-0.520600	539.056129	0.006115	9.3
30	-0.610024	536.583387	0.006292	13.5
31	-1.089221	534.140663	0.007188	11.0
32	-0.158023	531.727370	0.004707	10.7
33	-0.250664	529.342935	0.004024	10.5
34	-0.606591	526.986802	0.007128	12.7
35	-0.841359	524.658430	0.008710	11.6
36	-0.971533	522.357290	0.008484	10.3
37	-0.646123	520.082868	0.006982	10.5
38	-0.861617	517.834665	0.010186	11.8
39	-0.901381	515.612193	0.007772	10.5
40	-1.046106	513.414976	0.009492	11.1
41	-0.820442	511.242551	0.009033	10.7
42	-0.923445	509.094468	0.008222	14.5
43	-0.629270	506.970285	0.008940	10.8
44	-1.227892	504.869574	0.011231	11.2
45	-1.104774	502.791916	0.009640	11.3
46	-0.928515	500.736903	0.008000	12.4
47	-0.805601	498.704137	0.008832	10.1
48	-0.811049	496.693228	0.008832	10.3
49	-1.206366	494.703798	0.010852	11.4
50	-0.792855	492.735476	0.008158	12.9
51	-0.559401	490.787900	0.007136	11.0
52	-0.422544	488.860718	0.005881	11.2
53	-0.679617	486.953585	0.007063	11.7
54	-0.628862	485.066164	0.006847	13.7
55	-0.984898	483.198126	0.007379	12.9
56	-0.559012	481.349149	0.006786	16.3
57	-0.744754	479.518920	0.006137	14.1
58	-0.081743	477.707132	0.004930	11.3
59	-0.828870	475.913485	0.008767	12.1
60	-0.953101	474.137684	0.008718	16.4
61	-0.443085	472.379445	0.008556	10.7
62	-1.074697	470.638485	0.008571	11.6
63	-0.478135	468.914531	0.006099	13.0
64	-1.075867	467.207315	0.009289	12.0
65	-0.388026	465.516573	0.004535	11.0
66	-1.006139	463.842050	0.009383	10.2
67	-0.887690	462.183494	0.007301	14.4
68	-1.200021	460.540658	0.007819	12.0
69	-0.256509	458.913303	0.008937	10.6
70	-0.245941	457.301192	0.004903	12.6
71	-0.314895	455.704096	0.004397	10.5
72	-0.968529	454.121787	0.006475	10.4
73	-0.469933	452.554045	0.005531	8.9
74	-0.798985	451.000653	0.009348	12.4
75	-0.794714	449.461399	0.008488	11.7
76	-0.951548	447.936075	0.007197	10.0
77	-1.083590	446.424477	0.008446	10.9
78	-0.746695	444.926406	0.006829	12.0
79	-0.909483	443.441666	0.009164	10.4
80	-0.747523	441.970065	0.010614	10.7
81	-0.979707	440.511415	0.006477	9.9
82	-0.977643	439.065533	0.007686	12.7
83	-0.988498	437.632238	0.007850	10.5
84	-1.266561	436.211351	0.010760	10.3
85	-0.439770	434.802701	0.005596	10.4
86	-0.801411	433.406117	0.007861	14.4
87	-1.055727	432.021430	0.008050	11.3
88	-0.460780	430.648479	0.006568	10.8
89	-0.839953	429.287101	0.009672	10.6
90	-1.041769	427.937140	0.008811	13.7
91	-0.848925	426.598440	0.006638	11.0
92	-0.717597	425.270849	0.010034	11.0
93	-0.598479	423.954220	0.006288	10.4
94	-0.032883	422.648404	0.001103	13.6
95	-1.191760	421.353259	0.009073	11.0
96	-0.121925	420.068643	0.004162	11.8
97	-0.259181	418.794419	0.003862	10.9
98	-0.978607	417.530451	0.010876	14.9
99	-0.764555	416.276604	0.007273	11.3
100	-0.566267	415.032748	0.006292	11.2
101	-0.959971	413.798754	0.011385	10.9
102	-1.026548	412.574495	0.010522	14.7
103	-1.289469	411.359849	0.009764	11.8
104	-0.779112	410.154691	0.007536	11.6
105	-0.164244	408.958904	0.003893	13.4
106	-1.005061	407.772368	0.007299	10.6
107	-1.284249	406.594968	0.009028	11.3
108	-1.178381	405.426590	0.011604	12.7
109	-0.645134	404.267122	0.007846	13.1
110	-0.837767	403.116456	0.005956	10.3
111	-0.975905	401.974481	0.008120	10.3
112	-0.996127	400.841093	0.008194	12.3
113	-1.129131	399.716187	0.009350	10.5
114	-1.157458	398.599660	0.009679	10.0
115	-1.061190	397.491411	0.009472	10.8
116	-0.823562	396.391342	0.009547	12.9
117	-1.067951	395.299353	0.008766	9.6
118	-0.426251	394.215350	0.004805	10.5
119	-0.648720	393.139238	0.008884	10.5
120	-1.145235	392.070924	0.011408	12.7
121	-0.822313	391.010316	0.007242	10.2
122	-1.225438	389.957325	0.009876	9.8
123	-0.838200	388.911862	0.010492	9.7
124	-0.089693	387.873839	0.002092	13.5
125	-0.628496	386.843173	0.008764	11.5
126	-0.727261	385.819777	0.006848	10.1
127	-0.376753	384.803569	0.006887	9.3
128	-0.924771	383.794468	0.009725	14.4
129	-1.153407	382.792393	0.008627	12.9
130	-0.697901	381.797264	0.005494	11.5
131	-0.967279	380.809005	0.007938	11.9
132	-0.930369	379.827537	0.006849	12.8
133	-0.578400	378.852786	0.006520	13.2
134	-1.281096	377.884678	0.009260	12.9
135	-0.976983	376.923138	0.008377	12.3
136	-1.127867	375.968095	0.007342	11.5
137	-0.838154	375.019479	0.009418	10.9
138	-0.929310	374.077218	0.008922	14.1
139	-0.751239	373.141244	0.011961	10.7
140	-0.872602	372.211489	0.008668	10.8
141	-0.507221	371.287887	0.006761	10.8
142	-0.384879	370.370370	0.004698	13.5
143	-1.243584	369.458876	0.010935	10.5
144	-0.117136	368.553338	0.002961	10.1
145	-0.863256	367.653696	0.008086	10.3
146	-1.126177	366.759885	0.007157	12.6
147	-0.843958	365.871846	0.006213	10.7
148	-1.231107	364.989518	0.010229	11.0
149	-0.749258	364.112841	0.007712	11.1
150	-0.951028	363.241757	0.008321	12.5
151	-1.115570	362.376208	0.008439	9.9
152	-0.931454	361.516137	0.008927	9.9
153	-1.174696	360.661488	0.008483	9.9
154	-0.489005	359.812206	0.005107	10.8
155	-0.776849	358.968236	0.007417	9.8
156	-1.105127	358.129524	0.008501	10.2
157	-0.308447	357.296018	0.004962	10.0
158	-1.127297	356.467665	0.009783	14.5
159	-1.221721	355.644414	0.007396	12.2
160	-0.629099	354.826213	0.007005	12.6
161	-0.418792	354.013012	0.006657	13.2
162	-1.212723	353.204763	0.009459	11.4
163	-0.127278	352.401415	0.002842	11.4
164	-0.208802	351.602922	0.005490	10.4
165	-0.945709	350.809235	0.006835	13.3
166	-1.245062	350.020308	0.008952	9.6
167	-1.099799	349.236095	0.009209	10.9
168	-0.205531	348.456550	0.003728	10.8
169	-0.340493	347.681627	0.004310	11.1
170	-1.083047	346.911283	0.007287	11.4
171	-0.021303	346.145474	0.002246	12.5
172	-1.076333	345.384157	0.007373	14.4
173	-0.313782	344.627288	0.005938	10.7
174	-1.002467	343.874826	0.009041	10.5
175	-0.299252	343.126729	0.004868	14.0
176	-0.570845	342.382957	0.004869	11.6
177	-1.163378	341.643469	0.011974	11.0
178	-1.070186	340.908224	0.008706	11.4
179	-0.838063	340.177184	0.006962	12.9
180	-1.009570	339.450309	0.008195	10.2
181	-0.901940	338.727561	0.009669	10.5
182	-0.549357	338.008902	0.006732	12.7
183	-0.196951	337.294295	0.004969	10.0
184	-1.113278	336.583703	0.008881	9.7
185	-1.083867	335.877089	0.007453	10.2
186	-1.000436	335.174416	0.008265	13.1
187	-0.971397	334.475651	0.009394	9.6
188	-1.127541	333.780756	0.007292	9.9
189	-1.238336	333.089698	0.010079	10.0
190	-0.240877	332.402443	0.006686	13.2
191	-1.171473	331.718955	0.009856	11.8
192	-0.745050	331.039203	0.007682	11.3
193	-1.044711	330.363153	0.007314	12.2
194	-0.862063	329.690771	0.006974	12.8
195	-0.808188	329.022027	0.009089	12.0
196	-0.936373	328.356888	0.009542	10.8
197	-0.733154	327.695322	0.006539	14.1
198	-1.112973	327.037299	0.009017	10.4
199	-0.964826	326.382787	0.009162	11.7
200	-1.099864	325.731758	0.007859	11.2
201	-0.966126	325.084179	0.008827	13.6
202	-1.195399	324.440023	0.009132	11.2
203	-0.699037	323.799258	0.007289	11.7
204	-0.601949	323.161858	0.005524	11.2
205	-1.175276	322.527792	0.008257	15.4
206	-1.147797	321.897034	0.009071	10.6
207	-0.885798	321.269554	0.009060	10.7
208	-1.081219	320.645325	0.007154	14.1
209	-0.777510	320.024320	0.008523	12.1
210	-0.788313	319.406512	0.007429	11.4
211	-1.293275	318.791875	0.009705	12.0
212	-1.010578	318.180381	0.008797	14.0
213	-0.435120	317.572005	0.005957	10.3
214	-0.439789	316.966721	0.005790	11.3
215	-0.858990	316.364504	0.006670	13.5
216	-0.621533	315.765329	0.007004	9.8
217	-1.300543	315.169170	0.011533	10.9
218	-1.212764	314.576003	0.009630	12.1
219	-0.736640	313.985804	0.008018	12.7
220	-1.292608	313.398548	0.010721	11.7
221	-0.763718	312.814213	0.006912	10.4
222	-0.620068	312.232773	0.007133	9.3
223	-0.726780	311.654207	0.006485	13.9
224	-1.181266	311.078491	0.008780	11.2
225	-0.422798	310.505602	0.004955	11.5
226	-0.276846	309.935518	0.005270	9.5
227	-0.004315	309.368217	0.000029	13.2
228	-0.399034	308.803676	0.004389	10.7
229	-0.285328	308.241874	0.004952	10.5
230	-0.962873	307.682789	0.009334	12.0
231	-1.035304	307.126400	0.007977	12.6
232	-0.701328	306.572687	0.008273	10.9
233	-0.975109	306.021627	0.007649	9.8
234	-0.995789	305.473201	0.007930	10.8
235	-1.290583	304.927388	0.010433	13.3
236	-1.209091	304.384168	0.012483	9.7
237	-0.158878	303.843521	0.004701	11.5
238	-1.219024	303.305427	0.009318	10.6
239	-0.905359	302.769867	0.008055	13.5
240	-1.259023	302.236821	0.008434	10.5
241	-0.929872	301.706270	0.007743	10.8
242	-1.186667	301.178196	0.007803	11.5
243	-1.320640	300.652580	0.008929	13.3
244	-0.004471	300.129402	0.000341	11.3
245	-1.124385	299.608645	0.009165	11.5
246	-1.318393	299.090291	0.010635	10.8
247	-0.899120	298.574321	0.009382	13.8
248	-1.140198	298.060718	0.008695	10.3
249	-1.175202	297.549465	0.006879	10.5
250	-0.917240	297.040543	0.007572	12.0
251	-1.162959	296.533936	0.009312	14.3
252	-0.735678	296.029626	0.005918	10.4
253	-1.143275	295.527597	0.007183	10.3
254	-0.940593	295.027832	0.008908	11.5
255	-0.280172	294.530315	0.003830	12.4
256	-1.109622	294.035028	0.008662	15.1
257	-1.029928	293.541956	0.008035	13.9
258	-0.138415	293.051083	0.008645	14.6
259	-1.201452	292.562393	0.009608	10.9
260	-1.282821	292.075870	0.008054	11.4
261	-1.050916	291.591498	0.009989	11.1
262	-1.175858	291.109263	0.008462	12.8
263	-1.091869	290.629149	0.007351	10.6
264	-1.290013	290.151140	0.008855	10.7
265	-0.113939	289.675222	0.003846	10.3
266	-1.059414	289.201380	0.008565	13.5
267	-1.329404	288.729600	0.011224	9.7
268	-0.829566	288.259866	0.008214	9.4
269	-1.285635	287.792165	0.010230	10.4
270	-0.957090	287.326481	0.008349	14.4
271	-0.557410	286.862802	0.008841	9.5
272	-0.796698	286.401113	0.008528	11.5
273	-1.139763	285.941400	0.007149	9.8
274	-0.332567	285.483649	0.004644	12.1
275	-1.088714	285.027847	0.008337	10.1
276	-0.659519	284.573981	0.006395	10.2
277	-0.839007	284.122037	0.008340	10.3
278	-0.684931	283.672002	0.005265	13.4
279	-0.766626	283.223863	0.005995	10.7
280	-1.116404	282.777607	0.008859	10.5
281	-0.472183	282.333221	0.005367	9.9
282	-1.221837	281.890692	0.009986	12.2
283	-1.346588	281.450008	0.009221	9.8
284	-1.142603	281.011157	0.009708	10.2
285	-0.889745	280.574125	0.008097	10.7
286	-1.095362	280.138901	0.008427	12.3
287	-0.831475	279.705473	0.011801	10.4
288	-1.062357	279.273829	0.009161	10.8
289	-0.441981	278.843956	0.005803	9.8
290	-0.481124	278.415844	0.004674	13.9
291	-0.912444	277.989479	0.009181	12.1
292	-1.175289	277.564851	0.007615	16.1
293	-1.185143	277.141949	0.010439	14.9
294	-0.723439	276.720761	0.006143	11.1
295	-0.000001	276.301275	0.000001	10.3
296	-0.580202	275.883480	0.005257	10.1
297	-1.104176	275.467366	0.009936	13.0
298	-0.249829	275.052922	0.005481	10.4
299	-1.158738	274.640136	0.008838	9.9
300	-1.065773	274.228998	0.011871	10.7
301	-0.220299	273.819497	0.007410	12.5
302	-0.265864	273.411623	0.005823	11.4
303	-0.873481	273.005365	0.006213	9.6
304	-1.034804	272.600712	0.010838	10.5
305	-1.107545	272.197655	0.006982	12.4
306	-1.100958	271.796184	0.010522	10.4
307	-1.374294	271.396287	0.012578	10.3
308	-1.227514	270.997956	0.007865	10.0
309	-1.135189	270.601180	0.008891	12.0
310	-0.898106	270.205949	0.008157	10.3
311	-1.062579	269.812254	0.009186	10.1
312	-0.776961	269.420085	0.006893	10.8
313	-1.068144	269.029432	0.009628	12.6
314	-1.161341	268.640287	0.008487	10.2
315	-1.354511	268.252638	0.010121	10.1
316	-1.198423	267.866478	0.008389	10.0
317	-0.282001	267.481796	0.007026	12.6
318	-0.635519	267.098584	0.008533	9.1
319	-0.309458	266.716833	0.004297	11.5
320	-1.147112	266.336533	0.008195	10.7
321	-1.121153	265.957676	0.008671	13.0
322	-1.242605	265.580253	0.009788	10.3
323	-0.873124	265.204254	0.008948	10.4
324	-1.332398	264.829672	0.009330	10.2
325	-0.502810	264.456497	0.005257	12.8
326	-1.208922	264.084721	0.009220	10.3
327	-0.469629	263.714335	0.005593	10.6
328	-1.192081	263.345332	0.008561	10.5
329	-0.949944	262.977702	0.009120	12.7
330	-1.076215	262.611438	0.008828	10.2
331	-1.341164	262.246531	0.010538	10.3
332	-0.427774	261.882973	0.005484	12.1
333	-0.146935	261.520756	0.002724	12.8
334	-0.836832	261.159871	0.006972	11.4
335	-1.365357	260.800312	0.010098	10.5
336	-1.021381	260.442070	0.008720	10.8
337	-1.371543	260.085137	0.010784	13.4
338	-1.238898	259.729505	0.009984	10.7
339	-1.111171	259.375167	0.009178	10.3
340	-0.626461	259.022116	0.008930	10.4
341	-0.351277	258.670343	0.006365	12.7
342	-0.151945	258.319841	0.003413	10.7
343	-0.716689	257.970602	0.007997	10.9
344	-0.936899	257.622620	0.007532	9.4
345	-0.236925	257.275887	0.003497	13.2
346	-1.047376	256.930396	0.007232	10.7
347	-0.444263	256.586139	0.006109	11.4
348	-1.070265	256.243109	0.006420	10.9
349	-0.846991	255.901300	0.008878	11.8
350	-1.247436	255.560703	0.007787	12.0
351	-0.350422	255.221313	0.003810	10.5
352	-1.212014	254.883122	0.010119	10.1
353	-0.671556	254.546124	0.007480	12.5
354	-1.300846	254.210311	0.009864	10.4
355	-0.910391	253.875677	0.007225	10.7
356	-0.844868	253.542215	0.007909	10.3
357	-0.407085	253.209918	0.006089	12.8
358	-0.869748	252.878781	0.008302	11.1
359	-0.712279	252.548795	0.006505	9.7
360	-1.233393	252.219956	0.007548	10.8
361	-0.926950	251.892255	0.007861	13.3
362	-0.399867	251.565688	0.005413	11.3
363	-0.742934	251.240247	0.005871	12.5
364	-0.792730	250.915926	0.007099	15.4
365	-1.088212	250.592720	0.007749	15.6
366	-0.455374	250.270621	0.005700	16.8
367	-0.878130	249.949624	0.007123	17.0
368	-1.119402	249.629723	0.009788	13.3
369	-0.391995	249.310911	0.006416	12.5
370	-0.784447	248.993182	0.009216	15.9
371	-0.908844	248.676531	0.007210	13.9
372	-1.157873	248.360952	0.008149	14.4
373	-0.914929	248.046438	0.008743	16.4
374	-0.860331	247.732984	0.007362	15.8
375	-0.778751	247.420584	0.006852	16.9
376	-0.510562	247.109233	0.006499	18.9
377	-1.107235	246.798924	0.009080	17.9
378	-0.455704	246.489652	0.005566	16.1
379	-1.242421	246.181412	0.010316	20.3
380	-0.456775	245.874197	0.005480	21.3
381	-1.158176	245.568002	0.009962	25.5
382	-0.102878	245.262822	0.006527	16.3
383	-1.010683	244.958652	0.009492	15.8
384	-0.328608	244.655485	0.009282	17.9
385	-1.070558	244.353317	0.007750	15.9
386	-0.732197	244.052142	0.008707	15.6
387	-1.048639	243.751955	0.009326	17.3
388	-0.701046	243.452750	0.007752	14.3
389	-0.564638	243.154523	0.005312	15.2
390	-1.202294	242.857268	0.010274	17.2
391	-0.717284	242.560980	0.007027	15.3
392	-0.481102	242.265654	0.007026	14.2
393	-1.221580	241.971285	0.008333	15.0
394	-1.299125	241.677868	0.008599	15.3
395	-1.280502	241.385397	0.007522	14.5
396	-1.204077	241.093869	0.008613	17.2
397	-0.688341	240.803278	0.008743	15.2
398	-0.808709	240.513619	0.008601	17.0
399	-1.036436	240.224887	0.008551	16.8
400	-1.188138	239.937077	0.007867	16.2
401	-1.341677	239.650186	0.009204	16.3
402	-1.331134	239.364207	0.008663	19.0
403	-0.123811	239.079136	0.012152	15.4
404	-0.443418	238.794969	0.005601	17.4
405	-0.370559	238.511701	0.005725	21.9
406	-0.624266	238.229327	0.006006	16.7
407	-1.209838	237.947843	0.009315	17.2
408	-1.087191	237.667244	0.008047	20.8
409	-0.887887	237.387526	0.007740	17.1
410	-0.004844	237.108684	0.000140	19.1
411	-1.174853	236.830714	0.009779	16.9
412	-0.450871	236.553610	0.004732	15.8
413	-1.445369	236.277370	0.010376	19.6
414	-0.149425	236.001989	0.006467	15.5
415	-0.953596	235.727461	0.008283	16.6
416	-1.025036	235.453784	0.010402	18.2
417	-1.286816	235.180952	0.009115	15.9
418	-1.314319	234.908962	0.009046	15.4
419	-1.201981	234.637809	0.008324	20.7
420	-0.338240	234.367488	0.007286	14.5
421	-1.043341	234.097997	0.008894	18.6
422	-0.743353	233.829331	0.005258	18.2
423	-0.418884	233.561485	0.006233	16.5
424	-1.169611	233.294456	0.009357	17.9
425	-1.008853	233.028239	0.009411	17.6
426	-0.960280	232.762831	0.007176	18.0
427	-0.998728	232.498228	0.011964	17.2
428	-0.046911	232.234425	0.000839	15.9
429	-0.748666	231.971419	0.007685	16.0
430	-0.817447	231.709205	0.007156	16.0
431	-0.740226	231.447781	0.007430	14.1
432	-0.310714	231.187141	0.005738	14.9
433	-0.000000	230.927283	0.000000	14.7
434	-1.006431	230.668202	0.008358	13.7
435	-1.170365	230.409895	0.009952	15.3
436	-1.208609	230.152358	0.008572	21.3
437	-1.018175	229.895587	0.007504	91.2
438	-0.669274	229.639578	0.007741	16.5
439	-0.833118	229.384329	0.006806	10.0
440	-0.988933	229.129834	0.006979	11.4
441	-0.136406	228.876091	0.002929	11.5
442	-1.212943	228.623096	0.008648	16.0
443	-1.020395	228.370846	0.008094	26.3
444	-1.086961	228.119336	0.010305	17.2
445	-0.776089	227.868563	0.009263	17.2
446	-1.105714	227.618525	0.008528	17.9
447	-1.075198	227.369216	0.008112	15.5
448	-0.936403	227.120635	0.008729	14.6
449	-0.109073	226.872777	0.003772	9.8
450	-0.640387	226.625638	0.007461	12.8
451	-0.455648	226.379217	0.006935	16.1
452	-1.054480	226.133509	0.009296	15.2
453	-0.507459	225.888510	0.007595	16.8
454	-1.254698	225.644218	0.007617	18.2
455	-0.930824	225.400630	0.007607	13.8
456	-0.972063	225.157741	0.009000	14.4
457	-1.055609	224.915549	0.010777	29.9
458	-0.180532	224.674051	0.004471	20.1
459	-1.078008	224.433242	0.008293	21.4
460	-0.777837	224.193121	0.006863	16.0
461	-1.235227	223.953684	0.008243	12.2
462	-0.922489	223.714927	0.007567	13.7
463	-0.576268	223.476848	0.007073	12.3
464	-1.189826	223.239444	0.010355	38.0
465	-1.273832	223.002710	0.008707	48.4
466	-1.028517	222.766645	0.009270	94.0
467	-1.277617	222.531245	0.010728	18.4
468	-1.265956	222.296508	0.010953	36.3
469	-1.205554	222.062429	0.008643	11.9
470	-1.347800	221.829007	0.010480	10.4
471	-0.671696	221.596238	0.007662	13.5
472	-1.333951	221.364119	0.011328	17.7
473	-1.032032	221.132647	0.009825	21.3
474	-1.160783	220.901820	0.010181	12.9
475	-0.376904	220.671634	0.009079	10.7
476	-0.971870	220.442086	0.007860	12.3
477	-1.045211	220.213174	0.007621	14.3
478	-0.859602	219.984895	0.009207	13.1
479	-1.028817	219.757246	0.009650	10.9
480	-0.951854	219.530224	0.008285	13.0
481	-0.544532	219.303826	0.006143	14.6
482	-1.066887	219.078050	0.008565	10.6
483	-0.009081	218.852893	0.000773	12.0
484	-1.192060	218.628352	0.007931	17.2
485	-0.441683	218.404424	0.005649	47.4
486	-0.690554	218.181106	0.006807	17.1
487	-0.564174	217.958397	0.011808	23.1
488	-1.047462	217.736292	0.008686	20.9
489	-1.329504	217.514790	0.009291	18.8
490	-1.263604	217.293888	0.007717	15.1
491	-1.144046	217.073584	0.007676	19.8
492	-0.525449	216.853873	0.005689	27.8
493	-0.577355	216.634755	0.008007	21.1
494	-0.921228	216.416227	0.008171	20.9
495	-0.531081	216.198285	0.006262	26.0
496	-1.203529	215.980927	0.007844	11.6
497	-1.246571	215.764151	0.010110	10.4
498	-0.696908	215.547955	0.006849	10.7
499	-1.256366	215.332335	0.010852	17.1
500	-0.943337	215.117289	0.008193	14.5
501	-1.258363	214.902815	0.009588	13.9
502	-0.462631	214.688911	0.005282	17.9
503	-1.225904	214.475573	0.010848	14.5
504	-0.923221	214.262800	0.007141	14.6
505	-0.674724	214.050588	0.006637	15.7
506	-0.750895	213.838936	0.007260	9.9
507	-1.190899	213.627842	0.009350	11.0
508	-1.041094	213.417302	0.007789	10.3
509	-1.128299	213.207314	0.009596	13.1
510	-1.223186	212.997877	0.008679	9.6
511	-0.832588	212.788987	0.007821	9.8
512	-0.860022	212.580642	0.008509	10.8
513	-0.355196	212.372841	0.007128	13.2
514	-1.190388	212.165581	0.009071	11.1
515	-1.099872	211.958859	0.009447	15.3
516	-0.988778	211.752673	0.008056	15.3
517	-1.284461	211.547021	0.009245	15.9
518	-0.257672	211.341902	0.005387	15.0
519	-0.291254	211.137311	0.005211	18.7
520	-0.767345	210.933248	0.005654	16.9
521	-1.191666	210.729710	0.009390	11.7
522	-0.490112	210.526695	0.005163	14.2
523	-0.901754	210.324200	0.007402	10.4
524	-1.254210	210.122224	0.010485	12.2
525	-1.080439	209.920765	0.010872	10.9
526	-1.174015	209.719820	0.009805	13.6
527	-1.072702	209.519387	0.007774	11.0
528	-0.846232	209.319463	0.009359	13.4
529	-1.339430	209.120048	0.010490	14.2
530	-0.827294	208.921139	0.007637	13.7
531	-0.960667	208.722733	0.008111	12.4
532	-1.227720	208.524829	0.008259	13.9
533	-0.937957	208.327425	0.006903	13.3
534	-0.783639	208.130518	0.009250	13.0
535	-1.236328	207.934107	0.009622	13.5
536	-0.543848	207.738189	0.005026	11.4
537	-0.019886	207.542762	0.000789	10.6
538	-1.228015	207.347825	0.011075	10.4
539	-0.975846	207.153376	0.008796	12.6
540	-0.908862	206.959412	0.009430	10.0
541	-1.302124	206.765932	0.009236	11.3
542	-1.037743	206.572933	0.008699	11.5
543	-1.068035	206.380414	0.008381	13.5
544	-0.072066	206.188373	0.004102	10.9
545	-1.281176	205.996807	0.008749	11.7
546	-0.960407	205.805716	0.009322	11.5
547	-0.800811	205.615096	0.008078	12.9
548	-0.218189	205.424946	0.005980	10.4
549	-1.044088	205.235265	0.009151	10.9
550	-1.095778	205.046050	0.009443	14.2
551	-1.171203	204.857299	0.007367	11.6
552	-1.220564	204.669011	0.011652	10.6
553	-0.592192	204.481184	0.006796	11.5
554	-1.207119	204.293816	0.008305	14.4
555	-1.125557	204.106905	0.009239	12.0
556	-1.309395	203.920449	0.011099	11.1
557	-1.272657	203.734447	0.010633	13.6
558	-0.601394	203.548896	0.006075	12.1
559	-1.131732	203.363795	0.008869	12.2
560	-1.063444	203.179143	0.007932	11.6
561	-0.912932	202.994937	0.007231	13.8
562	-1.030908	202.811176	0.008389	11.2
563	-0.845907	202.627857	0.008060	11.4
564	-0.738547	202.444980	0.006147	14.5
565	-1.370290	202.262543	0.009608	11.7
566	-0.674949	202.080543	0.006720	9.8
567	-1.203455	201.898979	0.009501	12.2
568	-1.264437	201.717849	0.007538	14.4
569	-1.032534	201.537153	0.008135	9.9
570	-0.943009	201.356887	0.008475	10.4
571	-0.753156	201.177050	0.007416	9.6
572	-0.010482	200.997642	0.004116	12.2
573	-1.246270	200.818659	0.008327	10.3
574	-0.816118	200.640100	0.007742	10.9
575	-0.929829	200.461965	0.007228	9.9
576	-0.451989	200.284250	0.007127	13.1
577	-0.896444	200.106955	0.007937	10.6
578	-1.422962	199.930078	0.009313	10.0
579	-0.707177	199.753617	0.007446	10.9
580	-0.624968	199.577571	0.007293	13.6
581	-0.743184	199.401938	0.008713	10.7
582	-1.021196	199.226717	0.007684	10.2
583	-1.217045	199.051905	0.009086	11.8
584	-0.888196	198.877502	0.007777	13.2
585	-0.352993	198.703506	0.007079	10.1
586	-1.220594	198.529916	0.007990	10.7
587	-1.170324	198.356729	0.010093	9.6
588	-0.967224	198.183944	0.008720	13.1
589	-1.131269	198.011560	0.009375	10.6
590	-0.640231	197.839576	0.008367	10.8
591	-0.447692	197.667989	0.006329	9.7
592	-0.247804	197.496798	0.004556	13.2
593	-0.988825	197.326002	0.007225	10.4
594	-0.180414	197.155600	0.002571	9.9
595	-1.100094	196.985589	0.009039	11.0
596	-0.847520	196.815969	0.006440	13.1
597	-1.145874	196.646738	0.010362	10.5
598	-1.298083	196.477894	0.012665	11.1
599	-0.886922	196.309436	0.008781	10.7
600	-0.837279	196.141363	0.007029	11.9
601	-1.017900	195.973673	0.008811	10.6
602	-0.875071	195.806365	0.008751	9.2
603	-0.437756	195.639437	0.003774	9.8
604	-1.008328	195.472888	0.009753	12.9
605	-1.060739	195.306717	0.007658	16.1
606	-0.518860	195.140922	0.009239	18.4
607	-0.316094	194.975501	0.007882	14.6
608	-0.525716	194.810454	0.005833	9.8
609	-1.197822	194.645779	0.010233	11.2
610	-0.803324	194.481475	0.007364	12.1
611	-0.866453	194.317540	0.009780	10.1
612	-1.201532	194.153973	0.009937	10.7
613	-0.572439	193.990773	0.009541	11.2
614	-0.569260	193.827938	0.006220	13.8
615	-0.929980	193.665467	0.007741	11.2
616	-0.469237	193.503358	0.008069	10.0
617	-1.319432	193.341611	0.008668	10.6
618	-0.258920	193.180224	0.005689	12.3
619	-0.521710	193.019196	0.006945	10.8
620	-1.303388	192.858525	0.009920	10.3
621	-1.219430	192.698210	0.009814	10.0
622	-1.258496	192.538251	0.008749	13.3
623	-0.444129	192.378644	0.007379	10.7
624	-0.913724	192.219391	0.008748	9.8
625	-1.366882	192.060488	0.009744	10.5
626	-1.153780	191.901935	0.008640	14.1
627	-1.142105	191.743730	0.008090	10.0
628	-0.558536	191.585873	0.007788	10.7
629	-1.204084	191.428362	0.008206	10.4
630	-0.877220	191.271196	0.007959	11.6
631	-0.533628	191.114374	0.004591	9.7
632	-0.818183	190.957893	0.007014	10.2
633	-1.291349	190.801755	0.009957	10.2
634	-0.535246	190.645956	0.006188	13.1
635	-1.151167	190.490495	0.006995	11.2
636	-0.482322	190.335373	0.005980	10.8
637	-1.229644	190.180587	0.008050	10.5
638	-1.070773	190.026136	0.010344	11.4
639	-0.652059	189.872019	0.009038	9.3
640	-0.315536	189.718235	0.008297	10.4
641	-1.171799	189.564782	0.010139	10.4
642	-1.098192	189.411661	0.008675	13.5
643	-1.054989	189.258868	0.009705	10.7
644	-1.137536	189.106404	0.010273	9.9
645	-1.188886	188.954267	0.008790	9.6
646	-0.795750	188.802456	0.007811	12.2
647	-1.123836	188.650969	0.007167	13.2
648	-1.383544	188.499807	0.009709	17.3
649	-0.506248	188.348967	0.006561	17.7
650	-1.176150	188.198448	0.010017	15.2
651	-0.416548	188.048250	0.006895	14.7
652	-0.261643	187.898371	0.004643	14.4
653	-1.100944	187.748810	0.008735	11.5
654	-1.071320	187.599566	0.010164	13.0
655	-1.070823	187.450638	0.009080	15.3
656	-0.519775	187.302025	0.006661	10.4
657	-0.564960	187.153725	0.007291	11.9
658	-1.248573	187.005739	0.009514	12.0
659	-1.014860	186.858064	0.011571	14.9
660	-0.866897	186.710699	0.007101	10.0
661	-0.687586	186.563645	0.008181	10.2
662	-0.007787	186.416898	0.000088	13.0
663	-0.005220	186.270459	0.001653	10.1
664	-1.118254	186.124326	0.009373	9.6
665	-1.094958	185.978499	0.009773	10.6
666	-0.574091	185.832976	0.006118	12.5
667	-1.191868	185.687756	0.008902	10.5
668	-1.109869	185.542838	0.009154	10.0
669	-1.168530	185.398222	0.009564	10.2
670	-1.093789	185.253906	0.006832	13.1
671	-1.205508	185.109889	0.008788	10.6
672	-1.215774	184.966170	0.007939	9.9
673	-0.497853	184.822748	0.006325	9.6
674	-1.103514	184.679623	0.008423	14.2
675	-1.021669	184.536792	0.007930	11.3
676	-0.988700	184.394256	0.009297	11.2
677	-1.017960	184.252013	0.010840	10.6
678	-0.173670	184.110062	0.005308	13.4
679	-1.133905	183.968403	0.009217	12.4
680	-1.249302	183.827034	0.009112	11.5
681	-1.088597	183.685954	0.008063	10.7
682	-1.119272	183.545163	0.009461	13.5
683	-0.675528	183.404658	0.006062	11.1
684	-0.572888	183.264441	0.007139	11.9
685	-1.042184	183.124509	0.008930	13.3
686	-1.044959	182.984861	0.010494	11.7
687	-0.901643	182.845497	0.008904	10.6
688	-0.528320	182.706416	0.005552	12.6
689	-0.516859	182.567616	0.007103	12.8
690	-0.744464	182.429098	0.007707	12.1
691	-0.588888	182.290859	0.008144	10.8
692	-1.006924	182.152899	0.007592	13.7
693	-0.919924	182.015217	0.006947	10.5
694	-1.167002	181.877813	0.009254	10.9
695	-0.030171	181.740684	0.002623	11.9
696	-0.943306	181.603832	0.008984	12.9
697	-0.439064	181.467253	0.006775	10.5
698	-0.764467	181.330948	0.006840	10.8
699	-1.161741	181.194916	0.009389	10.9
700	-0.861886	181.059155	0.005809	13.1
701	-0.298925	180.923666	0.004100	10.6
702	-1.113464	180.788446	0.006860	11.2
703	-1.023683	180.653496	0.010314	11.4
704	-1.414915	180.518814	0.010126	13.0
705	-0.732799	180.384399	0.006278	11.1
706	-0.370830	180.250251	0.007208	10.2
707	-0.997105	180.116369	0.008200	10.1
708	-0.395865	179.982752	0.004933	13.8
709	-1.111166	179.849398	0.009264	11.0
710	-1.191522	179.716308	0.009560	12.2
711	-0.885078	179.583480	0.008326	11.0
712	-1.309005	179.450913	0.009646	13.3
713	-0.748731	179.318607	0.007139	13.9
714	-1.123059	179.186561	0.009175	10.8
715	-1.273337	179.054774	0.010298	15.2
716	-0.673439	178.923245	0.006501	11.1
717	-1.241801	178.791973	0.007791	10.3
718	-1.178947	178.660958	0.009089	13.7
719	-0.870180	178.530199	0.009756	11.2
720	-1.112424	178.399694	0.011407	11.7
721	-1.163600	178.269444	0.007915	11.7
722	-1.229049	178.139447	0.008685	14.2
723	-0.620961	178.009702	0.007518	10.9
724	-1.071369	177.880209	0.008950	11.3
725	-0.856316	177.750967	0.007405	12.8
726	-0.969460	177.621975	0.008409	12.2
727	-1.135132	177.493232	0.009162	10.7
728	-1.275807	177.364738	0.009638	11.5
729	-1.339780	177.236492	0.010918	12.3
730	-0.886371	177.108492	0.007749	12.5
731	-1.015351	176.980739	0.008527	11.1
732	-1.276411	176.853231	0.009874	13.3
733	-1.041960	176.725968	0.009731	10.3
734	-0.985883	176.598949	0.008470	13.5
735	-0.873791	176.472173	0.007243	11.3
736	-0.658218	176.345639	0.008685	13.2
737	-0.709737	176.219348	0.010914	10.7
738	-1.210320	176.093296	0.008712	10.3
739	-0.975794	175.967486	0.009235	13.4
740	-1.289220	175.841914	0.009366	11.0
741	-1.193389	175.716581	0.006544	17.8
742	-0.492391	175.591486	0.005894	18.7
743	-0.963108	175.466629	0.009335	17.5
744	-1.279831	175.342008	0.011505	15.4
745	-1.092972	175.217622	0.008961	14.7
746	-0.923560	175.093472	0.007576	14.2
747	-1.151321	174.969556	0.007307	13.0
748	-1.417658	174.845873	0.009755	14.2
749	-1.175691	174.722423	0.010520	9.7
750	-1.275863	174.599206	0.008162	10.2
751	-1.255003	174.476220	0.008742	11.9
752	-0.648758	174.353464	0.006581	14.6
753	-1.222663	174.230939	0.009028	9.8
754	-1.187322	174.108643	0.010976	12.1
755	-1.251634	173.986576	0.010253	11.7
756	-1.254824	173.864737	0.008930	14.5
757	-0.460523	173.743124	0.006710	10.3
758	-1.043894	173.621739	0.008944	10.9
759	-0.628036	173.500579	0.008114	13.8
760	-0.848410	173.379645	0.006507	11.0
761	-0.450388	173.258935	0.006159	10.2
762	-0.783054	173.138449	0.008141	11.8
763	-0.722374	173.018186	0.006964	13.9
764	-0.974543	172.898146	0.009632	15.1
765	-0.489981	172.778327	0.004742	24.2
766	-1.307764	172.658730	0.008522	16.3
767	-0.370280	172.539353	0.007811	16.2
768	-0.734249	172.420196	0.005855	19.7
769	-0.037837	172.301258	0.002644	22.6
770	-1.122909	172.182539	0.009156	11.3
771	-0.791872	172.064037	0.006592	14.5
772	-1.179015	171.945753	0.010422	10.9
773	-0.246994	171.827686	0.004407	11.1
774	-1.054882	171.709834	0.010642	14.3
775	-0.096519	171.592198	0.002611	10.0
776	-1.254543	171.474776	0.010050	10.7
777	-1.032981	171.357568	0.009360	11.8
778	-0.916598	171.240574	0.008238	12.1
779	-0.807653	171.123793	0.005040	10.4
780	-1.214477	171.007223	0.012040	10.3
781	-1.197897	170.890865	0.012044	10.8
782	-0.452830	170.774718	0.005380	13.2
783	-1.254931	170.658782	0.008606	10.1
784	-1.037335	170.543055	0.009726	10.2
785	-1.327102	170.427537	0.009279	9.8
786	-0.349771	170.312227	0.004578	13.2
787	-1.009242	170.197125	0.008650	10.0
788	-0.828894	170.082231	0.007231	9.9
789	-1.196773	169.967543	0.009659	10.0
790	-1.323273	169.853061	0.010050	12.8
791	-1.245043	169.738784	0.010269	11.2
792	-1.268247	169.624713	0.009548	10.3
793	-0.929257	169.510845	0.008197	11.0
794	-1.167802	169.397181	0.008359	14.0
795	-0.501658	169.283720	0.004661	11.2
796	-0.937051	169.170462	0.008543	11.4
797	-0.959575	169.057405	0.009234	11.6
798	-1.088856	168.944549	0.008914	13.8
799	-0.093489	168.831895	0.005934	9.8
800	-1.261420	168.719440	0.008766	11.0
801	-0.831459	168.607185	0.008495	14.4
802	-0.592105	168.495129	0.006948	13.9
803	-0.957948	168.383271	0.007771	11.2
804	-0.124513	168.271611	0.002788	11.8
805	-1.211695	168.160148	0.009542	12.0
806	-1.259644	168.048882	0.009538	15.2
807	-1.023596	167.937812	0.010074	11.9
808	-1.196205	167.826938	0.011022	11.4
809	-1.221403	167.716258	0.008410	11.6
810	-0.586714	167.605773	0.004942	11.9
811	-1.419253	167.495482	0.009642	15.8
812	-0.973072	167.385384	0.008336	16.7
813	-0.772845	167.275479	0.009119	10.6
814	-1.264739	167.165766	0.011089	11.1
815	-1.280580	167.056245	0.008500	10.7
816	-0.207053	166.946915	0.003171	10.2
817	-0.340885	166.837776	0.006030	10.9
818	-0.991146	166.728826	0.008391	12.6
819	-0.662638	166.620067	0.006657	10.2
820	-1.255376	166.511496	0.009494	10.6
821	-0.541328	166.403113	0.006608	9.3
822	-0.779980	166.294919	0.008635	11.1
823	-0.620197	166.186912	0.007691	10.7
824	-0.913599	166.079091	0.008173	12.6
825	-0.929205	165.971458	0.008871	11.2
826	-0.891798	165.864009	0.008473	13.5
827	-0.919791	165.756747	0.008178	10.8
828	-1.373108	165.649669	0.009766	11.5
829	-0.342792	165.542775	0.006694	12.6
830	-0.116687	165.436065	0.005204	12.0
831	-1.017118	165.329538	0.009084	10.7
832	-1.254222	165.223194	0.008217	11.6
833	-0.469197	165.117032	0.007227	12.8
834	-1.122700	165.011052	0.010553	12.7
835	-0.988359	164.905253	0.007395	10.7
836	-0.102788	164.799635	0.002703	13.1
837	-0.879790	164.694197	0.007194	10.8
838	-0.973584	164.588939	0.007279	10.7
839	-1.309645	164.483859	0.009305	10.4
840	-0.508089	164.378959	0.006972	13.9
841	-1.108068	164.274237	0.008330	10.1
842	-1.242772	164.169692	0.009042	10.9
843	-1.263443	164.065325	0.009927	10.4
844	-1.190073	163.961135	0.009693	12.3
845	-1.173404	163.857120	0.010550	10.8
846	-1.279048	163.753282	0.008012	10.3
847	-1.265063	163.649619	0.008048	10.1
848	-0.520118	163.546130	0.004683	12.6
849	-1.136696	163.442816	0.007350	12.4
850	-1.208804	163.339676	0.008325	12.7
851	-1.141677	163.236709	0.009640	11.0
852	-0.797399	163.133915	0.009526	14.5
853	-0.396896	163.031294	0.009738	12.2
854	-1.276282	162.928844	0.010544	13.4
855	-1.214638	162.826566	0.009232	14.2
856	-0.054279	162.724459	0.004369	11.7
857	0.000000	162.622523	0.000000	11.4
858	-1.279633	162.520757	0.009626	13.4
859	-0.762748	162.419160	0.008345	10.9
860	-1.125933	162.317733	0.009526	11.9
861	-1.419022	162.216474	0.009707	10.3
862	-1.217681	162.115383	0.008738	13.7
863	-1.031417	162.014461	0.008211	11.5
864	-0.375153	161.913705	0.004815	10.6
865	-1.284044	161.813117	0.011348	10.7
866	-0.987683	161.712695	0.007786	11.7
867	-1.169399	161.612439	0.007426	10.2
868	-1.397789	161.512349	0.011147	12.2
869	-1.169298	161.412424	0.007988	12.7
870	-0.840352	161.312663	0.007187	12.7
871	-0.685405	161.213067	0.007870	10.7
872	-0.958982	161.113635	0.007885	9.7
873	-1.148798	161.014366	0.009898	13.1
874	-1.257099	160.915260	0.008494	10.7
875	-0.000000	160.816316	0.000000	10.4
876	-1.000032	160.717535	0.007300	11.2
877	-1.238246	160.618915	0.009663	11.9
878	-0.556732	160.520456	0.008409	10.9
879	-1.041917	160.422158	0.008998	10.7
880	-1.188320	160.324021	0.009409	10.3
881	-1.121675	160.226043	0.007197	13.1
882	-0.768868	160.128225	0.007587	11.5
883	-0.243051	160.030566	0.004104	12.0
884	-0.905465	159.933066	0.006631	12.2
885	-0.886201	159.835723	0.008943	14.6
886	-0.237510	159.738539	0.004574	15.0
887	-1.199794	159.641512	0.008365	16.2
888	-1.254901	159.544642	0.008137	15.2
889	-1.271285	159.447929	0.008611	14.6
890	-1.087455	159.351372	0.008364	15.8
891	-0.611015	159.254971	0.006604	12.8
892	-0.283272	159.158725	0.006043	13.1
893	-0.568052	159.062634	0.005708	15.9
894	-1.292391	158.966697	0.007875	15.7
895	-0.628566	158.870915	0.007954	14.6
896	-0.653398	158.775286	0.007452	16.2
897	-1.232866	158.679811	0.009503	12.5
898	-0.257887	158.584489	0.005181	10.9
899	-1.161782	158.489319	0.009689	11.3
900	-1.249147	158.394302	0.009565	13.3
901	-0.938414	158.299436	0.008845	11.2
902	-0.953426	158.204721	0.008228	9.9
903	-1.214319	158.110158	0.008137	13.4
904	-1.179544	158.015745	0.007941	10.6
905	-1.127370	157.921482	0.009316	10.2
906	-0.488241	157.827369	0.006897	10.6
907	-1.259471	157.733406	0.010101	11.8
908	-0.406827	157.639591	0.004949	10.6
909	-1.044187	157.545925	0.010055	10.1
910	-0.982320	157.452408	0.008056	10.1
911	-1.077675	157.359038	0.007713	13.6
912	-0.634791	157.265816	0.007773	11.2
913	-1.415818	157.172741	0.008400	12.7
914	-0.973039	157.079813	0.008088	17.7
915	-0.722354	156.987031	0.007689	14.7
916	-1.094751	156.894395	0.009480	13.9
917	-0.942776	156.801904	0.008522	19.1
918	-0.748331	156.709559	0.006842	16.9
919	-0.204722	156.617359	0.005583	14.3
920	-0.196909	156.525304	0.004684	16.7
921	-1.493375	156.433392	0.010493	15.1
922	-1.270791	156.341624	0.009592	10.6
923	-0.639964	156.250000	0.006911	21.3
924	-1.092265	156.158519	0.009314	11.2
925	-0.835724	156.067180	0.010070	15.6
926	-1.199316	155.975984	0.009742	16.0
927	-0.461540	155.884930	0.006363	12.0
928	-1.288715	155.794017	0.012254	12.3
929	-0.637760	155.703246	0.006421	14.5
930	-1.383854	155.612615	0.008853	11.9
931	-1.054291	155.522125	0.008495	11.1
932	-0.972240	155.431775	0.007018	10.9
933	-1.038028	155.341565	0.008746	12.5
934	-1.287369	155.251495	0.011721	10.3
935	-1.199339	155.161563	0.009991	10.4
936	-1.059298	155.071771	0.009125	11.4
937	-1.180262	154.982117	0.010881	14.8
938	-1.279746	154.892601	0.009771	12.0
939	-1.306991	154.803222	0.009050	12.7
940	-0.996743	154.713981	0.009225	9.8
941	-1.048087	154.624878	0.007800	13.1
942	-1.280806	154.535910	0.009202	10.1
943	-1.213047	154.447080	0.008705	10.0
944	-0.738799	154.358385	0.008162	14.3
945	-1.170076	154.269826	0.009239	15.0
946	-1.005568	154.181402	0.009803	12.0
947	-0.671256	154.093114	0.006574	12.8
948	-0.111138	154.004960	0.002788	11.6
949	-0.992291	153.916940	0.008144	14.2
950	-0.012031	153.829054	0.000119	12.1
951	0.000000	153.741303	0.000000	11.8
952	-0.839068	153.653684	0.007263	13.4
953	-1.290890	153.566198	0.010562	14.2
954	-0.217069	153.478846	0.005364	14.6
955	-1.155322	153.391625	0.009149	10.3
956	-0.854275	153.304537	0.007406	13.3
957	-1.217168	153.217580	0.010258	13.1
958	-0.178195	153.130755	0.004999	9.9
959	-1.326958	153.044061	0.009149	10.0
960	-0.302864	152.957498	0.007088	12.4
961	-1.389435	152.871065	0.009414	10.1
962	-0.258134	152.784762	0.004078	10.2
963	-1.286521	152.698589	0.009443	10.6
964	-1.241554	152.612545	0.008762	12.7
965	-1.179197	152.526631	0.011208	10.4
966	-1.322231	152.440845	0.009770	10.6
967	-0.638293	152.355188	0.007315	9.7
968	-1.136431	152.269660	0.010983	12.4
969	-1.162739	152.184259	0.009506	10.2
970	-1.100396	152.098986	0.008416	9.9
971	-0.471981	152.013840	0.004931	10.1
972	-0.810531	151.928821	0.007338	12.8
973	-0.569205	151.843928	0.005826	10.2
974	-1.082754	151.759163	0.008263	11.0
975	-0.878109	151.674523	0.007516	10.2
976	-1.052081	151.590009	0.008721	12.5
977	-1.151975	151.505620	0.008548	10.3
978	-1.165804	151.421357	0.008895	12.4
979	-1.280685	151.337218	0.008230	11.2
980	-1.180693	151.253204	0.008946	15.3
981	-0.416153	151.169314	0.004577	11.7
982	-0.540718	151.085549	0.008661	11.5
983	-0.923134	151.001907	0.008425	14.4
984	-1.344367	150.918388	0.009743	10.8
985	-1.062868	150.834992	0.009562	11.8
986	-0.558116	150.751719	0.006531	11.2
987	-1.120222	150.668569	0.008372	15.5
988	-0.796374	150.585541	0.008860	12.1
989	-1.225401	150.502634	0.009848	13.0
990	-1.100261	150.419849	0.009542	14.7
991	-1.039116	150.337186	0.007042	12.6
992	-0.901583	150.254644	0.006361	12.8
993	-1.297148	150.172222	0.010838	17.3
994	-1.080674	150.089921	0.008711	12.0
995	-0.981822	150.007740	0.010907	12.1
996	-1.287872	149.925679	0.010534	14.1
997	-1.272922	149.843737	0.008909	12.0
998	-0.948618	149.761915	0.008986	10.3
999	-1.105714	149.680212	0.008596	11.8
1000	-1.160488	149.598627	0.009876	13.1
1001	-1.083657	149.517161	0.008106	10.8
1002	-0.232491	149.435814	0.005140	10.9
1003	-1.038171	149.354584	0.008823	11.3
1004	-0.728061	149.273472	0.005297	10.6
1005	-1.214149	149.192477	0.009212	9.8
1006	-1.243166	149.111599	0.008537	12.4
1007	-1.477162	149.030838	0.009560	10.8
1008	-1.220896	148.950194	0.008387	9.9
1009	-1.289521	148.869666	0.007810	9.4
1010	-1.322050	148.789253	0.008030	13.1
1011	-1.364748	148.708957	0.010239	9.9
1012	-1.210640	148.628776	0.008838	9.8
1013	-1.190343	148.548710	0.008078	10.4
1014	-0.791615	148.468759	0.006922	15.1
1015	-1.228650	148.388923	0.009797	10.4
1016	-0.057414	148.309201	0.002002	10.8
1017	-1.015977	148.229594	0.010544	10.6
1018	-1.230985	148.150100	0.008131	12.1
1019	-0.405790	148.070719	0.005574	9.6
1020	-1.314152	147.991452	0.009132	11.0
1021	-0.683403	147.912298	0.005779	10.2
1022	-0.738365	147.833257	0.008455	11.8
1023	-1.413867	147.754329	0.010350	10.1
1024	-0.308129	147.675512	0.004348	9.6
1025	-0.625683	147.596808	0.006733	10.0
1026	-1.032763	147.518216	0.010900	11.5
1027	-1.109486	147.439735	0.009950	10.3
1028	-1.169443	147.361365	0.007758	10.0
1029	-1.254615	147.283106	0.008975	10.4
1030	-1.295952	147.204958	0.008984	12.4
1031	-0.185567	147.126920	0.007070	9.4
1032	-0.536849	147.048993	0.007109	10.0
1033	-0.765372	146.971175	0.008146	10.0
1034	-1.212474	146.893468	0.007074	12.9
1035	-0.787070	146.815869	0.006761	15.1
1036	-0.723174	146.738380	0.009276	15.4
1037	-1.091043	146.661000	0.009286	17.7
1038	-1.060481	146.583729	0.010415	12.1
1039	-1.263209	146.506566	0.010840	9.9
1040	-0.378943	146.429511	0.008337	10.0
1041	-1.095354	146.352565	0.009581	12.0
1042	-1.153871	146.275726	0.009867	10.1
1043	-1.004505	146.198994	0.009593	10.5
1044	-1.003800	146.122370	0.008506	13.5
1045	-0.257448	146.045853	0.004469	15.4
1046	-1.253214	145.969442	0.008733	9.9
1047	-0.760119	145.893139	0.007815	9.6
1048	-0.626731	145.816941	0.007536	12.3
1049	-1.357314	145.740849	0.012443	10.2
1050	-0.775355	145.664863	0.006512	10.6
1051	-0.517442	145.588983	0.004809	9.4
1052	-0.673777	145.513208	0.006748	12.8
1053	-1.234640	145.437538	0.009886	10.4
1054	-0.409133	145.361973	0.006602	10.1
1055	-0.239416	145.286513	0.006530	10.1
1056	-0.851796	145.211157	0.008354	12.7
1057	-1.247117	145.135905	0.010703	9.8
1058	-0.950117	145.060757	0.009018	10.5
1059	-0.948524	144.985712	0.007445	9.8
1060	-1.165604	144.910771	0.009327	12.5
1061	-0.999671	144.835934	0.008195	10.9
1062	-0.682755	144.761199	0.008298	10.2
1063	-1.365441	144.686567	0.011297	10.0
1064	-1.203292	144.612037	0.009143	12.0
1065	-1.326249	144.537610	0.010338	10.1
1066	-1.143912	144.463285	0.009349	10.1
1067	-1.338214	144.389062	0.007982	9.8
1068	-1.002148	144.314940	0.009088	12.2
1069	-1.118415	144.240920	0.008858	10.3
1070	-1.309864	144.167001	0.009503	9.9
1071	-1.185474	144.093182	0.009608	10.8
1072	-0.616347	144.019465	0.009234	12.2
1073	-1.245382	143.945848	0.009468	10.0
1074	-0.457108	143.872331	0.007096	9.2
1075	-0.703719	143.798914	0.006430	10.7
1076	-1.154835	143.725597	0.009135	12.3
1077	-1.299528	143.652380	0.010124	10.2
1078	-0.045006	143.579262	0.002282	10.0
1079	-1.000758	143.506243	0.009902	10.7
1080	-1.342582	143.433323	0.010669	13.3
1081	-0.821680	143.360502	0.006144	10.8
1082	-1.230198	143.287780	0.009240	9.7
1083	-0.706666	143.215155	0.008964	10.6
1084	-1.321966	143.142629	0.010341	13.1
1085	-1.373417	143.070201	0.011094	12.3
1086	-0.815539	142.997870	0.008951	12.5
1087	-0.359665	142.925637	0.005789	11.7
1088	-1.209146	142.853501	0.009394	11.9
1089	-0.844846	142.781462	0.008106	11.6
1090	-0.534379	142.709519	0.007958	11.2
1091	-0.671872	142.637674	0.009489	13.6
1092	-0.700833	142.565924	0.006667	11.1
1093	-1.217777	142.494271	0.008858	11.5
1094	-0.263796	142.422714	0.005382	10.3
1095	-1.275466	142.351252	0.010851	13.6
1096	-0.435215	142.279886	0.007206	10.1
1097	-0.989353	142.208616	0.008093	11.9
1098	-0.856019	142.137440	0.005886	10.6
1099	-1.102630	142.066360	0.008356	13.0
1100	-0.964489	141.995374	0.007402	11.6
1101	-0.764766	141.924483	0.009473	10.1
1102	-1.358547	141.853685	0.008695	11.5
1103	-1.309913	141.782983	0.008042	12.9
1104	-1.199613	141.712373	0.007221	11.1
1105	-0.397193	141.641858	0.007617	12.1
1106	-1.092075	141.571436	0.008923	12.1
1107	-0.688896	141.501108	0.006475	13.6
1108	-0.676460	141.430872	0.008296	10.9
1109	-0.280803	141.360730	0.007528	10.0
1110	-0.551139	141.290680	0.007088	12.9
1111	-0.961525	141.220722	0.007470	10.0
1112	-1.164269	141.150857	0.009794	10.4
1113	-1.236126	141.081084	0.008601	9.9
1114	-0.925961	141.011403	0.008368	12.5
1115	-0.633500	140.941813	0.007569	9.8
1116	-0.482151	140.872315	0.005007	9.5
1117	-1.073881	140.802909	0.008609	9.6
1118	-0.849453	140.733593	0.007281	11.1
1119	-1.282530	140.664369	0.008655	9.3
1120	-1.282724	140.595235	0.012297	10.6
1121	-0.721665	140.526192	0.008495	10.5
1122	-1.220755	140.457239	0.008713	13.2
1123	-0.337338	140.388376	0.007641	9.1
1124	-0.275179	140.319603	0.004220	9.6
1125	-0.920331	140.250920	0.007710	9.8
1126	-0.886751	140.182326	0.008663	12.8
1127	-0.836332	140.113822	0.009022	10.8
1128	-0.569216	140.045407	0.006506	11.0
1129	-1.003653	139.977081	0.009136	10.8
1130	-0.494789	139.908844	0.005505	13.8
1131	-1.207448	139.840696	0.010462	11.9
1132	-0.348560	139.772635	0.004938	10.5
1133	-0.507050	139.704664	0.007006	11.8
1134	-1.255442	139.636780	0.008179	16.0
1135	-1.199583	139.568984	0.009270	15.0
1136	-0.767775	139.501276	0.007697	18.9
1137	-1.141800	139.433655	0.010331	12.4
1138	-0.870882	139.366122	0.007604	12.9
1139	-0.761803	139.298676	0.007091	13.4
1140	-1.362323	139.231317	0.009104	12.7
1141	-1.221328	139.164045	0.008991	12.2
1142	-1.019323	139.096859	0.009632	9.9
1143	-0.566249	139.029760	0.006663	13.1
1144	-1.081104	138.962747	0.008349	10.3
1145	-1.281587	138.895820	0.010747	10.1
1146	-0.889113	138.828978	0.007220	11.9
1147	-0.423236	138.762223	0.005495	10.3
1148	-0.316383	138.695553	0.004495	9.7
1149	-0.591904	138.628969	0.005346	9.9
1150	-1.017138	138.562469	0.009670	12.7
1151	-1.110116	138.496055	0.009972	9.4
1152	-1.083643	138.429725	0.008577	10.9
1153	-1.197156	138.363481	0.007909	9.9
1154	-1.243468	138.297320	0.010275	13.3
1155	-1.441882	138.231244	0.010305	9.8
1156	-1.123594	138.165252	0.008405	9.8
1157	-1.261284	138.099344	0.009492	9.8
1158	-0.989491	138.033520	0.009601	13.4
1159	-1.233765	137.967779	0.009747	10.2
1160	-1.131879	137.902122	0.008834	9.2
1161	-0.460097	137.836548	0.005125	9.7
1162	-1.476270	137.771057	0.010866	12.2
1163	-1.026997	137.705649	0.009769	11.4
1164	-1.095448	137.640324	0.008934	10.9
1165	-1.229241	137.575081	0.009658	12.5
1166	-0.971068	137.509921	0.007718	13.5
1167	-0.462355	137.444842	0.006220	9.9
1168	-1.257005	137.379846	0.009133	10.6
1169	-1.022393	137.314932	0.009336	14.0
1170	-1.036772	137.250100	0.008266	11.7
1171	-0.953130	137.185349	0.008619	11.2
1172	-0.912401	137.120680	0.008806	12.4
1173	-0.605246	137.056092	0.010130	13.3
1174	-0.798188	136.991585	0.008258	11.7
1175	-0.466461	136.927158	0.005796	11.1
1176	-1.074101	136.862813	0.009129	12.8
1177	-1.420313	136.798548	0.009950	11.5
1178	-1.186313	136.734363	0.009698	10.3
1179	-1.217215	136.670259	0.007011	10.4
1180	-1.250398	136.606235	0.009471	13.5
1181	-1.321450	136.542291	0.010772	12.1
1182	-1.003816	136.478426	0.006895	11.5
1183	-1.248944	136.414641	0.009396	12.8
1184	-1.224524	136.350936	0.010098	11.7
1185	-1.281858	136.287310	0.009582	12.5
1186	-1.045242	136.223763	0.013235	11.0
1187	-0.946739	136.160295	0.009922	14.7
1188	-1.070062	136.096905	0.007039	11.7
1189	-1.191020	136.033594	0.009131	11.6
1190	-0.962570	135.970362	0.006008	11.5
1191	-1.184455	135.907208	0.009410	13.4
1192	-1.265958	135.844133	0.009381	12.1
1193	-1.136964	135.781135	0.008148	10.8
1194	-1.357405	135.718215	0.010262	13.8
1195	-1.194131	135.655373	0.011213	11.2
1196	-1.038974	135.592608	0.010381	13.1
1197	-1.117584	135.529921	0.010717	10.6
1198	-0.093083	135.467311	0.003514	14.7
1199	-1.217467	135.404778	0.008205	11.6
1200	-1.315358	135.342322	0.008771	11.0
1201	-0.721825	135.279942	0.007769	13.2
1202	-0.384158	135.217640	0.007010	15.6
1203	-0.459714	135.155413	0.004305	13.3
1204	-0.989553	135.093263	0.010219	12.6
1205	-0.101188	135.031190	0.003788	11.3
1206	-1.342140	134.969192	0.009591	10.7
1207	-1.454624	134.907270	0.009528	10.8
1208	-0.894965	134.845424	0.008407	12.8
1209	-0.908139	134.783653	0.007854	10.1
1210	-1.493174	134.721958	0.008876	10.1
1211	-0.575378	134.660338	0.006381	11.4
1212	-1.422523	134.598793	0.010023	12.7
1213	-1.203852	134.537323	0.009368	10.3
1214	-1.123255	134.475927	0.010152	10.5
1215	-1.220145	134.414607	0.010191	10.9
1216	-1.386379	134.353361	0.010255	12.9
1217	-0.665860	134.292189	0.006630	10.7
1218	-1.149032	134.231092	0.008023	10.8
1219	-1.214823	134.170068	0.010293	10.0
1220	-1.264695	134.109119	0.009134	13.1
1221	-1.190825	134.048243	0.010001	10.6
1222	-1.147275	133.987441	0.007889	10.9
1223	-1.308018	133.926713	0.008381	11.3
1224	-1.127409	133.866057	0.007025	11.8
1225	-0.339724	133.805475	0.004377	10.6
1226	-0.454910	133.744966	0.007427	9.4
1227	-0.012323	133.684530	0.001081	9.9
1228	-0.864971	133.624167	0.006687	13.7
1229	-0.966879	133.563877	0.008398	11.3
1230	-1.163130	133.503658	0.008103	11.5
1231	-0.567720	133.443513	0.008252	11.1
1232	-1.284633	133.383439	0.008909	13.5
1233	-0.979933	133.323437	0.008848	12.0
1234	-1.314102	133.263508	0.010027	10.7
1235	-0.354734	133.203650	0.006907	11.1
1236	-0.973346	133.143864	0.009517	12.3
1237	-1.421594	133.084149	0.011715	12.5
1238	-0.466684	133.024506	0.006763	16.2
1239	-1.206392	132.964934	0.008902	30.0
1240	-1.420753	132.905433	0.010974	14.7
1241	-1.286742	132.846003	0.009193	14.3
1242	-1.012816	132.786643	0.008295	15.4
1243	-1.163958	132.727355	0.008728	13.3
1244	-0.354045	132.668137	0.005566	11.8
1245	-1.227441	132.608989	0.007296	17.9
1246	-1.016543	132.549912	0.009090	16.2
1247	-0.852209	132.490904	0.006355	17.1
1248	-1.285540	132.431967	0.009830	22.6
1249	-1.189585	132.373100	0.007339	16.4
1250	-1.322155	132.314302	0.011002	16.1
1251	-0.452006	132.255574	0.004792	18.0
1252	-0.259669	132.196916	0.004581	16.8
1253	-1.175458	132.138326	0.008327	16.5
1254	-1.098809	132.079806	0.007893	17.3
1255	-0.611231	132.021355	0.007772	15.1
1256	-0.341204	131.962973	0.005103	16.5
1257	-0.724429	131.904660	0.008402	17.4
1258	-0.802345	131.846415	0.012134	14.4
1259	-1.256947	131.788239	0.008901	16.9
1260	-0.799875	131.730131	0.008387	18.2
1261	-0.795742	131.672092	0.006366	16.0
1262	-1.165688	131.614121	0.009016	15.9
1263	-0.817270	131.556217	0.007331	18.4
1264	-0.790671	131.498382	0.007451	16.8
1265	-0.535870	131.440614	0.006204	16.2
1266	-1.325273	131.382914	0.008932	17.1
1267	-0.362665	131.325282	0.006342	16.1
1268	-0.650762	131.267717	0.006057	18.2
1269	-0.896333	131.210219	0.008389	15.7
1270	-1.192639	131.152788	0.008999	15.9
1271	-1.111752	131.095424	0.006111	18.1
1272	-1.286349	131.038127	0.010061	16.4
1273	-0.250259	130.980897	0.003835	14.5
1274	-1.054408	130.923733	0.007515	18.4
1275	-1.145227	130.866636	0.008475	15.8
1276	-0.708495	130.809605	0.007179	16.8
1277	-0.736869	130.752641	0.008747	19.0
1278	-1.270098	130.695742	0.009263	16.3
1279	-0.212026	130.638910	0.004261	16.0
1280	-1.031755	130.582143	0.009356	18.0
1281	-1.095397	130.525442	0.008176	15.9
1282	-1.213956	130.468807	0.010450	11.7
1283	-1.339479	130.412237	0.008598	17.7
1284	-0.754384	130.355733	0.006176	14.5
1285	-0.271433	130.299294	0.007750	14.6
1286	-0.968112	130.242920	0.009086	16.5
1287	-0.910708	130.186611	0.007340	13.8
1288	-0.193076	130.130366	0.004828	13.8
1289	-1.392103	130.074187	0.009179	15.5
1290	-1.273393	130.018072	0.008403	14.9
1291	-1.069117	129.962022	0.007451	13.8
1292	-0.435958	129.906036	0.005487	15.4
1293	-0.456525	129.850114	0.008793	14.7
1294	-0.984932	129.794257	0.007867	14.3
1295	-0.533223	129.738463	0.005918	18.1
1296	-1.278725	129.682734	0.010484	15.0
1297	-0.480088	129.627068	0.005417	15.2
1298	-1.246740	129.571466	0.009279	17.6
1299	-1.282620	129.515927	0.007586	15.4
1300	-0.835117	129.460452	0.008467	15.7
1301	-0.254232	129.405040	0.006914	15.4
1302	-0.776774	129.349692	0.007920	15.5
1303	-1.036160	129.294406	0.007494	15.8
1304	-1.136134	129.239183	0.010798	22.6
1305	-0.771703	129.184024	0.006190	15.3
1306	-0.268443	129.128927	0.002916	13.4
1307	-1.113123	129.073892	0.009457	17.9
1308	-0.780026	129.018921	0.007881	16.1
1309	-1.074418	128.964011	0.007909	16.0
1310	-0.921285	128.909164	0.008367	20.1
1311	-1.259951	128.854379	0.008952	15.6
1312	-0.213628	128.799656	0.004149	16.3
1313	-0.967376	128.744995	0.009511	16.8
1314	-1.312385	128.690396	0.009511	14.9
1315	-1.347592	128.635858	0.010159	16.5
1316	-0.460117	128.581382	0.007181	15.2
1317	-1.019346	128.526968	0.008704	15.6
1318	-1.207191	128.472615	0.007801	14.7
1319	-0.367215	128.418323	0.006382	17.1
1320	-1.140635	128.364092	0.007905	14.4
1321	-0.891190	128.309922	0.009197	13.9
1322	-1.073355	128.255814	0.010416	14.1
1323	-1.267057	128.201766	0.010606	10.4
1324	-0.232780	128.147778	0.005553	12.0
1325	-1.340157	128.093852	0.008140	11.4
1326	-1.018059	128.039985	0.009047	14.7
1327	-0.752339	127.986180	0.006371	15.4
1328	-0.893185	127.932434	0.007747	15.8
1329	-1.226548	127.878749	0.008571	17.9
1330	-1.317385	127.825123	0.009824	16.5
1331	-0.497206	127.771558	0.006829	21.4
1332	-0.999831	127.718052	0.007509	24.4
1333	-0.644913	127.664606	0.008633	33.4
1334	-1.348574	127.611220	0.008265	17.7
1335	-1.396559	127.557893	0.009611	15.7
1336	-1.429173	127.504625	0.009237	16.1
1337	-0.333258	127.451417	0.003749	13.7
1338	-0.967705	127.398268	0.011439	14.0
1339	-0.968459	127.345178	0.006493	14.7
1340	-1.000322	127.292147	0.008833	15.8
1341	-1.219456	127.239175	0.009779	17.1
1342	-1.105758	127.186261	0.010365	19.1
1343	-1.063010	127.133407	0.008266	14.6
1344	-1.162564	127.080610	0.008308	15.7
1345	-1.043305	127.027872	0.009640	16.7
1346	-0.995494	126.975193	0.008119	14.0
1347	-1.073733	126.922572	0.010041	14.2
1348	-1.379112	126.870008	0.008208	17.8
1349	-1.160118	126.817503	0.009926	15.0
1350	-1.191355	126.765056	0.008584	15.5
1351	-1.233339	126.712667	0.009065	18.9
1352	-0.654518	126.660335	0.007485	16.5
1353	-1.072082	126.608061	0.009380	15.1
1354	-1.092135	126.555844	0.008649	27.1
1355	-0.064572	126.503685	0.004452	14.8
1356	-0.482449	126.451583	0.007148	12.4
1357	-1.326649	126.399538	0.008242	18.3
1358	-0.006101	126.347550	0.001736	15.7
1359	-1.211286	126.295619	0.008413	15.7
1360	-0.938539	126.243745	0.011331	17.2
1361	-0.130170	126.191928	0.003326	15.1
1362	-1.179696	126.140168	0.008782	20.5
1363	-1.123771	126.088464	0.009468	19.3
1364	-1.003669	126.036817	0.010520	13.1
1365	-0.588564	125.985226	0.004324	15.7
1366	-0.863694	125.933691	0.007183	12.2
1367	-0.346704	125.882212	0.006286	10.1
1368	-0.540564	125.830790	0.007101	12.7
1369	-1.259632	125.779423	0.009135	14.7
1370	-0.009309	125.728113	0.002828	12.9
1371	-0.744307	125.676858	0.007666	11.8
1372	-1.438247	125.625659	0.010879	16.7
1373	-0.284665	125.574515	0.011008	13.1
1374	-1.353229	125.523427	0.009509	19.8
1375	-1.124658	125.472394	0.008937	18.9
1376	-1.052731	125.421417	0.007565	27.0
1377	-1.259221	125.370495	0.010650	15.9
1378	-1.381414	125.319628	0.009751	14.7
1379	-0.995733	125.268815	0.007756	21.9
1380	-1.306106	125.218058	0.008999	21.1
1381	-1.249537	125.167356	0.008486	25.5
1382	-1.361358	125.116708	0.008369	33.8
1383	-1.216418	125.066115	0.009661	24.2
1384	-1.323623	125.015576	0.012716	14.6
1385	-1.155209	124.965092	0.008767	16.8
1386	-1.283681	124.914662	0.009019	15.6
1387	-1.406183	124.864287	0.009590	14.1
1388	-1.156252	124.813965	0.009336	16.7
1389	-0.497658	124.763698	0.006041	18.2
1390	-1.373431	124.713485	0.010202	19.4
1391	-1.430565	124.663325	0.011213	11.7
1392	-0.603159	124.613219	0.006781	13.4
1393	-0.571151	124.563167	0.005484	12.7
1394	-1.276629	124.513168	0.012153	10.5
1395	-1.305266	124.463223	0.009793	12.2
1396	-0.922711	124.413332	0.009256	14.0
1397	-0.198238	124.363493	0.004974	10.4
1398	-1.135243	124.313708	0.009325	10.9
1399	-1.190483	124.263976	0.008378	14.2
1400	-1.273826	124.214297	0.011311	12.2
1401	-0.669483	124.164671	0.007523	10.5
1402	-1.054770	124.115097	0.007088	10.5
1403	-1.441004	124.065577	0.011094	12.2
1404	0.000000	124.016109	0.000000	10.3
1405	-1.222144	123.966693	0.010356	9.9
1406	-1.311279	123.917330	0.010675	9.5
1407	-1.231035	123.868020	0.010717	12.5
1408	-0.398064	123.818762	0.003695	10.0
1409	-1.205210	123.769556	0.008649	9.5
1410	-0.688772	123.720402	0.007912	10.4
1411	-0.896723	123.671300	0.008776	11.4
1412	-0.932757	123.622250	0.006679	12.3
1413	-0.962467	123.573252	0.008007	14.2
1414	-0.012616	123.524305	0.001633	15.0
1415	-0.576179	123.475411	0.009817	15.7
1416	-0.794855	123.426568	0.008741	14.8
1417	-1.058688	123.377776	0.009105	17.0
1418	-0.792841	123.329036	0.008811	16.5
1419	-1.272543	123.280347	0.008151	17.2
1420	-1.400105	123.231709	0.010153	22.7
1421	-0.572489	123.183122	0.006601	13.4
1422	-0.012238	123.134587	0.000631	11.8
1423	-0.120585	123.086102	0.003896	12.3
1424	-0.831000	123.037669	0.006385	10.5
1425	-1.244920	122.989286	0.010378	13.9
1426	-1.127642	122.940954	0.009014	10.3
1427	-0.844614	122.892672	0.006654	11.8
1428	-1.047943	122.844441	0.009726	10.8
1429	-0.638891	122.796261	0.006989	13.5
1430	-1.308574	122.748130	0.009563	10.6
1431	-0.309780	122.700050	0.004090	11.2
1432	-1.316983	122.652021	0.009448	14.0
1433	-0.579521	122.604041	0.006805	14.9
1434	-1.278977	122.556111	0.010918	12.7
1435	-1.301628	122.508232	0.009670	10.5
1436	-1.324105	122.460402	0.009874	13.9
1437	-0.630648	122.412622	0.007143	10.2
1438	-0.851313	122.364891	0.008597	14.9
1439	-0.964160	122.317210	0.007635	13.0
1440	-0.253664	122.269579	0.004393	11.0
1441	-0.625606	122.221997	0.005990	11.8
1442	-0.831195	122.174465	0.007065	13.3
1443	-0.709881	122.126981	0.007075	14.5
1444	-1.225326	122.079547	0.009909	11.9
1445	-0.439860	122.032162	0.006174	11.5
1446	-1.041558	121.984826	0.007280	14.4
1447	-0.801709	121.937539	0.008024	10.8
1448	-0.240362	121.890301	0.005321	11.6
1449	-0.911266	121.843112	0.007857	11.1
1450	-0.856672	121.795971	0.007813	14.6
1451	-1.356220	121.748879	0.009670	10.6
1452	-0.894826	121.701835	0.011030	12.1
1453	-0.425900	121.654840	0.007347	11.4
1454	-0.873304	121.607893	0.009877	16.6
1455	-0.426648	121.560994	0.005710	11.2
1456	-0.748514	121.514144	0.006518	10.7
1457	-1.143216	121.467342	0.006656	14.8
1458	-1.280893	121.420588	0.008436	11.3
1459	-0.820610	121.373882	0.007370	10.2
1460	-1.235852	121.327223	0.009690	10.2
1461	-1.188944	121.280613	0.009298	13.6
1462	-0.812777	121.234050	0.007077	13.3
1463	-1.396883	121.187535	0.009395	10.4
1464	-0.000000	121.141067	0.000000	10.3
1465	-1.229027	121.094647	0.009971	15.2
1466	-1.250486	121.048274	0.009699	12.8
1467	-0.977069	121.001949	0.008442	10.4
1468	-1.129220	120.955671	0.009292	14.3
1469	-1.427964	120.909440	0.009368	11.2
1470	-0.472909	120.863256	0.007326	12.5
1471	-0.086992	120.817119	0.001896	11.6
1472	-0.973916	120.771029	0.007965	14.7
1473	-1.216282	120.724986	0.008285	12.1
1474	-1.080196	120.678990	0.009057	11.8
1475	-1.279138	120.633040	0.009274	14.2
1476	-1.203571	120.587137	0.008795	10.1
1477	-1.235986	120.541281	0.008294	11.8
1478	-1.385924	120.495471	0.009156	13.7
1479	-1.242994	120.449707	0.008950	12.4
1480	-1.039788	120.403990	0.008924	11.8
1481	-1.343593	120.358319	0.009586	10.7
1482	-1.195666	120.312694	0.009576	13.3
1483	-0.735989	120.267115	0.007796	10.9
1484	-1.348998	120.221582	0.009474	10.5
1485	-0.948086	120.176096	0.007945	9.9
1486	-0.885880	120.130655	0.007508	12.7
1487	-0.652675	120.085260	0.006338	10.5
1488	-0.382099	120.039910	0.006811	10.1
1489	-0.669877	119.994606	0.006919	9.9
1490	-1.301449	119.949348	0.011732	13.4
1491	-0.857170	119.904135	0.007835	10.5
1492	-1.039387	119.858968	0.007264	10.3
1493	-0.850080	119.813846	0.010113	10.4
1494	-0.894527	119.768769	0.007521	12.9
1495	-1.331310	119.723738	0.009980	10.1
1496	-1.208588	119.678752	0.010262	10.9
1497	-0.949093	119.633810	0.008050	11.0
1498	-0.304918	119.588914	0.004409	12.7
1499	-1.327904	119.544062	0.009920	11.4
1500	-0.776538	119.499256	0.006771	11.7
1501	-1.341037	119.454494	0.009102	9.9
1502	-0.295651	119.409777	0.004721	12.5
1503	-1.297379	119.365104	0.009581	10.3
1504	-1.349215	119.320476	0.010451	10.3
1505	-1.250605	119.275893	0.008077	10.1
1506	-0.848216	119.231353	0.009013	13.0
1507	-1.210924	119.186859	0.009763	10.3
1508	-0.463742	119.142408	0.005369	9.6
1509	-1.168683	119.098002	0.011512	10.3
1510	-0.609803	119.053639	0.007486	13.1
1511	-0.351271	119.009321	0.007328	10.5
1512	-1.257046	118.965047	0.008372	10.7
1513	-0.259751	118.920816	0.006120	9.7
1514	-1.309707	118.876630	0.010008	12.5
1515	-1.500892	118.832487	0.009710	11.0
1516	-1.255888	118.788388	0.010229	10.9
1517	-0.261104	118.744332	0.004839	10.1
1518	-1.291192	118.700320	0.010118	12.8
1519	-0.436348	118.656352	0.007264	9.2
1520	-0.477597	118.612427	0.007330	12.7
1521	-0.288083	118.568545	0.005471	11.1
1522	-0.607285	118.524706	0.007648	12.5
1523	-0.958538	118.480911	0.009063	10.2
1524	-1.446880	118.437159	0.010724	9.9
1525	-0.817009	118.393450	0.007014	9.7
1526	-0.926827	118.349784	0.008943	14.2
1527	-0.983056	118.306160	0.008125	14.1
1528	-0.725368	118.262580	0.008860	12.3
1529	-0.700440	118.219042	0.006523	13.0
1530	-0.509203	118.175548	0.007633	11.3
1531	-1.116329	118.132095	0.008961	11.8
1532	-1.009020	118.088686	0.007833	13.1
1533	-1.169843	118.045319	0.007092	14.2
1534	-0.805895	118.001994	0.007230	12.8
1535	-0.175592	117.958712	0.002894	12.5
1536	-1.424085	117.915472	0.009523	14.0
1537	-1.222718	117.872274	0.009668	11.2
1538	-1.078901	117.829118	0.009458	10.5
1539	-1.340489	117.786005	0.009825	14.7
1540	-1.337864	117.742933	0.010720	12.2
1541	-0.842968	117.699904	0.008403	11.1
1542	-1.143287	117.656916	0.008255	13.0
1543	-1.428929	117.613971	0.010670	14.6
1544	-1.241793	117.571067	0.008933	13.4
1545	-0.103379	117.528205	0.003720	14.9
1546	-1.404262	117.485384	0.009536	13.1
1547	-1.008103	117.442605	0.008865	13.6
1548	-1.174700	117.399867	0.008873	12.6
1549	-0.990033	117.357171	0.008710	11.8
1550	-0.530663	117.314517	0.006141	12.5
1551	-0.896097	117.271903	0.008702	15.5
1552	-0.655683	117.229331	0.005590	14.2
1553	-1.043321	117.186800	0.008741	10.7
1554	-1.441667	117.144311	0.009493	15.7
1555	-0.740227	117.101862	0.007944	12.2
1556	-0.972401	117.059454	0.009333	13.0
1557	-0.649887	117.017087	0.007633	11.0
1558	-0.963877	116.974762	0.009088	11.2
1559	-0.949419	116.932476	0.008382	11.4
1560	-1.211327	116.890232	0.008954	11.6
1561	-0.403464	116.848028	0.005277	13.0
1562	-1.087811	116.805865	0.012415	9.8
1563	-0.994795	116.763743	0.009070	10.8
1564	-1.073356	116.721661	0.010246	9.8
1565	-0.145131	116.679619	0.004398	12.8
1566	-1.192487	116.637618	0.009664	10.1
1567	-1.201944	116.595657	0.010755	10.3
1568	-1.082452	116.553736	0.009277	9.7
1569	-1.309900	116.511855	0.009401	12.7
1570	-1.093628	116.470015	0.008672	9.7
1571	-1.296981	116.428214	0.008693	9.6
1572	-1.138439	116.386454	0.009828	9.8
1573	-1.450206	116.344733	0.011622	12.0
1574	-0.747349	116.303052	0.007930	9.9
1575	-0.683939	116.261412	0.008587	10.6
1576	-0.967458	116.219810	0.008184	9.6
1577	-0.893129	116.178249	0.009663	12.7
1578	-1.390861	116.136727	0.010048	10.0
1579	-0.974322	116.095245	0.006524	9.7
1580	-1.228114	116.053802	0.008507	9.2
1581	-1.201773	116.012398	0.009436	11.9
1582	-1.470704	115.971034	0.009762	10.0
1583	-0.072714	115.929710	0.001755	8.4
1584	-0.334434	115.888424	0.004323	10.2
1585	-0.950864	115.847178	0.006153	12.7
1586	-0.947503	115.805970	0.008861	9.7
1587	-1.330033	115.764802	0.010887	11.2
1588	-1.073408	115.723673	0.008798	10.2
1589	-0.922050	115.682583	0.007123	12.2
1590	-0.553280	115.641532	0.005421	10.0
1591	-0.048953	115.600519	0.001862	9.1
1592	-0.856567	115.559546	0.005790	9.6
1593	-1.068212	115.518610	0.008798	13.3
1594	-1.405456	115.477714	0.008865	9.7
1595	-1.418533	115.436856	0.009735	10.4
1596	-0.389579	115.396037	0.007931	11.0
1597	-1.150710	115.355256	0.008423	14.6
1598	-1.136916	115.314514	0.010550	12.5
1599	-1.154635	115.273810	0.008336	11.0
1600	-1.372451	115.233144	0.010652	14.9
1601	-1.204304	115.192517	0.009057	14.6
1602	-1.111067	115.151927	0.008495	12.9
1603	-1.275444	115.111376	0.010704	15.8
1604	0.000000	115.070863	0.000000	12.6
1605	-1.216701	115.030388	0.010359	10.5
1606	-1.216087	114.989951	0.009423	14.2
1607	-1.300600	114.949551	0.009522	17.5
1608	-0.045989	114.909190	0.002969	14.3
1609	-0.935731	114.868866	0.007394	17.7
1610	-1.215294	114.828580	0.010000	14.3
1611	-0.872336	114.788332	0.007313	14.3
1612	-1.111767	114.748121	0.010212	15.6
1613	-1.327775	114.707948	0.010527	11.0
1614	-1.290051	114.667812	0.010679	11.8
1615	-0.995166	114.627714	0.008657	13.4
1616	-1.277066	114.587653	0.009807	12.7
1617	-1.414385	114.547629	0.011517	10.8
1618	-1.220556	114.507643	0.008867	11.4
1619	-0.974095	114.467693	0.007792	13.3
1620	-1.293279	114.427781	0.010519	11.2
1621	-1.057640	114.387907	0.009563	10.7
1622	-1.325445	114.348069	0.010082	10.5
1623	-0.673874	114.308268	0.008019	12.8
1624	-1.015903	114.268504	0.008630	9.9
1625	-1.166645	114.228777	0.009698	10.6
1626	-1.423246	114.189086	0.009150	9.7
1627	-0.978707	114.149433	0.008634	12.7
1628	-0.401214	114.109816	0.004461	11.1
1629	-0.858229	114.070235	0.006828	10.0
1630	-1.296439	114.030692	0.008863	9.6
1631	-1.402868	113.991185	0.009296	12.3
1632	-1.036310	113.951714	0.007576	11.0
1633	-1.285370	113.912280	0.009948	10.0
1634	-0.181274	113.872882	0.003482	9.2
1635	-0.534338	113.833521	0.006174	12.4
1636	-0.867912	113.794195	0.007387	9.8
1637	-1.352859	113.754906	0.009512	10.4
1638	-0.933453	113.715653	0.007329	9.9
1639	-1.252368	113.676437	0.010979	12.3
1640	-1.525590	113.637256	0.009768	12.8
1641	-1.069395	113.598111	0.008422	13.0
1642	-1.007392	113.559002	0.007880	15.9
1643	-0.318462	113.519929	0.005421	11.1
1644	-0.990982	113.480892	0.008775	13.2
1645	-1.204437	113.441891	0.009716	15.8
1646	-0.429019	113.402925	0.006113	12.8
1647	-1.360015	113.363995	0.011164	13.4
1648	-1.318715	113.325101	0.011147	13.8
1649	-1.321212	113.286242	0.011985	10.9
1650	-1.095851	113.247419	0.008810	11.7
1651	-0.211088	113.208631	0.003724	15.0
1652	-1.099525	113.169879	0.008216	12.4
1653	-0.514054	113.131162	0.006016	11.4
1654	-1.205808	113.092480	0.011276	12.0
1655	-0.659073	113.053833	0.007192	14.2
1656	-1.274236	113.015222	0.007375	14.0
1657	-0.000000	112.976646	0.000000	11.2
1658	-1.245640	112.938105	0.009478	13.5
1659	-0.573399	112.899599	0.007073	11.4
1660	-1.398727	112.861128	0.010154	11.6
1661	-1.387532	112.822692	0.010590	14.9
1662	-0.016981	112.784291	0.001013	10.6
1663	-1.090919	112.745924	0.009726	12.4
1664	-0.431189	112.707593	0.006342	11.8
1665	-1.054867	112.669296	0.008177	15.0
1666	-1.051789	112.631034	0.007201	10.1
1667	-0.514441	112.592806	0.008248	10.1
1668	-1.387465	112.554613	0.011910	12.9
1669	-0.161533	112.516455	0.004793	11.6
1670	-0.024650	112.478331	0.001229	10.6
1671	-1.217747	112.440241	0.010195	10.4
1672	-0.838690	112.402186	0.007442	12.5
1673	-0.910763	112.364165	0.007232	10.1
1674	-0.983128	112.326179	0.007525	10.5
1675	-1.173512	112.288227	0.009993	11.2
1676	-1.059416	112.250309	0.008479	13.1
1677	-1.134869	112.212425	0.008984	10.0
1678	-1.327766	112.174575	0.011847	9.9
1679	-1.360229	112.136759	0.009874	10.2
1680	-1.159235	112.098977	0.007369	12.6
1681	-1.269251	112.061229	0.008956	10.1
1682	-0.642039	112.023515	0.006177	10.2
1683	-1.019978	111.985834	0.008553	9.9
1684	-1.156529	111.948188	0.009385	13.0
1685	-1.184675	111.910575	0.009185	10.4
1686	-0.812384	111.872996	0.009118	11.5
1687	-1.054018	111.835450	0.006963	9.8
1688	-0.970839	111.797939	0.007567	13.9
1689	-1.211910	111.760460	0.008136	10.5
1690	-0.861204	111.723015	0.007885	10.9
1691	-1.153656	111.685604	0.008249	8.9
1692	-0.908152	111.648226	0.007616	13.5
1693	-0.206258	111.610881	0.004463	9.7
1694	-1.277390	111.573570	0.008457	10.7
1695	-1.349279	111.536292	0.009096	10.0
1696	-0.459944	111.499047	0.005647	11.4
1697	-0.885105	111.461835	0.007061	9.1
1698	-0.330328	111.424656	0.005019	10.1
1699	-1.187833	111.387510	0.008366	9.9
1700	-1.179161	111.350398	0.009041	11.5
1701	-1.036142	111.313318	0.008928	9.7
1702	-1.311023	111.276271	0.009220	9.4
1703	-1.227551	111.239257	0.008518	10.3
1704	-0.421989	111.202276	0.005000	11.9
1705	-1.286849	111.165328	0.007743	9.7
1706	-0.819182	111.128412	0.010486	10.0
1707	-0.702478	111.091529	0.008422	9.5
1708	-0.492123	111.054679	0.007063	13.4
1709	-1.198910	111.017861	0.009999	15.3
1710	-1.068827	110.981076	0.009580	10.1
1711	-0.198116	110.944323	0.005538	10.3
1712	-0.949244	110.907603	0.011139	13.2
1713	-1.339352	110.870915	0.009388	10.9
1714	-1.309246	110.834259	0.008653	11.6
1715	-1.082212	110.797636	0.007347	13.7
1716	-1.287363	110.761045	0.007715	10.8
1717	-0.878213	110.724486	0.008990	10.2
1718	-1.037298	110.687959	0.008796	11.1
1719	-1.288823	110.651465	0.008592	12.8
1720	-0.094065	110.615002	0.003242	9.8
1721	-1.179007	110.578572	0.010532	10.7
1722	-0.316407	110.542173	0.006706	13.5
1723	-0.251703	110.505807	0.003785	15.2
1724	-1.324535	110.469472	0.007894	10.4
1725	-0.851920	110.433169	0.007462	12.4
1726	-1.236016	110.396898	0.009545	12.9
1727	-0.963771	110.360659	0.007249	11.8
1728	-0.903779	110.324451	0.006039	10.7
1729	-1.318758	110.288276	0.009650	12.0
1730	-1.047954	110.252131	0.010124	13.6
1731	-1.179248	110.216019	0.008034	11.2
1732	-1.321143	110.179937	0.010361	10.4
1733	-0.714497	110.143888	0.009018	14.3
1734	-1.346138	110.107869	0.009512	10.3
1735	-0.617101	110.071882	0.007444	11.5
1736	-1.071357	110.035927	0.007961	9.7
1737	-1.080245	110.000003	0.008310	13.5
1738	-0.825066	109.964110	0.006148	10.4
1739	-1.201623	109.928248	0.010186	10.3
1740	-1.040552	109.892417	0.008310	9.9
1741	-1.153556	109.856618	0.007232	12.6
1742	-1.211846	109.820850	0.008213	10.9
1743	-1.337701	109.785112	0.008923	10.8
1744	-1.284230	109.749406	0.010045	9.8
1745	-1.301485	109.713730	0.009324	12.3
1746	-0.809896	109.678086	0.011169	10.8
1747	-0.866535	109.642472	0.009786	10.3
1748	-0.812217	109.606890	0.007154	10.1
1749	-1.360400	109.571337	0.008803	13.5
1750	-1.065036	109.535816	0.006755	10.2
1751	-1.088632	109.500326	0.008590	11.3
1752	-1.064396	109.464866	0.008789	12.1
1753	-1.178728	109.429436	0.008838	15.3
1754	-0.320192	109.394038	0.006155	11.5
1755	-1.344032	109.358669	0.009391	10.7
1756	-1.176212	109.323331	0.008432	13.4
1757	-1.332579	109.288024	0.009956	11.8
1758	-1.296719	109.252747	0.008548	10.4
1759	-1.241308	109.217501	0.011997	10.3
1760	-1.068530	109.182284	0.009508	14.0
1761	-1.278539	109.147098	0.008697	11.9
1762	-0.906346	109.111942	0.008529	11.4
1763	-0.582102	109.076817	0.007231	11.0
1764	-0.230892	109.041721	0.006266	14.4
1765	-1.248705	109.006656	0.009524	9.8
1766	-1.359116	108.971620	0.009125	10.2
1767	-0.036339	108.936615	0.004796	12.0
1768	-1.170268	108.901640	0.007723	10.0
1769	-1.207204	108.866694	0.009542	10.6
1770	-1.381638	108.831779	0.010782	10.0
1771	-0.832967	108.796893	0.006914	14.5
1772	-0.765437	108.762037	0.006006	12.3
1773	-0.412339	108.727211	0.005591	10.8
1774	-1.184118	108.692415	0.009824	11.3
1775	-1.160886	108.657648	0.009167	13.5
1776	-1.152846	108.622911	0.009773	11.5
1777	-1.084091	108.588203	0.008827	10.2
1778	-0.520663	108.553525	0.006513	15.6
1779	-0.240033	108.518877	0.007143	10.3
1780	-0.405412	108.484258	0.005554	10.4
1781	-1.202022	108.449668	0.007271	10.3
1782	-1.025886	108.415108	0.010177	12.7
1783	-1.297663	108.380578	0.010291	11.1
1784	-1.241959	108.346076	0.010862	10.7
1785	-0.070886	108.311604	0.002008	10.3
1786	-0.701358	108.277161	0.005796	13.6
1787	-1.360071	108.242747	0.011027	18.2
1788	-1.200202	108.208363	0.009123	17.8
1789	-1.306236	108.174007	0.010274	20.8
1790	-0.746157	108.139681	0.009307	20.4
1791	-1.008805	108.105383	0.009714	20.9
1792	-0.910640	108.071115	0.010899	21.8
1793	-1.292794	108.036875	0.008418	17.4
1794	-1.362501	108.002665	0.010601	13.8
1795	-1.148696	107.968483	0.006844	9.6
1796	-0.328504	107.934330	0.007774	11.1
1797	-0.465070	107.900206	0.004991	10.3
1798	-0.681020	107.866111	0.009548	12.8
1799	-1.316976	107.832044	0.008532	10.2
1800	-1.243694	107.798007	0.009208	10.0
1801	-0.035293	107.763997	0.000222	9.8
1802	-0.238294	107.730017	0.004246	13.6
1803	-1.211677	107.696065	0.008670	10.6
1804	-0.296185	107.662141	0.004844	10.3
1805	-1.206541	107.628246	0.009455	11.2
1806	-1.243571	107.594379	0.008346	13.9
1807	-1.269947	107.560541	0.011739	11.6
1808	-1.235743	107.526731	0.010394	12.4
1809	-0.373670	107.492949	0.006898	11.2
1810	-1.215339	107.459196	0.007946	14.7
1811	-0.095247	107.425471	0.004867	12.1
1812	-0.754171	107.391774	0.008344	11.1
1813	-1.064285	107.358106	0.010112	13.4
1814	-0.935614	107.324465	0.007911	11.3
1815	-0.703265	107.290853	0.008768	12.2
1816	-1.082197	107.257268	0.008213	10.7
1817	-1.216116	107.223712	0.008375	15.4
1818	-1.300882	107.190184	0.009050	10.3
1819	-1.268330	107.156683	0.010133	12.6
1820	-0.823651	107.123211	0.006899	13.0
1821	-1.345739	107.089766	0.009009	10.8
1822	-1.002777	107.056349	0.008336	10.5
1823	-1.110770	107.022960	0.009809	11.6
1824	-1.102860	106.989599	0.008257	12.5
1825	-0.542147	106.956265	0.004654	8.5
1826	-1.209766	106.922960	0.007501	10.0
1827	-1.333717	106.889681	0.011444	9.8
1828	-0.285072	106.856431	0.003465	13.2
1829	-0.728915	106.823208	0.006311	10.5
1830	-1.078016	106.790012	0.009562	9.6
1831	-1.022621	106.756844	0.008906	9.5
1832	-1.244879	106.723703	0.009514	12.4
1833	-1.071353	106.690590	0.009033	10.1
1834	-0.889444	106.657505	0.007735	9.5
1835	-0.429995	106.624446	0.005450	10.3
1836	-0.972107	106.591415	0.008099	11.9
1837	-0.998767	106.558411	0.007499	12.1
1838	-0.924463	106.525435	0.008641	10.3
1839	-1.024562	106.492485	0.010088	11.0
1840	-1.080622	106.459563	0.007186	15.6
1841	-1.061762	106.426668	0.009652	11.8
1842	-1.135161	106.393800	0.009689	10.5
1843	-1.282975	106.360959	0.009162	13.6
1844	-1.317074	106.328145	0.011097	10.8
1845	-1.355795	106.295358	0.009806	12.2
1846	-1.127763	106.262598	0.007651	10.6
1847	-1.366355	106.229865	0.009370	14.0
1848	-0.166783	106.197158	0.003378	11.4
1849	-0.564450	106.164479	0.006408	10.8
1850	-1.003685	106.131826	0.009143	10.9
1851	-0.931673	106.099201	0.009160	15.8
1852	-1.026163	106.066602	0.009618	10.5
1853	-1.218430	106.034029	0.009913	11.2
1854	-1.132953	106.001483	0.009881	12.9
1855	-1.371340	105.968964	0.008273	11.5
1856	-1.491053	105.936472	0.011151	11.2
1857	-0.970098	105.904006	0.009719	10.3
1858	-1.183718	105.871566	0.006845	12.5
1859	-0.535548	105.839153	0.008587	10.6
1860	-1.249277	105.806767	0.009066	9.4
1861	-1.340259	105.774407	0.010335	11.0
1862	-0.961166	105.742073	0.008963	9.7
1863	-0.604996	105.709766	0.006800	9.1
1864	-0.257049	105.677485	0.004379	9.3
1865	-0.584442	105.645230	0.006224	11.2
1866	-0.357020	105.613001	0.005235	9.3
1867	-0.695884	105.580799	0.009449	10.5
1868	-0.189720	105.548623	0.004811	10.4
1869	-0.838969	105.516473	0.010025	12.5
1870	-0.470188	105.484349	0.006492	10.4
1871	-1.384598	105.452251	0.012389	10.3
1872	-1.127501	105.420179	0.010055	10.0
1873	-1.267999	105.388133	0.009963	12.7
1874	-1.212383	105.356113	0.009800	10.0
1875	-0.277628	105.324119	0.004315	10.6
1876	-0.534578	105.292151	0.005369	9.3
1877	-0.763451	105.260209	0.006574	12.4
1878	-0.367825	105.228293	0.005215	10.4
1879	-0.970629	105.196402	0.008758	9.8
1880	-1.320779	105.164537	0.009252	10.3
1881	-0.408827	105.132698	0.005153	13.6
1882	-1.350397	105.100885	0.008008	11.1
1883	-1.130545	105.069097	0.009384	12.8
1884	-1.023691	105.037335	0.009634	13.9
1885	-1.180402	105.005598	0.009518	11.7
1886	-0.815518	104.973887	0.006707	8.6
1887	-1.319388	104.942202	0.009409	9.6
1888	-1.069978	104.910542	0.011716	12.0
1889	-1.057391	104.878907	0.008885	10.2
1890	-0.346171	104.847298	0.006871	10.0
1891	-1.451443	104.815715	0.009613	11.9
1892	-0.639709	104.784156	0.009540	14.7
1893	-1.307213	104.752623	0.010684	9.7
1894	-0.689532	104.721116	0.010320	10.4
1895	-0.956580	104.689633	0.009891	10.6
1896	-1.153267	104.658176	0.007623	12.6
1897	-0.944853	104.626744	0.008785	10.2
1898	-0.778938	104.595337	0.006915	9.9
1899	-1.245969	104.563955	0.010184	10.1
1900	-1.494446	104.532599	0.009894	12.1
1901	-1.309534	104.501267	0.009094	10.1
1902	-1.315894	104.469960	0.009069	9.6
1903	-1.299558	104.438679	0.009803	9.1
1904	-0.678553	104.407422	0.007101	11.9
1905	-1.213907	104.376191	0.011327	10.0
1906	-1.275981	104.344984	0.010785	11.8
1907	-1.351666	104.313802	0.010332	22.6
1908	-0.846167	104.282645	0.007577	15.5
1909	-0.804557	104.251513	0.007257	9.6
1910	-1.036782	104.220405	0.008658	9.9
1911	-0.071307	104.189323	0.002261	15.3
1912	-0.692098	104.158265	0.007860	10.1
1913	-0.051942	104.127231	0.001957	14.3
1914	-0.213733	104.096222	0.003293	12.5
1915	-0.489431	104.065238	0.005403	11.8
1916	-1.002369	104.034279	0.007050	15.3
1917	-1.241799	104.003344	0.008855	17.2
1918	-0.510271	103.972433	0.007535	10.9
1919	-0.921120	103.941547	0.007958	10.0
1920	-1.359135	103.910686	0.009511	14.2
1921	-0.484482	103.879849	0.005629	10.1
1922	-1.084660	103.849036	0.007479	10.2
1923	-0.829936	103.818248	0.007841	11.0
1924	-1.276290	103.787484	0.010099	11.3
1925	-0.683023	103.756744	0.008484	11.1
1926	-1.318471	103.726029	0.008853	12.7
1927	-0.900178	103.695338	0.011249	18.6
1928	-1.076495	103.664671	0.007442	15.2
1929	-0.985095	103.634028	0.008645	17.1
1930	-0.891543	103.603409	0.007166	9.9
1931	-1.386634	103.572814	0.009381	10.1
1932	-0.925510	103.542244	0.008991	10.1
1933	-0.297270	103.511698	0.005611	11.9
1934	-0.681005	103.481175	0.008476	9.3
1935	-0.401467	103.450677	0.005881	10.3
1936	-1.330091	103.420202	0.008548	10.7
1937	-1.356898	103.389752	0.008932	12.2
1938	-1.071773	103.359325	0.009438	9.8
1939	-0.152580	103.328922	0.003000	9.5
1940	-1.135774	103.298543	0.009210	10.2
1941	-1.417320	103.268188	0.009215	12.5
1942	-1.131258	103.237857	0.008430	9.9
1943	-0.866149	103.207549	0.009622	9.9
1944	-0.419545	103.177265	0.004638	10.1
1945	-1.146429	103.147005	0.012945	12.1
1946	-0.983375	103.116768	0.006580	10.0
1947	-0.730384	103.086556	0.008736	10.1
1948	-1.029458	103.056366	0.011169	10.3
1949	-0.514405	103.026200	0.004976	12.4
1950	-0.788601	102.996058	0.008482	10.3
1951	-1.261198	102.965939	0.009019	9.6
1952	-0.347023	102.935844	0.004946	10.1
1953	-0.561538	102.905772	0.005339	12.9
1954	-0.754617	102.875724	0.006803	10.2
1955	-0.950651	102.845699	0.010379	9.4
1956	-0.690787	102.815697	0.008116	10.5
1957	-0.992359	102.785719	0.009522	12.9
1958	-0.904690	102.755764	0.007820	11.0
1959	-1.248862	102.725832	0.009652	11.0
1960	-1.062581	102.695924	0.008481	11.4
1961	-0.495579	102.666038	0.007078	14.2
1962	-1.379175	102.636176	0.010983	11.5
1963	-1.054627	102.606337	0.009028	10.7
1964	-1.236621	102.576521	0.009653	15.1
1965	-0.313667	102.546728	0.008112	12.1
1966	-1.204323	102.516959	0.008065	10.6
1967	-1.365067	102.487212	0.010377	13.2
1968	-0.091857	102.457488	0.002820	12.5
1969	-1.218482	102.427788	0.009516	11.9
1970	-1.032344	102.398110	0.008805	10.3
1971	-0.097484	102.368455	0.003530	13.0
1972	-1.269310	102.338823	0.011274	9.9
1973	-0.987539	102.309214	0.008289	10.2
1974	-1.009856	102.279628	0.008928	10.3
1975	-1.138368	102.250064	0.007981	12.6
1976	-0.582407	102.220524	0.006662	10.1
1977	-1.271472	102.191006	0.011925	9.5
1978	-1.325522	102.161511	0.010059	10.2
1979	-0.443788	102.132038	0.006031	12.8
1980	-0.465855	102.102588	0.005559	10.1
1981	-1.072532	102.073161	0.008630	14.1
1982	-1.115539	102.043757	0.007431	13.8
1983	-1.253859	102.014375	0.007517	13.3
1984	-0.592810	101.985015	0.008550	12.7
1985	-0.487078	101.955678	0.004417	13.1
1986	-1.205290	101.926364	0.009142	12.8
1987	-0.912440	101.897072	0.007439	13.4
1988	-0.777071	101.867802	0.007464	13.0
1989	-0.090001	101.838555	0.004490	13.9
1990	-0.401243	101.809330	0.004926	11.3
1991	-1.048409	101.780128	0.008926	12.3
1992	-0.667180	101.750948	0.007032	16.3
1993	-1.324199	101.721790	0.008373	12.7
1994	-0.707297	101.692654	0.005890	13.5
1995	-1.311679	101.663541	0.011486	14.8
1996	-0.821943	101.634450	0.008847	14.3
1997	-0.819743	101.605381	0.007764	12.3
1998	-0.352282	101.576335	0.006067	14.2
1999	-0.393380	101.547310	0.008599	10.6
