1:ItNr	2:Metric	3:StepSize	4:||Gradient||	Time[ms]
0	-0.978627	627.201626	0.007403	505.0
1	-0.261540	623.504937	0.003354	9.5
2	-0.441330	619.865785	0.005130	8.1
3	-1.042690	616.282728	0.007263	9.1
4	-0.599124	612.754375	0.005157	8.6
5	-1.081731	609.279381	0.008279	8.3
6	-0.956412	605.856447	0.009611	7.9
7	-0.430371	602.484317	0.005623	8.3
8	-0.769582	599.161779	0.005600	10.2
9	-0.753259	595.887656	0.009157	8.1
10	-0.770990	592.660813	0.005872	8.0
11	-0.216172	589.480151	0.003222	7.4
12	-0.375041	586.344606	0.006035	8.6
13	-0.474763	583.253145	0.005219	10.2
14	-0.460596	580.204771	0.003859	8.3
15	-0.698628	577.198517	0.007480	7.8
16	-0.822245	574.233444	0.008561	8.2
17	-0.966102	571.308645	0.011873	8.4
18	-0.648507	568.423237	0.007663	10.2
19	-0.955400	565.576365	0.010683	10.7
20	-0.174103	562.767201	0.002605	8.7
21	-0.311577	559.994938	0.003452	8.5
22	-0.814183	557.258797	0.008772	8.9
23	-0.936091	554.558018	0.009033	10.7
24	-0.349949	551.891865	0.004143	8.1
25	-1.087371	549.259621	0.008607	8.5
26	-1.171373	546.660592	0.010354	8.2
27	-1.203614	544.094102	0.010182	10.5
28	-0.265280	541.559494	0.003579	8.9
29	-0.990175	539.056129	0.006561	9.2
30	-0.861750	536.583387	0.006006	8.9
31	-0.739189	534.140663	0.007880	11.3
32	-1.095504	531.727370	0.010026	10.8
33	-0.712458	529.342935	0.009692	9.1
34	-1.160662	526.986802	0.009543	7.9
35	-0.394015	524.658430	0.004830	10.5
36	-0.799658	522.357290	0.005597	9.5
37	-1.148219	520.082868	0.008139	8.3
38	-1.166792	517.834665	0.009523	9.0
39	-0.865178	515.612193	0.010845	9.9
40	-0.422892	513.414976	0.004895	8.1
41	-0.919256	511.242551	0.008760	7.8
42	-1.238240	509.094468	0.009638	8.7
43	-1.153709	506.970285	0.011000	9.3
44	-0.692092	504.869574	0.007282	10.0
45	-1.088098	502.791916	0.009178	9.0
46	-1.016447	500.736903	0.010522	8.0
47	-0.283942	498.704137	0.005031	8.0
48	-1.165800	496.693228	0.009596	8.6
49	-1.246573	494.703798	0.008806	11.0
50	-0.031484	492.735476	0.001214	8.1
51	-1.205367	490.787900	0.007587	8.4
52	-1.065796	488.860718	0.008216	11.7
53	-0.506167	486.953585	0.005655	12.1
54	-0.949243	485.066164	0.008789	8.4
55	-0.586600	483.198126	0.003213	9.2
56	-1.117140	481.349149	0.009007	7.9
57	-0.889485	479.518920	0.008456	10.2
58	-1.208795	477.707132	0.011344	8.1
59	-0.860719	475.913485	0.006436	8.2
60	-0.661299	474.137684	0.008864	8.7
61	-1.173493	472.379445	0.011059	8.1
62	-0.857981	470.638485	0.008487	10.5
63	-1.195223	468.914531	0.009481	12.6
64	-0.743262	467.207315	0.007349	8.1
65	-0.825476	465.516573	0.009069	7.8
66	-0.242158	463.842050	0.004022	10.4
67	-0.655239	462.183494	0.007930	8.6
68	-0.835889	460.540658	0.008325	7.9
69	-0.901934	458.913303	0.008941	8.9
70	-0.746699	457.301192	0.006711	8.1
71	-0.986415	455.704096	0.005907	10.6
72	-0.516920	454.121787	0.006287	7.8
73	-0.906184	452.554045	0.009005	8.8
74	-0.785822	451.000653	0.009975	9.9
75	-0.282616	449.461399	0.005745	11.4
76	-0.916840	447.936075	0.008075	10.0
77	-1.092695	446.424477	0.007556	7.9
78	-0.629326	444.926406	0.005650	9.2
79	-0.405945	443.441666	0.002679	8.8
80	-0.676691	441.970065	0.006982	10.7
81	-1.124567	440.511415	0.007205	8.1
82	-0.747186	439.065533	0.008936	8.5
83	-1.075517	437.632238	0.007622	8.6
84	-0.974446	436.211351	0.008158	10.6
85	-1.152019	434.802701	0.009826	9.1
86	-0.216486	433.406117	0.002406	9.0
87	-0.306592	432.021430	0.003375	8.1
88	-1.169956	430.648479	0.008917	8.2
89	-0.261343	429.287101	0.005062	11.2
90	-0.948492	427.937140	0.013224	8.0
91	-0.924377	426.598440	0.008160	7.8
92	-0.712755	425.270849	0.008427	8.2
93	-1.162867	423.954220	0.010031	10.7
94	-1.293269	422.648404	0.012359	8.1
95	-0.166834	421.353259	0.003852	7.4
96	-1.034286	420.068643	0.008146	8.2
97	-1.129042	418.794419	0.013837	11.9
98	-0.737217	417.530451	0.007579	10.8
99	-1.296568	416.276604	0.013154	9.4
100	-0.093781	415.032748	0.001960	8.7
101	-0.735110	413.798754	0.004847	10.5
102	-0.362194	412.574495	0.002692	10.9
103	-0.804153	411.359849	0.008801	9.8
104	-1.162167	410.154691	0.008863	8.1
105	-0.702694	408.958904	0.006775	8.9
106	-0.836754	407.772368	0.006905	10.3
107	-0.966057	406.594968	0.009497	7.9
108	-1.094027	405.426590	0.008595	8.8
109	-0.922044	404.267122	0.006948	8.5
110	-0.243228	403.116456	0.003024	10.8
111	-0.308347	401.974481	0.004371	8.4
112	-1.247230	400.841093	0.009077	8.3
113	-1.203810	399.716187	0.008624	12.3
114	-0.733536	398.599660	0.007970	9.1
115	-0.801607	397.491411	0.007947	9.0
116	-0.256123	396.391342	0.005421	9.4
117	-0.828455	395.299353	0.008326	9.1
118	-0.881635	394.215350	0.010093	8.5
119	-0.903002	393.139238	0.007057	10.2
120	-0.598978	392.070924	0.006803	8.4
121	-0.344669	391.010316	0.003073	7.4
122	-1.240496	389.957325	0.013416	8.3
123	-0.182093	388.911862	0.002992	9.8
124	-0.822989	387.873839	0.007684	8.9
125	-1.027251	386.843173	0.008392	8.4
126	-0.554801	385.819777	0.005738	8.5
127	-0.713886	384.803569	0.007157	8.2
128	-0.570724	383.794468	0.006112	12.4
129	-1.117771	382.792393	0.007520	8.1
130	-0.000000	381.797264	0.000000	8.9
131	-0.234180	380.809005	0.004281	8.8
132	-0.000000	379.827537	0.000000	10.2
133	-1.097009	378.852786	0.009396	8.4
134	-1.147120	377.884678	0.006985	8.6
135	-1.157688	376.923138	0.011466	7.6
136	-1.179188	375.968095	0.012131	8.9
137	-0.888473	375.019479	0.007799	10.7
138	-1.096962	374.077218	0.008947	8.5
139	-1.166998	373.141244	0.009841	8.4
140	-0.591977	372.211489	0.006476	8.4
141	-1.121768	371.287887	0.010687	10.8
142	-0.629036	370.370370	0.008123	7.8
143	-0.512177	369.458876	0.005210	9.0
144	-1.123040	368.553338	0.008758	8.0
145	-0.909865	367.653696	0.006427	8.7
146	-0.906130	366.759885	0.006379	11.3
147	-0.649308	365.871846	0.008565	8.1
148	-0.987377	364.989518	0.011707	7.7
149	-0.822843	364.112841	0.008470	8.9
150	-1.012827	363.241757	0.008783	9.0
151	-0.800572	362.376208	0.008650	11.2
152	-0.482630	361.516137	0.004581	8.0
153	-0.858078	360.661488	0.007726	9.2
154	-0.859209	359.812206	0.010850	8.5
155	-1.205721	358.968236	0.008651	10.3
156	-0.968283	358.129524	0.009530	7.5
157	-1.145159	357.296018	0.008064	9.1
158	-0.213498	356.467665	0.002250	8.9
159	-0.751420	355.644414	0.008362	8.9
160	-0.953260	354.826213	0.011110	10.0
161	-0.966990	354.013012	0.007535	8.4
162	-0.493042	353.204763	0.007022	7.8
163	-1.057273	352.401415	0.008460	7.8
164	-0.470240	351.602922	0.004890	9.9
165	-0.706931	350.809235	0.008720	8.3
166	-1.272916	350.020308	0.011382	8.3
167	-0.891694	349.236095	0.008765	7.6
168	-0.515928	348.456550	0.005646	8.7
169	-1.226174	347.681627	0.006744	9.9
170	-1.219890	346.911283	0.008696	7.9
171	-1.243317	346.145474	0.008663	7.9
172	-0.602588	345.384157	0.007910	8.8
173	-1.222013	344.627288	0.014507	8.2
174	-0.724903	343.874826	0.007936	11.1
175	-1.352649	343.126729	0.013271	8.9
176	-0.074741	342.382957	0.002258	8.6
177	-1.212329	341.643469	0.009263	8.4
178	-1.106914	340.908224	0.009807	7.9
179	-1.205923	340.177184	0.008635	14.8
180	-1.291659	339.450309	0.012513	9.5
181	-0.796327	338.727561	0.005933	9.3
182	-0.820098	338.008902	0.011291	7.9
183	-0.809083	337.294295	0.008678	8.6
184	-0.801628	336.583703	0.010307	10.6
185	-1.218087	335.877089	0.009714	8.2
186	-0.168751	335.174416	0.003111	9.1
187	-1.022948	334.475651	0.005900	8.4
188	-1.064490	333.780756	0.008345	11.3
189	-1.082433	333.089698	0.010142	8.3
190	-1.124567	332.402443	0.007570	8.4
191	-1.132873	331.718955	0.007267	8.3
192	-1.148969	331.039203	0.007897	8.5
193	-0.273714	330.363153	0.003511	10.1
194	-1.031322	329.690771	0.009892	8.2
195	-1.194055	329.022027	0.006816	8.6
196	-0.793290	328.356888	0.005050	8.2
197	-0.833059	327.695322	0.009042	10.6
198	-0.036088	327.037299	0.001308	8.8
199	-0.507535	326.382787	0.006334	8.9
200	-0.751588	325.731758	0.006674	11.2
201	-0.541097	325.084179	0.006613	11.6
202	-1.212264	324.440023	0.010104	15.8
203	-0.524690	323.799258	0.004793	15.5
204	-1.101507	323.161858	0.008128	21.0
205	-0.780150	322.527792	0.008287	11.8
206	-0.563870	321.897034	0.006416	9.4
207	-1.226421	321.269554	0.008493	8.4
208	-1.052670	320.645325	0.006665	11.5
209	-0.625373	320.024320	0.006251	9.4
210	-1.157164	319.406512	0.009132	7.9
211	-1.217941	318.791875	0.008574	8.2
212	-1.257851	318.180381	0.009502	8.2
213	-0.312207	317.572005	0.003455	11.1
214	-1.267928	316.966721	0.013316	8.7
215	-0.793178	316.364504	0.005866	8.8
216	-1.086063	315.765329	0.007327	9.9
217	-0.914518	315.169170	0.010271	12.1
218	-0.611551	314.576003	0.008876	7.9
219	-0.727975	313.985804	0.006634	7.5
220	-1.359962	313.398548	0.009691	8.7
221	-1.090020	312.814213	0.010937	11.1
222	-1.376669	312.232773	0.010664	8.8
223	-0.969398	311.654207	0.007257	8.6
224	-0.047769	311.078491	0.001381	11.1
225	-0.709944	310.505602	0.007910	9.9
226	-0.872818	309.935518	0.008032	9.8
227	-1.047737	309.368217	0.009964	8.4
228	-1.055198	308.803676	0.008365	8.8
229	-0.692127	308.241874	0.006124	8.6
230	-1.182354	307.682789	0.006678	13.9
231	-0.953299	307.126400	0.009069	9.0
232	-0.396719	306.572687	0.005994	8.2
233	-0.565657	306.021627	0.006791	14.6
234	-0.483772	305.473201	0.004665	9.2
235	-0.206035	304.927388	0.003487	10.0
236	-1.271646	304.384168	0.007930	9.2
237	-0.787811	303.843521	0.007154	11.3
238	-1.219744	303.305427	0.009182	8.7
239	-0.611588	302.769867	0.005735	12.0
240	-1.061185	302.236821	0.009443	9.3
241	-1.169102	301.706270	0.008536	12.1
242	-0.707067	301.178196	0.008268	9.4
243	-0.997497	300.652580	0.005541	8.8
244	-1.019781	300.129402	0.011656	9.5
245	-0.582464	299.608645	0.006331	11.3
246	-1.092783	299.090291	0.007212	9.7
247	-0.887790	298.574321	0.006201	9.3
248	-0.932772	298.060718	0.008898	9.8
249	-0.842734	297.549465	0.007422	11.0
250	-0.682501	297.040543	0.008913	9.5
251	-0.912588	296.533936	0.008639	10.6
252	-1.056157	296.029626	0.007642	10.0
253	-0.890049	295.527597	0.008187	10.9
254	-1.296000	295.027832	0.006661	9.2
255	-1.174514	294.530315	0.011335	9.9
256	-0.720609	294.035028	0.008652	9.0
257	-1.307253	293.541956	0.008678	11.3
258	-1.149188	293.051083	0.009843	10.3
259	-0.036104	292.562393	0.002450	8.3
260	-0.915734	292.075870	0.006069	8.7
261	-1.166092	291.591498	0.009941	8.9
262	-1.121219	291.109263	0.008655	9.9
263	-0.382016	290.629149	0.003882	7.7
264	-0.356821	290.151140	0.007359	8.7
265	-0.173945	289.675222	0.003966	8.6
266	-1.147545	289.201380	0.007552	11.0
267	-0.044724	288.729600	0.001478	8.1
268	-0.858451	288.259866	0.009223	9.0
269	-1.283300	287.792165	0.010272	8.4
270	-1.279119	287.326481	0.011219	9.1
271	-0.777462	286.862802	0.006198	10.7
272	-1.171493	286.401113	0.013855	8.9
273	-0.722083	285.941400	0.007758	8.9
274	-0.761611	285.483649	0.005863	8.2
275	-0.770263	285.027847	0.007947	11.4
276	-0.638143	284.573981	0.006514	8.2
277	-0.919017	284.122037	0.006177	8.4
278	-0.715951	283.672002	0.006289	9.3
279	-1.183943	283.223863	0.009475	8.3
280	-0.438142	282.777607	0.004497	10.9
281	-0.512600	282.333221	0.003713	8.8
282	-0.845459	281.890692	0.008386	8.0
283	-1.205676	281.450008	0.009028	8.5
284	-0.661187	281.011157	0.006844	11.2
285	-0.852611	280.574125	0.007058	9.0
286	-0.415950	280.138901	0.004538	8.5
287	-0.913884	279.705473	0.007730	8.7
288	-0.807625	279.273829	0.010368	8.2
289	-0.663217	278.843956	0.005896	10.0
290	-0.842518	278.415844	0.010019	7.6
291	-0.835677	277.989479	0.006125	8.6
292	-0.744079	277.564851	0.006212	8.3
293	-0.920771	277.141949	0.007652	10.8
294	-0.761836	276.720761	0.008675	8.6
295	-0.661525	276.301275	0.005135	7.3
296	-0.939761	275.883480	0.010292	8.8
297	-0.613796	275.467366	0.005156	8.7
298	-1.125765	275.052922	0.008283	12.2
299	-1.177560	274.640136	0.008190	7.8
300	-1.264246	274.228998	0.011233	8.5
301	-0.031378	273.819497	0.002044	8.2
302	-0.827924	273.411623	0.006598	10.6
303	-0.590817	273.005365	0.005945	7.5
304	-1.209504	272.600712	0.007592	8.2
305	-1.300778	272.197655	0.007416	9.2
306	-1.167227	271.796184	0.009719	8.1
307	-1.149091	271.396287	0.007483	11.0
308	-0.182017	270.997956	0.002168	8.5
309	-0.156156	270.601180	0.004105	7.9
310	-1.149459	270.205949	0.008184	8.9
311	-0.214196	269.812254	0.003181	9.2
312	-1.303124	269.420085	0.007904	11.1
313	-1.215321	269.029432	0.009184	9.1
314	-1.181420	268.640287	0.007516	9.9
315	-0.315471	268.252638	0.004302	10.4
316	-0.302491	267.866478	0.004993	10.4
317	-1.371978	267.481796	0.011130	9.5
318	-1.017991	267.098584	0.008925	11.1
319	-1.120820	266.716833	0.007891	11.2
320	-0.451282	266.336533	0.003136	9.7
321	-1.252705	265.957676	0.006387	10.4
322	-0.826581	265.580253	0.004851	9.2
323	-0.428095	265.204254	0.005652	12.6
324	-0.767368	264.829672	0.009937	10.0
325	-0.822221	264.456497	0.005868	9.2
326	-1.056796	264.084721	0.008958	9.2
327	-0.825672	263.714335	0.007305	11.4
328	-0.059337	263.345332	0.001172	7.7
329	-0.746378	262.977702	0.005604	10.1
330	-1.198774	262.611438	0.007417	9.5
331	-1.163815	262.246531	0.008120	11.5
332	-1.178885	261.882973	0.009974	11.0
333	-0.589308	261.520756	0.006976	8.7
334	-0.602442	261.159871	0.003967	9.1
335	-0.728734	260.800312	0.007293	11.3
336	-1.116145	260.442070	0.008094	13.4
337	-0.800904	260.085137	0.005441	9.6
338	-0.632386	259.729505	0.006968	11.2
339	-1.279044	259.375167	0.007184	12.6
340	-0.973225	259.022116	0.007457	9.4
341	-0.776639	258.670343	0.006267	8.2
342	-0.075108	258.319841	0.003031	9.6
343	-0.296452	257.970602	0.004027	12.6
344	-0.285256	257.622620	0.004214	10.0
345	-0.594786	257.275887	0.006086	8.8
346	-1.239503	256.930396	0.006637	10.2
347	-1.254700	256.586139	0.006808	9.0
348	-0.427687	256.243109	0.003415	8.9
349	-1.230279	255.901300	0.006445	8.8
350	-1.247326	255.560703	0.008393	8.4
351	-0.245056	255.221313	0.005104	11.6
352	-1.195217	254.883122	0.006067	9.1
353	-1.103271	254.546124	0.007123	12.4
354	-0.163005	254.210311	0.002769	16.2
355	-1.238211	253.875677	0.007225	14.5
356	-0.766527	253.542215	0.005762	13.4
357	-1.198315	253.209918	0.008626	14.8
358	-1.055116	252.878781	0.009407	11.3
359	-1.023546	252.548795	0.007538	10.9
360	-1.163741	252.219956	0.008665	11.0
361	-0.497829	251.892255	0.006008	13.6
362	-0.301137	251.565688	0.003659	10.7
363	-0.908788	251.240247	0.007680	9.8
364	-0.849143	250.915926	0.004819	11.7
365	-1.130112	250.592720	0.007086	12.5
366	-1.036010	250.270621	0.010323	8.7
367	-0.939477	249.949624	0.005301	10.4
368	-0.439919	249.629723	0.006292	9.5
369	-0.748228	249.310911	0.008675	12.2
370	-0.855129	248.993182	0.006138	9.0
371	-1.050330	248.676531	0.008360	9.0
372	-0.800180	248.360952	0.007356	9.6
373	-1.079481	248.046438	0.010806	12.7
374	-0.916515	247.732984	0.006520	9.0
375	-1.232961	247.420584	0.006621	10.6
376	-0.677305	247.109233	0.008104	9.7
377	-0.681393	246.798924	0.005815	13.4
378	-0.225886	246.489652	0.002354	9.6
379	-0.778891	246.181412	0.004808	8.5
380	-0.874490	245.874197	0.006775	10.4
381	-1.189940	245.568002	0.006817	11.5
382	-0.807514	245.262822	0.005682	9.9
383	-0.766385	244.958652	0.006853	9.6
384	-0.823499	244.655485	0.004524	11.5
385	-1.244012	244.353317	0.007838	14.5
386	-0.632691	244.052142	0.005529	11.0
387	-0.731948	243.751955	0.006617	10.7
388	-0.261402	243.452750	0.003723	15.8
389	-0.617597	243.154523	0.006629	15.7
390	-1.087107	242.857268	0.007999	13.5
391	-1.228980	242.560980	0.008628	15.8
392	-1.145554	242.265654	0.008307	13.6
393	-0.780919	241.971285	0.006487	12.9
394	-0.669483	241.677868	0.006453	12.9
395	-0.770455	241.385397	0.009913	13.3
396	-1.197364	241.093869	0.009854	13.1
397	-1.021640	240.803278	0.007533	15.6
398	-0.222086	240.513619	0.003392	13.1
399	-1.213677	240.224887	0.007428	13.5
400	-0.000000	239.937077	0.000000	15.1
401	-1.182218	239.650186	0.008551	12.6
402	-1.182293	239.364207	0.008700	12.1
403	-0.949654	239.079136	0.008507	13.4
404	-1.139545	238.794969	0.011169	12.5
405	-0.520173	238.511701	0.004726	11.6
406	-1.275867	238.229327	0.009297	13.1
407	-0.876783	237.947843	0.012314	13.5
408	-1.055476	237.667244	0.008031	12.9
409	-0.381495	237.387526	0.004557	14.3
410	-0.620485	237.108684	0.004824	15.2
411	-0.447225	236.830714	0.008203	13.2
412	-0.761692	236.553610	0.004488	13.6
413	-0.394261	236.277370	0.004403	14.3
414	-0.501063	236.001989	0.007250	11.3
415	-0.946664	235.727461	0.006417	14.2
416	-0.947697	235.453784	0.008546	14.2
417	-1.042472	235.180952	0.008260	13.2
418	-0.771053	234.908962	0.005119	14.0
419	-0.804207	234.637809	0.009584	14.3
420	-1.231695	234.367488	0.010009	14.8
421	-0.494376	234.097997	0.004399	15.7
422	-1.225808	233.829331	0.009077	13.8
423	-1.124075	233.561485	0.008240	13.7
424	-0.052413	233.294456	0.002286	16.6
425	-1.214364	233.028239	0.007622	13.2
426	-1.256723	232.762831	0.008956	10.0
427	-0.640103	232.498228	0.006851	9.9
428	-0.554550	232.234425	0.006694	13.6
429	-1.189152	231.971419	0.007650	9.7
430	-0.314975	231.709205	0.003240	12.5
431	-0.849426	231.447781	0.010055	14.2
432	-1.201301	231.187141	0.009373	15.6
433	-1.157521	230.927283	0.008647	13.3
434	-1.015683	230.668202	0.007140	16.1
435	-0.673310	230.409895	0.007185	13.8
436	-0.352872	230.152358	0.006097	13.7
437	-0.961246	229.895587	0.007474	15.2
438	-0.842785	229.639578	0.007644	13.2
439	-1.175827	229.384329	0.007775	13.6
440	-0.461848	229.129834	0.005296	16.4
441	-1.167006	228.876091	0.009451	13.4
442	-0.888431	228.623096	0.007785	13.0
443	-1.302544	228.370846	0.007464	16.3
444	-1.013588	228.119336	0.006226	13.7
445	-0.733308	227.868563	0.008428	14.5
446	-1.228292	227.618525	0.006978	15.9
447	-1.136329	227.369216	0.006132	14.1
448	-0.139423	227.120635	0.003540	13.7
449	-1.172322	226.872777	0.009496	16.0
450	-0.890467	226.625638	0.007858	14.5
451	-0.951528	226.379217	0.004531	14.0
452	-1.011087	226.133509	0.008283	16.1
453	-0.443670	225.888510	0.006511	14.5
454	-1.066275	225.644218	0.008820	14.2
455	-0.441037	225.400630	0.005871	14.3
456	-1.382315	225.157741	0.009452	14.2
457	-1.174124	224.915549	0.009012	14.9
458	-1.288469	224.674051	0.008996	15.3
459	-1.224006	224.433242	0.009737	13.9
460	-1.207824	224.193121	0.007995	13.7
461	-0.256344	223.953684	0.004313	15.6
462	-0.784651	223.714927	0.008495	13.2
463	-1.157986	223.476848	0.009372	13.3
464	-1.214181	223.239444	0.008923	14.2
465	-0.472321	223.002710	0.004547	12.2
466	-0.774203	222.766645	0.009096	13.2
467	-0.724580	222.531245	0.006152	15.7
468	-1.197537	222.296508	0.007990	12.7
469	-0.877822	222.062429	0.008009	13.6
470	-0.757333	221.829007	0.006370	15.8
471	-0.967821	221.596238	0.007436	14.8
472	-1.045155	221.364119	0.009022	16.0
473	-1.064104	221.132647	0.009177	17.9
474	-1.095962	220.901820	0.007776	17.3
475	-0.759211	220.671634	0.006476	15.3
476	-1.158364	220.442086	0.009872	17.8
477	-0.151424	220.213174	0.003029	13.7
478	-0.609338	219.984895	0.006032	14.0
479	-1.169638	219.757246	0.006457	15.5
480	-1.260997	219.530224	0.006411	14.2
481	-1.226102	219.303826	0.007055	13.9
482	-1.270697	219.078050	0.009870	16.3
483	-0.732712	218.852893	0.005352	11.5
484	-0.725826	218.628352	0.008256	11.6
485	-1.070912	218.404424	0.007001	9.9
486	-0.003767	218.181106	0.000204	13.3
487	-1.192160	217.958397	0.006895	9.8
488	-0.955720	217.736292	0.008693	8.9
489	-0.878702	217.514790	0.009242	10.2
490	-1.312779	217.293888	0.013361	12.0
491	-1.232585	217.073584	0.007733	12.5
492	-1.213891	216.853873	0.006392	13.1
493	-0.563619	216.634755	0.006188	17.0
494	-1.209399	216.416227	0.006246	15.0
495	-0.848874	216.198285	0.008340	14.8
496	-0.147105	215.980927	0.002277	16.2
497	-0.520638	215.764151	0.006663	17.0
498	-0.606013	215.547955	0.004827	97.0
499	-0.697167	215.332335	0.007038	24.7
500	-0.613927	215.117289	0.005668	21.3
501	-0.850919	214.902815	0.004671	17.0
502	-0.563936	214.688911	0.005139	14.9
503	-0.634875	214.475573	0.005630	21.6
504	-0.713372	214.262800	0.006313	21.2
505	-0.685094	214.050588	0.006497	17.7
506	-1.244524	213.838936	0.005886	16.1
507	-1.316056	213.627842	0.007292	15.3
508	-1.245878	213.417302	0.008471	16.3
509	-0.011126	213.207314	0.001031	16.8
510	-1.225194	212.997877	0.010250	16.8
511	-1.280322	212.788987	0.010752	14.7
512	-1.208136	212.580642	0.006280	17.7
513	-0.366351	212.372841	0.003305	17.9
514	-1.241089	212.165581	0.010570	14.8
515	-1.204953	211.958859	0.012038	16.7
516	-0.807536	211.752673	0.007328	14.7
517	-1.003157	211.547021	0.007007	16.7
518	-1.244519	211.341902	0.008277	29.8
519	-0.096180	211.137311	0.002893	16.3
520	-0.954231	210.933248	0.005455	15.0
521	-0.330079	210.729710	0.003211	25.6
522	-0.709410	210.526695	0.005641	15.3
523	-1.116545	210.324200	0.009577	14.0
524	-0.541480	210.122224	0.006056	15.6
525	-0.772677	209.920765	0.005749	13.2
526	-0.361737	209.719820	0.005529	16.0
527	-0.310303	209.519387	0.003864	13.8
528	-0.154492	209.319463	0.003523	17.0
529	-0.997437	209.120048	0.010353	14.0
530	-0.970918	208.921139	0.008524	14.6
531	-0.889829	208.722733	0.007725	11.8
532	-0.546660	208.524829	0.006499	11.7
533	-1.153847	208.327425	0.007199	13.4
534	-1.202701	208.130518	0.006938	12.6
535	-1.221115	207.934107	0.008044	18.7
536	-1.250479	207.738189	0.007351	17.3
537	-0.196958	207.542762	0.002971	13.2
538	-0.041089	207.347825	0.002702	12.0
539	-1.146935	207.153376	0.009599	11.6
540	-0.607346	206.959412	0.006143	13.5
541	-1.104158	206.765932	0.007934	13.5
542	-1.122375	206.572933	0.007639	14.8
543	-0.777490	206.380414	0.005838	15.2
544	-0.801421	206.188373	0.007631	10.0
545	-0.754703	205.996807	0.009299	13.7
546	-0.879823	205.805716	0.008359	14.2
547	-0.683291	205.615096	0.006981	18.5
548	-0.859282	205.424946	0.005661	22.8
549	-1.237039	205.235265	0.009109	29.3
550	-1.142390	205.046050	0.007094	24.5
551	-0.423585	204.857299	0.003003	9.0
552	-0.637650	204.669011	0.008147	15.0
553	-1.169885	204.481184	0.008305	17.2
554	-0.937936	204.293816	0.007180	16.6
555	-1.043474	204.106905	0.008407	10.7
556	-1.197053	203.920449	0.011085	14.4
557	-0.835307	203.734447	0.009256	11.3
558	-0.735881	203.548896	0.005820	10.7
559	-1.192736	203.363795	0.007668	14.8
560	-1.184832	203.179143	0.009084	25.8
561	-0.360745	202.994937	0.003611	30.2
562	-0.691147	202.811176	0.006277	27.4
563	-0.864394	202.627857	0.008174	20.4
564	-0.836321	202.444980	0.007490	19.4
565	-1.224737	202.262543	0.009039	16.0
566	-0.873092	202.080543	0.007276	16.2
567	-0.112306	201.898979	0.002071	17.1
568	-0.658562	201.717849	0.005265	15.5
569	-1.207893	201.537153	0.008075	20.1
570	-1.154121	201.356887	0.006928	19.4
571	-0.840675	201.177050	0.007917	13.4
572	-0.498664	200.997642	0.004340	10.9
573	-1.170039	200.818659	0.010665	14.6
574	-0.672565	200.640100	0.007610	9.5
575	-1.262846	200.461965	0.008048	10.8
576	-1.082119	200.284250	0.007821	10.6
577	-1.209538	200.106955	0.006807	11.5
578	-1.213238	199.930078	0.010724	10.4
579	-0.947790	199.753617	0.006679	8.9
580	-0.193250	199.577571	0.003329	9.7
581	-1.166851	199.401938	0.007779	20.8
582	-0.258813	199.226717	0.003882	16.2
583	-0.997862	199.051905	0.007209	9.0
584	-0.860589	198.877502	0.007939	9.7
585	-1.262155	198.703506	0.008819	15.0
586	-0.082229	198.529916	0.001126	9.0
587	-1.275047	198.356729	0.007694	9.6
588	-1.238772	198.183944	0.006366	11.6
589	-1.155762	198.011560	0.006552	11.3
590	-0.945544	197.839576	0.008974	8.4
591	-0.197293	197.667989	0.002166	8.8
592	-0.945230	197.496798	0.008883	12.3
593	-0.887275	197.326002	0.006533	8.8
594	-0.977582	197.155600	0.008242	9.9
595	-0.875092	196.985589	0.006666	8.8
596	-0.934863	196.815969	0.007456	11.2
597	-1.157065	196.646738	0.010723	11.0
598	-1.062230	196.477894	0.008795	9.5
599	-0.993881	196.309436	0.006964	8.7
600	-1.207136	196.141363	0.011172	10.4
601	-0.595576	195.973673	0.006521	10.2
602	-0.709823	195.806365	0.006316	9.4
603	-1.186326	195.639437	0.005168	8.9
604	-0.992066	195.472888	0.011513	9.7
605	-0.819569	195.306717	0.005186	9.3
606	-0.195656	195.140922	0.002093	8.1
607	-0.785670	194.975501	0.006960	8.4
608	-0.931437	194.810454	0.009774	9.9
609	-0.760633	194.645779	0.007130	11.4
610	-1.132944	194.481475	0.011182	10.1
611	-1.308696	194.317540	0.006754	9.7
612	-0.312196	194.153973	0.005521	9.1
613	-1.105478	193.990773	0.007606	11.1
614	-1.139694	193.827938	0.008957	8.6
615	-0.327187	193.665467	0.003345	8.5
616	-0.667031	193.503358	0.003957	8.3
617	-1.273542	193.341611	0.007360	11.8
618	-0.637493	193.180224	0.006104	8.6
619	-0.058866	193.019196	0.001584	9.3
620	-0.967553	192.858525	0.008964	9.9
621	-1.147815	192.698210	0.010093	10.3
622	-0.876030	192.538251	0.010957	9.1
623	-0.453343	192.378644	0.005744	8.9
624	-0.676999	192.219391	0.007020	9.2
625	-1.195252	192.060488	0.006242	9.6
626	-0.136384	191.901935	0.005450	10.9
627	-1.113401	191.743730	0.007177	9.5
628	-1.066856	191.585873	0.006871	9.4
629	-1.177908	191.428362	0.008531	9.7
630	-0.537280	191.271196	0.007319	10.3
631	-0.961085	191.114374	0.007829	8.8
632	-0.910508	190.957893	0.006669	8.6
633	-0.537143	190.801755	0.005817	9.3
634	-0.932048	190.645956	0.007906	10.3
635	-0.414280	190.490495	0.006475	8.7
636	-0.671209	190.335373	0.004715	8.6
637	-0.845996	190.180587	0.006483	9.3
638	-0.344856	190.026136	0.002961	11.5
639	-0.459964	189.872019	0.005485	7.7
640	-1.144657	189.718235	0.006879	8.5
641	-0.811752	189.564782	0.006904	9.1
642	-1.074960	189.411661	0.009388	10.6
643	-0.884168	189.258868	0.006990	15.5
644	-0.983346	189.106404	0.009618	14.9
645	-1.067905	188.954267	0.006017	14.5
646	-0.322825	188.802456	0.006160	14.2
647	-1.320100	188.650969	0.011551	13.9
648	-1.272280	188.499807	0.006631	16.6
649	-0.298163	188.348967	0.002294	14.6
650	-0.059684	188.198448	0.001753	15.8
651	-1.008308	188.048250	0.009139	16.3
652	-1.208766	187.898371	0.008352	15.9
653	-1.190408	187.748810	0.008422	14.2
654	-0.300170	187.599566	0.005663	15.7
655	-1.056230	187.450638	0.006944	16.0
656	-0.343242	187.302025	0.006262	30.4
657	-0.975749	187.153725	0.008667	19.7
658	-0.848370	187.005739	0.008997	26.4
659	-0.951204	186.858064	0.008163	49.0
660	-0.601686	186.710699	0.005156	20.3
661	-0.827964	186.563645	0.006262	23.1
662	-0.817968	186.416898	0.007368	13.8
663	-1.237127	186.270459	0.009314	9.7
664	-0.818128	186.124326	0.007772	9.2
665	-1.288585	185.978499	0.009349	12.3
666	-0.387379	185.832976	0.005511	11.4
667	-1.150295	185.687756	0.009487	9.0
668	-0.928525	185.542838	0.007952	10.2
669	-0.695725	185.398222	0.006462	14.5
670	-1.166079	185.253906	0.008181	10.3
671	-1.060951	185.109889	0.008196	8.8
672	-0.808060	184.966170	0.008046	8.7
673	-0.617317	184.822748	0.005288	10.5
674	-1.061775	184.679623	0.008948	10.6
675	-1.367646	184.536792	0.009050	9.1
676	-1.069973	184.394256	0.008996	8.5
677	-1.050493	184.252013	0.007934	16.7
678	-0.903546	184.110062	0.008721	21.4
679	-0.623138	183.968403	0.005411	16.4
680	-0.064280	183.827034	0.001963	15.4
681	-1.169099	183.685954	0.008171	16.1
682	-1.210208	183.545163	0.008392	15.8
683	-1.210935	183.404658	0.006807	10.5
684	-1.223216	183.264441	0.008674	20.5
685	-0.999860	183.124509	0.004038	23.9
686	-0.421997	182.984861	0.003735	17.8
687	-0.599339	182.845497	0.005115	17.7
688	-0.308942	182.706416	0.003780	27.5
689	-1.292900	182.567616	0.008362	20.8
690	-1.150359	182.429098	0.008205	16.2
691	-0.763881	182.290859	0.009127	42.8
692	-1.107354	182.152899	0.008110	17.7
693	-1.137492	182.015217	0.008544	18.4
694	-1.168096	181.877813	0.006663	15.0
695	-0.656165	181.740684	0.008564	19.0
696	-1.035771	181.603832	0.007718	19.5
697	-0.729317	181.467253	0.006791	18.4
698	-1.226015	181.330948	0.006103	23.3
699	-1.214225	181.194916	0.009518	18.3
700	-0.934090	181.059155	0.006058	18.5
701	-0.240815	180.923666	0.005683	21.4
702	-0.303847	180.788446	0.003481	19.3
703	-0.129933	180.653496	0.003802	17.2
704	-1.311117	180.518814	0.007913	18.4
705	-0.964369	180.384399	0.007309	17.2
706	-0.991096	180.250251	0.005022	12.0
707	-1.085268	180.116369	0.006687	11.6
708	-0.311184	179.982752	0.004864	8.2
709	-0.895443	179.849398	0.007354	9.9
710	-0.781926	179.716308	0.007582	11.5
711	-1.194923	179.583480	0.007056	8.4
712	-0.726150	179.450913	0.005098	10.1
713	-1.355633	179.318607	0.007795	9.7
714	-1.066155	179.186561	0.008496	9.6
715	-0.674556	179.054774	0.007071	11.3
716	-0.911097	178.923245	0.005225	9.3
717	-0.800691	178.791973	0.006623	9.6
718	-0.988836	178.660958	0.008410	9.7
719	-0.246540	178.530199	0.003701	12.5
720	-0.734294	178.399694	0.007196	11.1
721	-0.108202	178.269444	0.002401	8.9
722	-1.042930	178.139447	0.009151	10.5
723	-0.794623	178.009702	0.006018	13.5
724	-1.060152	177.880209	0.007909	9.6
725	-1.324052	177.750967	0.008199	8.8
726	-1.207603	177.621975	0.007996	14.8
727	-0.913430	177.493232	0.010292	9.3
728	-0.721229	177.364738	0.009865	10.2
729	-1.162014	177.236492	0.007007	9.8
730	-0.771098	177.108492	0.006368	11.3
731	-0.898163	176.980739	0.006192	11.1
732	-1.232674	176.853231	0.007725	9.7
733	-1.364542	176.725968	0.007336	8.8
734	-0.632477	176.598949	0.005047	11.5
735	-0.864179	176.472173	0.008185	10.3
736	-1.024971	176.345639	0.006732	10.1
737	-1.153921	176.219348	0.007649	12.2
738	-1.173294	176.093296	0.006921	14.2
739	-0.437925	175.967486	0.004387	9.0
740	-1.265911	175.841914	0.008850	10.2
741	-0.721106	175.716581	0.008320	12.4
742	-0.404194	175.591486	0.003842	9.4
743	-1.211370	175.466629	0.007364	11.2
744	-1.163434	175.342008	0.008454	8.6
745	-1.226503	175.217622	0.011160	11.8
746	-0.070495	175.093472	0.002706	11.3
747	-0.954590	174.969556	0.006182	9.7
748	-1.288166	174.845873	0.006758	9.2
749	-0.382373	174.722423	0.004313	12.7
750	-1.128542	174.599206	0.009433	8.9
751	-1.234416	174.476220	0.010025	11.7
752	-0.954768	174.353464	0.008393	8.9
753	-1.179127	174.230939	0.009074	12.7
754	-0.884080	174.108643	0.006315	10.5
755	-0.191121	173.986576	0.002249	9.0
756	-1.203712	173.864737	0.007466	9.2
757	-0.346286	173.743124	0.005916	13.2
758	-1.008077	173.621739	0.005504	10.2
759	-0.562012	173.500579	0.006602	9.1
760	-1.087751	173.379645	0.009054	8.8
761	-0.834272	173.258935	0.006820	11.2
762	-0.486251	173.138449	0.006456	10.2
763	-0.944414	173.018186	0.006334	8.5
764	-1.015536	172.898146	0.009214	8.9
765	-0.685218	172.778327	0.004822	9.1
766	-1.094188	172.658730	0.006574	11.1
767	-0.920314	172.539353	0.008049	10.1
768	-1.106188	172.420196	0.005833	10.7
769	-1.003007	172.301258	0.008511	11.3
770	-1.275096	172.182539	0.008836	9.5
771	-0.877551	172.064037	0.007080	8.6
772	-0.672799	171.945753	0.008186	8.8
773	-0.875399	171.827686	0.006834	10.4
774	-1.201282	171.709834	0.009558	9.4
775	-0.124432	171.592198	0.001538	10.5
776	-0.591563	171.474776	0.005289	8.6
777	-1.042901	171.357568	0.010112	9.4
778	-0.281956	171.240574	0.002552	11.3
779	-0.756240	171.123793	0.008442	9.9
780	-0.954230	171.007223	0.008844	11.0
781	-0.638070	170.890865	0.004374	10.5
782	-0.826426	170.774718	0.006617	9.7
783	-1.235022	170.658782	0.006253	9.6
784	-0.979691	170.543055	0.008031	8.6
785	-1.127841	170.427537	0.009804	9.7
786	-1.257794	170.312227	0.007768	9.4
787	-0.397695	170.197125	0.004537	10.0
788	-1.225833	170.082231	0.009528	8.3
789	-1.113024	169.967543	0.008350	9.3
790	-1.287234	169.853061	0.009140	13.0
791	-0.763932	169.738784	0.008800	9.1
792	-0.736937	169.624713	0.005976	8.1
793	-0.349299	169.510845	0.004083	9.5
794	-1.075041	169.397181	0.007539	10.4
795	-0.333631	169.283720	0.005605	10.9
796	-0.719018	169.170462	0.006773	8.7
797	-1.248621	169.057405	0.006972	9.6
798	-0.854990	168.944549	0.007538	12.0
799	-0.811134	168.831895	0.006002	8.6
800	-0.867787	168.719440	0.006777	8.9
801	-0.707605	168.607185	0.006382	8.5
802	-1.338374	168.495129	0.006180	10.7
803	-1.146135	168.383271	0.006583	10.9
804	-1.196319	168.271611	0.008060	8.8
805	-1.238614	168.160148	0.007957	8.8
806	-0.857965	168.048882	0.005457	10.1
807	-1.026030	167.937812	0.009072	9.3
808	-0.980216	167.826938	0.008281	8.5
809	-1.040513	167.716258	0.006145	7.6
810	-1.134365	167.605773	0.006779	15.1
811	-0.169913	167.495482	0.002620	10.2
812	-0.848110	167.385384	0.007388	8.5
813	-0.653900	167.275479	0.004750	8.3
814	-0.734196	167.165766	0.006378	8.1
815	-1.244733	167.056245	0.008370	15.1
816	-1.288498	166.946915	0.011880	8.3
817	-1.071113	166.837776	0.007206	8.1
818	-0.862091	166.728826	0.007894	10.2
819	-0.765944	166.620067	0.005304	12.7
820	-1.149558	166.511496	0.008692	15.9
821	-1.230899	166.403113	0.007302	16.6
822	-0.137683	166.294919	0.003479	16.1
823	-0.959819	166.186912	0.008933	12.6
824	-1.302637	166.079091	0.007766	15.7
825	-1.183108	165.971458	0.008258	11.3
826	-1.327528	165.864009	0.011074	11.8
827	-0.912542	165.756747	0.008420	12.1
828	-0.930950	165.649669	0.009171	14.6
829	-1.040592	165.542775	0.006798	10.9
830	-0.822830	165.436065	0.008107	10.2
831	-1.225843	165.329538	0.008469	15.6
832	-1.296413	165.223194	0.008723	14.2
833	-0.385838	165.117032	0.005208	13.7
834	-0.745996	165.011052	0.006709	10.1
835	-0.704111	164.905253	0.007070	11.6
836	-1.265290	164.799635	0.008876	13.1
837	-0.991940	164.694197	0.007879	11.1
838	-1.152466	164.588939	0.006311	23.7
839	-1.297579	164.483859	0.006210	40.2
840	-0.111303	164.378959	0.002808	23.5
841	-0.313339	164.274237	0.003964	28.4
842	-1.102937	164.169692	0.011579	12.0
843	-0.092724	164.065325	0.004880	8.5
844	-1.257067	163.961135	0.007063	10.1
845	-0.798162	163.857120	0.007413	12.1
846	-0.963391	163.753282	0.008061	9.3
847	-0.537955	163.649619	0.005124	8.3
848	-0.763277	163.546130	0.006395	9.3
849	-0.004316	163.442816	0.000029	11.2
850	-1.411587	163.339676	0.007922	9.7
851	-0.909529	163.236709	0.008088	8.9
852	-0.941743	163.133915	0.006000	9.8
853	-0.416366	163.031294	0.004064	13.0
854	-1.020193	162.928844	0.006759	9.2
855	-0.768541	162.826566	0.007906	9.0
856	-0.852191	162.724459	0.007630	8.9
857	-1.041799	162.622523	0.008917	8.6
858	-1.206109	162.520757	0.007695	10.8
859	-0.767611	162.419160	0.007679	8.1
860	-0.053792	162.317733	0.001108	8.7
861	-0.042362	162.216474	0.001482	9.1
862	-1.062322	162.115383	0.007122	11.0
863	-0.779852	162.014461	0.006171	8.4
864	-0.661503	161.913705	0.007240	8.5
865	-1.016060	161.813117	0.006540	8.0
866	-0.080829	161.712695	0.000928	9.8
867	-0.127653	161.612439	0.002200	10.4
868	-0.117656	161.512349	0.001857	8.3
869	-1.090862	161.412424	0.007082	7.7
870	-1.054606	161.312663	0.004653	9.8
871	-0.868247	161.213067	0.007621	11.0
872	-1.189544	161.113635	0.007922	8.1
873	-1.022910	161.014366	0.005208	8.3
874	-0.511399	160.915260	0.005258	10.3
875	-1.082068	160.816316	0.006732	15.3
876	-0.444435	160.717535	0.003811	15.2
877	-1.384938	160.618915	0.011347	12.8
878	-1.062807	160.520456	0.009267	11.8
879	-0.624631	160.422158	0.005889	9.1
880	-0.400117	160.324021	0.003914	11.2
881	-0.680417	160.226043	0.005163	7.9
882	-0.377702	160.128225	0.004391	12.3
883	-1.252154	160.030566	0.007040	11.0
884	-1.127091	159.933066	0.009641	8.9
885	-1.199876	159.835723	0.010671	10.1
886	-0.878539	159.738539	0.007008	13.8
887	-0.976655	159.641512	0.006232	8.3
888	-0.966596	159.544642	0.007126	11.0
889	-1.112686	159.447929	0.006480	9.5
890	-1.232663	159.351372	0.008371	13.0
891	-0.966246	159.254971	0.008692	9.8
892	-0.934496	159.158725	0.007243	9.4
893	-1.225231	159.062634	0.010386	10.7
894	-1.304410	158.966697	0.008770	13.9
895	-0.444277	158.870915	0.004339	9.0
896	-0.622399	158.775286	0.006217	9.8
897	-0.299428	158.679811	0.003965	10.5
898	-1.206554	158.584489	0.007199	11.8
899	-0.769133	158.489319	0.008072	10.4
900	-0.545370	158.394302	0.004194	10.7
901	-0.981803	158.299436	0.007139	8.8
902	-0.642714	158.204721	0.007257	11.5
903	-1.100700	158.110158	0.007001	8.9
904	-1.233222	158.015745	0.007673	9.5
905	-1.023238	157.921482	0.010209	11.9
906	-1.181335	157.827369	0.008622	12.6
907	-1.274793	157.733406	0.009219	8.8
908	-0.994609	157.639591	0.008664	9.1
909	-1.223257	157.545925	0.008395	9.1
910	-0.018002	157.452408	0.001357	11.2
911	-1.232212	157.359038	0.008266	11.0
912	-0.693836	157.265816	0.009028	9.7
913	-0.407389	157.172741	0.005134	9.7
914	-0.074334	157.079813	0.002070	12.3
915	-0.986433	156.987031	0.008835	15.1
916	-1.326726	156.894395	0.009017	15.5
917	-0.255252	156.801904	0.004906	16.0
918	-0.695179	156.709559	0.005537	13.5
919	-0.212781	156.617359	0.004291	13.9
920	-1.114544	156.525304	0.005093	14.7
921	-1.338054	156.433392	0.007637	12.5
922	-1.019416	156.341624	0.007920	13.6
923	-0.921658	156.250000	0.009995	17.8
924	-1.190892	156.158519	0.008695	9.9
925	-1.322616	156.067180	0.008070	8.0
926	-1.234436	155.975984	0.006176	9.1
927	-1.354240	155.884930	0.010782	9.2
928	-0.626130	155.794017	0.004912	9.9
929	-0.849255	155.703246	0.006997	8.7
930	-1.303513	155.612615	0.006529	9.8
931	-0.563428	155.522125	0.006306	9.4
932	-0.890865	155.431775	0.004894	9.7
933	-1.106301	155.341565	0.009794	8.9
934	-1.246533	155.251495	0.006382	8.3
935	-0.305824	155.161563	0.003323	7.8
936	-1.316138	155.071771	0.009462	12.0
937	-0.187184	154.982117	0.004492	10.0
938	-1.060198	154.892601	0.006924	9.6
939	-1.133597	154.803222	0.007866	9.2
940	-1.176390	154.713981	0.006670	11.8
941	-0.903590	154.624878	0.008169	10.0
942	-0.889091	154.535910	0.006768	8.8
943	-1.288105	154.447080	0.008219	9.9
944	-1.125679	154.358385	0.007594	12.1
945	-0.151026	154.269826	0.003542	8.4
946	-1.360108	154.181402	0.008136	10.0
947	-0.627715	154.093114	0.003242	12.0
948	-0.705319	154.004960	0.005582	10.6
949	-0.817865	153.916940	0.006764	8.8
950	-0.389345	153.829054	0.005262	9.2
951	-0.910069	153.741303	0.007336	7.7
952	-1.002639	153.653684	0.006299	9.5
953	-1.085653	153.566198	0.011517	9.5
954	-0.941169	153.478846	0.006771	8.8
955	-0.742820	153.391625	0.006607	8.9
956	-0.827143	153.304537	0.006740	9.2
957	-1.424674	153.217580	0.012128	11.4
958	-0.645987	153.130755	0.008543	8.7
959	-0.599758	153.044061	0.004858	8.7
960	-1.033304	152.957498	0.007197	8.6
961	-0.223599	152.871065	0.002244	10.8
962	-0.339093	152.784762	0.005610	8.6
963	-1.187517	152.698589	0.008271	8.3
964	-1.218230	152.612545	0.005586	9.1
965	-0.879256	152.526631	0.007451	8.9
966	-0.785500	152.440845	0.007028	10.1
967	-1.203668	152.355188	0.009517	8.4
968	-1.223766	152.269660	0.014721	8.1
969	-1.235662	152.184259	0.010245	8.7
970	-0.408622	152.098986	0.002909	11.2
971	-1.273820	152.013840	0.007277	8.5
972	-0.840767	151.928821	0.007303	8.5
973	-0.916366	151.843928	0.009349	8.9
974	-0.878091	151.759163	0.007387	8.0
975	-0.167060	151.674523	0.002168	10.9
976	-0.849163	151.590009	0.006238	8.6
977	-1.452403	151.505620	0.012918	8.5
978	-0.809427	151.421357	0.007081	9.3
979	-1.417071	151.337218	0.010526	10.3
980	-0.661482	151.253204	0.006023	8.5
981	-0.993401	151.169314	0.007505	8.9
982	-0.528497	151.085549	0.007257	8.0
983	-0.722123	151.001907	0.007535	10.0
984	-0.836719	150.918388	0.006279	10.1
985	-0.778276	150.834992	0.005889	8.7
986	-0.692992	150.751719	0.005271	8.3
987	-1.234361	150.668569	0.008440	9.5
988	-0.854135	150.585541	0.008015	12.3
989	-0.726744	150.502634	0.005078	8.5
990	-0.192160	150.419849	0.001731	8.1
991	-0.826823	150.337186	0.005570	7.9
992	-0.851436	150.254644	0.005764	11.2
993	-1.082952	150.172222	0.008433	9.4
994	-0.264823	150.089921	0.004040	8.8
995	-0.407452	150.007740	0.002835	8.3
996	-1.211128	149.925679	0.008382	8.9
997	-1.327672	149.843737	0.007516	11.3
998	-1.328751	149.761915	0.010185	8.7
999	-0.748948	149.680212	0.005596	8.4
1000	-0.597320	149.598627	0.008476	8.0
1001	-1.029351	149.517161	0.010000	11.3
1002	-0.322866	149.435814	0.003882	9.5
1003	-0.979877	149.354584	0.006683	8.6
1004	-1.055290	149.273472	0.007536	9.1
1005	-0.908462	149.192477	0.005165	8.8
1006	-0.458554	149.111599	0.004700	10.1
1007	-0.211093	149.030838	0.003055	8.8
1008	-0.101575	148.950194	0.003593	8.2
1009	-0.351599	148.869666	0.003562	8.4
1010	-0.841512	148.789253	0.006654	10.6
1011	-1.097599	148.708957	0.007552	8.4
1012	-0.544893	148.628776	0.004949	7.8
1013	-1.226246	148.548710	0.008437	8.0
1014	-1.420370	148.468759	0.007848	8.5
1015	-0.735678	148.388923	0.006380	10.5
1016	-0.831459	148.309201	0.009631	9.2
1017	-1.067785	148.229594	0.006612	9.3
1018	-0.820090	148.150100	0.009174	9.1
1019	-1.302567	148.070719	0.008737	10.5
1020	-1.273075	147.991452	0.009107	8.9
1021	-0.532480	147.912298	0.004061	8.5
1022	-0.532510	147.833257	0.005272	8.5
1023	-1.060617	147.754329	0.007353	8.4
1024	-0.067615	147.675512	0.002002	11.9
1025	-0.901957	147.596808	0.006462	8.8
1026	-0.000039	147.518216	0.000062	7.9
1027	-0.734720	147.439735	0.005688	8.8
1028	-1.258309	147.361365	0.007508	11.1
1029	-0.066066	147.283106	0.001645	8.5
1030	-0.000000	147.204958	0.000000	8.2
1031	-1.126446	147.126920	0.006046	8.2
1032	-1.153706	147.048993	0.008711	8.6
1033	-0.738129	146.971175	0.009257	10.4
1034	-1.267953	146.893468	0.009267	8.1
1035	-1.160456	146.815869	0.008485	8.2
1036	-1.229472	146.738380	0.008678	8.0
1037	-0.839845	146.661000	0.013081	10.4
1038	-1.296349	146.583729	0.006682	8.6
1039	-0.674131	146.506566	0.006022	8.3
1040	-0.567203	146.429511	0.006180	9.0
1041	-1.177535	146.352565	0.007495	8.9
1042	-1.140853	146.275726	0.007989	10.4
1043	-1.096186	146.198994	0.007586	7.8
1044	-1.010903	146.122370	0.007788	8.2
1045	-1.189529	146.045853	0.008219	8.8
1046	-0.662741	145.969442	0.005998	10.9
1047	-0.957407	145.893139	0.006282	9.3
1048	-1.176895	145.816941	0.006692	8.6
1049	-0.501606	145.740849	0.004775	8.6
1050	-1.103329	145.664863	0.007153	8.6
1051	-0.811215	145.588983	0.005804	11.6
1052	-1.359930	145.513208	0.007015	8.4
1053	-0.930933	145.437538	0.007494	8.6
1054	-0.241576	145.361973	0.003330	8.7
1055	-1.358391	145.286513	0.007433	10.7
1056	-0.957162	145.211157	0.006268	8.8
1057	-0.887822	145.135905	0.006543	10.9
1058	-0.564440	145.060757	0.004571	7.5
1059	-0.769844	144.985712	0.007352	8.3
1060	-0.929179	144.910771	0.005389	11.4
1061	-0.700061	144.835934	0.005926	8.5
1062	-0.275139	144.761199	0.002773	8.9
1063	-0.692323	144.686567	0.006683	8.1
1064	-1.168480	144.612037	0.007702	11.9
1065	-0.000000	144.537610	0.000000	7.9
1066	-1.060999	144.463285	0.008208	8.8
1067	-1.117411	144.389062	0.005985	8.2
1068	-1.086009	144.314940	0.007011	10.9
1069	-0.822773	144.240920	0.008380	8.9
1070	-1.250312	144.167001	0.007839	9.0
1071	-1.110181	144.093182	0.004961	8.8
1072	-1.233766	144.019465	0.008644	9.0
1073	-1.232147	143.945848	0.007118	10.3
1074	-0.389405	143.872331	0.004468	9.0
1075	-1.308644	143.798914	0.009111	8.1
1076	-1.054768	143.725597	0.009138	8.8
1077	-0.751031	143.652380	0.006538	12.0
1078	-1.177053	143.579262	0.007801	7.3
1079	-0.854303	143.506243	0.005242	8.1
1080	-1.210903	143.433323	0.007834	8.6
1081	-0.584288	143.360502	0.006361	11.8
1082	-1.143702	143.287780	0.007108	8.9
1083	-1.006806	143.215155	0.008820	8.7
1084	-0.818257	143.142629	0.006810	8.1
1085	-0.527647	143.070201	0.005915	9.6
1086	-1.030025	142.997870	0.008644	10.9
1087	-1.101307	142.925637	0.007576	8.1
1088	-1.283888	142.853501	0.008685	9.1
1089	-0.798360	142.781462	0.008002	8.2
1090	-1.322159	142.709519	0.006426	10.1
1091	-1.073719	142.637674	0.008329	8.9
1092	-0.868253	142.565924	0.007578	7.9
1093	-0.464329	142.494271	0.003794	8.7
1094	-1.184494	142.422714	0.007100	9.9
1095	-1.032157	142.351252	0.008605	10.6
1096	-0.543975	142.279886	0.006082	8.9
1097	-1.279433	142.208616	0.007314	8.5
1098	-1.211290	142.137440	0.006546	8.2
1099	-0.802927	142.066360	0.006037	10.8
1100	-1.345912	141.995374	0.008361	8.5
1101	-0.932748	141.924483	0.006528	9.6
1102	-1.384600	141.853685	0.008163	8.7
1103	-0.430329	141.782983	0.004510	10.9
1104	-1.141091	141.712373	0.007530	8.3
1105	-1.150103	141.641858	0.006001	9.3
1106	-0.546483	141.571436	0.004744	8.8
1107	-0.916975	141.501108	0.006370	9.0
1108	-0.280908	141.430872	0.003197	10.6
1109	-0.834422	141.360730	0.008434	8.0
1110	-0.547179	141.290680	0.004542	9.7
1111	-1.209607	141.220722	0.006466	8.8
1112	-1.001465	141.150857	0.007063	11.8
1113	-0.783720	141.081084	0.005350	8.4
1114	-1.109033	141.011403	0.007631	9.4
1115	-0.850860	140.941813	0.007305	9.2
1116	-0.678745	140.872315	0.006148	11.5
1117	-1.353240	140.802909	0.008962	8.5
1118	-1.201152	140.733593	0.008465	9.1
1119	-0.491229	140.664369	0.004533	8.2
1120	-0.739810	140.595235	0.007042	10.5
1121	-0.302404	140.526192	0.004379	9.0
1122	-1.161580	140.457239	0.005993	8.5
1123	-0.207235	140.388376	0.003688	8.8
1124	-1.074339	140.319603	0.008706	9.8
1125	-0.271303	140.250920	0.005032	10.5
1126	-1.171609	140.182326	0.008232	8.5
1127	-1.300301	140.113822	0.007999	8.5
1128	-0.440146	140.045407	0.005565	9.1
1129	-0.683445	139.977081	0.005482	10.3
1130	-0.419105	139.908844	0.004304	10.4
1131	-0.675213	139.840696	0.006752	13.5
1132	-1.250564	139.772635	0.006224	12.0
1133	-0.488357	139.704664	0.006719	7.9
1134	-0.985368	139.636780	0.006951	8.1
1135	-1.064408	139.568984	0.008833	9.1
1136	-0.919990	139.501276	0.005996	9.4
1137	-0.900977	139.433655	0.008699	13.4
1138	-1.258222	139.366122	0.008177	15.1
1139	-0.667872	139.298676	0.005648	19.3
1140	-0.725314	139.231317	0.007964	10.5
1141	-1.332819	139.164045	0.008581	12.6
1142	-1.100215	139.096859	0.008336	8.2
1143	-1.219171	139.029760	0.010706	11.1
1144	-1.097120	138.962747	0.005998	8.3
1145	-0.746440	138.895820	0.006025	8.0
1146	-1.213281	138.828978	0.006179	9.0
1147	-1.210784	138.762223	0.007134	8.5
1148	-0.940384	138.695553	0.005685	11.0
1149	-0.349825	138.628969	0.002655	8.2
1150	-1.191358	138.562469	0.006717	7.8
1151	-0.500375	138.496055	0.005923	8.8
1152	-0.939708	138.429725	0.009658	11.4
1153	-0.834681	138.363481	0.003853	9.1
1154	-0.086599	138.297320	0.001186	10.7
1155	-0.689512	138.231244	0.005938	9.1
1156	-0.680839	138.165252	0.005553	14.7
1157	-0.866243	138.099344	0.007832	14.1
1158	-0.818159	138.033520	0.008162	14.5
1159	-1.185253	137.967779	0.006892	11.4
1160	-0.791660	137.902122	0.004648	9.2
1161	-1.171935	137.836548	0.007859	9.0
1162	-0.291989	137.771057	0.005688	13.3
1163	-0.955933	137.705649	0.007163	12.9
1164	-1.316417	137.640324	0.006577	13.0
1165	-0.952321	137.575081	0.008159	10.6
1166	-1.076927	137.509921	0.006400	11.1
1167	-1.327704	137.444842	0.009804	11.1
1168	-1.215705	137.379846	0.006749	10.1
1169	-1.222338	137.314932	0.005966	9.3
1170	-1.240707	137.250100	0.006719	10.1
1171	-0.893877	137.185349	0.007637	10.1
1172	-1.226847	137.120680	0.007628	9.0
1173	-1.293783	137.056092	0.010183	9.7
1174	-0.641582	136.991585	0.005852	11.6
1175	-0.217690	136.927158	0.002258	9.0
1176	-1.213365	136.862813	0.007776	9.7
1177	-0.569901	136.798548	0.004146	8.8
1178	-1.255575	136.734363	0.008774	10.5
1179	-0.811108	136.670259	0.006666	8.5
1180	-1.270257	136.606235	0.008358	8.4
1181	-0.893904	136.542291	0.007721	8.8
1182	-0.865960	136.478426	0.006698	8.4
1183	-1.255117	136.414641	0.007376	10.8
1184	-1.064921	136.350936	0.008348	9.4
1185	-0.995899	136.287310	0.006872	8.9
1186	-1.194308	136.223763	0.008160	8.9
1187	-0.977546	136.160295	0.005701	12.7
1188	-1.211828	136.096905	0.011268	8.5
1189	-0.935018	136.033594	0.005910	9.0
1190	-0.899884	135.970362	0.007550	8.2
1191	-1.186477	135.907208	0.007463	11.9
1192	-0.652982	135.844133	0.005907	10.1
1193	-1.333884	135.781135	0.007045	8.8
1194	-0.474544	135.718215	0.005923	8.7
1195	-1.084341	135.655373	0.009227	10.1
1196	-1.320225	135.592608	0.008382	9.7
1197	-1.109909	135.529921	0.008132	9.2
1198	-1.058996	135.467311	0.007733	8.7
1199	-1.220617	135.404778	0.007522	9.7
1200	-0.195256	135.342322	0.004038	10.1
1201	-0.821623	135.279942	0.005416	9.1
1202	-0.199430	135.217640	0.003110	13.9
1203	-0.820566	135.155413	0.008055	15.9
1204	-0.784724	135.093263	0.005240	12.7
1205	-0.522896	135.031190	0.003959	11.2
1206	-1.389950	134.969192	0.010041	12.3
1207	-0.385451	134.907270	0.005775	14.5
1208	-1.019247	134.845424	0.006741	15.2
1209	-0.595526	134.783653	0.005725	16.0
1210	-0.026916	134.721958	0.001890	13.2
1211	-0.115925	134.660338	0.003112	15.8
1212	-1.403408	134.598793	0.010097	16.4
1213	-0.913886	134.537323	0.005662	13.9
1214	-1.287334	134.475927	0.007262	10.9
1215	-1.081568	134.414607	0.008136	14.1
1216	-1.258637	134.353361	0.007751	14.1
1217	-0.830316	134.292189	0.003606	13.5
1218	-1.158897	134.231092	0.008369	13.3
1219	-0.909736	134.170068	0.008795	13.6
1220	-0.311208	134.109119	0.004064	10.5
1221	-1.260438	134.048243	0.006922	13.5
1222	-0.317872	133.987441	0.005174	14.9
1223	-0.918257	133.926713	0.007629	13.7
1224	-1.288282	133.866057	0.008905	11.4
1225	-1.006162	133.805475	0.004989	14.0
1226	-0.318397	133.744966	0.003081	13.0
1227	-1.273234	133.684530	0.006830	14.3
1228	-0.225178	133.624167	0.002875	14.1
1229	-0.758706	133.563877	0.006549	13.0
1230	-1.157711	133.503658	0.006465	13.0
1231	-0.903461	133.443513	0.008248	13.1
1232	-0.678661	133.383439	0.006085	12.9
1233	-1.323530	133.323437	0.007058	14.9
1234	-0.887128	133.263508	0.007044	13.7
1235	-0.473339	133.203650	0.004563	9.2
1236	-1.076190	133.143864	0.006440	12.0
1237	-0.835942	133.084149	0.007189	15.7
1238	-0.186973	133.024506	0.002546	17.5
1239	-0.536702	132.964934	0.005107	14.6
1240	-1.042064	132.905433	0.008352	13.3
1241	-0.715685	132.846003	0.005895	9.5
1242	-0.226982	132.786643	0.003798	12.6
1243	-0.421953	132.727355	0.003592	15.7
1244	-0.888874	132.668137	0.007921	12.8
1245	-0.314494	132.608989	0.004805	18.1
1246	-0.728223	132.549912	0.006270	13.3
1247	-1.072107	132.490904	0.007072	10.2
1248	-0.637789	132.431967	0.003778	11.4
1249	-0.440646	132.373100	0.005635	16.4
1250	-0.909456	132.314302	0.006563	14.3
1251	-0.858368	132.255574	0.009936	15.3
1252	-0.933539	132.196916	0.010001	15.5
1253	-0.718238	132.138326	0.005281	12.6
1254	-1.075354	132.079806	0.007096	9.6
1255	-0.255826	132.021355	0.003209	13.5
1256	-1.243577	131.962973	0.008107	8.8
1257	-0.587421	131.904660	0.006036	8.7
1258	-0.138374	131.846415	0.001832	14.0
1259	-1.164557	131.788239	0.009177	12.0
1260	-0.869813	131.730131	0.006983	12.1
1261	-1.197833	131.672092	0.010185	10.4
1262	-0.662388	131.614121	0.005245	14.5
1263	-0.432202	131.556217	0.004584	13.0
1264	-1.052352	131.498382	0.008344	12.3
1265	-0.963762	131.440614	0.008158	10.9
1266	-0.468250	131.382914	0.005018	8.8
1267	-0.694939	131.325282	0.006269	8.8
1268	-0.921954	131.267717	0.005735	9.1
1269	-0.979634	131.210219	0.007974	9.9
1270	-0.404961	131.152788	0.005906	10.2
1271	-0.378102	131.095424	0.004271	8.8
1272	-1.014388	131.038127	0.007308	8.9
1273	-0.852569	130.980897	0.006072	10.2
1274	-1.094892	130.923733	0.009611	9.7
1275	-1.132805	130.866636	0.008301	9.0
1276	-0.969695	130.809605	0.005606	7.6
1277	-1.296293	130.752641	0.008200	8.8
1278	-1.312476	130.695742	0.006801	10.6
1279	-1.357724	130.638910	0.008860	8.6
1280	-1.336977	130.582143	0.009518	8.6
1281	-1.224215	130.525442	0.008139	8.5
1282	-1.088030	130.468807	0.008047	9.3
1283	-1.134452	130.412237	0.007433	9.5
1284	-0.986617	130.355733	0.006251	8.4
1285	-0.310631	130.299294	0.007272	8.7
1286	-0.698544	130.242920	0.005285	8.7
1287	-0.719275	130.186611	0.005532	11.6
1288	-0.823369	130.130366	0.006956	9.1
1289	-0.301192	130.074187	0.002936	8.8
1290	-1.348335	130.018072	0.008245	9.3
1291	-0.588647	129.962022	0.003103	9.4
1292	-0.950352	129.906036	0.011732	12.2
1293	-0.266977	129.850114	0.004908	8.2
1294	-0.334395	129.794257	0.005163	8.6
1295	-1.262409	129.738463	0.006054	9.1
1296	-0.295538	129.682734	0.003999	10.7
1297	-0.755501	129.627068	0.006463	8.5
1298	-1.086614	129.571466	0.007277	8.2
1299	-0.205561	129.515927	0.003588	8.7
1300	-1.258101	129.460452	0.008079	10.3
1301	-0.576114	129.405040	0.005254	7.8
1302	-0.333767	129.349692	0.003415	8.7
1303	-0.754887	129.294406	0.004282	8.3
1304	-0.984267	129.239183	0.004454	8.5
1305	-0.823445	129.184024	0.005552	11.0
1306	-1.292704	129.128927	0.007793	9.3
1307	-0.438689	129.073892	0.004322	7.2
1308	-1.186281	129.018921	0.006510	8.4
1309	-0.048018	128.964011	0.000687	10.5
1310	-0.165280	128.909164	0.002431	9.3
1311	-0.876349	128.854379	0.005007	10.4
1312	-0.246508	128.799656	0.002375	10.3
1313	-1.038611	128.744995	0.007483	12.4
1314	-0.721470	128.690396	0.003848	9.5
1315	-0.175189	128.635858	0.004061	11.4
1316	-1.341567	128.581382	0.008446	9.9
1317	-1.219859	128.526968	0.008017	12.7
1318	-0.714280	128.472615	0.003987	10.5
1319	-1.012838	128.418323	0.006931	10.1
1320	-1.004005	128.364092	0.006977	8.3
1321	-1.369268	128.309922	0.007561	11.6
1322	-0.524092	128.255814	0.005414	9.1
1323	-0.466427	128.201766	0.003766	10.5
1324	-1.105943	128.147778	0.006610	9.5
1325	-0.859572	128.093852	0.004924	9.7
1326	-0.205590	128.039985	0.004057	11.0
1327	-0.879176	127.986180	0.005921	9.1
1328	-1.275960	127.932434	0.008041	9.9
1329	-0.384384	127.878749	0.005396	10.7
1330	-0.464921	127.825123	0.002702	8.8
1331	-0.335229	127.771558	0.002603	9.3
1332	-1.077686	127.718052	0.006574	10.7
1333	-1.285655	127.664606	0.008015	10.4
1334	-1.069156	127.611220	0.009162	9.4
1335	-1.420106	127.557893	0.009782	11.4
1336	-1.227650	127.504625	0.007667	9.6
1337	-1.047068	127.451417	0.007780	12.7
1338	-0.974437	127.398268	0.008008	9.8
1339	-0.921569	127.345178	0.007159	9.0
1340	-0.506159	127.292147	0.005567	8.0
1341	-0.553344	127.239175	0.005567	9.2
1342	-0.903703	127.186261	0.007392	10.3
1343	-1.173944	127.133407	0.007246	8.3
1344	-1.053228	127.080610	0.006539	8.7
1345	-1.034252	127.027872	0.005064	7.9
1346	-1.084173	126.975193	0.009133	10.4
1347	-1.191145	126.922572	0.007354	7.9
1348	-1.070686	126.870008	0.007750	8.4
1349	-1.195204	126.817503	0.009009	8.3
1350	-0.796874	126.765056	0.004877	7.7
1351	-0.550341	126.712667	0.003438	10.0
1352	-0.527698	126.660335	0.005162	8.4
1353	-0.536314	126.608061	0.005218	8.9
1354	-0.876947	126.555844	0.005045	8.6
1355	-1.100433	126.503685	0.009131	8.5
1356	-0.993444	126.451583	0.008897	11.2
1357	-1.272245	126.399538	0.008547	7.6
1358	-0.739339	126.347550	0.004738	8.4
1359	-1.279876	126.295619	0.009914	8.0
1360	-0.601361	126.243745	0.004527	10.7
1361	-1.311571	126.191928	0.007593	7.7
1362	-0.890424	126.140168	0.009480	8.0
1363	-0.720075	126.088464	0.006351	8.5
1364	-1.027778	126.036817	0.008668	9.4
1365	-0.965901	125.985226	0.005687	10.1
1366	-0.806624	125.933691	0.009903	8.3
1367	-0.430497	125.882212	0.007172	9.0
1368	-1.258645	125.830790	0.008626	8.7
1369	-0.776606	125.779423	0.006517	12.5
1370	-0.957174	125.728113	0.007624	9.6
1371	-0.573302	125.676858	0.007638	9.0
1372	-0.799159	125.625659	0.008840	8.7
1373	-0.641679	125.574515	0.004797	8.5
1374	-1.335422	125.523427	0.009549	12.0
1375	-1.236434	125.472394	0.006983	10.4
1376	-0.400842	125.421417	0.005082	7.8
1377	-0.829642	125.370495	0.007094	9.8
1378	-0.430002	125.319628	0.003228	12.2
1379	-0.839430	125.268815	0.009282	9.4
1380	-0.389599	125.218058	0.002677	9.1
1381	-1.091685	125.167356	0.007567	11.5
1382	-1.282154	125.116708	0.005523	9.8
1383	-1.200175	125.066115	0.007434	9.0
1384	-1.019614	125.015576	0.008759	9.0
1385	-1.067711	124.965092	0.006848	9.7
1386	-0.992224	124.914662	0.005550	12.7
1387	-0.840076	124.864287	0.007870	9.1
1388	-1.340062	124.813965	0.007733	8.7
1389	-0.777959	124.763698	0.007113	8.3
1390	-1.158078	124.713485	0.007806	11.8
1391	-1.047196	124.663325	0.008247	8.5
1392	-1.320045	124.613219	0.007927	8.1
1393	-0.887625	124.563167	0.005863	8.3
1394	-1.329320	124.513168	0.007736	11.0
1395	-0.627280	124.463223	0.005780	8.4
1396	-1.300495	124.413332	0.006938	8.7
1397	-0.477409	124.363493	0.005179	9.7
1398	-0.432785	124.313708	0.005059	9.5
1399	-1.196747	124.263976	0.006476	8.8
1400	-0.769496	124.214297	0.005832	8.3
1401	-0.820319	124.164671	0.006258	8.1
1402	-0.344072	124.115097	0.005403	8.1
1403	-0.806553	124.065577	0.008201	10.4
1404	-1.199028	124.016109	0.008226	8.6
1405	-0.171474	123.966693	0.002741	8.7
1406	-0.982812	123.917330	0.007021	8.8
1407	-1.010798	123.868020	0.005122	9.0
1408	-0.646183	123.818762	0.005092	10.0
1409	-0.382586	123.769556	0.004643	8.3
1410	-0.221788	123.720402	0.003088	7.8
1411	-0.307397	123.671300	0.005781	9.1
1412	-1.139830	123.622250	0.005550	11.2
1413	-0.780147	123.573252	0.004154	8.5
1414	-1.210206	123.524305	0.008226	7.8
1415	-0.927082	123.475411	0.005300	8.1
1416	-1.285343	123.426568	0.006614	9.2
1417	-0.736164	123.377776	0.006445	10.2
1418	-0.495681	123.329036	0.003714	8.8
1419	-0.000066	123.280347	0.000111	9.2
1420	-1.242609	123.231709	0.007273	8.6
1421	-0.943670	123.183122	0.006212	10.9
1422	-1.283335	123.134587	0.006343	9.3
1423	-1.259036	123.086102	0.008950	8.9
1424	-1.023535	123.037669	0.006927	9.2
1425	-1.078656	122.989286	0.009165	10.3
1426	-0.899596	122.940954	0.011735	10.3
1427	-0.330159	122.892672	0.005184	9.5
1428	-0.708355	122.844441	0.006450	9.9
1429	-1.287924	122.796261	0.006722	10.3
1430	-0.360602	122.748130	0.003477	10.1
1431	-0.920077	122.700050	0.007039	9.0
1432	-0.674851	122.652021	0.005158	9.4
1433	-1.133455	122.604041	0.009312	10.8
1434	-1.239465	122.556111	0.006252	8.9
1435	-1.357328	122.508232	0.006355	9.3
1436	-0.234279	122.460402	0.005760	9.4
1437	-0.805592	122.412622	0.011125	11.3
1438	-1.280922	122.364891	0.007501	9.8
1439	-0.995467	122.317210	0.008539	8.6
1440	-0.856988	122.269579	0.008967	8.5
1441	-1.287555	122.221997	0.006628	10.6
1442	-0.704759	122.174465	0.005852	11.4
1443	-1.157323	122.126981	0.008353	8.9
1444	-0.535377	122.079547	0.006089	9.0
1445	-1.213190	122.032162	0.008077	9.6
1446	-0.349534	121.984826	0.004803	10.6
1447	-0.890802	121.937539	0.008009	9.9
1448	-0.917782	121.890301	0.006143	8.9
1449	-1.164062	121.843112	0.009695	11.2
1450	-1.304237	121.795971	0.008707	8.6
1451	-0.596935	121.748879	0.004854	8.3
1452	-0.064091	121.701835	0.000962	8.4
1453	-0.916247	121.654840	0.005746	8.5
1454	-1.253076	121.607893	0.009153	11.8
1455	-0.525931	121.560994	0.004152	8.4
1456	-1.054240	121.514144	0.006456	8.7
1457	-1.314992	121.467342	0.006908	8.8
1458	-1.065593	121.420588	0.005469	10.7
1459	-1.032092	121.373882	0.005037	8.4
1460	-1.021922	121.327223	0.008382	7.9
1461	-0.776646	121.280613	0.006026	8.4
1462	-0.583841	121.234050	0.006303	9.3
1463	-1.148586	121.187535	0.007399	12.2
1464	-0.490840	121.141067	0.003969	12.7
1465	-0.706356	121.094647	0.004582	8.7
1466	-0.598272	121.048274	0.005808	10.9
1467	-0.675965	121.001949	0.005734	8.4
1468	-1.355553	120.955671	0.006942	9.0
1469	-0.964711	120.909440	0.006854	9.4
1470	-1.233454	120.863256	0.006907	11.9
1471	-1.044278	120.817119	0.007736	9.1
1472	-0.804399	120.771029	0.007264	8.9
1473	-0.641109	120.724986	0.006087	8.3
1474	-0.695867	120.678990	0.004278	9.2
1475	-1.294387	120.633040	0.009359	14.4
1476	-0.976953	120.587137	0.009079	11.5
1477	-1.025585	120.541281	0.007790	8.2
1478	-1.097666	120.495471	0.007145	11.0
1479	-0.887734	120.449707	0.006305	11.5
1480	-1.215563	120.403990	0.007927	8.1
1481	-0.901075	120.358319	0.008148	9.8
1482	-1.384125	120.312694	0.006145	10.6
1483	-1.014904	120.267115	0.007153	9.0
1484	-0.555467	120.221582	0.004499	8.8
1485	-0.851277	120.176096	0.007526	9.2
1486	-0.075533	120.130655	0.003021	7.7
1487	-0.149641	120.085260	0.002190	10.6
1488	-0.448152	120.039910	0.005574	8.1
1489	-1.142657	119.994606	0.011523	8.4
1490	-0.061181	119.949348	0.002602	8.8
1491	-1.187764	119.904135	0.008020	10.6
1492	-1.189324	119.858968	0.013648	8.2
1493	-1.029018	119.813846	0.007903	8.5
1494	-0.897208	119.768769	0.008771	7.9
1495	-1.279224	119.723738	0.007106	9.3
1496	-1.235166	119.678752	0.007039	11.0
1497	-1.312075	119.633810	0.008712	9.8
1498	-0.552929	119.588914	0.007227	8.3
1499	-1.000223	119.544062	0.004988	8.6
1500	-0.249237	119.499256	0.004453	10.7
1501	-0.970435	119.454494	0.006832	12.0
1502	-0.389730	119.409777	0.003505	14.8
1503	-1.068615	119.365104	0.005651	14.3
1504	-0.659841	119.320476	0.006958	9.0
1505	-1.300613	119.275893	0.006122	8.9
1506	-1.243912	119.231353	0.008397	8.8
1507	-0.498822	119.186859	0.005249	9.4
1508	-1.094535	119.142408	0.005893	9.4
1509	-0.775207	119.098002	0.004711	9.1
1510	-0.384938	119.053639	0.006557	8.8
1511	-0.965210	119.009321	0.008849	8.5
1512	-0.930708	118.965047	0.007122	10.1
1513	-0.767736	118.920816	0.004731	7.9
1514	-0.799427	118.876630	0.008424	9.9
1515	-0.195155	118.832487	0.005030	9.1
1516	-0.995804	118.788388	0.005612	9.6
1517	-0.709445	118.744332	0.006596	9.2
1518	-0.109599	118.700320	0.001969	7.8
1519	-1.168279	118.656352	0.005895	8.4
1520	-1.315953	118.612427	0.010135	8.0
1521	-0.934185	118.568545	0.007549	10.9
1522	-0.837202	118.524706	0.009460	9.0
1523	-0.997555	118.480911	0.007257	8.8
1524	-1.008151	118.437159	0.007746	8.2
1525	-1.154705	118.393450	0.008629	10.4
1526	-1.102016	118.349784	0.010506	8.0
1527	-1.267725	118.306160	0.007223	8.2
1528	-0.894745	118.262580	0.008239	8.9
1529	-0.990805	118.219042	0.006196	13.1
1530	-1.135940	118.175548	0.007837	13.5
1531	-0.732851	118.132095	0.004497	13.1
1532	-0.892658	118.088686	0.007283	11.0
1533	-1.081663	118.045319	0.006127	9.8
1534	-1.236477	118.001994	0.008758	8.3
1535	-0.898487	117.958712	0.006685	7.6
1536	-1.015054	117.915472	0.007401	8.9
1537	-0.836173	117.872274	0.007440	10.7
1538	-0.634829	117.829118	0.003135	8.1
1539	-0.818759	117.786005	0.006328	8.9
1540	-0.543437	117.742933	0.004291	8.8
1541	-0.934994	117.699904	0.007109	9.1
1542	-0.282668	117.656916	0.004892	11.9
1543	-0.911913	117.613971	0.007944	9.2
1544	-1.411390	117.571067	0.010668	8.4
1545	-1.180697	117.528205	0.006072	9.4
1546	-0.501287	117.485384	0.005313	12.6
1547	-1.256343	117.442605	0.006109	8.5
1548	-1.232797	117.399867	0.009770	8.8
1549	-0.934034	117.357171	0.007223	8.9
1550	-0.742607	117.314517	0.006346	11.8
1551	-0.329454	117.271903	0.003429	9.6
1552	-1.104245	117.229331	0.010102	9.1
1553	-0.717104	117.186800	0.006072	9.2
1554	-0.872114	117.144311	0.006423	11.0
1555	-0.865061	117.101862	0.009120	8.5
1556	-0.953471	117.059454	0.009239	8.1
1557	-0.859752	117.017087	0.006926	9.3
1558	-1.252286	116.974762	0.009213	11.3
1559	-0.585696	116.932476	0.004399	8.6
1560	-0.673367	116.890232	0.006180	8.5
1561	-1.191756	116.848028	0.007470	8.9
1562	-0.489837	116.805865	0.005544	10.9
1563	-0.819810	116.763743	0.006262	8.6
1564	-1.131924	116.721661	0.007046	9.4
1565	-1.127877	116.679619	0.007349	8.3
1566	-0.838964	116.637618	0.005521	9.4
1567	-1.217076	116.595657	0.008165	12.1
1568	-1.289242	116.553736	0.007635	9.3
1569	-1.327480	116.511855	0.006536	9.4
1570	-1.299179	116.470015	0.007722	12.9
1571	-0.550578	116.428214	0.003364	9.4
1572	-0.866862	116.386454	0.006868	9.3
1573	-1.265318	116.344733	0.005607	10.3
1574	-1.264544	116.303052	0.007358	11.3
1575	-0.126036	116.261412	0.003475	9.5
1576	-1.235393	116.219810	0.007902	9.0
1577	-1.020668	116.178249	0.006373	9.5
1578	-0.362184	116.136727	0.004660	11.6
1579	-0.692845	116.095245	0.004680	9.0
1580	-1.230756	116.053802	0.007193	9.5
1581	-0.527339	116.012398	0.006876	9.3
1582	-1.307124	115.971034	0.009320	11.7
1583	-1.360137	115.929710	0.009389	9.6
1584	-1.029020	115.888424	0.007553	8.9
1585	-0.474495	115.847178	0.005068	11.0
1586	-0.875255	115.805970	0.006154	11.5
1587	-0.479031	115.764802	0.004920	9.3
1588	-1.133243	115.723673	0.007553	10.7
1589	-0.960500	115.682583	0.007520	8.3
1590	-0.699703	115.641532	0.006965	11.5
1591	-1.103796	115.600519	0.008954	8.8
1592	-1.029355	115.559546	0.005694	9.8
1593	-1.265508	115.518610	0.007521	8.3
1594	-1.163829	115.477714	0.010194	8.7
1595	-1.009171	115.436856	0.007365	10.5
1596	-1.003563	115.396037	0.009667	8.4
1597	-0.569534	115.355256	0.004373	8.3
1598	-0.403725	115.314514	0.004164	7.8
1599	-1.249048	115.273810	0.009028	11.4
1600	-1.206128	115.233144	0.008903	8.3
1601	-0.988397	115.192517	0.007163	8.5
1602	-1.263870	115.151927	0.012392	8.2
1603	-0.184516	115.111376	0.002305	7.4
1604	-0.494496	115.070863	0.003680	9.9
1605	-0.116999	115.030388	0.004224	9.0
1606	-0.952793	114.989951	0.005653	8.4
1607	-1.286508	114.949551	0.006977	8.9
1608	-0.970661	114.909190	0.006243	9.4
1609	-0.823836	114.868866	0.005897	9.4
1610	-0.616714	114.828580	0.005871	8.8
1611	-0.982926	114.788332	0.009027	9.6
1612	-1.261163	114.748121	0.007390	10.4
1613	-0.047573	114.707948	0.001479	12.0
1614	-1.333375	114.667812	0.008104	8.7
1615	-1.222979	114.627714	0.008306	9.9
1616	-0.783599	114.587653	0.007734	9.4
1617	-0.967315	114.547629	0.007629	10.4
1618	-1.228748	114.507643	0.007739	10.2
1619	-1.078563	114.467693	0.006637	9.3
1620	-1.029816	114.427781	0.005702	9.5
1621	-0.696459	114.387907	0.005339	13.9
1622	-1.194264	114.348069	0.007369	11.1
1623	-0.604867	114.308268	0.006283	11.1
1624	-1.114828	114.268504	0.007582	11.5
1625	-1.428197	114.228777	0.010821	10.4
1626	-0.105681	114.189086	0.002334	9.8
1627	-1.255263	114.149433	0.008698	12.1
1628	-1.091210	114.109816	0.010375	9.3
1629	-1.329065	114.070235	0.007213	10.2
1630	-0.835544	114.030692	0.006670	10.0
1631	-0.868499	113.991185	0.006819	12.5
1632	-1.093000	113.951714	0.007005	9.3
1633	-1.018815	113.912280	0.006597	9.3
1634	-1.096992	113.872882	0.009219	8.9
1635	-0.417718	113.833521	0.003281	10.8
1636	-0.960812	113.794195	0.006601	10.1
1637	-1.325440	113.754906	0.007017	8.9
1638	-0.947923	113.715653	0.007847	8.3
1639	-0.268699	113.676437	0.003630	8.9
1640	-1.282877	113.637256	0.006695	9.7
1641	-1.255749	113.598111	0.007279	8.7
1642	-1.178338	113.559002	0.006910	8.1
1643	-0.862602	113.519929	0.007009	9.6
1644	-1.052068	113.480892	0.006124	13.0
1645	-0.996866	113.441891	0.007741	8.1
1646	-1.333218	113.402925	0.007181	9.3
1647	-1.045157	113.363995	0.004955	8.2
1648	-0.462009	113.325101	0.004264	11.3
1649	-0.924140	113.286242	0.009629	8.6
1650	-1.189920	113.247419	0.007151	8.2
1651	-1.000997	113.208631	0.004525	9.0
1652	-0.337114	113.169879	0.003466	8.5
1653	-0.154742	113.131162	0.001613	12.6
1654	-1.112172	113.092480	0.008579	9.3
1655	-1.239340	113.053833	0.005948	8.9
1656	-1.226502	113.015222	0.008203	9.6
1657	-0.320704	112.976646	0.004446	11.6
1658	-1.292134	112.938105	0.007166	9.3
1659	-0.805816	112.899599	0.008264	9.0
1660	-1.243880	112.861128	0.007813	9.5
1661	-1.091110	112.822692	0.008209	11.5
1662	-1.226853	112.784291	0.009598	9.1
1663	-0.873589	112.745924	0.004932	8.9
1664	-1.348778	112.707593	0.006688	9.9
1665	-1.374029	112.669296	0.008304	12.1
1666	-1.109471	112.631034	0.006356	9.6
1667	-1.309915	112.592806	0.007593	9.3
1668	-0.649423	112.554613	0.004346	11.8
1669	-0.797673	112.516455	0.007659	11.1
1670	-1.337415	112.478331	0.010410	9.8
1671	-1.250162	112.440241	0.009089	8.6
1672	-1.321465	112.402186	0.006594	11.6
1673	-1.269706	112.364165	0.006213	9.4
1674	-0.901666	112.326179	0.008063	8.5
1675	-0.872271	112.288227	0.006599	9.4
1676	-0.730980	112.250309	0.007265	10.6
1677	-0.886472	112.212425	0.006536	8.6
1678	-0.575136	112.174575	0.004085	8.9
1679	-1.353483	112.136759	0.005957	8.1
1680	-0.833180	112.098977	0.006113	9.4
1681	-1.228722	112.061229	0.008001	12.9
1682	-1.132399	112.023515	0.005572	9.0
1683	-1.279403	111.985834	0.006822	8.7
1684	-1.039184	111.948188	0.007575	8.2
1685	-0.222203	111.910575	0.004950	10.7
1686	-1.205837	111.872996	0.007922	8.8
1687	-0.831391	111.835450	0.005701	9.0
1688	-1.326938	111.797939	0.007088	9.1
1689	-0.872801	111.760460	0.005804	9.3
1690	-0.508277	111.723015	0.006263	10.2
1691	-1.346170	111.685604	0.009114	8.6
1692	-0.743263	111.648226	0.006718	8.8
1693	-0.678967	111.610881	0.005338	8.9
1694	-1.245140	111.573570	0.009047	11.2
1695	-1.053103	111.536292	0.006608	9.4
1696	-1.018357	111.499047	0.010249	8.4
1697	-0.000000	111.461835	0.000000	8.3
1698	-1.180841	111.424656	0.006213	10.1
1699	-1.020639	111.387510	0.005108	9.1
1700	-1.290705	111.350398	0.008351	8.3
1701	-1.337258	111.313318	0.009296	8.5
1702	-0.579043	111.276271	0.004566	9.0
1703	-1.030160	111.239257	0.005622	10.5
1704	-0.499017	111.202276	0.006450	8.5
1705	-0.943863	111.165328	0.008448	7.7
1706	-1.054361	111.128412	0.008951	8.4
1707	-1.221749	111.091529	0.007040	10.4
1708	-0.463635	111.054679	0.006798	8.5
1709	-1.294352	111.017861	0.007326	8.7
1710	-0.809813	110.981076	0.006214	7.4
1711	-0.940800	110.944323	0.003571	9.3
1712	-0.812601	110.907603	0.007413	11.4
1713	-0.773798	110.870915	0.004445	8.6
1714	-0.908319	110.834259	0.005899	8.1
1715	-0.806686	110.797636	0.007071	8.0
1716	-1.278855	110.761045	0.006236	10.7
1717	-0.343687	110.724486	0.003164	8.0
1718	-1.281377	110.687959	0.007017	9.3
1719	-1.443983	110.651465	0.009071	8.1
1720	-0.197515	110.615002	0.003337	7.8
1721	-0.278047	110.578572	0.004165	10.2
1722	-1.249480	110.542173	0.005919	8.3
1723	-0.849966	110.505807	0.006282	8.7
1724	-1.160662	110.469472	0.006634	9.6
1725	-0.855049	110.433169	0.006698	9.7
1726	-0.319748	110.396898	0.004377	10.1
1727	-1.205268	110.360659	0.008249	9.0
1728	-1.082838	110.324451	0.005806	8.7
1729	-1.156884	110.288276	0.007472	9.5
1730	-1.382495	110.252131	0.007849	10.7
1731	-0.257406	110.216019	0.003438	7.6
1732	-0.542813	110.179937	0.005699	9.3
1733	-1.313946	110.143888	0.007768	10.2
1734	-0.608940	110.107869	0.004876	13.2
1735	-0.345560	110.071882	0.004917	8.9
1736	-1.241686	110.035927	0.005722	9.6
1737	-0.951695	110.000003	0.007030	10.6
1738	-0.727792	109.964110	0.006045	10.4
1739	-0.989646	109.928248	0.007207	9.9
1740	-0.134716	109.892417	0.002108	9.5
1741	-1.206976	109.856618	0.006906	13.3
1742	-1.162483	109.820850	0.008345	8.4
1743	-0.378839	109.785112	0.004911	8.2
1744	-1.307765	109.749406	0.007254	9.6
1745	-0.256843	109.713730	0.003249	11.9
1746	-0.116069	109.678086	0.001097	10.0
1747	-0.662414	109.642472	0.006935	10.1
1748	-0.724148	109.606890	0.007382	10.7
1749	-0.470503	109.571337	0.004458	11.5
1750	-0.658420	109.535816	0.004418	9.1
1751	-0.973176	109.500326	0.007524	10.8
1752	-0.738435	109.464866	0.007933	9.8
1753	-1.064162	109.429436	0.006383	10.6
1754	-0.676291	109.394038	0.006262	8.8
1755	-0.178968	109.358669	0.004403	8.9
1756	-0.837916	109.323331	0.007200	8.1
1757	-0.442947	109.288024	0.004365	10.1
1758	-0.999101	109.252747	0.008872	9.6
1759	-0.316179	109.217501	0.004156	8.5
1760	-0.211071	109.182284	0.004220	8.4
1761	-1.067823	109.147098	0.006238	8.5
1762	-0.557895	109.111942	0.004850	9.6
1763	-0.190362	109.076817	0.002946	8.0
1764	-0.714374	109.041721	0.005873	9.5
1765	-1.275644	109.006656	0.006030	8.4
1766	-1.384462	108.971620	0.010483	9.1
1767	-0.852996	108.936615	0.007396	10.3
1768	-0.901056	108.901640	0.007064	8.4
1769	-1.291571	108.866694	0.009147	8.4
1770	-1.248802	108.831779	0.009308	8.1
1771	-1.342703	108.796893	0.009397	11.1
1772	-0.654811	108.762037	0.005525	8.7
1773	-1.441335	108.727211	0.007773	8.6
1774	-1.316912	108.692415	0.009891	8.2
1775	-0.801440	108.657648	0.007599	9.9
1776	-1.032809	108.622911	0.005396	10.5
1777	-0.941930	108.588203	0.005024	8.2
1778	-1.310048	108.553525	0.007822	8.5
1779	-1.285507	108.518877	0.007167	8.5
1780	-1.059321	108.484258	0.007658	10.7
1781	-0.965949	108.449668	0.006539	9.9
1782	-0.933905	108.415108	0.008472	9.4
1783	-0.859563	108.380578	0.005602	9.3
1784	-0.035553	108.346076	0.001793	10.5
1785	-0.864152	108.311604	0.005865	9.3
1786	-1.304325	108.277161	0.005710	9.6
1787	-0.008606	108.242747	0.000016	9.1
1788	-1.280887	108.208363	0.008718	10.3
1789	-1.373044	108.174007	0.007633	9.3
1790	-0.308474	108.139681	0.004270	9.3
1791	-1.326311	108.105383	0.007622	10.0
1792	-0.981483	108.071115	0.005683	10.0
1793	-1.152343	108.036875	0.007912	10.1
1794	-0.264626	108.002665	0.002134	9.5
1795	-1.130924	107.968483	0.007830	8.9
1796	-0.492133	107.934330	0.005021	9.4
1797	-1.227906	107.900206	0.007443	10.6
1798	-0.178597	107.866111	0.003649	8.9
1799	-1.221069	107.832044	0.010048	8.2
1800	-0.854135	107.798007	0.007436	8.3
1801	-1.162589	107.763997	0.008332	11.3
1802	-0.364956	107.730017	0.005440	8.3
1803	-1.017993	107.696065	0.005809	8.7
1804	-1.261068	107.662141	0.008477	8.3
1805	-0.440843	107.628246	0.006075	7.9
1806	-1.113833	107.594379	0.008967	9.9
1807	-1.071512	107.560541	0.007205	8.6
1808	-0.849086	107.526731	0.006506	9.1
1809	-0.660766	107.492949	0.008046	8.4
1810	-0.939662	107.459196	0.007796	9.0
1811	-1.091604	107.425471	0.006467	11.0
1812	-0.802206	107.391774	0.006794	9.0
1813	-1.313696	107.358106	0.008434	8.2
1814	-0.803490	107.324465	0.006392	9.0
1815	-0.902459	107.290853	0.006162	11.6
1816	-1.266338	107.257268	0.009076	9.2
1817	-1.003216	107.223712	0.005631	8.8
1818	-1.199338	107.190184	0.007195	9.2
1819	-0.944257	107.156683	0.006582	11.5
1820	-0.765678	107.123211	0.005255	9.9
1821	-0.485582	107.089766	0.004311	8.7
1822	-1.329624	107.056349	0.010952	10.1
1823	-0.469361	107.022960	0.007690	10.9
1824	-1.333386	106.989599	0.008094	8.7
1825	-1.365185	106.956265	0.006710	9.9
1826	-1.112382	106.922960	0.006612	10.4
1827	-0.964996	106.889681	0.007210	9.3
1828	-1.169332	106.856431	0.009035	10.1
1829	-0.078366	106.823208	0.001876	9.2
1830	-0.785475	106.790012	0.007210	12.1
1831	-1.199219	106.756844	0.007623	9.8
1832	-1.266607	106.723703	0.007886	9.1
1833	-0.988099	106.690590	0.006778	9.5
1834	-0.472523	106.657505	0.005933	10.7
1835	-1.203076	106.624446	0.008820	8.9
1836	-0.960360	106.591415	0.007314	10.5
1837	-1.284775	106.558411	0.008804	9.5
1838	-0.643659	106.525435	0.005524	10.4
1839	-1.290978	106.492485	0.007598	10.3
1840	-0.994302	106.459563	0.006920	8.8
1841	-1.352157	106.426668	0.011366	8.7
1842	-1.126851	106.393800	0.007676	9.0
1843	-1.153350	106.360959	0.007322	9.6
1844	-1.347075	106.328145	0.007131	9.1
1845	-0.893814	106.295358	0.006707	8.3
1846	-1.260155	106.262598	0.007077	9.8
1847	-1.037567	106.229865	0.007388	10.7
1848	-0.962604	106.197158	0.005451	8.7
1849	-0.987611	106.164479	0.007003	7.4
1850	-1.291451	106.131826	0.009617	8.1
1851	-0.270427	106.099201	0.002327	11.0
1852	-0.154537	106.066602	0.002778	8.9
1853	-1.142521	106.034029	0.007962	9.9
1854	-1.014954	106.001483	0.007389	9.6
1855	-0.689560	105.968964	0.007182	10.2
1856	-1.285212	105.936472	0.006436	9.6
1857	-0.005076	105.904006	0.000536	8.5
1858	-1.317708	105.871566	0.011548	8.8
1859	-1.120404	105.839153	0.007604	9.0
1860	-0.479643	105.806767	0.005202	9.9
1861	-1.283901	105.774407	0.008251	9.2
1862	-0.369906	105.742073	0.004308	8.6
1863	-0.822246	105.709766	0.005776	10.7
1864	-0.869177	105.677485	0.007494	11.8
1865	-0.718034	105.645230	0.005942	8.6
1866	-1.276342	105.613001	0.007641	9.2
1867	-1.216432	105.580799	0.007230	10.6
1868	-0.857238	105.548623	0.007355	9.4
1869	-1.184932	105.516473	0.008822	9.6
1870	-1.010425	105.484349	0.008238	8.9
1871	-1.160807	105.452251	0.007976	9.7
1872	-1.036519	105.420179	0.005601	11.8
1873	-1.178749	105.388133	0.007268	8.2
1874	-0.396237	105.356113	0.003328	9.9
1875	-0.788308	105.324119	0.005721	9.1
1876	-0.619948	105.292151	0.006161	11.9
1877	-0.733589	105.260209	0.006331	10.7
1878	-0.687152	105.228293	0.004619	8.7
1879	-1.165979	105.196402	0.004922	13.4
1880	-1.169253	105.164537	0.007098	10.4
1881	-1.181774	105.132698	0.006438	13.3
1882	-1.214225	105.100885	0.007715	11.9
1883	-1.181162	105.069097	0.007720	12.1
1884	-0.746580	105.037335	0.005348	9.9
1885	-1.282384	105.005598	0.008310	9.8
1886	-1.319078	104.973887	0.006587	12.3
1887	-0.509381	104.942202	0.004931	8.6
1888	-0.189341	104.910542	0.002529	8.4
1889	-0.594080	104.878907	0.004648	8.3
1890	-0.689599	104.847298	0.005666	9.3
1891	-1.276712	104.815715	0.007113	10.4
1892	-0.794288	104.784156	0.007244	8.5
1893	-1.235465	104.752623	0.007193	8.3
1894	-1.025988	104.721116	0.007986	8.6
1895	-0.417481	104.689633	0.005110	11.4
1896	-1.237380	104.658176	0.007968	8.9
1897	-1.221940	104.626744	0.008037	8.5
1898	-0.953732	104.595337	0.007210	9.0
1899	-0.222133	104.563955	0.003236	9.5
1900	-0.890372	104.532599	0.008051	9.6
1901	-1.211028	104.501267	0.010200	9.7
1902	-1.002785	104.469960	0.006737	9.4
1903	-0.799006	104.438679	0.007148	8.2
1904	-0.732591	104.407422	0.005461	12.8
1905	-0.246394	104.376191	0.003062	8.5
1906	-0.602642	104.344984	0.004482	7.2
1907	-1.143269	104.313802	0.006424	8.1
1908	-0.797719	104.282645	0.006376	11.3
1909	-1.245675	104.251513	0.007357	9.0
1910	-0.733402	104.220405	0.004436	9.3
1911	-1.227656	104.189323	0.006961	9.4
1912	-1.116073	104.158265	0.007197	9.1
1913	-1.233250	104.127231	0.007779	10.4
1914	-0.981881	104.096222	0.008098	8.4
1915	-1.286226	104.065238	0.008802	8.2
1916	-1.341591	104.034279	0.006775	8.6
1917	-1.108577	104.003344	0.006371	10.3
1918	-0.676515	103.972433	0.005195	9.6
1919	-1.212850	103.941547	0.008248	8.4
1920	-1.054949	103.910686	0.007105	9.1
1921	-1.034526	103.879849	0.005953	9.0
1922	-0.269179	103.849036	0.004214	8.8
1923	-1.206586	103.818248	0.007435	9.0
1924	-1.224645	103.787484	0.007575	8.4
1925	-0.792456	103.756744	0.002921	9.4
1926	-1.311306	103.726029	0.007333	10.6
1927	-1.116370	103.695338	0.007511	8.3
1928	-0.101509	103.664671	0.001285	8.4
1929	-1.431303	103.634028	0.010202	8.1
1930	-0.299054	103.603409	0.004422	9.7
1931	-0.631164	103.572814	0.005623	11.5
1932	-0.759883	103.542244	0.006215	9.2
1933	-1.145412	103.511698	0.009827	8.2
1934	-1.169671	103.481175	0.008066	8.6
1935	-1.105865	103.450677	0.005731	12.1
1936	-1.387389	103.420202	0.009699	8.7
1937	-1.155928	103.389752	0.007102	8.3
1938	-0.022250	103.359325	0.004084	8.4
1939	-0.912207	103.328922	0.009953	10.3
1940	-1.098771	103.298543	0.008239	9.3
1941	-0.244421	103.268188	0.003584	8.3
1942	-0.957772	103.237857	0.008946	9.2
1943	-0.172321	103.207549	0.003403	8.8
1944	-0.024555	103.177265	0.001621	11.2
1945	-1.005175	103.147005	0.005469	8.0
1946	-0.570468	103.116768	0.005263	8.3
1947	-0.395332	103.086556	0.005607	8.8
1948	-1.303522	103.056366	0.007931	11.4
1949	-1.113975	103.026200	0.007460	9.1
1950	-0.870378	102.996058	0.007585	9.6
1951	-1.275795	102.965939	0.006517	9.6
1952	-1.328534	102.935844	0.007975	10.7
1953	-1.185922	102.905772	0.006982	10.7
1954	-1.414399	102.875724	0.009720	9.4
1955	-1.289852	102.845699	0.011190	11.6
1956	-0.838367	102.815697	0.005066	9.6
1957	-1.229298	102.785719	0.007640	10.7
1958	-0.285634	102.755764	0.003760	8.9
1959	-1.232785	102.725832	0.005805	11.8
1960	-0.495457	102.695924	0.005329	9.9
1961	-0.605015	102.666038	0.004594	9.2
1962	-1.139274	102.636176	0.007899	8.9
1963	-1.181647	102.606337	0.006370	10.6
1964	-0.774131	102.576521	0.009786	9.8
1965	-0.723297	102.546728	0.005618	9.2
1966	-1.284392	102.516959	0.009036	9.4
1967	-0.864398	102.487212	0.007962	10.9
1968	-0.752638	102.457488	0.007973	8.6
1969	-1.221938	102.427788	0.008230	10.5
1970	-1.109181	102.398110	0.005339	10.8
1971	-0.911029	102.368455	0.007274	12.7
1972	-1.163372	102.338823	0.007872	9.8
1973	-0.813490	102.309214	0.008763	9.1
1974	-1.204412	102.279628	0.008930	8.8
1975	-1.287064	102.250064	0.006465	12.6
1976	-0.972694	102.220524	0.007861	9.7
1977	-0.783507	102.191006	0.006130	9.6
1978	-1.339445	102.161511	0.007205	9.4
1979	-0.933653	102.132038	0.007312	9.9
1980	-1.066574	102.102588	0.007606	8.9
1981	-0.240398	102.073161	0.003223	8.3
1982	-1.410999	102.043757	0.007449	9.0
1983	-1.225650	102.014375	0.007284	8.6
1984	-1.154313	101.985015	0.006854	12.0
1985	-0.486914	101.955678	0.005601	8.4
1986	-1.285741	101.926364	0.006020	8.3
1987	-0.372501	101.897072	0.004805	7.5
1988	-1.141698	101.867802	0.006068	10.9
1989	-0.390913	101.838555	0.002914	8.4
1990	-1.338336	101.809330	0.008181	8.9
1991	-1.331448	101.780128	0.007730	8.6
1992	-0.868579	101.750948	0.005279	9.6
1993	-0.802598	101.721790	0.005632	10.4
1994	-0.849220	101.692654	0.006854	8.9
1995	-0.368464	101.663541	0.003639	7.3
1996	-1.366226	101.634450	0.008502	8.2
1997	-0.922765	101.605381	0.005288	11.2
1998	-0.795704	101.576335	0.005727	8.4
1999	-1.279301	101.547310	0.010792	8.1
