1:ItNr	2:Metric	3:StepSize	4:||Gradient||	Time[ms]
0	-0.953633	627.201626	0.006390	530.9
1	-0.234562	623.504937	0.003467	9.4
2	-0.408749	619.865785	0.004574	9.0
3	-1.045835	616.282728	0.008093	9.3
4	-0.613672	612.754375	0.005701	8.4
5	-1.034400	609.279381	0.008236	9.0
6	-0.817133	605.856447	0.007838	9.1
7	-0.435626	602.484317	0.006334	10.5
8	-0.790500	599.161779	0.006314	12.4
9	-0.788681	595.887656	0.009462	11.5
10	-0.756326	592.660813	0.007630	8.6
11	-0.268734	589.480151	0.003902	14.0
12	-0.315205	586.344606	0.004837	15.8
13	-0.464851	583.253145	0.005172	15.0
14	-0.433646	580.204771	0.002424	18.1
15	-0.705892	577.198517	0.008156	13.1
16	-0.701409	574.233444	0.008405	10.6
17	-0.949113	571.308645	0.009734	9.1
18	-0.536066	568.423237	0.006171	17.0
19	-0.865201	565.576365	0.007544	11.1
20	-0.182224	562.767201	0.003715	10.5
21	-0.287838	559.994938	0.004086	9.6
22	-0.820882	557.258797	0.007762	13.3
23	-0.884625	554.558018	0.007658	10.7
24	-0.358287	551.891865	0.004810	8.7
25	-1.053845	549.259621	0.010120	13.8
26	-1.098126	546.660592	0.008858	12.6
27	-1.109626	544.094102	0.008823	8.9
28	-0.265266	541.559494	0.002797	9.3
29	-1.010132	539.056129	0.005827	8.5
30	-0.836508	536.583387	0.006349	8.6
31	-0.607372	534.140663	0.008458	11.7
32	-0.991332	531.727370	0.007706	9.7
33	-0.776162	529.342935	0.010608	9.2
34	-1.095987	526.986802	0.008454	9.8
35	-0.380894	524.658430	0.004165	10.5
36	-0.777897	522.357290	0.005133	8.9
37	-1.049049	520.082868	0.008746	9.2
38	-1.007800	517.834665	0.007609	9.1
39	-0.776903	515.612193	0.009609	10.4
40	-0.574337	513.414976	0.005910	7.9
41	-0.914517	511.242551	0.008110	9.3
42	-1.176093	509.094468	0.006220	10.3
43	-1.026358	506.970285	0.007380	12.4
44	-0.637621	504.869574	0.007652	9.8
45	-1.111504	502.791916	0.008929	9.5
46	-0.920962	500.736903	0.009075	11.2
47	-0.285055	498.704137	0.003067	8.7
48	-1.038047	496.693228	0.010313	11.9
49	-1.173995	494.703798	0.008845	10.9
50	-0.022129	492.735476	0.001785	11.5
51	-1.203222	490.787900	0.009727	10.8
52	-0.922970	488.860718	0.009004	12.9
53	-0.472412	486.953585	0.006453	9.7
54	-0.897678	485.066164	0.009255	14.1
55	-0.635976	483.198126	0.004237	10.9
56	-1.012754	481.349149	0.006954	10.2
57	-0.784795	479.518920	0.007863	13.2
58	-1.096572	477.707132	0.007295	11.3
59	-0.833721	475.913485	0.007219	12.6
60	-0.707143	474.137684	0.008911	9.1
61	-1.084912	472.379445	0.007088	13.8
62	-0.757483	470.638485	0.007280	11.6
63	-1.132488	468.914531	0.008579	8.4
64	-0.717175	467.207315	0.007997	11.2
65	-0.784764	465.516573	0.009509	14.3
66	-0.283738	463.842050	0.004854	12.3
67	-0.815429	462.183494	0.007223	12.0
68	-0.842632	460.540658	0.007406	10.2
69	-0.809788	458.913303	0.007943	11.5
70	-0.612458	457.301192	0.007199	9.4
71	-0.937366	455.704096	0.006237	8.7
72	-0.563352	454.121787	0.006724	7.5
73	-0.830593	452.554045	0.007818	10.6
74	-0.796366	451.000653	0.007549	9.1
75	-0.276926	449.461399	0.002884	8.7
76	-0.897378	447.936075	0.007546	8.8
77	-1.084413	446.424477	0.009488	10.9
78	-0.576160	444.926406	0.010085	8.9
79	-0.421238	443.441666	0.003659	9.1
80	-0.589477	441.970065	0.005883	14.5
81	-1.076681	440.511415	0.008280	34.9
82	-0.670188	439.065533	0.006270	19.1
83	-1.021135	437.632238	0.007335	32.3
84	-0.994468	436.211351	0.008262	16.4
85	-1.075306	434.802701	0.008570	40.9
86	-0.236918	433.406117	0.002419	18.7
87	-0.346462	432.021430	0.005964	21.8
88	-1.073030	430.648479	0.008968	22.6
89	-0.212492	429.287101	0.002601	16.4
90	-0.914635	427.937140	0.010315	14.0
91	-0.807222	426.598440	0.006898	9.9
92	-0.717742	425.270849	0.007520	22.5
93	-0.882532	423.954220	0.008345	13.5
94	-1.236641	422.648404	0.009668	11.5
95	-0.205550	421.353259	0.006317	14.2
96	-0.941253	420.068643	0.009384	15.9
97	-1.064321	418.794419	0.008441	9.3
98	-0.642906	417.530451	0.006022	11.4
99	-1.167038	416.276604	0.008109	10.3
100	-0.098843	415.032748	0.003327	8.7
101	-0.745219	413.798754	0.005906	13.1
102	-0.413906	412.574495	0.003787	12.5
103	-0.751996	411.359849	0.007242	12.6
104	-1.095152	410.154691	0.008189	12.4
105	-0.702270	408.958904	0.006052	8.0
106	-0.800440	407.772368	0.007627	13.7
107	-0.876605	406.594968	0.007287	8.6
108	-1.038499	405.426590	0.008293	8.5
109	-0.862144	404.267122	0.006435	9.6
110	-0.216307	403.116456	0.002880	8.8
111	-0.255810	401.974481	0.003313	10.6
112	-1.245913	400.841093	0.010922	9.4
113	-1.101565	399.716187	0.007566	8.9
114	-0.661969	398.599660	0.005238	9.8
115	-0.827308	397.491411	0.008093	9.8
116	-0.272150	396.391342	0.004826	8.6
117	-0.840844	395.299353	0.006958	8.9
118	-0.841226	394.215350	0.011024	9.7
119	-0.803734	393.139238	0.006909	11.2
120	-0.619789	392.070924	0.005386	9.0
121	-0.407421	391.010316	0.005558	10.2
122	-1.172004	389.957325	0.007397	16.3
123	-0.229841	388.911862	0.002678	14.6
124	-0.788984	387.873839	0.006189	10.0
125	-0.934943	386.843173	0.007666	23.2
126	-0.538182	385.819777	0.002688	20.1
127	-0.705996	384.803569	0.005146	17.5
128	-0.483752	383.794468	0.003871	19.4
129	-1.038679	382.792393	0.008654	13.4
130	-0.000000	381.797264	0.000000	14.7
131	-0.224345	380.809005	0.005067	8.8
132	-0.000000	379.827537	0.000000	9.1
133	-0.772281	378.852786	0.007919	9.3
134	-1.149403	377.884678	0.008587	9.2
135	-1.009958	376.923138	0.008854	8.5
136	-1.087847	375.968095	0.009516	8.8
137	-0.816565	375.019479	0.006408	8.8
138	-1.078693	374.077218	0.010859	8.8
139	-1.085927	373.141244	0.006764	10.7
140	-0.597541	372.211489	0.005538	8.9
141	-1.076713	371.287887	0.008083	8.7
142	-0.568232	370.370370	0.004840	8.0
143	-0.463607	369.458876	0.003682	9.8
144	-1.070065	368.553338	0.005966	11.4
145	-0.866628	367.653696	0.005805	7.8
146	-0.953701	366.759885	0.005961	10.8
147	-0.638967	365.871846	0.005986	14.3
148	-0.893075	364.989518	0.009561	12.6
149	-0.783330	364.112841	0.006930	13.5
150	-0.939069	363.241757	0.006632	12.7
151	-0.615132	362.376208	0.006986	10.7
152	-0.467521	361.516137	0.004762	9.6
153	-0.767908	360.661488	0.007346	9.1
154	-0.774311	359.812206	0.009636	10.6
155	-1.125763	358.968236	0.008929	8.8
156	-0.954876	358.129524	0.007814	10.9
157	-1.071431	357.296018	0.007551	10.4
158	-0.206821	356.467665	0.005036	14.8
159	-0.748996	355.644414	0.007159	12.9
160	-0.850259	354.826213	0.007546	14.3
161	-0.907170	354.013012	0.005262	16.3
162	-0.470284	353.204763	0.007029	9.8
163	-1.015087	352.401415	0.008215	11.3
164	-0.540700	351.602922	0.005084	8.8
165	-0.692588	350.809235	0.007144	13.4
166	-1.189318	350.020308	0.010027	10.6
167	-0.788715	349.236095	0.008210	11.8
168	-0.515481	348.456550	0.004246	9.3
169	-1.194240	347.681627	0.005796	11.9
170	-1.122810	346.911283	0.008968	10.6
171	-1.172195	346.145474	0.007879	9.3
172	-0.561206	345.384157	0.009151	11.9
173	-1.088536	344.627288	0.008379	13.4
174	-0.764233	343.874826	0.007551	9.6
175	-1.215994	343.126729	0.008928	11.2
176	-0.068602	342.382957	0.001742	10.7
177	-1.189606	341.643469	0.007324	13.8
178	-0.985346	340.908224	0.008618	8.8
179	-1.259895	340.177184	0.006508	10.8
180	-1.154262	339.450309	0.007794	9.0
181	-0.733452	338.727561	0.005503	14.1
182	-0.720716	338.008902	0.006580	10.7
183	-0.772379	337.294295	0.006226	8.4
184	-0.732747	336.583703	0.006502	8.2
185	-1.226581	335.877089	0.007339	10.9
186	-0.168580	335.174416	0.001791	9.1
187	-0.883843	334.475651	0.008059	8.4
188	-1.075800	333.780756	0.009236	8.1
189	-1.022575	333.089698	0.007317	9.3
190	-1.048571	332.402443	0.005679	11.7
191	-1.097567	331.718955	0.007886	7.7
192	-1.090329	331.039203	0.008094	8.5
193	-0.297165	330.363153	0.004569	7.3
194	-0.968219	329.690771	0.005722	14.2
195	-1.162461	329.022027	0.007889	13.4
196	-0.738629	328.356888	0.006501	13.4
197	-0.782546	327.695322	0.006110	14.6
198	-0.032667	327.037299	0.003045	10.6
199	-0.431973	326.382787	0.004760	9.7
200	-0.807488	325.731758	0.007574	9.2
201	-0.518807	325.084179	0.003758	10.8
202	-1.163379	324.440023	0.008819	9.1
203	-0.531266	323.799258	0.004560	9.4
204	-1.108310	323.161858	0.008824	11.7
205	-0.747317	322.527792	0.007276	13.3
206	-0.675918	321.897034	0.005732	10.5
207	-1.219172	321.269554	0.007443	9.3
208	-1.051120	320.645325	0.009281	10.3
209	-0.569926	320.024320	0.006322	13.4
210	-0.796484	319.406512	0.007778	8.3
211	-1.146210	318.791875	0.007649	10.2
212	-1.213622	318.180381	0.007783	9.8
213	-0.265352	317.572005	0.002232	12.5
214	-1.137302	316.966721	0.009248	10.4
215	-0.848326	316.364504	0.005051	9.7
216	-1.046893	315.765329	0.005949	9.2
217	-0.922037	315.169170	0.010513	13.2
218	-0.555876	314.576003	0.004839	10.2
219	-0.858691	313.985804	0.008977	7.6
220	-1.257562	313.398548	0.008069	10.8
221	-0.977927	312.814213	0.009236	13.2
222	-1.249313	312.232773	0.009056	9.9
223	-0.907123	311.654207	0.007582	10.7
224	-0.048234	311.078491	0.001090	10.6
225	-0.730751	310.505602	0.006099	12.8
226	-0.820877	309.935518	0.007117	11.2
227	-0.947921	309.368217	0.008760	10.8
228	-0.982421	308.803676	0.007170	10.0
229	-0.726170	308.241874	0.007085	11.8
230	-1.077989	307.682789	0.006415	12.1
231	-0.867952	307.126400	0.007406	10.2
232	-0.332743	306.572687	0.004982	11.2
233	-0.516756	306.021627	0.005831	14.0
234	-0.480532	305.473201	0.003614	9.6
235	-0.204334	304.927388	0.004182	10.6
236	-1.168038	304.384168	0.006283	10.5
237	-0.632147	303.843521	0.006745	13.4
238	-1.194992	303.305427	0.006938	10.1
239	-0.559760	302.769867	0.005264	10.8
240	-1.041910	302.236821	0.008320	14.6
241	-1.170455	301.706270	0.011125	12.0
242	-0.733476	301.178196	0.006632	15.6
243	-0.989513	300.652580	0.006456	16.7
244	-0.986282	300.129402	0.011204	19.2
245	-0.546100	299.608645	0.004395	10.9
246	-1.011247	299.090291	0.007087	14.3
247	-0.834245	298.574321	0.005252	11.9
248	-0.885648	298.060718	0.007825	9.9
249	-0.755669	297.549465	0.007785	11.8
250	-0.643418	297.040543	0.007376	12.6
251	-0.844112	296.533936	0.010155	11.3
252	-1.026692	296.029626	0.009813	9.3
253	-0.904143	295.527597	0.008907	11.0
254	-1.250990	295.027832	0.008020	9.9
255	-1.157235	294.530315	0.009111	10.1
256	-0.656810	294.035028	0.006995	11.0
257	-1.250575	293.541956	0.007698	13.9
258	-1.023701	293.051083	0.008065	9.6
259	-0.032201	292.562393	0.003209	11.7
260	-0.969591	292.075870	0.007876	9.2
261	-1.141697	291.591498	0.007335	12.2
262	-1.122644	291.109263	0.007952	10.7
263	-0.483053	290.629149	0.005124	8.5
264	-0.338524	290.151140	0.004864	10.2
265	-0.182002	289.675222	0.005797	14.1
266	-1.055261	289.201380	0.006472	9.7
267	-0.041067	288.729600	0.001161	11.2
268	-0.851413	288.259866	0.007024	10.9
269	-1.204628	287.792165	0.008105	13.0
270	-1.131524	287.326481	0.007164	10.0
271	-0.713933	286.862802	0.005957	16.5
272	-0.988550	286.401113	0.012067	25.8
273	-0.651169	285.941400	0.006889	20.2
274	-0.703534	285.483649	0.005652	20.6
275	-0.767872	285.027847	0.007837	22.8
276	-0.647585	284.573981	0.006694	21.4
277	-0.849131	284.122037	0.005440	18.3
278	-0.736675	283.672002	0.006594	19.5
279	-1.163345	283.223863	0.007065	24.0
280	-0.533285	282.777607	0.004406	33.4
281	-0.494326	282.333221	0.005938	24.2
282	-0.619457	281.890692	0.005956	16.7
283	-1.153038	281.450008	0.010759	13.6
284	-0.705712	281.011157	0.006799	15.5
285	-0.778543	280.574125	0.006049	10.1
286	-0.380711	280.138901	0.004621	11.9
287	-0.869722	279.705473	0.007556	12.3
288	-0.709480	279.273829	0.004674	15.2
289	-0.887267	278.843956	0.007262	8.0
290	-0.755279	278.415844	0.008303	11.8
291	-0.656562	277.989479	0.007012	12.3
292	-0.718273	277.564851	0.006000	12.3
293	-0.914544	277.141949	0.007616	9.9
294	-0.775014	276.720761	0.007007	10.7
295	-0.729002	276.301275	0.007186	14.1
296	-0.995036	275.883480	0.011058	9.8
297	-0.600372	275.467366	0.006632	13.2
298	-1.019278	275.052922	0.005142	12.1
299	-1.123982	274.640136	0.006393	15.7
300	-1.186587	274.228998	0.007878	10.0
301	-0.035754	273.819497	0.001303	10.2
302	-0.779707	273.411623	0.007539	12.9
303	-0.773843	273.005365	0.006285	9.2
304	-1.086671	272.600712	0.008259	11.5
305	-1.273817	272.197655	0.007538	12.0
306	-1.135207	271.796184	0.010824	11.2
307	-1.055584	271.396287	0.008476	8.5
308	-0.178156	270.997956	0.002187	9.8
309	-0.157091	270.601180	0.002957	9.1
310	-1.109693	270.205949	0.005759	9.6
311	-0.201110	269.812254	0.002985	9.4
312	-1.213525	269.420085	0.006338	9.5
313	-1.088880	269.029432	0.009076	8.0
314	-1.133541	268.640287	0.008095	8.8
315	-0.297904	268.252638	0.003308	12.6
316	-0.362721	267.866478	0.003567	7.0
317	-1.237721	267.481796	0.010151	9.0
318	-1.051293	267.098584	0.007940	8.4
319	-0.997886	266.716833	0.007181	10.7
320	-0.434263	266.336533	0.003110	9.1
321	-1.238694	265.957676	0.006361	8.2
322	-0.793436	265.580253	0.005512	9.4
323	-0.371509	265.204254	0.004310	13.5
324	-0.813770	264.829672	0.009808	12.7
325	-0.756387	264.456497	0.004754	14.6
326	-0.897344	264.084721	0.007979	14.4
327	-0.816306	263.714335	0.006085	8.6
328	-0.067839	263.345332	0.002507	7.2
329	-0.730608	262.977702	0.005132	9.1
330	-1.081274	262.611438	0.007995	8.8
331	-1.105710	262.246531	0.006757	11.7
332	-1.046157	261.882973	0.006850	8.9
333	-0.655373	261.520756	0.006930	6.2
334	-0.610933	261.159871	0.003827	9.9
335	-0.654274	260.800312	0.006326	10.8
336	-1.097210	260.442070	0.007591	9.0
337	-0.770663	260.085137	0.005611	9.1
338	-0.644777	259.729505	0.007399	8.7
339	-1.179791	259.375167	0.006959	11.4
340	-0.809322	259.022116	0.006792	12.2
341	-1.016037	258.670343	0.007799	8.1
342	-0.082832	258.319841	0.001495	11.4
343	-0.267121	257.970602	0.003212	13.9
344	-0.274634	257.622620	0.003454	9.8
345	-0.505440	257.275887	0.004352	10.4
346	-1.145256	256.930396	0.005316	11.7
347	-1.150798	256.586139	0.008723	12.3
348	-0.423008	256.243109	0.004711	9.3
349	-1.192611	255.901300	0.009175	13.3
350	-1.183118	255.560703	0.006083	22.9
351	-0.264777	255.221313	0.005954	18.1
352	-1.163798	254.883122	0.006161	14.0
353	-1.089477	254.546124	0.006802	13.7
354	-0.132750	254.210311	0.001821	11.4
355	-1.209897	253.875677	0.008258	10.7
356	-0.767236	253.542215	0.005373	11.3
357	-1.109249	253.209918	0.008358	18.2
358	-1.012944	252.878781	0.007275	12.5
359	-0.923114	252.548795	0.007586	9.2
360	-1.119563	252.219956	0.007808	9.6
361	-0.447552	251.892255	0.006269	12.6
362	-0.286945	251.565688	0.003231	8.8
363	-0.905880	251.240247	0.007325	9.9
364	-0.813401	250.915926	0.005798	9.5
365	-0.918537	250.592720	0.006578	9.5
366	-0.946495	250.270621	0.006720	9.4
367	-1.012066	249.949624	0.006665	8.3
368	-0.360732	249.629723	0.004615	9.2
369	-0.688675	249.310911	0.007258	9.4
370	-0.893634	248.993182	0.007824	13.0
371	-0.974933	248.676531	0.007512	14.1
372	-0.817192	248.360952	0.007467	15.0
373	-1.033291	248.046438	0.007565	13.2
374	-0.893772	247.732984	0.005331	8.4
375	-1.225214	247.420584	0.007645	9.1
376	-0.727921	247.109233	0.008375	11.1
377	-0.626572	246.798924	0.005321	8.7
378	-0.251902	246.489652	0.002176	8.2
379	-0.796281	246.181412	0.006551	8.1
380	-0.829893	245.874197	0.006565	8.2
381	-1.084454	245.568002	0.008362	10.5
382	-0.768737	245.262822	0.005926	10.0
383	-0.725970	244.958652	0.008455	8.8
384	-0.910540	244.655485	0.007660	8.0
385	-1.118674	244.353317	0.006764	9.0
386	-0.629522	244.052142	0.004407	10.2
387	-0.670424	243.751955	0.006232	9.1
388	-0.248681	243.452750	0.003658	8.3
389	-0.528068	243.154523	0.006651	9.8
390	-1.066187	242.857268	0.008942	11.3
391	-1.199590	242.560980	0.006424	8.7
392	-1.094187	242.265654	0.008661	8.4
393	-0.664685	241.971285	0.006480	8.6
394	-0.626527	241.677868	0.007859	10.4
395	-0.868555	241.385397	0.007676	8.2
396	-1.114747	241.093869	0.008515	8.5
397	-1.039676	240.803278	0.008847	9.3
398	-0.206900	240.513619	0.003352	9.5
399	-1.208099	240.224887	0.005887	11.0
400	-0.000018	239.937077	0.000025	8.6
401	-1.140070	239.650186	0.007625	9.6
402	-1.219783	239.364207	0.006266	11.1
403	-0.891546	239.079136	0.006681	12.0
404	-1.060877	238.794969	0.011635	10.7
405	-0.502846	238.511701	0.005460	9.9
406	-1.218610	238.229327	0.007886	12.6
407	-0.870818	237.947843	0.008095	9.9
408	-1.043761	237.667244	0.008105	10.4
409	-0.341018	237.387526	0.003407	10.6
410	-0.576254	237.108684	0.008014	12.1
411	-0.502077	236.830714	0.005205	13.6
412	-0.731975	236.553610	0.006067	10.6
413	-0.384862	236.277370	0.002890	9.5
414	-0.544707	236.001989	0.004110	11.0
415	-0.856371	235.727461	0.006134	10.0
416	-0.989327	235.453784	0.007766	9.9
417	-0.948293	235.180952	0.007378	11.0
418	-0.616989	234.908962	0.004810	9.6
419	-0.798472	234.637809	0.007672	8.7
420	-1.086781	234.367488	0.009164	9.8
421	-0.499665	234.097997	0.004113	10.2
422	-1.186731	233.829331	0.007844	12.8
423	-1.009288	233.561485	0.005672	13.0
424	-0.049731	233.294456	0.001681	15.6
425	-1.096682	233.028239	0.008583	11.1
426	-1.103829	232.762831	0.007186	9.4
427	-0.800226	232.498228	0.006864	7.5
428	-0.484109	232.234425	0.005698	9.3
429	-0.978602	231.971419	0.006721	8.9
430	-0.300132	231.709205	0.003479	8.6
431	-0.733152	231.447781	0.007873	9.1
432	-1.201170	231.187141	0.007026	9.4
433	-1.083748	230.927283	0.006416	11.6
434	-1.010159	230.668202	0.008080	9.5
435	-0.790788	230.409895	0.006823	8.6
436	-0.352165	230.152358	0.006148	12.3
437	-0.916792	229.895587	0.007472	11.3
438	-0.712119	229.639578	0.007192	9.6
439	-1.096610	229.384329	0.005765	11.6
440	-0.437649	229.129834	0.004033	13.0
441	-1.019168	228.876091	0.007033	10.0
442	-0.939154	228.623096	0.008223	10.8
443	-1.237082	228.370846	0.006419	9.5
444	-1.015553	228.119336	0.006503	13.2
445	-0.618204	227.868563	0.006553	11.8
446	-1.128596	227.618525	0.006379	10.5
447	-1.051080	227.369216	0.007027	10.2
448	-0.134081	227.120635	0.002139	12.8
449	-1.068705	226.872777	0.008758	9.9
450	-0.875555	226.625638	0.006690	10.2
451	-0.953833	226.379217	0.004333	11.2
452	-0.976155	226.133509	0.006638	13.1
453	-0.411798	225.888510	0.007677	9.3
454	-0.967053	225.644218	0.007941	11.1
455	-0.669491	225.400630	0.007137	8.1
456	-1.247580	225.157741	0.012079	13.4
457	-1.115373	224.915549	0.006349	12.2
458	-1.262088	224.674051	0.007224	11.3
459	-1.186070	224.433242	0.007753	10.6
460	-1.113471	224.193121	0.008261	12.8
461	-0.218324	223.953684	0.004364	11.6
462	-0.772052	223.714927	0.007563	9.6
463	-1.049306	223.476848	0.006561	13.6
464	-1.227229	223.239444	0.007202	10.5
465	-0.477600	223.002710	0.003360	10.5
466	-0.756667	222.766645	0.005240	9.2
467	-0.529142	222.531245	0.005851	11.7
468	-1.055180	222.296508	0.008714	8.9
469	-0.864522	222.062429	0.009110	9.9
470	-0.849801	221.829007	0.006914	10.7
471	-0.918359	221.596238	0.007068	15.4
472	-0.996691	221.364119	0.006544	13.2
473	-0.954035	221.132647	0.007113	14.8
474	-0.977622	220.901820	0.006408	13.6
475	-0.815012	220.671634	0.006019	10.8
476	-1.060836	220.442086	0.007060	9.6
477	-0.187516	220.213174	0.005639	8.5
478	-0.623372	219.984895	0.004576	10.5
479	-1.116825	219.757246	0.005852	8.3
480	-1.174202	219.530224	0.006426	9.2
481	-1.137440	219.303826	0.006651	11.4
482	-1.181350	219.078050	0.009062	11.0
483	-0.738516	218.852893	0.005383	8.5
484	-0.651030	218.628352	0.005777	8.3
485	-1.068678	218.404424	0.005870	12.6
486	-0.003802	218.181106	0.000161	18.0
487	-1.153951	217.958397	0.005754	14.7
488	-0.926859	217.736292	0.007628	12.0
489	-0.980079	217.514790	0.007732	10.7
490	-1.218023	217.293888	0.007294	9.0
491	-1.207729	217.073584	0.006894	8.6
492	-1.195117	216.853873	0.007296	9.7
493	-0.564328	216.634755	0.007903	10.7
494	-1.112573	216.416227	0.006987	9.2
495	-0.813288	216.198285	0.006849	8.9
496	-0.151270	215.980927	0.004067	8.1
497	-0.456803	215.764151	0.004157	9.3
498	-0.572056	215.547955	0.003879	10.7
499	-0.686340	215.332335	0.005890	8.7
500	-0.646175	215.117289	0.004500	7.0
501	-0.795149	214.902815	0.006201	9.0
502	-0.524361	214.688911	0.005545	11.1
503	-0.608295	214.475573	0.004325	8.5
504	-0.640412	214.262800	0.005403	9.2
505	-0.639140	214.050588	0.005363	9.8
506	-1.242389	213.838936	0.005713	10.4
507	-1.299261	213.627842	0.007914	10.1
508	-1.140594	213.417302	0.009800	7.4
509	-0.013751	213.207314	0.001512	8.2
510	-1.178889	212.997877	0.007524	8.5
511	-1.183521	212.788987	0.009086	11.1
512	-1.098300	212.580642	0.005970	8.8
513	-0.359449	212.372841	0.004951	8.3
514	-0.990086	212.165581	0.007473	7.0
515	-1.099018	211.958859	0.008992	9.0
516	-0.688475	211.752673	0.006460	11.0
517	-0.842256	211.547021	0.005674	8.8
518	-1.174687	211.341902	0.007346	8.7
519	-0.097193	211.137311	0.001966	7.8
520	-0.923776	210.933248	0.007004	8.4
521	-0.312766	210.729710	0.003595	13.3
522	-0.649042	210.526695	0.004182	12.9
523	-1.037414	210.324200	0.007229	14.5
524	-0.524111	210.122224	0.004198	13.2
525	-0.723164	209.920765	0.004660	10.3
526	-0.279693	209.719820	0.004821	8.7
527	-0.462250	209.519387	0.007590	7.6
528	-0.171300	209.319463	0.002931	9.4
529	-1.006000	209.120048	0.007688	10.0
530	-0.927801	208.921139	0.007688	9.2
531	-0.780093	208.722733	0.006839	9.1
532	-0.593514	208.524829	0.003546	8.3
533	-1.038039	208.327425	0.006276	11.8
534	-0.957319	208.130518	0.007117	7.6
535	-1.112537	207.934107	0.007213	9.0
536	-1.243127	207.738189	0.005879	8.6
537	-0.181429	207.542762	0.003811	11.2
538	-0.041879	207.347825	0.002982	9.2
539	-1.086850	207.153376	0.007787	8.3
540	-0.552742	206.959412	0.005153	8.7
541	-0.957056	206.765932	0.006602	8.5
542	-1.057455	206.572933	0.005989	11.1
543	-0.714736	206.380414	0.004793	8.5
544	-0.746559	206.188373	0.006530	9.6
545	-0.734389	205.996807	0.005960	9.0
546	-0.836065	205.805716	0.006018	10.1
547	-0.498213	205.615096	0.005124	9.4
548	-0.923184	205.424946	0.006337	7.1
549	-1.221182	205.235265	0.007250	8.3
550	-0.875001	205.046050	0.007138	10.9
551	-0.496835	204.857299	0.004439	8.4
552	-0.593960	204.669011	0.006763	8.2
553	-1.088421	204.481184	0.008784	8.7
554	-0.883043	204.293816	0.006695	8.4
555	-1.036475	204.106905	0.007148	10.1
556	-1.050585	203.920449	0.006291	8.3
557	-0.831418	203.734447	0.007788	8.7
558	-0.713624	203.548896	0.006499	9.9
559	-1.167773	203.363795	0.008819	9.8
560	-1.171663	203.179143	0.007453	8.8
561	-0.392398	202.994937	0.003644	7.9
562	-0.738064	202.811176	0.006792	8.3
563	-0.840761	202.627857	0.006332	9.0
564	-0.693131	202.444980	0.005970	11.7
565	-1.223052	202.262543	0.006069	9.0
566	-0.855726	202.080543	0.008229	9.3
567	-0.087305	201.898979	0.000931	8.2
568	-0.597514	201.717849	0.005074	11.3
569	-1.119312	201.537153	0.006287	8.7
570	-1.004038	201.356887	0.006860	8.7
571	-0.894522	201.177050	0.006652	7.4
572	-0.560386	200.997642	0.004453	11.3
573	-1.161318	200.818659	0.009993	9.4
574	-0.645195	200.640100	0.007111	8.3
575	-1.117337	200.461965	0.006740	9.3
576	-1.018688	200.284250	0.007034	11.6
577	-1.076712	200.106955	0.006373	12.8
578	-1.154047	199.930078	0.008257	13.8
579	-0.918902	199.753617	0.006237	16.1
580	-0.177644	199.577571	0.003475	12.4
581	-1.090667	199.401938	0.006742	9.1
582	-0.255590	199.226717	0.003040	9.7
583	-0.970399	199.051905	0.008211	13.9
584	-0.787532	198.877502	0.007732	12.7
585	-1.182246	198.703506	0.008189	8.4
586	-0.076429	198.529916	0.002256	9.5
587	-1.214027	198.356729	0.005944	11.9
588	-1.294865	198.183944	0.006393	8.8
589	-1.174594	198.011560	0.008677	8.7
590	-0.856122	197.839576	0.009140	8.9
591	-0.196709	197.667989	0.003813	8.2
592	-0.865506	197.496798	0.006890	10.9
593	-0.764019	197.326002	0.005527	8.5
594	-1.049033	197.155600	0.009557	8.2
595	-0.728620	196.985589	0.007144	8.7
596	-0.872360	196.815969	0.006942	11.1
597	-1.085259	196.646738	0.008203	8.4
598	-1.001769	196.477894	0.006910	9.1
599	-0.917115	196.309436	0.005551	8.4
600	-1.117009	196.141363	0.008507	7.1
601	-0.649856	195.973673	0.004814	10.4
602	-0.702933	195.806365	0.006171	13.2
603	-1.177705	195.639437	0.006168	9.9
604	-0.906662	195.472888	0.007640	10.5
605	-0.875504	195.306717	0.007767	13.0
606	-0.192476	195.140922	0.003443	10.1
607	-0.687341	194.975501	0.006053	9.5
608	-1.046451	194.810454	0.008478	10.7
609	-0.772429	194.645779	0.006407	10.7
610	-1.106802	194.481475	0.012783	9.2
611	-1.225229	194.317540	0.007063	8.4
612	-0.251321	194.153973	0.004992	9.7
613	-1.056058	193.990773	0.007147	11.2
614	-1.058959	193.827938	0.006935	9.0
615	-0.349810	193.665467	0.003340	8.3
616	-0.647567	193.503358	0.006187	9.7
617	-1.231344	193.341611	0.006821	11.0
618	-0.612668	193.180224	0.004213	9.5
619	-0.060232	193.019196	0.002972	8.1
620	-0.942568	192.858525	0.007007	8.3
621	-0.999403	192.698210	0.007639	15.8
622	-0.982227	192.538251	0.008549	12.6
623	-0.452279	192.378644	0.004512	13.3
624	-0.688558	192.219391	0.006426	16.9
625	-1.121972	192.060488	0.007097	11.9
626	-0.128109	191.901935	0.003681	11.2
627	-1.085284	191.743730	0.005776	16.3
628	-1.074263	191.585873	0.006760	11.1
629	-1.075361	191.428362	0.006590	14.9
630	-0.480257	191.271196	0.007037	17.7
631	-1.014113	191.114374	0.008966	11.5
632	-0.823590	190.957893	0.006005	10.1
633	-0.574179	190.801755	0.007572	9.9
634	-0.814175	190.645956	0.005885	13.7
635	-0.379555	190.490495	0.007768	13.4
636	-0.641971	190.335373	0.008227	9.5
637	-0.775856	190.180587	0.005497	12.0
638	-0.389627	190.026136	0.003660	12.3
639	-0.521590	189.872019	0.007614	8.6
640	-1.129180	189.718235	0.008389	11.7
641	-0.702543	189.564782	0.003735	13.1
642	-1.079796	189.411661	0.006255	10.7
643	-0.862778	189.258868	0.006495	9.0
644	-0.879196	189.106404	0.007696	10.7
645	-0.972478	188.954267	0.005965	13.4
646	-0.375321	188.802456	0.004524	8.5
647	-1.194210	188.650969	0.006571	9.5
648	-1.147686	188.499807	0.008203	9.6
649	-0.282597	188.348967	0.002009	10.8
650	-0.045540	188.198448	0.001489	10.1
651	-0.993540	188.048250	0.008488	8.3
652	-1.174073	187.898371	0.006817	9.0
653	-1.129609	187.748810	0.005530	9.8
654	-0.363281	187.599566	0.006143	8.9
655	-1.063010	187.450638	0.006241	9.4
656	-0.247000	187.302025	0.003386	9.3
657	-0.882165	187.153725	0.005776	10.0
658	-0.808838	187.005739	0.008149	11.7
659	-0.958777	186.858064	0.008337	9.9
660	-0.617492	186.710699	0.005407	8.2
661	-0.712641	186.563645	0.004990	8.5
662	-0.790979	186.416898	0.006863	11.7
663	-1.181547	186.270459	0.007718	8.3
664	-0.816541	186.124326	0.007805	9.2
665	-1.197830	185.978499	0.006581	9.8
666	-0.420339	185.832976	0.004330	9.6
667	-1.085904	185.687756	0.006361	8.6
668	-0.894508	185.542838	0.006417	9.2
669	-0.589633	185.398222	0.005959	8.5
670	-1.091134	185.253906	0.005261	11.3
671	-1.039977	185.109889	0.007342	8.6
672	-0.804742	184.966170	0.006292	11.4
673	-0.568241	184.822748	0.004540	9.4
674	-0.916302	184.679623	0.005319	11.0
675	-1.324820	184.536792	0.009027	9.0
676	-1.068023	184.394256	0.009291	11.2
677	-1.005177	184.252013	0.007165	13.6
678	-1.040973	184.110062	0.007081	18.2
679	-0.566008	183.968403	0.004485	8.8
680	-0.083850	183.827034	0.004489	8.3
681	-1.123567	183.685954	0.007643	10.7
682	-1.159553	183.545163	0.008493	8.9
683	-1.200004	183.404658	0.005783	8.8
684	-1.148195	183.264441	0.010480	13.3
685	-1.004842	183.124509	0.005896	12.7
686	-0.515346	182.984861	0.004600	7.7
687	-0.643152	182.845497	0.005414	8.9
688	-0.291814	182.706416	0.004114	9.0
689	-1.213063	182.567616	0.006299	9.0
690	-0.999667	182.429098	0.006937	11.2
691	-0.685671	182.290859	0.007682	8.4
692	-1.041463	182.152899	0.005575	8.5
693	-1.107607	182.015217	0.007326	7.4
694	-1.146787	181.877813	0.008700	9.9
695	-0.587605	181.740684	0.006634	9.3
696	-1.007200	181.603832	0.006357	8.2
697	-0.905973	181.467253	0.008413	7.3
698	-1.150904	181.330948	0.008034	8.8
699	-1.143788	181.194916	0.009974	10.6
700	-0.973087	181.059155	0.006168	8.0
701	-0.185970	180.923666	0.002877	8.3
702	-0.234427	180.788446	0.003236	8.5
703	-0.162093	180.653496	0.005497	9.4
704	-1.260297	180.518814	0.006440	9.3
705	-0.962744	180.384399	0.006324	8.4
706	-0.952115	180.250251	0.006321	9.4
707	-0.995547	180.116369	0.007371	9.1
708	-0.348709	179.982752	0.004988	8.1
709	-0.694858	179.849398	0.005905	9.0
710	-0.764318	179.716308	0.007555	8.8
711	-1.083114	179.583480	0.007793	8.9
712	-0.727909	179.450913	0.004688	10.3
713	-1.324439	179.318607	0.008753	8.7
714	-0.944889	179.186561	0.009412	7.4
715	-0.660210	179.054774	0.006237	8.3
716	-0.894077	178.923245	0.005000	8.5
717	-0.739318	178.791973	0.004678	10.6
718	-1.068561	178.660958	0.008084	8.8
719	-0.234283	178.530199	0.003159	9.0
720	-0.718793	178.399694	0.005816	9.1
721	-0.108049	178.269444	0.002273	10.0
722	-0.978130	178.139447	0.008839	9.6
723	-0.793503	178.009702	0.006158	8.3
724	-1.051802	177.880209	0.006134	8.2
725	-1.243372	177.750967	0.008797	8.8
726	-1.205330	177.621975	0.007104	10.2
727	-1.006088	177.493232	0.009644	8.7
728	-0.665614	177.364738	0.006713	8.5
729	-1.100198	177.236492	0.006104	9.2
730	-0.636376	177.108492	0.006540	8.5
731	-0.885195	176.980739	0.007161	14.9
732	-1.092496	176.853231	0.006951	12.6
733	-1.262870	176.725968	0.007393	15.8
734	-0.599110	176.598949	0.003948	11.9
735	-0.865673	176.472173	0.009212	8.4
736	-0.891747	176.345639	0.005331	10.5
737	-1.045856	176.219348	0.007279	11.8
738	-1.094395	176.093296	0.006363	9.4
739	-0.421645	175.967486	0.005335	8.6
740	-1.171326	175.841914	0.007992	9.3
741	-0.667730	175.716581	0.007030	10.0
742	-0.458699	175.591486	0.003967	8.7
743	-1.151562	175.466629	0.008207	9.2
744	-1.095716	175.342008	0.006154	10.9
745	-1.126716	175.217622	0.008820	10.4
746	-0.066095	175.093472	0.001896	8.8
747	-0.933684	174.969556	0.005940	8.6
748	-1.181842	174.845873	0.006646	8.8
749	-0.392132	174.722423	0.002593	10.4
750	-1.033786	174.599206	0.006634	9.9
751	-1.151768	174.476220	0.007711	8.6
752	-0.862585	174.353464	0.008509	8.5
753	-1.141116	174.230939	0.010475	9.4
754	-0.911436	174.108643	0.005895	11.5
755	-0.235669	173.986576	0.002907	8.0
756	-1.226143	173.864737	0.007790	8.3
757	-0.339133	173.743124	0.005533	9.2
758	-0.914769	173.621739	0.004571	11.5
759	-0.508966	173.500579	0.005702	8.8
760	-1.083811	173.379645	0.008461	9.5
761	-0.701280	173.258935	0.006133	9.5
762	-0.448669	173.138449	0.004791	10.8
763	-0.835394	173.018186	0.006699	9.3
764	-0.910026	172.898146	0.007862	8.8
765	-0.692025	172.778327	0.005533	8.2
766	-0.969923	172.658730	0.006397	9.3
767	-1.023798	172.539353	0.006149	9.0
768	-1.017767	172.420196	0.007112	8.7
769	-1.005020	172.301258	0.009879	8.4
770	-1.220766	172.182539	0.006855	8.9
771	-0.894680	172.064037	0.006923	11.2
772	-0.558983	171.945753	0.007058	8.6
773	-0.814563	171.827686	0.006417	8.1
774	-1.077169	171.709834	0.005126	8.6
775	-0.116035	171.592198	0.004422	9.0
776	-0.590766	171.474776	0.005918	12.8
777	-0.954897	171.357568	0.006412	9.9
778	-0.287592	171.240574	0.003676	8.8
779	-0.772594	171.123793	0.005994	8.8
780	-0.852811	171.007223	0.007701	10.4
781	-0.576703	170.890865	0.006821	9.3
782	-0.719671	170.774718	0.005585	8.4
783	-1.213273	170.658782	0.007066	8.7
784	-0.876354	170.543055	0.005019	10.7
785	-1.050869	170.427537	0.006915	12.9
786	-1.274031	170.312227	0.006849	13.0
787	-0.414153	170.197125	0.003553	13.8
788	-1.112223	170.082231	0.005405	12.5
789	-1.087082	169.967543	0.007019	8.4
790	-1.216546	169.853061	0.008817	9.5
791	-0.804271	169.738784	0.008665	11.2
792	-0.801855	169.624713	0.005825	6.7
793	-0.361121	169.510845	0.002929	9.5
794	-1.013189	169.397181	0.005936	8.8
795	-0.332140	169.283720	0.005506	8.5
796	-0.718722	169.170462	0.004453	12.7
797	-1.107310	169.057405	0.008304	13.9
798	-0.745313	168.944549	0.005798	20.7
799	-0.754298	168.831895	0.007245	25.9
800	-0.915208	168.719440	0.005488	22.2
801	-0.707822	168.607185	0.005822	28.7
802	-1.251131	168.495129	0.005816	18.7
803	-1.108062	168.383271	0.007005	17.7
804	-1.097150	168.271611	0.005763	21.5
805	-1.173371	168.160148	0.008542	14.4
806	-0.794782	168.048882	0.005229	13.7
807	-0.881495	167.937812	0.008650	15.9
808	-0.835810	167.826938	0.006319	11.9
809	-1.027737	167.716258	0.006124	14.8
810	-1.088812	167.605773	0.006602	19.6
811	-0.165136	167.495482	0.002848	13.3
812	-0.798920	167.385384	0.006490	8.7
813	-0.823252	167.275479	0.006539	8.2
814	-0.835321	167.165766	0.008167	8.5
815	-1.192962	167.056245	0.008312	10.2
816	-1.146591	166.946915	0.006670	8.9
817	-1.091844	166.837776	0.007765	8.9
818	-0.904533	166.728826	0.007159	8.7
819	-0.700885	166.620067	0.004844	10.4
820	-1.074967	166.511496	0.005226	8.3
821	-1.181440	166.403113	0.005992	9.3
822	-0.110676	166.294919	0.002936	8.5
823	-0.834713	166.186912	0.005638	12.2
824	-1.195811	166.079091	0.007465	8.6
825	-1.133187	165.971458	0.007672	12.0
826	-1.242864	165.864009	0.006650	14.1
827	-0.869569	165.756747	0.007202	13.6
828	-0.965219	165.649669	0.008827	12.0
829	-1.030040	165.542775	0.005202	14.5
830	-0.752002	165.436065	0.006706	9.3
831	-1.183666	165.329538	0.008898	8.7
832	-1.177523	165.223194	0.007211	9.8
833	-0.400665	165.117032	0.005153	9.6
834	-0.728933	165.011052	0.007184	9.6
835	-0.681500	164.905253	0.007691	8.7
836	-1.199997	164.799635	0.006504	8.5
837	-1.040148	164.694197	0.007246	9.5
838	-1.034502	164.588939	0.006695	10.2
839	-1.184263	164.483859	0.007046	9.3
840	-0.109987	164.378959	0.003110	8.5
841	-0.295635	164.274237	0.004390	9.9
842	-1.008552	164.169692	0.008135	11.0
843	-0.110921	164.065325	0.005052	7.2
844	-1.239812	163.961135	0.006604	8.7
845	-0.885132	163.857120	0.006609	8.4
846	-0.896950	163.753282	0.005522	11.1
847	-0.629241	163.649619	0.005798	7.4
848	-0.668757	163.546130	0.005019	10.7
849	-0.004606	163.442816	0.000002	10.2
850	-1.332583	163.339676	0.008037	11.4
851	-0.822587	163.236709	0.007679	9.4
852	-0.858331	163.133915	0.004869	9.3
853	-0.420956	163.031294	0.003403	9.1
854	-1.019727	162.928844	0.005621	9.5
855	-0.725092	162.826566	0.010810	9.4
856	-0.787129	162.724459	0.006136	8.5
857	-1.073807	162.622523	0.009418	9.0
858	-1.135588	162.520757	0.006397	8.4
859	-0.736379	162.419160	0.006283	10.3
860	-0.061496	162.317733	0.001167	8.2
861	-0.047167	162.216474	0.000797	8.6
862	-0.967418	162.115383	0.004912	7.9
863	-0.621099	162.014461	0.006125	8.8
864	-0.617258	161.913705	0.004907	10.6
865	-0.899861	161.813117	0.006023	9.2
866	-0.063270	161.712695	0.001582	9.0
867	-0.126823	161.612439	0.001350	8.5
868	-0.144622	161.512349	0.004482	8.7
869	-1.093403	161.412424	0.006076	10.4
870	-1.063596	161.312663	0.006393	9.1
871	-1.000574	161.213067	0.007467	8.6
872	-1.121054	161.113635	0.007677	9.1
873	-1.006633	161.014366	0.005053	10.5
874	-0.511710	160.915260	0.003905	8.8
875	-1.063253	160.816316	0.006217	8.1
876	-0.449688	160.717535	0.003816	9.2
877	-1.253712	160.618915	0.007174	10.8
878	-1.008158	160.520456	0.005016	12.7
879	-0.501114	160.422158	0.004719	9.8
880	-0.379751	160.324021	0.004793	12.7
881	-0.726107	160.226043	0.005803	11.1
882	-0.359600	160.128225	0.004150	9.8
883	-1.170027	160.030566	0.006638	9.4
884	-0.972246	159.933066	0.006218	10.8
885	-1.093565	159.835723	0.007506	12.4
886	-0.930370	159.738539	0.009294	16.4
887	-1.033062	159.641512	0.007152	10.9
888	-0.916131	159.544642	0.005317	14.4
889	-1.077107	159.447929	0.005782	12.0
890	-1.154969	159.351372	0.007758	9.9
891	-0.885223	159.254971	0.007069	10.3
892	-0.874895	159.158725	0.006580	12.6
893	-1.094685	159.062634	0.006232	9.2
894	-1.184677	158.966697	0.006959	12.1
895	-0.425449	158.870915	0.004134	10.3
896	-0.641263	158.775286	0.004613	12.0
897	-0.298125	158.679811	0.003187	12.6
898	-1.172180	158.584489	0.006836	17.2
899	-0.730299	158.489319	0.006462	25.4
900	-0.532933	158.394302	0.004557	18.1
901	-0.926682	158.299436	0.007718	25.7
902	-0.741022	158.204721	0.006519	19.2
903	-1.068645	158.110158	0.007016	9.5
904	-1.205067	158.015745	0.006094	26.3
905	-1.006608	157.921482	0.006163	22.6
906	-1.060289	157.827369	0.006880	23.1
907	-1.149533	157.733406	0.011623	15.0
908	-0.925474	157.639591	0.008539	23.1
909	-1.142737	157.545925	0.007072	19.9
910	-0.017324	157.452408	0.001652	16.5
911	-1.165868	157.359038	0.008435	20.0
912	-0.630788	157.265816	0.006797	14.3
913	-0.392090	157.172741	0.002835	14.6
914	-0.068986	157.079813	0.004189	13.6
915	-0.933699	156.987031	0.006443	13.8
916	-1.199217	156.894395	0.007304	13.5
917	-0.227051	156.801904	0.005785	14.6
918	-0.680139	156.709559	0.006726	13.7
919	-0.204227	156.617359	0.004077	10.5
920	-1.092223	156.525304	0.005160	9.6
921	-1.272119	156.433392	0.006095	12.9
922	-0.964544	156.341624	0.008501	9.1
923	-0.820904	156.250000	0.010366	8.9
924	-1.094228	156.158519	0.009071	8.9
925	-1.227667	156.067180	0.006299	10.7
926	-1.121604	155.975984	0.006962	9.1
927	-1.234754	155.884930	0.007272	9.3
928	-0.612586	155.794017	0.005470	10.3
929	-0.709724	155.703246	0.005581	11.1
930	-1.216164	155.612615	0.008758	9.9
931	-0.519527	155.522125	0.005156	9.3
932	-0.838886	155.431775	0.006989	9.6
933	-1.040039	155.341565	0.009735	10.0
934	-1.212242	155.251495	0.005693	8.6
935	-0.360250	155.161563	0.003747	7.5
936	-1.226514	155.071771	0.007620	9.6
937	-0.149898	154.982117	0.003911	11.8
938	-1.024701	154.892601	0.007139	9.1
939	-1.112019	154.803222	0.009953	9.0
940	-1.153120	154.713981	0.006199	9.3
941	-0.793876	154.624878	0.007388	11.7
942	-0.808510	154.535910	0.004602	9.2
943	-1.219097	154.447080	0.007248	9.0
944	-1.021879	154.358385	0.007687	9.5
945	-0.165887	154.269826	0.004615	9.2
946	-1.250948	154.181402	0.006837	9.6
947	-0.611251	154.093114	0.004830	8.9
948	-0.632508	154.004960	0.005710	9.1
949	-0.874861	153.916940	0.006939	10.1
950	-0.330152	153.829054	0.004622	9.2
951	-0.848818	153.741303	0.004200	9.1
952	-0.959307	153.653684	0.005599	8.6
953	-1.091487	153.566198	0.010872	6.7
954	-0.978673	153.478846	0.006834	12.0
955	-0.815732	153.391625	0.007356	8.3
956	-0.745395	153.304537	0.005581	9.7
957	-1.304002	153.217580	0.012516	9.3
958	-0.657932	153.130755	0.007148	11.2
959	-0.592098	153.044061	0.004934	8.3
960	-0.935035	152.957498	0.007866	8.7
961	-0.228917	152.871065	0.003049	9.3
962	-0.315748	152.784762	0.003848	11.4
963	-1.213248	152.698589	0.009693	8.5
964	-1.192754	152.612545	0.005745	8.8
965	-0.746313	152.526631	0.006044	9.4
966	-0.774744	152.440845	0.006716	14.1
967	-1.098727	152.355188	0.007201	13.0
968	-1.083519	152.269660	0.009016	14.2
969	-1.212176	152.184259	0.009749	14.6
970	-0.385715	152.098986	0.002922	9.2
971	-1.196012	152.013840	0.007128	8.4
972	-0.765695	151.928821	0.004706	9.5
973	-0.790610	151.843928	0.006925	10.7
974	-0.813674	151.759163	0.008570	9.0
975	-0.157967	151.674523	0.001908	8.8
976	-0.789970	151.590009	0.005509	8.9
977	-1.283072	151.505620	0.008872	9.6
978	-0.743266	151.421357	0.005248	11.1
979	-1.396383	151.337218	0.010190	9.2
980	-0.590725	151.253204	0.005774	8.6
981	-0.969953	151.169314	0.006172	9.7
982	-0.441282	151.085549	0.004343	11.2
983	-0.676646	151.001907	0.004737	8.6
984	-0.810437	150.918388	0.005927	8.1
985	-0.824507	150.834992	0.005968	8.0
986	-0.666312	150.751719	0.005263	10.8
987	-1.181585	150.668569	0.008904	8.5
988	-0.790398	150.585541	0.006515	8.0
989	-0.710027	150.502634	0.007772	9.4
990	-0.192082	150.419849	0.003072	8.2
991	-0.863590	150.337186	0.005086	10.2
992	-0.870720	150.254644	0.009348	8.6
993	-0.972977	150.172222	0.005040	8.9
994	-0.293185	150.089921	0.005133	6.9
995	-0.368677	150.007740	0.002907	11.9
996	-1.094004	149.925679	0.009824	9.6
997	-1.256512	149.843737	0.008635	9.1
998	-1.185435	149.761915	0.007185	9.2
999	-0.706569	149.680212	0.005964	10.0
1000	-0.564653	149.598627	0.006574	9.8
1001	-0.908386	149.517161	0.005767	8.6
1002	-0.310895	149.435814	0.002399	11.3
1003	-0.904607	149.354584	0.008362	12.8
1004	-0.941507	149.273472	0.005450	9.4
1005	-0.976551	149.192477	0.005461	9.9
1006	-0.428313	149.111599	0.006694	10.5
1007	-0.214368	149.030838	0.003775	13.2
1008	-0.098211	148.950194	0.005549	11.6
1009	-0.426197	148.869666	0.004624	8.1
1010	-0.760403	148.789253	0.006838	10.0
1011	-1.142322	148.708957	0.008598	13.8
1012	-0.635915	148.628776	0.005579	7.5
1013	-1.094909	148.548710	0.006938	10.9
1014	-1.390988	148.468759	0.008206	10.1
1015	-0.666392	148.388923	0.004748	12.2
1016	-0.781891	148.309201	0.007046	10.6
1017	-0.895170	148.229594	0.005923	12.8
1018	-0.827023	148.150100	0.007128	15.3
1019	-1.178427	148.070719	0.007403	11.2
1020	-1.220086	147.991452	0.007418	14.9
1021	-0.489122	147.912298	0.004157	17.6
1022	-0.548825	147.833257	0.004472	13.2
1023	-0.868880	147.754329	0.005529	11.1
1024	-0.066782	147.675512	0.001729	11.8
1025	-0.728166	147.596808	0.005897	11.7
1026	-0.000840	147.518216	0.000429	10.3
1027	-0.646161	147.439735	0.009684	10.4
1028	-1.181258	147.361365	0.007887	13.6
1029	-0.064839	147.283106	0.002194	12.6
1030	-0.000000	147.204958	0.000000	11.9
1031	-1.103105	147.126920	0.007250	9.6
1032	-1.045871	147.048993	0.005096	15.0
1033	-0.777981	146.971175	0.006609	11.5
1034	-1.155719	146.893468	0.006468	11.5
1035	-1.060630	146.815869	0.006505	12.1
1036	-1.175540	146.738380	0.007143	11.3
1037	-0.852524	146.661000	0.007232	9.7
1038	-1.223523	146.583729	0.008786	10.1
1039	-0.756248	146.506566	0.005402	13.3
1040	-0.510140	146.429511	0.004755	10.9
1041	-1.149700	146.352565	0.008200	11.3
1042	-0.912132	146.275726	0.006813	9.7
1043	-1.115034	146.198994	0.009576	11.9
1044	-1.009933	146.122370	0.009667	10.1
1045	-1.120484	146.045853	0.007668	10.4
1046	-0.568917	145.969442	0.005459	12.3
1047	-0.936759	145.893139	0.008937	11.9
1048	-1.152329	145.816941	0.005649	9.4
1049	-0.662569	145.740849	0.004949	11.4
1050	-1.005420	145.664863	0.005347	9.9
1051	-0.720542	145.588983	0.005386	13.2
1052	-1.274094	145.513208	0.006819	9.2
1053	-0.996958	145.437538	0.007908	8.4
1054	-0.236543	145.361973	0.001705	9.4
1055	-1.271686	145.286513	0.007666	10.5
1056	-0.916928	145.211157	0.004818	10.2
1057	-0.761605	145.135905	0.006166	10.9
1058	-0.625578	145.060757	0.004317	7.7
1059	-0.828385	144.985712	0.006406	9.4
1060	-0.919276	144.910771	0.006041	12.1
1061	-0.636720	144.835934	0.006170	9.5
1062	-0.263450	144.761199	0.003078	11.7
1063	-0.699856	144.686567	0.004887	12.8
1064	-1.106840	144.612037	0.006042	15.8
1065	-0.000000	144.537610	0.000000	15.9
1066	-0.984621	144.463285	0.006103	23.0
1067	-1.066694	144.389062	0.006830	15.0
1068	-0.941436	144.314940	0.006558	10.5
1069	-0.775549	144.240920	0.007012	11.1
1070	-1.235828	144.167001	0.008654	10.9
1071	-1.045668	144.093182	0.006529	9.8
1072	-1.176551	144.019465	0.007258	10.5
1073	-1.169496	143.945848	0.006881	10.7
1074	-0.346035	143.872331	0.003401	9.0
1075	-1.165771	143.798914	0.006824	9.2
1076	-1.024632	143.725597	0.008317	9.3
1077	-0.755263	143.652380	0.005363	12.0
1078	-1.146719	143.579262	0.007986	7.7
1079	-0.918677	143.506243	0.007413	8.3
1080	-1.101948	143.433323	0.006405	8.7
1081	-0.578869	143.360502	0.004567	11.0
1082	-1.110608	143.287780	0.005436	15.3
1083	-1.080028	143.215155	0.009985	11.1
1084	-0.720268	143.142629	0.005900	11.1
1085	-0.546231	143.070201	0.004082	15.8
1086	-0.992197	142.997870	0.006916	9.6
1087	-1.052055	142.925637	0.008020	12.8
1088	-1.164145	142.853501	0.007330	15.4
1089	-0.763157	142.781462	0.005860	11.7
1090	-1.194420	142.709519	0.007709	8.9
1091	-0.972207	142.637674	0.006383	12.4
1092	-0.800448	142.565924	0.006765	13.5
1093	-0.497185	142.494271	0.004317	9.0
1094	-1.134334	142.422714	0.006777	8.9
1095	-0.983101	142.351252	0.007126	9.0
1096	-0.540880	142.279886	0.005426	10.2
1097	-1.170950	142.208616	0.008128	11.0
1098	-1.179621	142.137440	0.006895	10.0
1099	-0.768084	142.066360	0.006762	13.0
1100	-1.246590	141.995374	0.008108	14.4
1101	-0.905041	141.924483	0.006411	12.5
1102	-1.276190	141.853685	0.006197	10.8
1103	-0.413935	141.782983	0.003787	13.4
1104	-1.050251	141.712373	0.005921	11.9
1105	-1.138973	141.641858	0.005993	9.4
1106	-0.511145	141.571436	0.008357	15.3
1107	-0.834940	141.501108	0.003301	23.0
1108	-0.244477	141.430872	0.002730	17.5
1109	-0.735808	141.360730	0.005932	13.3
1110	-0.505387	141.290680	0.006501	17.2
1111	-1.132520	141.220722	0.005327	9.6
1112	-1.037250	141.150857	0.007247	9.7
1113	-0.722099	141.081084	0.004520	9.9
1114	-1.039219	141.011403	0.006901	12.6
1115	-0.657250	140.941813	0.005924	9.7
1116	-0.675826	140.872315	0.006898	11.3
1117	-1.250325	140.802909	0.008256	9.6
1118	-1.119167	140.733593	0.008918	12.3
1119	-0.469825	140.664369	0.004651	9.7
1120	-0.679700	140.595235	0.005277	10.5
1121	-0.290756	140.526192	0.003151	11.5
1122	-1.107211	140.457239	0.007412	12.0
1123	-0.193514	140.388376	0.003365	12.7
1124	-0.923058	140.319603	0.005510	13.7
1125	-0.260815	140.250920	0.004210	18.0
1126	-1.116620	140.182326	0.007271	15.1
1127	-1.252518	140.113822	0.006094	10.3
1128	-0.395745	140.045407	0.004276	10.3
1129	-0.609647	139.977081	0.005080	12.6
1130	-0.437280	139.908844	0.003941	9.5
1131	-0.640763	139.840696	0.004816	9.6
1132	-1.202493	139.772635	0.004919	12.3
1133	-0.541693	139.704664	0.004218	7.4
1134	-0.912499	139.636780	0.006745	9.1
1135	-0.942785	139.568984	0.007506	10.4
1136	-0.890297	139.501276	0.007430	9.9
1137	-0.994860	139.433655	0.010068	11.5
1138	-1.212345	139.366122	0.007385	9.1
1139	-0.674599	139.298676	0.005453	9.1
1140	-0.730274	139.231317	0.007027	9.8
1141	-1.198587	139.164045	0.006679	9.9
1142	-1.084827	139.096859	0.007582	9.9
1143	-1.089955	139.029760	0.006541	8.1
1144	-1.052144	138.962747	0.007530	10.1
1145	-0.764770	138.895820	0.006808	10.3
1146	-1.155520	138.828978	0.006962	9.3
1147	-1.149351	138.762223	0.007686	8.6
1148	-0.875528	138.695553	0.004356	10.9
1149	-0.330624	138.628969	0.004622	11.0
1150	-1.104599	138.562469	0.006194	8.7
1151	-0.497977	138.496055	0.004511	8.6
1152	-0.861898	138.429725	0.006178	10.4
1153	-0.857389	138.363481	0.004619	9.9
1154	-0.083163	138.297320	0.001838	9.6
1155	-0.638459	138.231244	0.004908	8.9
1156	-0.636076	138.165252	0.003661	8.7
1157	-0.893862	138.099344	0.008569	11.5
1158	-0.727781	138.033520	0.005751	8.2
1159	-1.140869	137.967779	0.006009	7.8
1160	-0.733208	137.902122	0.005402	9.0
1161	-1.144466	137.836548	0.006303	11.8
1162	-0.281960	137.771057	0.004795	9.7
1163	-0.827637	137.705649	0.006446	9.4
1164	-1.198937	137.640324	0.007237	9.8
1165	-0.848280	137.575081	0.007201	10.8
1166	-1.095703	137.509921	0.007850	8.0
1167	-1.212134	137.444842	0.007927	8.9
1168	-1.106882	137.379846	0.007284	10.1
1169	-1.141730	137.314932	0.006839	12.2
1170	-1.180779	137.250100	0.006679	8.6
1171	-0.809849	137.185349	0.006271	8.5
1172	-1.072152	137.120680	0.008852	9.2
1173	-1.220015	137.056092	0.008995	11.0
1174	-0.638837	136.991585	0.005995	9.8
1175	-0.203068	136.927158	0.001572	12.6
1176	-1.125397	136.862813	0.006428	14.8
1177	-0.526368	136.798548	0.004994	14.1
1178	-1.159633	136.734363	0.007213	13.5
1179	-0.750443	136.670259	0.004612	10.7
1180	-1.143188	136.606235	0.006360	8.7
1181	-0.821653	136.542291	0.007213	9.6
1182	-0.791016	136.478426	0.006651	10.0
1183	-1.141499	136.414641	0.007004	10.6
1184	-1.037213	136.350936	0.005820	9.3
1185	-0.975173	136.287310	0.005133	9.9
1186	-0.941612	136.223763	0.006043	8.4
1187	-0.971357	136.160295	0.006570	9.7
1188	-0.992900	136.096905	0.010671	8.0
1189	-0.729281	136.033594	0.007117	7.9
1190	-0.915115	135.970362	0.006855	9.3
1191	-1.157520	135.907208	0.007924	8.4
1192	-0.589300	135.844133	0.006011	11.8
1193	-1.302998	135.781135	0.006898	8.8
1194	-0.565361	135.718215	0.005753	7.7
1195	-1.000650	135.655373	0.005854	8.7
1196	-1.242464	135.592608	0.008111	11.0
1197	-1.048858	135.529921	0.007949	8.3
1198	-1.028587	135.467311	0.006453	9.8
1199	-1.079922	135.404778	0.005979	8.9
1200	-0.151670	135.342322	0.003826	9.1
1201	-0.747946	135.279942	0.006425	9.8
1202	-0.182771	135.217640	0.005233	8.6
1203	-0.833335	135.155413	0.006721	7.8
1204	-0.817725	135.093263	0.005365	8.0
1205	-0.500267	135.031190	0.006499	10.6
1206	-1.225773	134.969192	0.005904	8.9
1207	-0.388990	134.907270	0.005317	8.8
1208	-0.988919	134.845424	0.006063	8.6
1209	-0.568098	134.783653	0.005504	8.9
1210	-0.029716	134.721958	0.001658	10.2
1211	-0.119441	134.660338	0.002745	7.8
1212	-1.231323	134.598793	0.006392	8.7
1213	-0.863334	134.537323	0.006931	8.3
1214	-1.202777	134.475927	0.005783	10.7
1215	-1.011726	134.414607	0.008798	8.2
1216	-1.282678	134.353361	0.006950	8.1
1217	-0.856387	134.292189	0.004970	7.9
1218	-1.102392	134.231092	0.005761	8.5
1219	-0.852838	134.170068	0.005772	10.4
1220	-0.370571	134.109119	0.004244	8.0
1221	-1.228691	134.048243	0.007652	7.8
1222	-0.260128	133.987441	0.003756	8.1
1223	-0.840251	133.926713	0.005609	8.7
1224	-1.159005	133.866057	0.006904	10.3
1225	-0.997856	133.805475	0.007259	9.6
1226	-0.304995	133.744966	0.001966	8.4
1227	-1.251452	133.684530	0.006560	8.4
1228	-0.218777	133.624167	0.003153	9.2
1229	-0.774990	133.563877	0.005373	10.1
1230	-1.067520	133.503658	0.006700	8.5
1231	-0.948311	133.443513	0.008323	12.5
1232	-0.642282	133.383439	0.005279	14.9
1233	-1.229259	133.323437	0.007566	13.8
1234	-0.851415	133.263508	0.006553	9.9
1235	-0.445128	133.203650	0.003455	8.2
1236	-0.977162	133.143864	0.006445	10.4
1237	-0.760867	133.084149	0.006834	8.3
1238	-0.188081	133.024506	0.001985	8.6
1239	-0.712778	132.964934	0.006447	12.0
1240	-0.894923	132.905433	0.005824	12.1
1241	-0.685919	132.846003	0.005826	11.1
1242	-0.248372	132.786643	0.002813	11.1
1243	-0.426196	132.727355	0.003386	12.6
1244	-0.798225	132.668137	0.006332	11.4
1245	-0.312981	132.608989	0.003263	13.1
1246	-0.665645	132.549912	0.005684	8.7
1247	-1.053438	132.490904	0.006624	12.2
1248	-0.643725	132.431967	0.004261	8.1
1249	-0.419266	132.373100	0.003882	10.3
1250	-0.876874	132.314302	0.006287	11.8
1251	-0.841686	132.255574	0.007150	13.2
1252	-1.026213	132.196916	0.008935	12.8
1253	-0.664704	132.138326	0.004753	11.8
1254	-0.986999	132.079806	0.004107	11.0
1255	-0.252842	132.021355	0.004024	11.0
1256	-1.176124	131.962973	0.006363	9.2
1257	-0.539167	131.904660	0.004956	8.2
1258	-0.134086	131.846415	0.001782	8.1
1259	-1.119240	131.788239	0.008954	9.0
1260	-0.822363	131.730131	0.005765	8.3
1261	-1.116010	131.672092	0.009058	9.2
1262	-0.618150	131.614121	0.005227	8.6
1263	-0.369089	131.556217	0.006372	8.7
1264	-0.989107	131.498382	0.006617	10.2
1265	-0.873280	131.440614	0.007125	8.0
1266	-0.458595	131.382914	0.005674	8.7
1267	-0.639949	131.325282	0.004214	8.3
1268	-0.841747	131.267717	0.003996	13.9
1269	-0.876167	131.210219	0.006616	12.3
1270	-0.323294	131.152788	0.005548	13.8
1271	-0.355660	131.095424	0.002413	12.5
1272	-0.861618	131.038127	0.005141	10.5
1273	-0.838600	130.980897	0.004896	8.4
1274	-0.910804	130.923733	0.009347	7.8
1275	-1.018520	130.866636	0.005788	8.5
1276	-0.984578	130.809605	0.005402	9.2
1277	-1.255468	130.752641	0.007116	7.6
1278	-1.229720	130.695742	0.007544	8.5
1279	-1.254910	130.638910	0.007107	10.9
1280	-1.228392	130.582143	0.006825	13.7
1281	-1.111065	130.525442	0.006444	12.8
1282	-1.053003	130.468807	0.007541	32.3
1283	-1.145016	130.412237	0.006641	14.8
1284	-0.987158	130.355733	0.005711	9.9
1285	-0.345119	130.299294	0.004576	8.3
1286	-0.815101	130.242920	0.005882	9.1
1287	-0.721261	130.186611	0.006411	8.3
1288	-0.711679	130.130366	0.006600	10.1
1289	-0.301836	130.074187	0.002253	15.8
1290	-1.282394	130.018072	0.006590	8.2
1291	-0.585604	129.962022	0.005433	9.1
1292	-0.864004	129.906036	0.009465	12.6
1293	-0.399371	129.850114	0.007251	10.3
1294	-0.337784	129.794257	0.004886	13.4
1295	-1.223574	129.738463	0.006278	11.4
1296	-0.256793	129.682734	0.002766	9.1
1297	-0.867693	129.627068	0.006408	11.3
1298	-1.062381	129.571466	0.006200	8.8
1299	-0.156967	129.515927	0.004285	8.5
1300	-1.158149	129.460452	0.006508	8.4
1301	-0.552625	129.405040	0.006354	11.1
1302	-0.327354	129.349692	0.003389	8.1
1303	-0.764153	129.294406	0.004646	8.5
1304	-0.952883	129.239183	0.007274	8.1
1305	-0.721629	129.184024	0.005744	8.5
1306	-1.209427	129.128927	0.006255	11.4
1307	-0.618405	129.073892	0.006040	7.2
1308	-0.916226	129.018921	0.005886	8.0
1309	-0.047229	128.964011	0.001661	9.2
1310	-0.150391	128.909164	0.002839	8.1
1311	-0.817299	128.854379	0.006667	10.3
1312	-0.252608	128.799656	0.003170	8.6
1313	-0.943357	128.744995	0.006976	9.5
1314	-0.695141	128.690396	0.004809	7.9
1315	-0.171375	128.635858	0.004884	9.0
1316	-1.291077	128.581382	0.007206	10.7
1317	-1.129159	128.526968	0.008294	9.2
1318	-0.722212	128.472615	0.006112	8.5
1319	-0.930860	128.418323	0.006178	9.1
1320	-1.038140	128.364092	0.006560	11.0
1321	-1.255479	128.309922	0.006500	8.4
1322	-0.570796	128.255814	0.005512	7.7
1323	-0.495948	128.201766	0.005586	9.0
1324	-0.972078	128.147778	0.005953	8.2
1325	-0.877777	128.093852	0.006045	9.5
1326	-0.189135	128.039985	0.003532	8.4
1327	-0.856123	127.986180	0.007084	8.1
1328	-1.276544	127.932434	0.008541	9.3
1329	-0.356881	127.878749	0.004021	12.4
1330	-0.469378	127.825123	0.002682	12.8
1331	-0.317202	127.771558	0.004150	11.6
1332	-0.907068	127.718052	0.005100	16.2
1333	-1.207850	127.664606	0.007239	10.4
1334	-0.979378	127.611220	0.006599	9.6
1335	-1.267773	127.557893	0.007066	8.5
1336	-1.174498	127.504625	0.009745	9.6
1337	-0.978146	127.451417	0.006924	9.3
1338	-0.946117	127.398268	0.006922	8.2
1339	-0.902267	127.345178	0.006523	9.4
1340	-0.611508	127.292147	0.003376	6.6
1341	-0.653684	127.239175	0.005136	9.9
1342	-0.769273	127.186261	0.005325	8.2
1343	-1.108511	127.133407	0.008566	8.4
1344	-1.077480	127.080610	0.007768	7.9
1345	-1.018441	127.027872	0.006147	8.2
1346	-1.061143	126.975193	0.009631	10.7
1347	-1.156248	126.922572	0.006198	7.6
1348	-1.009585	126.870008	0.008567	9.3
1349	-1.156448	126.817503	0.008612	8.3
1350	-0.761023	126.765056	0.005432	8.3
1351	-0.530546	126.712667	0.004474	9.8
1352	-0.463861	126.660335	0.003832	8.1
1353	-0.554060	126.608061	0.003820	8.6
1354	-0.798517	126.555844	0.005144	8.0
1355	-1.118818	126.503685	0.007735	8.0
1356	-0.842638	126.451583	0.006633	10.3
1357	-1.154431	126.399538	0.007133	9.2
1358	-0.818991	126.347550	0.005484	7.4
1359	-1.189488	126.295619	0.008309	8.8
1360	-0.593131	126.243745	0.004589	8.1
1361	-1.278465	126.191928	0.007263	11.5
1362	-0.829141	126.140168	0.007625	10.0
1363	-0.826544	126.088464	0.005911	7.9
1364	-0.986004	126.036817	0.006431	8.9
1365	-0.943932	125.985226	0.005496	9.6
1366	-0.904329	125.933691	0.009802	8.1
1367	-0.386014	125.882212	0.006908	8.4
1368	-1.162245	125.830790	0.006043	9.3
1369	-0.714869	125.779423	0.006464	9.5
1370	-0.980726	125.728113	0.008810	10.4
1371	-0.472143	125.676858	0.004883	9.0
1372	-0.801695	125.625659	0.005846	14.3
1373	-0.708321	125.574515	0.006257	12.7
1374	-1.225168	125.523427	0.007885	13.5
1375	-1.177059	125.472394	0.006223	8.4
1376	-0.664877	125.421417	0.007567	9.3
1377	-0.782574	125.370495	0.007633	11.1
1378	-0.409832	125.319628	0.003235	9.1
1379	-0.901993	125.268815	0.010842	8.4
1380	-0.379533	125.218058	0.002733	8.1
1381	-1.095558	125.167356	0.005995	9.2
1382	-1.143574	125.116708	0.005378	10.4
1383	-1.093926	125.066115	0.006413	9.5
1384	-0.974194	125.015576	0.005770	8.3
1385	-1.004022	124.965092	0.004772	8.6
1386	-0.925899	124.914662	0.005700	10.4
1387	-0.770949	124.864287	0.006548	8.5
1388	-1.209922	124.813965	0.006305	9.1
1389	-0.733003	124.763698	0.006029	8.8
1390	-0.958501	124.713485	0.007166	10.2
1391	-0.976854	124.663325	0.007240	8.7
1392	-1.222577	124.613219	0.007489	9.5
1393	-0.825074	124.563167	0.006256	8.5
1394	-1.285524	124.513168	0.006665	8.6
1395	-0.573531	124.463223	0.003949	10.9
1396	-1.279268	124.413332	0.008878	8.0
1397	-0.424517	124.363493	0.007033	9.1
1398	-0.415903	124.313708	0.004224	8.1
1399	-1.148730	124.263976	0.007702	11.0
1400	-0.738639	124.214297	0.004823	8.7
1401	-0.854964	124.164671	0.007026	8.1
1402	-0.264720	124.115097	0.004337	7.7
1403	-0.886440	124.065577	0.007460	8.5
1404	-1.131902	124.016109	0.006134	10.8
1405	-0.156589	123.966693	0.004635	8.7
1406	-0.971259	123.917330	0.008153	13.8
1407	-0.985321	123.868020	0.006217	13.0
1408	-0.571955	123.818762	0.006546	16.4
1409	-0.319569	123.769556	0.003320	9.9
1410	-0.212543	123.720402	0.003428	8.8
1411	-0.236341	123.671300	0.002991	10.7
1412	-1.085355	123.622250	0.005369	8.9
1413	-0.804785	123.573252	0.007300	13.2
1414	-1.128574	123.524305	0.007748	10.9
1415	-0.903699	123.475411	0.007474	18.0
1416	-1.237395	123.426568	0.007779	11.7
1417	-0.704334	123.377776	0.006425	9.3
1418	-0.451106	123.329036	0.006351	9.0
1419	-0.000318	123.280347	0.000104	10.7
1420	-1.145123	123.231709	0.006438	7.9
1421	-0.770596	123.183122	0.005589	9.2
1422	-1.202431	123.134587	0.006823	9.2
1423	-1.254904	123.086102	0.010627	9.3
1424	-1.001045	123.037669	0.006492	11.4
1425	-1.006350	122.989286	0.007782	8.7
1426	-0.804604	122.940954	0.006013	9.6
1427	-0.300516	122.892672	0.005087	8.3
1428	-0.710805	122.844441	0.007004	11.4
1429	-1.212554	122.796261	0.006342	9.1
1430	-0.326003	122.748130	0.002797	7.9
1431	-0.907319	122.700050	0.007299	9.1
1432	-0.701951	122.652021	0.004316	8.9
1433	-1.051550	122.604041	0.009408	8.7
1434	-1.166866	122.556111	0.006052	7.8
1435	-1.375782	122.508232	0.008858	8.1
1436	-0.230714	122.460402	0.007082	8.7
1437	-0.719370	122.412622	0.006040	10.2
1438	-1.171360	122.364891	0.008240	8.1
1439	-0.995959	122.317210	0.008568	9.5
1440	-0.722987	122.269579	0.005820	8.6
1441	-1.251358	122.221997	0.005938	9.0
1442	-0.749505	122.174465	0.005916	10.7
1443	-1.054099	122.126981	0.007111	8.7
1444	-0.520005	122.079547	0.005783	8.8
1445	-1.126256	122.032162	0.005403	8.4
1446	-0.280761	121.984826	0.004528	10.0
1447	-0.787105	121.937539	0.006380	8.5
1448	-0.987627	121.890301	0.005254	8.9
1449	-1.095377	121.843112	0.006258	8.2
1450	-1.212107	121.795971	0.007260	9.7
1451	-0.575346	121.748879	0.005110	10.9
1452	-0.047616	121.701835	0.001651	8.9
1453	-0.846472	121.654840	0.004454	8.1
1454	-1.143413	121.607893	0.006033	8.7
1455	-0.511664	121.560994	0.003831	11.9
1456	-0.995088	121.514144	0.006271	9.2
1457	-1.284528	121.467342	0.006473	8.8
1458	-1.097600	121.420588	0.005965	9.5
1459	-1.006452	121.373882	0.004658	16.5
1460	-0.838153	121.327223	0.007451	9.4
1461	-0.764089	121.280613	0.005242	11.0
1462	-0.534998	121.234050	0.006222	13.2
1463	-1.135529	121.187535	0.006745	9.9
1464	-0.575273	121.141067	0.003043	10.7
1465	-0.712443	121.094647	0.004814	11.7
1466	-0.468490	121.048274	0.006347	19.7
1467	-0.938037	121.001949	0.006140	8.1
1468	-1.320218	120.955671	0.007115	12.4
1469	-0.717528	120.909440	0.006909	13.5
1470	-1.150524	120.863256	0.005494	20.0
1471	-0.954503	120.817119	0.007842	11.9
1472	-0.860306	120.771029	0.005005	8.7
1473	-0.606240	120.724986	0.004915	11.6
1474	-0.682766	120.678990	0.005180	8.9
1475	-1.142159	120.633040	0.006306	8.5
1476	-0.933789	120.587137	0.005402	8.6
1477	-0.986473	120.541281	0.006409	10.7
1478	-0.987975	120.495471	0.006203	8.4
1479	-0.943705	120.449707	0.008345	9.1
1480	-1.042457	120.403990	0.005488	8.4
1481	-0.889163	120.358319	0.005832	8.3
1482	-1.220272	120.312694	0.006218	11.9
1483	-0.945728	120.267115	0.006186	9.3
1484	-0.552870	120.221582	0.004929	8.2
1485	-0.925511	120.176096	0.007348	9.7
1486	-0.089099	120.130655	0.005026	9.8
1487	-0.152886	120.085260	0.004746	9.9
1488	-0.384273	120.039910	0.003448	8.7
1489	-1.103231	119.994606	0.007567	8.7
1490	-0.059980	119.949348	0.001715	11.1
1491	-1.097141	119.904135	0.007041	9.9
1492	-1.032446	119.858968	0.007238	11.4
1493	-0.891707	119.813846	0.006382	11.4
1494	-0.900588	119.768769	0.007102	11.2
1495	-1.190541	119.723738	0.006965	10.7
1496	-1.004797	119.678752	0.005177	9.6
1497	-1.285878	119.633810	0.008069	9.5
1498	-0.536047	119.588914	0.004286	14.5
1499	-0.971691	119.544062	0.009127	9.8
1500	-0.285613	119.499256	0.004705	9.2
1501	-1.137784	119.454494	0.008275	9.4
1502	-0.422414	119.409777	0.003510	11.3
1503	-1.059873	119.365104	0.004783	10.7
1504	-0.600430	119.320476	0.005686	12.0
1505	-1.292930	119.275893	0.005708	9.1
1506	-1.164077	119.231353	0.008058	12.5
1507	-0.521929	119.186859	0.004497	12.7
1508	-1.029568	119.142408	0.004636	10.2
1509	-0.755758	119.098002	0.004234	9.8
1510	-0.364465	119.053639	0.004756	14.2
1511	-0.967250	119.009321	0.009460	12.3
1512	-0.833678	118.965047	0.004497	12.2
1513	-0.785094	118.920816	0.004271	9.4
1514	-0.744933	118.876630	0.008691	14.4
1515	-0.230409	118.832487	0.004138	9.3
1516	-0.929407	118.788388	0.008139	13.6
1517	-0.673554	118.744332	0.005635	18.0
1518	-0.131376	118.700320	0.002610	16.0
1519	-1.138567	118.656352	0.005407	14.8
1520	-1.230698	118.612427	0.009258	14.8
1521	-0.805183	118.568545	0.005764	10.5
1522	-0.752171	118.524706	0.004503	11.0
1523	-0.946967	118.480911	0.006660	10.2
1524	-0.896664	118.437159	0.005531	12.8
1525	-1.083040	118.393450	0.009621	9.5
1526	-0.963814	118.349784	0.006482	12.5
1527	-1.187901	118.306160	0.006065	10.6
1528	-0.892598	118.262580	0.005977	10.8
1529	-0.912678	118.219042	0.007743	9.6
1530	-1.100538	118.175548	0.007818	12.4
1531	-0.755465	118.132095	0.003751	9.2
1532	-0.793184	118.088686	0.005289	13.2
1533	-1.091498	118.045319	0.006997	10.8
1534	-1.232484	118.001994	0.007593	9.4
1535	-0.916692	117.958712	0.005377	10.7
1536	-0.854224	117.915472	0.006665	12.6
1537	-0.790150	117.872274	0.007008	10.7
1538	-0.587650	117.829118	0.005192	10.6
1539	-0.751218	117.786005	0.006013	10.0
1540	-0.699651	117.742933	0.005327	10.6
1541	-0.858690	117.699904	0.004950	8.9
1542	-0.232337	117.656916	0.004630	8.6
1543	-0.886659	117.613971	0.007949	9.4
1544	-1.271369	117.571067	0.006577	12.2
1545	-1.076513	117.528205	0.005957	9.5
1546	-0.465031	117.485384	0.003866	10.8
1547	-1.153872	117.442605	0.006076	11.1
1548	-1.191273	117.399867	0.008047	13.3
1549	-0.933963	117.357171	0.006000	10.5
1550	-0.633997	117.314517	0.004454	10.7
1551	-0.327396	117.271903	0.004244	9.8
1552	-1.036569	117.229331	0.005605	13.8
1553	-0.656369	117.186800	0.005487	10.4
1554	-0.736063	117.144311	0.005780	11.6
1555	-0.864962	117.101862	0.007695	16.0
1556	-0.964828	117.059454	0.008202	9.5
1557	-0.918718	117.017087	0.006952	11.1
1558	-1.153476	116.974762	0.005784	10.8
1559	-0.562720	116.932476	0.004613	12.3
1560	-0.613442	116.890232	0.004905	11.1
1561	-1.151735	116.848028	0.005397	9.9
1562	-0.476086	116.805865	0.004992	11.9
1563	-0.915682	116.763743	0.006775	13.6
1564	-1.058597	116.721661	0.007705	12.8
1565	-1.050842	116.679619	0.005320	13.5
1566	-0.799387	116.637618	0.004564	11.8
1567	-1.169154	116.595657	0.007098	11.6
1568	-1.183949	116.553736	0.007746	9.3
1569	-1.228424	116.511855	0.008701	10.4
1570	-1.193957	116.470015	0.007423	11.4
1571	-0.573606	116.428214	0.004346	7.7
1572	-0.749755	116.386454	0.005038	8.8
1573	-1.272323	116.344733	0.006034	9.3
1574	-1.231823	116.303052	0.004381	9.7
1575	-0.138059	116.261412	0.002051	10.0
1576	-1.198267	116.219810	0.006992	8.5
1577	-0.973460	116.178249	0.005731	9.5
1578	-0.350892	116.136727	0.003592	8.8
1579	-0.659353	116.095245	0.004170	11.6
1580	-1.139650	116.053802	0.008028	8.7
1581	-0.597116	116.012398	0.004130	7.8
1582	-1.250601	115.971034	0.006638	9.4
1583	-1.220461	115.929710	0.007100	10.7
1584	-0.971374	115.888424	0.005347	9.1
1585	-0.485379	115.847178	0.004800	8.5
1586	-0.808316	115.805970	0.005009	8.6
1587	-0.463849	115.764802	0.004790	9.9
1588	-1.102714	115.723673	0.006802	10.0
1589	-0.931936	115.682583	0.008550	8.8
1590	-0.658648	115.641532	0.005105	8.2
1591	-1.085334	115.600519	0.006378	8.6
1592	-0.914555	115.559546	0.008497	10.7
1593	-1.181783	115.518610	0.007712	9.2
1594	-1.122072	115.477714	0.006319	9.1
1595	-0.927570	115.436856	0.006890	8.5
1596	-0.935999	115.396037	0.006159	10.2
1597	-0.547707	115.355256	0.005566	9.0
1598	-0.444707	115.314514	0.003507	6.8
1599	-1.171739	115.273810	0.008557	8.8
1600	-1.064734	115.233144	0.005366	8.4
1601	-0.963150	115.192517	0.006878	10.7
1602	-1.256002	115.151927	0.005875	8.8
1603	-0.207309	115.111376	0.002932	8.0
1604	-0.571404	115.070863	0.004158	10.8
1605	-0.114859	115.030388	0.002143	9.9
1606	-0.928392	114.989951	0.006005	9.4
1607	-1.167791	114.949551	0.004899	8.5
1608	-1.018578	114.909190	0.006328	8.0
1609	-0.887120	114.868866	0.006727	6.7
1610	-0.581354	114.828580	0.004325	11.1
1611	-0.964549	114.788332	0.007753	9.6
1612	-1.174562	114.748121	0.006615	9.5
1613	-0.046855	114.707948	0.001276	9.1
1614	-1.266217	114.667812	0.007562	9.8
1615	-1.158935	114.627714	0.006684	9.5
1616	-0.731270	114.587653	0.005249	10.8
1617	-0.852452	114.547629	0.006592	9.9
1618	-1.186749	114.507643	0.009949	11.9
1619	-0.928956	114.467693	0.007834	9.7
1620	-1.074364	114.427781	0.006604	7.9
1621	-0.709191	114.387907	0.006592	9.0
1622	-1.069619	114.348069	0.006007	9.7
1623	-0.674542	114.308268	0.005241	14.0
1624	-1.091646	114.268504	0.008900	10.9
1625	-1.324978	114.228777	0.008101	12.1
1626	-0.084280	114.189086	0.001926	12.9
1627	-1.126920	114.149433	0.007418	9.6
1628	-1.130755	114.109816	0.007945	9.2
1629	-1.221829	114.070235	0.006651	9.1
1630	-0.706435	114.030692	0.005236	10.5
1631	-0.858531	113.991185	0.007041	9.4
1632	-1.031635	113.951714	0.005472	8.8
1633	-0.978626	113.912280	0.006207	9.6
1634	-1.014962	113.872882	0.007809	10.4
1635	-0.400095	113.833521	0.003567	8.7
1636	-0.787693	113.794195	0.007027	8.7
1637	-1.349922	113.754906	0.007166	10.7
1638	-0.866985	113.715653	0.006889	13.3
1639	-0.276479	113.676437	0.002234	11.7
1640	-1.292927	113.637256	0.006111	15.7
1641	-1.170473	113.598111	0.006506	11.3
1642	-1.086250	113.559002	0.007302	9.5
1643	-0.822323	113.519929	0.005529	10.0
1644	-0.979316	113.480892	0.006868	11.8
1645	-0.964561	113.441891	0.006087	10.2
1646	-1.208174	113.402925	0.008192	9.8
1647	-1.018066	113.363995	0.008659	8.8
1648	-0.437207	113.325101	0.003177	11.3
1649	-0.842474	113.286242	0.008258	9.5
1650	-1.141444	113.247419	0.008103	8.4
1651	-1.013448	113.208631	0.005272	9.0
1652	-0.417956	113.169879	0.004654	9.1
1653	-0.151842	113.131162	0.001409	11.4
1654	-1.003966	113.092480	0.006732	9.4
1655	-1.165565	113.053833	0.006775	8.6
1656	-1.163481	113.015222	0.007639	8.9
1657	-0.310784	112.976646	0.003703	11.9
1658	-1.215354	112.938105	0.006909	9.5
1659	-0.701715	112.899599	0.005782	9.5
1660	-1.220418	112.861128	0.008420	8.8
1661	-1.007042	112.822692	0.009887	9.5
1662	-1.115206	112.784291	0.005811	9.4
1663	-0.899070	112.745924	0.004988	8.3
1664	-1.272424	112.707593	0.007268	8.3
1665	-1.274710	112.669296	0.006761	10.8
1666	-1.132326	112.631034	0.007929	9.6
1667	-1.315156	112.592806	0.005815	10.2
1668	-0.530653	112.554613	0.005316	9.0
1669	-0.748703	112.516455	0.006256	10.7
1670	-1.178168	112.478331	0.007877	9.2
1671	-0.922762	112.440241	0.009454	7.9
1672	-1.291536	112.402186	0.007819	10.3
1673	-1.182881	112.364165	0.006937	10.3
1674	-0.892933	112.326179	0.007434	10.4
1675	-0.841775	112.288227	0.006473	11.4
1676	-0.841155	112.250309	0.007370	19.3
1677	-0.703229	112.212425	0.005534	12.9
1678	-0.590199	112.174575	0.005275	13.3
1679	-1.299233	112.136759	0.006775	15.6
1680	-0.729447	112.098977	0.003660	12.4
1681	-1.112865	112.061229	0.007675	12.9
1682	-1.076455	112.023515	0.007436	15.8
1683	-1.190890	111.985834	0.007071	13.8
1684	-1.094102	111.948188	0.009026	14.2
1685	-0.258876	111.910575	0.005437	13.4
1686	-1.158673	111.872996	0.006887	14.2
1687	-0.917003	111.835450	0.007742	10.0
1688	-1.312995	111.797939	0.006149	17.2
1689	-0.928957	111.760460	0.004996	10.7
1690	-0.415958	111.723015	0.004546	9.1
1691	-1.218139	111.685604	0.006710	9.7
1692	-0.703381	111.648226	0.005856	10.8
1693	-0.674980	111.610881	0.005614	9.3
1694	-1.117204	111.573570	0.006630	9.1
1695	-1.131084	111.536292	0.009091	9.3
1696	-0.931231	111.499047	0.008184	9.4
1697	-0.000000	111.461835	0.000000	10.1
1698	-1.112815	111.424656	0.007277	10.4
1699	-0.964692	111.387510	0.007174	12.8
1700	-1.142440	111.350398	0.006648	14.7
1701	-1.186053	111.313318	0.007102	15.0
1702	-0.539741	111.276271	0.004031	22.8
1703	-0.937175	111.239257	0.006742	18.4
1704	-0.411761	111.202276	0.004982	16.3
1705	-0.881222	111.165328	0.006175	14.4
1706	-0.989024	111.128412	0.006029	16.9
1707	-1.224353	111.091529	0.007622	11.8
1708	-0.418385	111.054679	0.006495	11.0
1709	-1.215008	111.017861	0.007425	9.7
1710	-0.978449	110.981076	0.006255	9.8
1711	-0.958947	110.944323	0.006640	9.5
1712	-0.723537	110.907603	0.005602	10.6
1713	-0.790858	110.870915	0.007963	13.3
1714	-0.947869	110.834259	0.005980	10.5
1715	-0.746941	110.797636	0.007661	14.2
1716	-1.214304	110.761045	0.006411	12.2
1717	-0.328370	110.724486	0.004711	11.0
1718	-1.283437	110.687959	0.007985	9.7
1719	-1.336434	110.651465	0.009211	11.9
1720	-0.207899	110.615002	0.003979	7.6
1721	-0.273928	110.578572	0.006490	8.8
1722	-1.199526	110.542173	0.007181	9.1
1723	-0.723667	110.505807	0.005085	9.5
1724	-1.126279	110.469472	0.005810	11.8
1725	-0.734396	110.433169	0.005909	9.3
1726	-0.298236	110.396898	0.003764	9.4
1727	-1.141220	110.360659	0.004825	10.1
1728	-1.026196	110.324451	0.006000	9.8
1729	-1.113838	110.288276	0.006424	8.7
1730	-1.301083	110.252131	0.007276	9.4
1731	-0.287576	110.216019	0.003293	7.4
1732	-0.482253	110.179937	0.005362	11.0
1733	-1.267027	110.143888	0.007819	12.6
1734	-0.581863	110.107869	0.003785	12.8
1735	-0.357068	110.071882	0.005888	17.8
1736	-1.243245	110.035927	0.006492	12.5
1737	-0.908200	110.000003	0.004893	16.2
1738	-0.643866	109.964110	0.004548	16.4
1739	-0.957798	109.928248	0.007371	16.7
1740	-0.132353	109.892417	0.003484	13.7
1741	-1.124920	109.856618	0.005925	18.9
1742	-0.998864	109.820850	0.006935	12.1
1743	-0.582170	109.785112	0.006799	9.9
1744	-1.222148	109.749406	0.007639	14.3
1745	-0.256338	109.713730	0.002873	14.7
1746	-0.130280	109.678086	0.001609	9.9
1747	-0.604330	109.642472	0.004507	16.8
1748	-0.651978	109.606890	0.004826	15.0
1749	-0.475650	109.571337	0.005332	14.7
1750	-0.625788	109.535816	0.006605	17.5
1751	-0.979411	109.500326	0.006619	13.0
1752	-0.705338	109.464866	0.005601	20.3
1753	-1.053726	109.429436	0.007656	14.1
1754	-0.635454	109.394038	0.006875	16.3
1755	-0.179566	109.358669	0.003731	12.5
1756	-0.847660	109.323331	0.004195	12.3
1757	-0.393854	109.288024	0.004569	10.8
1758	-0.896422	109.252747	0.006281	15.2
1759	-0.266439	109.217501	0.003415	14.1
1760	-0.176120	109.182284	0.002849	8.9
1761	-1.042897	109.147098	0.007001	10.1
1762	-0.620158	109.111942	0.006059	7.8
1763	-0.200780	109.076817	0.004454	15.5
1764	-0.894002	109.041721	0.006481	15.0
1765	-1.215695	109.006656	0.006129	10.3
1766	-1.290271	108.971620	0.006026	10.9
1767	-0.934699	108.936615	0.006037	17.5
1768	-0.767098	108.901640	0.005931	11.2
1769	-1.145432	108.866694	0.006098	12.1
1770	-1.178676	108.831779	0.007381	10.5
1771	-1.227079	108.796893	0.007930	10.2
1772	-0.625105	108.762037	0.006246	8.3
1773	-1.340674	108.727211	0.009666	9.2
1774	-1.250807	108.692415	0.007262	11.5
1775	-0.768079	108.657648	0.006178	9.0
1776	-1.082083	108.622911	0.006188	8.0
1777	-0.930669	108.588203	0.005432	8.8
1778	-1.224892	108.553525	0.005880	12.2
1779	-1.261847	108.518877	0.006683	8.0
1780	-0.982517	108.484258	0.008079	9.1
1781	-0.888422	108.449668	0.007947	8.5
1782	-0.963563	108.415108	0.008859	11.5
1783	-0.786872	108.380578	0.004552	9.4
1784	-0.035420	108.346076	0.000567	8.7
1785	-0.807351	108.311604	0.006222	8.8
1786	-1.262994	108.277161	0.004957	9.1
1787	-0.008626	108.242747	0.000121	10.1
1788	-1.210925	108.208363	0.006645	9.9
1789	-1.293284	108.174007	0.007721	8.9
1790	-0.316315	108.139681	0.003138	9.4
1791	-1.153905	108.105383	0.006608	10.3
1792	-0.932749	108.071115	0.005507	9.1
1793	-1.116382	108.036875	0.006628	10.3
1794	-0.317555	108.002665	0.003398	8.1
1795	-1.027502	107.968483	0.006094	10.9
1796	-0.446344	107.934330	0.004445	9.4
1797	-1.127436	107.900206	0.007195	7.9
1798	-0.164030	107.866111	0.002970	9.6
1799	-1.147798	107.832044	0.007267	11.1
1800	-0.870152	107.798007	0.007054	9.0
1801	-1.025676	107.763997	0.005625	8.8
1802	-0.375694	107.730017	0.003363	9.0
1803	-0.901302	107.696065	0.003988	10.9
1804	-1.281424	107.662141	0.010924	8.7
1805	-0.369870	107.628246	0.004579	11.3
1806	-0.976946	107.594379	0.006653	9.4
1807	-1.089197	107.560541	0.006432	11.0
1808	-0.860590	107.526731	0.006449	8.6
1809	-0.691219	107.492949	0.006452	7.1
1810	-0.875020	107.459196	0.005467	8.9
1811	-1.051078	107.425471	0.005567	11.7
1812	-0.750998	107.391774	0.006131	8.9
1813	-1.185162	107.358106	0.006433	8.7
1814	-0.712732	107.324465	0.006107	8.4
1815	-0.874665	107.290853	0.005861	9.1
1816	-1.211050	107.257268	0.008299	11.0
1817	-0.966111	107.223712	0.006093	12.3
1818	-1.190919	107.190184	0.006757	12.8
1819	-0.844814	107.156683	0.004906	15.7
1820	-0.728865	107.123211	0.004941	12.5
1821	-0.461492	107.089766	0.005211	11.4
1822	-1.179870	107.056349	0.007293	8.4
1823	-0.418850	107.022960	0.009317	10.6
1824	-1.264271	106.989599	0.006988	8.6
1825	-1.314973	106.956265	0.010399	8.8
1826	-1.024897	106.922960	0.006473	9.2
1827	-0.836719	106.889681	0.005884	8.6
1828	-1.133162	106.856431	0.012477	10.8
1829	-0.067627	106.823208	0.002659	8.5
1830	-0.710723	106.790012	0.006486	9.0
1831	-1.052088	106.756844	0.007950	8.4
1832	-1.196278	106.723703	0.007044	9.9
1833	-0.966851	106.690590	0.005666	8.9
1834	-0.536380	106.657505	0.004925	7.6
1835	-1.132329	106.624446	0.007895	8.2
1836	-1.011743	106.591415	0.007211	8.2
1837	-1.201546	106.558411	0.006128	10.8
1838	-0.594745	106.525435	0.004809	8.5
1839	-1.256550	106.492485	0.009044	8.9
1840	-1.006547	106.459563	0.007477	9.2
1841	-1.209174	106.426668	0.009344	8.6
1842	-1.099865	106.393800	0.008008	11.7
1843	-1.114555	106.360959	0.008112	8.3
1844	-1.306568	106.328145	0.006243	8.5
1845	-0.880884	106.295358	0.006681	8.3
1846	-1.169552	106.262598	0.005261	11.2
1847	-1.040560	106.229865	0.006284	8.0
1848	-0.812627	106.197158	0.006105	8.5
1849	-0.954189	106.164479	0.008292	7.1
1850	-1.165291	106.131826	0.008087	8.5
1851	-0.256410	106.099201	0.002953	12.2
1852	-0.143009	106.066602	0.002302	11.1
1853	-1.073434	106.034029	0.006232	10.9
1854	-1.042322	106.001483	0.006320	8.3
1855	-0.624056	105.968964	0.006521	14.2
1856	-1.234827	105.936472	0.006727	13.2
1857	-0.005418	105.904006	0.000542	13.3
1858	-1.123108	105.871566	0.006992	23.8
1859	-1.077701	105.839153	0.005707	20.9
1860	-0.434694	105.806767	0.006132	20.4
1861	-1.221192	105.774407	0.010982	16.0
1862	-0.367436	105.742073	0.005830	17.7
1863	-0.754142	105.709766	0.007512	20.5
1864	-0.745267	105.677485	0.007589	18.6
1865	-0.697300	105.645230	0.004819	13.9
1866	-1.193466	105.613001	0.007029	21.1
1867	-1.165177	105.580799	0.007146	18.6
1868	-0.787724	105.548623	0.005941	11.6
1869	-1.149296	105.516473	0.007109	11.7
1870	-0.889474	105.484349	0.005638	13.0
1871	-1.195267	105.452251	0.007381	14.7
1872	-0.963454	105.420179	0.005115	16.6
1873	-1.118627	105.388133	0.008468	9.2
1874	-0.380941	105.356113	0.005853	9.7
1875	-0.734124	105.324119	0.005692	10.3
1876	-0.643936	105.292151	0.005701	13.3
1877	-0.729520	105.260209	0.004835	13.5
1878	-0.754458	105.228293	0.005775	13.2
1879	-1.228796	105.196402	0.006897	12.0
1880	-1.182323	105.164537	0.006219	9.2
1881	-1.078014	105.132698	0.007366	10.4
1882	-1.119577	105.100885	0.005268	10.8
1883	-1.084385	105.069097	0.007253	12.0
1884	-0.764474	105.037335	0.005032	8.5
1885	-1.175634	105.005598	0.006859	10.2
1886	-1.301451	104.973887	0.006110	8.8
1887	-0.585967	104.942202	0.003816	11.3
1888	-0.186630	104.910542	0.002878	10.4
1889	-0.569040	104.878907	0.005736	10.2
1890	-0.672711	104.847298	0.005237	10.9
1891	-1.244850	104.815715	0.009172	11.6
1892	-0.764449	104.784156	0.006284	8.8
1893	-1.122144	104.752623	0.007310	10.9
1894	-0.884992	104.721116	0.008178	9.7
1895	-0.402108	104.689633	0.005180	12.3
1896	-1.142852	104.658176	0.005954	9.3
1897	-1.160541	104.626744	0.007824	8.2
1898	-0.860429	104.595337	0.006859	9.4
1899	-0.230621	104.563955	0.003351	11.6
1900	-1.156703	104.532599	0.007759	7.9
1901	-1.102162	104.501267	0.006941	9.3
1902	-0.887753	104.469960	0.006502	8.6
1903	-0.922104	104.438679	0.005367	8.3
1904	-0.635578	104.407422	0.005384	13.5
1905	-0.198918	104.376191	0.003101	8.3
1906	-0.686126	104.344984	0.004429	7.3
1907	-1.126604	104.313802	0.005441	9.1
1908	-0.770316	104.282645	0.005986	10.9
1909	-1.210844	104.251513	0.007048	9.5
1910	-0.721348	104.220405	0.006348	9.1
1911	-1.062900	104.189323	0.006205	9.1
1912	-1.016420	104.158265	0.006690	9.7
1913	-1.084029	104.127231	0.005551	11.0
1914	-0.853030	104.096222	0.005541	8.4
1915	-1.204129	104.065238	0.008385	8.4
1916	-1.309333	104.034279	0.007499	9.8
1917	-0.997738	104.003344	0.006671	10.0
1918	-0.614721	103.972433	0.005504	9.3
1919	-1.111891	103.941547	0.007603	13.1
1920	-0.922505	103.910686	0.006495	14.7
1921	-0.926444	103.879849	0.005349	13.7
1922	-0.410102	103.849036	0.009181	11.1
1923	-1.199627	103.818248	0.007391	14.0
1924	-1.162883	103.787484	0.005967	15.4
1925	-0.815320	103.756744	0.003346	14.7
1926	-1.236214	103.726029	0.006814	16.4
1927	-1.043011	103.695338	0.006929	13.5
1928	-0.098004	103.664671	0.001933	13.5
1929	-1.270364	103.634028	0.006866	25.8
1930	-0.279229	103.603409	0.005071	14.1
1931	-0.659576	103.572814	0.004447	13.0
1932	-0.758473	103.542244	0.004008	14.2
1933	-1.101132	103.511698	0.006967	14.2
1934	-1.097906	103.481175	0.007874	17.2
1935	-1.090110	103.450677	0.006375	19.1
1936	-1.236593	103.420202	0.007331	14.9
1937	-1.015983	103.389752	0.005465	9.1
1938	-0.019689	103.359325	0.003265	15.5
1939	-1.037765	103.328922	0.009503	9.1
1940	-0.992797	103.298543	0.006117	8.4
1941	-0.210777	103.268188	0.002729	9.0
1942	-1.065270	103.237857	0.006715	9.1
1943	-0.137691	103.207549	0.003787	10.5
1944	-0.026980	103.177265	0.005441	6.6
1945	-1.004463	103.147005	0.007225	9.3
1946	-0.580692	103.116768	0.004036	7.5
1947	-0.364868	103.086556	0.006739	10.8
1948	-1.252273	103.056366	0.006710	9.0
1949	-1.063217	103.026200	0.006087	8.6
1950	-0.817628	102.996058	0.007448	7.9
1951	-1.201119	102.965939	0.006159	8.8
1952	-1.262147	102.935844	0.007429	11.3
1953	-1.148715	102.905772	0.007850	8.2
1954	-1.309368	102.875724	0.008500	8.5
1955	-1.209019	102.845699	0.005236	8.3
1956	-0.807734	102.815697	0.005728	10.5
1957	-1.117315	102.785719	0.005354	8.2
1958	-0.277486	102.755764	0.002413	8.7
1959	-1.250997	102.725832	0.005591	8.0
1960	-0.452398	102.695924	0.005350	8.9
1961	-0.578354	102.666038	0.004465	11.2
1962	-1.126449	102.636176	0.007436	8.8
1963	-1.112857	102.606337	0.005011	8.7
1964	-0.773304	102.576521	0.007733	8.2
1965	-0.632580	102.546728	0.004148	9.8
1966	-1.191770	102.516959	0.008499	9.2
1967	-0.791239	102.487212	0.007678	8.3
1968	-0.692178	102.457488	0.006041	9.1
1969	-1.131883	102.427788	0.006440	8.7
1970	-1.104042	102.398110	0.004862	9.7
1971	-0.888112	102.368455	0.006334	8.8
1972	-1.136368	102.338823	0.007312	8.1
1973	-0.766625	102.309214	0.007183	8.8
1974	-1.143514	102.279628	0.007521	10.3
1975	-1.247184	102.250064	0.006527	9.4
1976	-0.898769	102.220524	0.006821	8.3
1977	-0.765309	102.191006	0.004532	8.3
1978	-1.273743	102.161511	0.006862	8.3
1979	-0.914788	102.132038	0.005932	10.5
1980	-1.074577	102.102588	0.008593	9.0
1981	-0.232244	102.073161	0.002908	8.6
1982	-1.337369	102.043757	0.007021	8.7
1983	-1.142358	102.014375	0.004972	13.0
1984	-1.165665	101.985015	0.006418	12.8
1985	-0.471895	101.955678	0.004420	9.9
1986	-1.216005	101.926364	0.007102	16.3
1987	-0.410920	101.897072	0.003587	9.3
1988	-1.091807	101.867802	0.007193	9.2
1989	-0.414907	101.838555	0.003600	8.6
1990	-1.224498	101.809330	0.007291	11.5
1991	-1.263474	101.780128	0.007728	9.0
1992	-0.846193	101.750948	0.004927	9.1
1993	-0.967721	101.721790	0.005862	8.0
1994	-0.781611	101.692654	0.006467	8.9
1995	-0.451458	101.663541	0.002456	10.6
1996	-1.279911	101.634450	0.008275	8.9
1997	-0.928622	101.605381	0.005166	8.3
1998	-0.826615	101.576335	0.005045	8.7
1999	-1.125818	101.547310	0.007477	10.9
