1:ItNr	2:Metric	3:StepSize	4:||Gradient||	Time[ms]
0	-1.132652	627.201626	0.008407	648.2
1	-1.209005	623.504937	0.008509	17.1
2	-1.221152	619.865785	0.009399	21.2
3	-0.856692	616.282728	0.009108	19.5
4	-0.853463	612.754375	0.007218	20.0
5	-1.182870	609.279381	0.008454	21.9
6	-0.159993	605.856447	0.004518	15.8
7	-1.119421	602.484317	0.009012	21.0
8	-1.041450	599.161779	0.009797	21.2
9	-1.058090	595.887656	0.006938	20.3
10	-0.603993	592.660813	0.006698	14.6
11	-0.130614	589.480151	0.003410	14.3
12	-0.837397	586.344606	0.007891	15.2
13	-0.293633	583.253145	0.007057	18.3
14	-0.787830	580.204771	0.008780	14.0
15	-0.436997	577.198517	0.007201	10.0
16	-1.274494	574.233444	0.009853	16.3
17	-0.996643	571.308645	0.008225	14.2
18	-0.829465	568.423237	0.008390	18.7
19	-0.738294	565.576365	0.006382	20.1
20	-0.851432	562.767201	0.008191	16.9
21	-1.280394	559.994938	0.009748	19.9
22	-1.100953	557.258797	0.009842	17.1
23	-0.799587	554.558018	0.008243	19.3
24	-0.987940	551.891865	0.009049	17.1
25	-1.099429	549.259621	0.009298	16.7
26	-1.027836	546.660592	0.009520	19.5
27	-0.407709	544.094102	0.004029	16.8
28	-0.687045	541.559494	0.006593	20.4
29	-0.490612	539.056129	0.005445	18.2
30	-0.667704	536.583387	0.007697	15.9
31	-1.167997	534.140663	0.009333	19.1
32	-0.149101	531.727370	0.002984	20.3
33	-0.287055	529.342935	0.004950	14.0
34	-0.547119	526.986802	0.006234	19.3
35	-0.825393	524.658430	0.008371	20.3
36	-0.952146	522.357290	0.007472	21.8
37	-0.634205	520.082868	0.007047	19.4
38	-0.918094	517.834665	0.010282	16.6
39	-0.816312	515.612193	0.006538	19.0
40	-1.011749	513.414976	0.008604	21.1
41	-0.805359	511.242551	0.008092	17.9
42	-0.912284	509.094468	0.008467	17.5
43	-0.609904	506.970285	0.007977	20.9
44	-1.177753	504.869574	0.008518	24.2
45	-1.058802	502.791916	0.008018	25.6
46	-0.928605	500.736903	0.007656	24.4
47	-0.744854	498.704137	0.008055	21.7
48	-0.844321	496.693228	0.009688	18.6
49	-1.198799	494.703798	0.011209	18.4
50	-0.774419	492.735476	0.006989	18.9
51	-0.552942	490.787900	0.007201	21.8
52	-0.413749	488.860718	0.006473	22.3
53	-0.778213	486.953585	0.008842	19.2
54	-0.605028	485.066164	0.006045	18.2
55	-1.031274	483.198126	0.008399	17.8
56	-0.586466	481.349149	0.004844	19.0
57	-0.768261	479.518920	0.007190	13.7
58	-0.082792	477.707132	0.006721	13.4
59	-0.795997	475.913485	0.008604	9.3
60	-0.922158	474.137684	0.006486	10.6
61	-0.446265	472.379445	0.007313	11.3
62	-1.048354	470.638485	0.008336	15.4
63	-0.467459	468.914531	0.005943	10.9
64	-1.139868	467.207315	0.010884	12.4
65	-0.348893	465.516573	0.003842	13.5
66	-0.991354	463.842050	0.008089	9.7
67	-0.777246	462.183494	0.007130	17.9
68	-1.201028	460.540658	0.008223	10.3
69	-0.263494	458.913303	0.006261	16.0
70	-0.213003	457.301192	0.003748	20.0
71	-0.283013	455.704096	0.003264	18.4
72	-1.013941	454.121787	0.007581	11.7
73	-0.460314	452.554045	0.004935	12.7
74	-0.772806	451.000653	0.008716	13.7
75	-0.787278	449.461399	0.007466	12.0
76	-0.958220	447.936075	0.007811	10.6
77	-1.027196	446.424477	0.007295	11.2
78	-0.726856	444.926406	0.008502	10.3
79	-0.894552	443.441666	0.007835	11.1
80	-0.746945	441.970065	0.008116	10.8
81	-0.983439	440.511415	0.005676	10.1
82	-0.989270	439.065533	0.009900	11.2
83	-0.856068	437.632238	0.007437	10.3
84	-1.236053	436.211351	0.009042	10.0
85	-0.380454	434.802701	0.004711	11.8
86	-0.802232	433.406117	0.006287	12.4
87	-1.014562	432.021430	0.007784	14.0
88	-0.459205	430.648479	0.005179	20.4
89	-0.816581	429.287101	0.007683	21.7
90	-1.083248	427.937140	0.009336	16.9
91	-0.848161	426.598440	0.008973	25.3
92	-0.687730	425.270849	0.006032	16.0
93	-0.599025	423.954220	0.007999	22.1
94	-0.030669	422.648404	0.001920	14.5
95	-1.233894	421.353259	0.010811	10.9
96	-0.125404	420.068643	0.003396	10.2
97	-0.246397	418.794419	0.002588	11.5
98	-0.955898	417.530451	0.009674	11.3
99	-0.677617	416.276604	0.005958	10.9
100	-0.549091	415.032748	0.006270	10.1
101	-0.996710	413.798754	0.009175	12.2
102	-1.013480	412.574495	0.009802	13.7
103	-1.262183	411.359849	0.009503	10.5
104	-0.782775	410.154691	0.007808	10.4
105	-0.154573	408.958904	0.002545	15.9
106	-0.950831	407.772368	0.007508	20.3
107	-1.290596	406.594968	0.009765	18.0
108	-1.158392	405.426590	0.009706	23.7
109	-0.642253	404.267122	0.007449	16.1
110	-0.748949	403.116456	0.006427	20.6
111	-1.006216	401.974481	0.008193	20.4
112	-0.975964	400.841093	0.007581	14.3
113	-1.101583	399.716187	0.008304	18.3
114	-1.169520	398.599660	0.009584	49.5
115	-1.064626	397.491411	0.008311	27.9
116	-0.794820	396.391342	0.008124	19.7
117	-1.048072	395.299353	0.008418	20.1
118	-0.423342	394.215350	0.006580	12.5
119	-0.627018	393.139238	0.008468	17.7
120	-1.167548	392.070924	0.007618	19.9
121	-0.825936	391.010316	0.008043	17.7
122	-1.179591	389.957325	0.009701	20.0
123	-0.827042	388.911862	0.006352	19.4
124	-0.086102	387.873839	0.002110	18.6
125	-0.606223	386.843173	0.005584	17.2
126	-0.718945	385.819777	0.005798	21.9
127	-0.434316	384.803569	0.007284	18.1
128	-0.929768	383.794468	0.008354	12.2
129	-1.088427	382.792393	0.007870	17.7
130	-0.669884	381.797264	0.005479	21.3
131	-0.950215	380.809005	0.008924	20.4
132	-0.902605	379.827537	0.007006	18.2
133	-0.538196	378.852786	0.005615	19.5
134	-1.288029	377.884678	0.009275	18.8
135	-0.861059	376.923138	0.008503	23.6
136	-1.181385	375.968095	0.007613	19.8
137	-0.822730	375.019479	0.008652	18.9
138	-0.918516	374.077218	0.008014	17.5
139	-0.751042	373.141244	0.009797	14.9
140	-0.860894	372.211489	0.007580	16.9
141	-0.514588	371.287887	0.006698	23.1
142	-0.351424	370.370370	0.003967	20.8
143	-1.249890	369.458876	0.011959	22.3
144	-0.119046	368.553338	0.005860	18.1
145	-0.850414	367.653696	0.007188	23.1
146	-1.081238	366.759885	0.006561	20.4
147	-0.752786	365.871846	0.005888	17.4
148	-1.225294	364.989518	0.009908	19.3
149	-0.633628	364.112841	0.006252	18.6
150	-0.892946	363.241757	0.007401	21.8
151	-1.030879	362.376208	0.007776	10.7
152	-0.926503	361.516137	0.009814	13.8
153	-1.162496	360.661488	0.007415	15.2
154	-0.491365	359.812206	0.007045	14.5
155	-0.698387	358.968236	0.006168	19.0
156	-1.113420	358.129524	0.007393	21.4
157	-0.301242	357.296018	0.004683	17.7
158	-1.127860	356.467665	0.008663	22.5
159	-1.205373	355.644414	0.007630	21.8
160	-0.652354	354.826213	0.006423	15.6
161	-0.411360	354.013012	0.006497	21.1
162	-1.129651	353.204763	0.008999	20.9
163	-0.126805	352.401415	0.006158	17.6
164	-0.212356	351.602922	0.004438	20.8
165	-0.903149	350.809235	0.005898	19.3
166	-1.236314	350.020308	0.009090	18.8
167	-1.113588	349.236095	0.008415	20.4
168	-0.246745	348.456550	0.007908	16.2
169	-0.318848	347.681627	0.003215	21.1
170	-1.119145	346.911283	0.007930	18.5
171	-0.024297	346.145474	0.000544	18.2
172	-1.092998	345.384157	0.007943	18.6
173	-0.319025	344.627288	0.004910	14.5
174	-1.047834	343.874826	0.007746	18.2
175	-0.282459	343.126729	0.003578	19.4
176	-0.575688	342.382957	0.005533	18.6
177	-1.118605	341.643469	0.010123	24.4
178	-1.028254	340.908224	0.008275	20.5
179	-0.798132	340.177184	0.004884	17.4
180	-1.000286	339.450309	0.007521	20.4
181	-0.878730	338.727561	0.008660	23.6
182	-0.461599	338.008902	0.005242	18.4
183	-0.199148	337.294295	0.003644	21.2
184	-1.092916	336.583703	0.008704	19.8
185	-1.070706	335.877089	0.007599	20.4
186	-0.996933	335.174416	0.006592	19.5
187	-0.984058	334.475651	0.009012	22.3
188	-1.095862	333.780756	0.007594	23.1
189	-1.216403	333.089698	0.009001	21.6
190	-0.242709	332.402443	0.005806	19.0
191	-1.216883	331.718955	0.010520	19.9
192	-0.756735	331.039203	0.007427	19.9
193	-1.059834	330.363153	0.007506	20.8
194	-0.757852	329.690771	0.005741	18.8
195	-0.719943	329.022027	0.008353	17.8
196	-0.923360	328.356888	0.009528	19.9
197	-0.753116	327.695322	0.009570	18.8
198	-1.115879	327.037299	0.008307	19.9
199	-0.925892	326.382787	0.008381	21.4
200	-1.090398	325.731758	0.009832	18.2
201	-0.982968	325.084179	0.010099	20.9
202	-1.186239	324.440023	0.009912	20.7
203	-0.608575	323.799258	0.006412	22.1
204	-0.608181	323.161858	0.005473	10.7
205	-1.143574	322.527792	0.009424	20.4
206	-1.126803	321.897034	0.007100	19.8
207	-0.855810	321.269554	0.008020	20.9
208	-1.022735	320.645325	0.007248	18.4
209	-0.706231	320.024320	0.006684	18.5
210	-0.770113	319.406512	0.006559	14.5
211	-1.272462	318.791875	0.008336	19.5
212	-1.016145	318.180381	0.008946	19.3
213	-0.411152	317.572005	0.004397	20.5
214	-0.457380	316.966721	0.005388	15.5
215	-0.812997	316.364504	0.007273	19.4
216	-0.712228	315.765329	0.008672	10.9
217	-1.280394	315.169170	0.010532	15.7
218	-1.158845	314.576003	0.009229	10.5
219	-0.690728	313.985804	0.006970	10.8
220	-1.278564	313.398548	0.009991	11.2
221	-0.659242	312.814213	0.005869	11.0
222	-0.679882	312.232773	0.008875	8.9
223	-0.705784	311.654207	0.008980	12.3
224	-1.157841	311.078491	0.011124	10.2
225	-0.442322	310.505602	0.005062	11.0
226	-0.287296	309.935518	0.004650	8.6
227	-0.004339	309.368217	0.000053	11.0
228	-0.412426	308.803676	0.006145	11.0
229	-0.284864	308.241874	0.005240	10.8
230	-0.965044	307.682789	0.008224	11.8
231	-0.987011	307.126400	0.008675	9.8
232	-0.577830	306.572687	0.007023	10.7
233	-0.871615	306.021627	0.007340	9.6
234	-0.911770	305.473201	0.007691	11.5
235	-1.349133	304.927388	0.011054	9.5
236	-1.161996	304.384168	0.010018	10.1
237	-0.153460	303.843521	0.003630	10.6
238	-1.185712	303.305427	0.009509	11.4
239	-0.876409	302.769867	0.008015	19.6
240	-1.253845	302.236821	0.006957	18.7
241	-0.862166	301.706270	0.007139	17.3
242	-1.129730	301.178196	0.007954	20.0
243	-1.329859	300.652580	0.009892	20.8
244	-0.004305	300.129402	0.000024	22.7
245	-1.067210	299.608645	0.008333	19.4
246	-1.331036	299.090291	0.009250	23.1
247	-0.811614	298.574321	0.008321	13.6
248	-1.114010	298.060718	0.009469	16.6
249	-1.152962	297.549465	0.006806	20.5
250	-0.839981	297.040543	0.007097	17.2
251	-1.089687	296.533936	0.007571	18.1
252	-0.787559	296.029626	0.007110	12.4
253	-1.099836	295.527597	0.007288	20.9
254	-0.976381	295.027832	0.008603	17.8
255	-0.246842	294.530315	0.005043	15.4
256	-1.119086	294.035028	0.008063	16.4
257	-1.021037	293.541956	0.006853	19.9
258	-0.167805	293.051083	0.007810	15.5
259	-1.187300	292.562393	0.009503	18.0
260	-1.242347	292.075870	0.008966	21.3
261	-1.091264	291.591498	0.010204	18.6
262	-1.206161	291.109263	0.008030	19.4
263	-1.135342	290.629149	0.007887	16.6
264	-1.252318	290.151140	0.008901	18.3
265	-0.141236	289.675222	0.003452	18.8
266	-1.021686	289.201380	0.007973	16.1
267	-1.343071	288.729600	0.008536	17.6
268	-0.819896	288.259866	0.008146	21.8
269	-1.260533	287.792165	0.009448	19.9
270	-0.932153	287.326481	0.009886	22.9
271	-0.589461	286.862802	0.007441	16.2
272	-0.819517	286.401113	0.007996	17.3
273	-1.096327	285.941400	0.007705	16.6
274	-0.330242	285.483649	0.004313	18.3
275	-1.047745	285.027847	0.007898	14.1
276	-0.642458	284.573981	0.006094	13.8
277	-0.829479	284.122037	0.008804	11.5
278	-0.695402	283.672002	0.004967	10.5
279	-0.707761	283.223863	0.005215	11.0
280	-1.140953	282.777607	0.008714	11.1
281	-0.437905	282.333221	0.005083	15.4
282	-1.180835	281.890692	0.008589	19.4
283	-1.298579	281.450008	0.009008	16.9
284	-1.110721	281.011157	0.010086	19.4
285	-0.891510	280.574125	0.007910	18.1
286	-1.087170	280.138901	0.008434	16.8
287	-0.841246	279.705473	0.009911	19.5
288	-1.051271	279.273829	0.006690	15.9
289	-0.442788	278.843956	0.007001	18.0
290	-0.478014	278.415844	0.005368	17.8
291	-0.930450	277.989479	0.010072	21.7
292	-1.058112	277.564851	0.006528	17.2
293	-1.211163	277.141949	0.009729	21.6
294	-0.714502	276.720761	0.006356	15.5
295	-0.000005	276.301275	0.000012	20.1
296	-0.589990	275.883480	0.005671	16.7
297	-1.066758	275.467366	0.009538	15.2
298	-0.228964	275.052922	0.004300	16.9
299	-1.141575	274.640136	0.008123	19.9
300	-1.046687	274.228998	0.010033	15.0
301	-0.286685	273.819497	0.003067	15.7
302	-0.243002	273.411623	0.004499	19.5
303	-0.938040	273.005365	0.008817	11.6
304	-1.038615	272.600712	0.010339	11.9
305	-1.099831	272.197655	0.009046	9.9
306	-1.094334	271.796184	0.009703	10.5
307	-1.326944	271.396287	0.011283	10.3
308	-1.227629	270.997956	0.007779	9.8
309	-1.118742	270.601180	0.008094	10.7
310	-0.901884	270.205949	0.007882	10.1
311	-1.088043	269.812254	0.010675	10.6
312	-0.740744	269.420085	0.006726	10.8
313	-1.048979	269.029432	0.009372	9.7
314	-1.100105	268.640287	0.007195	13.1
315	-1.321417	268.252638	0.009111	18.1
316	-1.155712	267.866478	0.008125	13.3
317	-0.283056	267.481796	0.005699	10.6
318	-0.684927	267.098584	0.009382	8.4
319	-0.272711	266.716833	0.003320	11.3
320	-1.104892	266.336533	0.007216	10.2
321	-1.091391	265.957676	0.007625	9.7
322	-1.252300	265.580253	0.009295	10.4
323	-0.933644	265.204254	0.009130	14.0
324	-1.280857	264.829672	0.009393	19.6
325	-0.441387	264.456497	0.004377	15.2
326	-1.139611	264.084721	0.007596	21.0
327	-0.455720	263.714335	0.005167	18.4
328	-1.138996	263.345332	0.007764	16.5
329	-1.018457	262.977702	0.009041	19.5
330	-1.091058	262.611438	0.009302	19.3
331	-1.325814	262.246531	0.010156	20.3
332	-0.432274	261.882973	0.004453	18.3
333	-0.148475	261.520756	0.003864	20.3
334	-0.730842	261.159871	0.005539	20.0
335	-1.294614	260.800312	0.008918	12.4
336	-1.081174	260.442070	0.010333	13.9
337	-1.333072	260.085137	0.009542	14.4
338	-1.257540	259.729505	0.010400	16.2
339	-1.050406	259.375167	0.007658	13.1
340	-0.637967	259.022116	0.008419	11.5
341	-0.369475	258.670343	0.004130	10.7
342	-0.152840	258.319841	0.004065	11.8
343	-0.678584	257.970602	0.006356	10.3
344	-0.983860	257.622620	0.009563	8.8
345	-0.233870	257.275887	0.004427	10.4
346	-1.096401	256.930396	0.007493	9.2
347	-0.457709	256.586139	0.004479	9.8
348	-1.108138	256.243109	0.007640	9.9
349	-0.804734	255.901300	0.009003	9.7
350	-1.270881	255.560703	0.009271	9.5
351	-0.348316	255.221313	0.004471	11.6
352	-1.146604	254.883122	0.008367	15.9
353	-0.652787	254.546124	0.007397	14.6
354	-1.283533	254.210311	0.009176	14.8
355	-0.867230	253.875677	0.006554	14.8
356	-0.928895	253.542215	0.008388	13.9
357	-0.374250	253.209918	0.004176	16.3
358	-0.872082	252.878781	0.008804	16.2
359	-0.792692	252.548795	0.007880	14.8
360	-1.196792	252.219956	0.007259	16.5
361	-0.939732	251.892255	0.008627	11.5
362	-0.409522	251.565688	0.004898	9.4
363	-0.728813	251.240247	0.007552	10.4
364	-0.730460	250.915926	0.006842	9.8
365	-0.974017	250.592720	0.007261	9.5
366	-0.433099	250.270621	0.007790	10.1
367	-0.898911	249.949624	0.007821	10.7
368	-1.101925	249.629723	0.009608	11.2
369	-0.395012	249.310911	0.005029	12.8
370	-0.730884	248.993182	0.007716	10.4
371	-0.905744	248.676531	0.007581	11.5
372	-1.092729	248.360952	0.008095	12.3
373	-0.824235	248.046438	0.008319	15.6
374	-0.901487	247.732984	0.006406	18.0
375	-0.687546	247.420584	0.006858	14.7
376	-0.452910	247.109233	0.005624	17.6
377	-1.100280	246.798924	0.008733	14.4
378	-0.399231	246.489652	0.005068	14.6
379	-1.187459	246.181412	0.008357	12.2
380	-0.416258	245.874197	0.004347	10.6
381	-1.109869	245.568002	0.009797	10.2
382	-0.104134	245.262822	0.003244	9.8
383	-1.048079	244.958652	0.010328	10.3
384	-0.316448	244.655485	0.005035	10.1
385	-1.036218	244.353317	0.007815	9.7
386	-0.705184	244.052142	0.006921	10.3
387	-1.096040	243.751955	0.009928	9.2
388	-0.620580	243.452750	0.005941	10.0
389	-0.534505	243.154523	0.006792	9.4
390	-1.197318	242.857268	0.009035	9.4
391	-0.734862	242.560980	0.007045	10.6
392	-0.492476	242.265654	0.009469	9.4
393	-1.220156	241.971285	0.009923	10.0
394	-1.305090	241.677868	0.009898	10.1
395	-1.212103	241.385397	0.008474	10.1
396	-1.185451	241.093869	0.009086	13.6
397	-0.672955	240.803278	0.007292	12.1
398	-0.717115	240.513619	0.008869	16.4
399	-1.046728	240.224887	0.007584	18.2
400	-1.148511	239.937077	0.007246	11.6
401	-1.395615	239.650186	0.010701	11.7
402	-1.321524	239.364207	0.008887	10.6
403	-0.142892	239.079136	0.003413	9.6
404	-0.432296	238.794969	0.004814	11.5
405	-0.317047	238.511701	0.006753	10.8
406	-0.610046	238.229327	0.006213	12.2
407	-1.222948	237.947843	0.009402	11.4
408	-1.030997	237.667244	0.009229	11.2
409	-0.864667	237.387526	0.008457	10.4
410	-0.005559	237.108684	0.000616	10.2
411	-1.095813	236.830714	0.007309	11.0
412	-0.451826	236.553610	0.005903	11.1
413	-1.394149	236.277370	0.010280	10.4
414	-0.184510	236.001989	0.005389	9.1
415	-0.942124	235.727461	0.007694	11.0
416	-0.950587	235.453784	0.009312	10.0
417	-1.253562	235.180952	0.008363	9.5
418	-1.344388	234.908962	0.011390	10.0
419	-1.125414	234.637809	0.007315	10.1
420	-0.370005	234.367488	0.008004	8.5
421	-1.067265	234.097997	0.009685	10.3
422	-0.757646	233.829331	0.005358	10.5
423	-0.420267	233.561485	0.007630	9.7
424	-1.137365	233.294456	0.008592	10.2
425	-1.012745	233.028239	0.010009	10.2
426	-0.907562	232.762831	0.006808	9.7
427	-0.946047	232.498228	0.009557	10.0
428	-0.046719	232.234425	0.000948	9.5
429	-0.717001	231.971419	0.006376	10.1
430	-0.795037	231.709205	0.007101	10.0
431	-0.652912	231.447781	0.007644	9.8
432	-0.302203	231.187141	0.004781	10.9
433	-0.000000	230.927283	0.000000	8.4
434	-0.976569	230.668202	0.010368	10.7
435	-1.138476	230.409895	0.010280	10.7
436	-1.202140	230.152358	0.008700	11.8
437	-0.989827	229.895587	0.008298	10.9
438	-0.652261	229.639578	0.006755	10.8
439	-0.740575	229.384329	0.005812	12.5
440	-0.877997	229.129834	0.007285	12.5
441	-0.128580	228.876091	0.002104	14.9
442	-1.213101	228.623096	0.008544	11.4
443	-0.958013	228.370846	0.007713	10.8
444	-1.034857	228.119336	0.010284	10.7
445	-0.778187	227.868563	0.008680	10.4
446	-1.104954	227.618525	0.009962	14.4
447	-1.064494	227.369216	0.006656	11.5
448	-0.847244	227.120635	0.008066	12.9
449	-0.108550	226.872777	0.005522	17.8
450	-0.679441	226.625638	0.007209	11.7
451	-0.473339	226.379217	0.005272	10.5
452	-1.026919	226.133509	0.009466	9.8
453	-0.488369	225.888510	0.007315	10.3
454	-1.232928	225.644218	0.008200	10.5
455	-0.990599	225.400630	0.008314	9.6
456	-0.970032	225.157741	0.008590	11.2
457	-1.079447	224.915549	0.009989	9.4
458	-0.164717	224.674051	0.004976	10.0
459	-1.109773	224.433242	0.008190	10.0
460	-0.743359	224.193121	0.005114	9.8
461	-1.183116	223.953684	0.009066	9.6
462	-0.881389	223.714927	0.005929	9.4
463	-0.581652	223.476848	0.009300	9.2
464	-1.221305	223.239444	0.008637	9.6
465	-1.200998	223.002710	0.007931	9.9
466	-1.074853	222.766645	0.008511	10.4
467	-1.277050	222.531245	0.009157	9.5
468	-1.225127	222.296508	0.008657	9.7
469	-1.146734	222.062429	0.007919	9.9
470	-1.344818	221.829007	0.008825	9.5
471	-0.692547	221.596238	0.006697	10.2
472	-1.312178	221.364119	0.010217	9.4
473	-1.025392	221.132647	0.009655	10.1
474	-1.140200	220.901820	0.008688	10.8
475	-0.433932	220.671634	0.007866	9.0
476	-0.959248	220.442086	0.008259	11.3
477	-1.068709	220.213174	0.008014	11.0
478	-0.841331	219.984895	0.007122	10.4
479	-1.027616	219.757246	0.008950	11.1
480	-0.941135	219.530224	0.007804	11.1
481	-0.518146	219.303826	0.005269	10.9
482	-1.070211	219.078050	0.008815	10.8
483	-0.011479	218.852893	0.000342	11.7
484	-1.173115	218.628352	0.008560	11.4
485	-0.402940	218.404424	0.004848	10.2
486	-0.627437	218.181106	0.005094	10.5
487	-0.562216	217.958397	0.008608	11.4
488	-1.099210	217.736292	0.008527	10.6
489	-1.267509	217.514790	0.007387	11.5
490	-1.278007	217.293888	0.008085	11.8
491	-1.077146	217.073584	0.007263	10.3
492	-0.508139	216.853873	0.005568	11.4
493	-0.600245	216.634755	0.007056	10.4
494	-0.909731	216.416227	0.009605	10.3
495	-0.529230	216.198285	0.006341	10.5
496	-1.164437	215.980927	0.008824	11.4
497	-1.232927	215.764151	0.008371	9.6
498	-0.672411	215.547955	0.006685	11.5
499	-1.297199	215.332335	0.010791	11.6
500	-0.924913	215.117289	0.007825	11.0
501	-1.229776	214.902815	0.009071	10.5
502	-0.492933	214.688911	0.006503	10.9
503	-1.240609	214.475573	0.008567	12.0
504	-0.962313	214.262800	0.007426	11.7
505	-0.668771	214.050588	0.006373	11.4
506	-0.685079	213.838936	0.006372	10.4
507	-1.177812	213.627842	0.009248	10.7
508	-0.997004	213.417302	0.007434	11.1
509	-1.095146	213.207314	0.008893	10.7
510	-1.281105	212.997877	0.009348	11.5
511	-0.690264	212.788987	0.006632	11.5
512	-0.893675	212.580642	0.007413	11.6
513	-0.347141	212.372841	0.008134	11.6
514	-1.065176	212.165581	0.008915	10.1
515	-1.047634	211.958859	0.007589	14.7
516	-0.875228	211.752673	0.006757	9.6
517	-1.181787	211.547021	0.009034	11.7
518	-0.242173	211.341902	0.005210	10.5
519	-0.282351	211.137311	0.005785	10.7
520	-0.759460	210.933248	0.006525	11.9
521	-1.172715	210.729710	0.008806	10.3
522	-0.442797	210.526695	0.005242	11.0
523	-0.914485	210.324200	0.007489	10.6
524	-1.228354	210.122224	0.009407	12.1
525	-1.078036	209.920765	0.008643	10.6
526	-1.145742	209.719820	0.009143	11.7
527	-1.032346	209.519387	0.008443	11.1
528	-0.846028	209.319463	0.008379	10.0
529	-1.324470	209.120048	0.009572	10.8
530	-0.790666	208.921139	0.007194	10.6
531	-0.994431	208.722733	0.009756	9.4
532	-1.218300	208.524829	0.008735	10.6
533	-0.961554	208.327425	0.006725	10.9
534	-0.800655	208.130518	0.008724	10.5
535	-1.282518	207.934107	0.010190	10.1
536	-0.549207	207.738189	0.005147	11.2
537	-0.020631	207.542762	0.000470	10.0
538	-1.188079	207.347825	0.009421	10.2
539	-0.948964	207.153376	0.008388	11.2
540	-0.822352	206.959412	0.008699	11.9
541	-1.291122	206.765932	0.008628	9.5
542	-1.023870	206.572933	0.006299	10.2
543	-1.018023	206.380414	0.008452	10.4
544	-0.074768	206.188373	0.003258	9.6
545	-1.199272	205.996807	0.008238	10.1
546	-0.954117	205.805716	0.010346	10.3
547	-0.852056	205.615096	0.007831	8.8
548	-0.243350	205.424946	0.006803	9.1
549	-1.022767	205.235265	0.008941	10.4
550	-1.103876	205.046050	0.009430	10.6
551	-1.220737	204.857299	0.008290	9.7
552	-1.209752	204.669011	0.009134	9.8
553	-0.523949	204.481184	0.004993	10.0
554	-1.147875	204.293816	0.007397	9.8
555	-1.085925	204.106905	0.009101	10.1
556	-1.313360	203.920449	0.009133	9.6
557	-1.221346	203.734447	0.008877	9.4
558	-0.608800	203.548896	0.004859	10.4
559	-1.144226	203.363795	0.008598	9.9
560	-1.001049	203.179143	0.006691	10.1
561	-0.840178	202.994937	0.006317	10.9
562	-1.019510	202.811176	0.008111	10.3
563	-0.815353	202.627857	0.007692	9.6
564	-0.750555	202.444980	0.006175	10.3
565	-1.336742	202.262543	0.009942	9.7
566	-0.608271	202.080543	0.007944	9.4
567	-1.240789	201.898979	0.009719	9.8
568	-1.197947	201.717849	0.008260	10.4
569	-1.065637	201.537153	0.007209	10.2
570	-0.932344	201.356887	0.007968	9.8
571	-0.679070	201.177050	0.007566	9.0
572	-0.009280	200.997642	0.000459	10.2
573	-1.293649	200.818659	0.009211	9.6
574	-0.767873	200.640100	0.006052	10.4
575	-0.938698	200.461965	0.007022	9.7
576	-0.445907	200.284250	0.007413	9.4
577	-0.840649	200.106955	0.007975	10.3
578	-1.382927	199.930078	0.009942	9.2
579	-0.695705	199.753617	0.007359	10.4
580	-0.606596	199.577571	0.007146	9.6
581	-0.668526	199.401938	0.006419	9.8
582	-1.059744	199.226717	0.006966	10.0
583	-1.178351	199.051905	0.009398	10.1
584	-0.896356	198.877502	0.008862	9.9
585	-0.356825	198.703506	0.005194	10.2
586	-1.160748	198.529916	0.008059	10.3
587	-1.138959	198.356729	0.009237	9.8
588	-0.858978	198.183944	0.007597	10.1
589	-1.139009	198.011560	0.010426	10.1
590	-0.602524	197.839576	0.010007	9.7
591	-0.454663	197.667989	0.005489	10.4
592	-0.245951	197.496798	0.005006	9.6
593	-1.037128	197.326002	0.007195	10.3
594	-0.177154	197.155600	0.003972	9.4
595	-1.158309	196.985589	0.011023	9.6
596	-0.873911	196.815969	0.007327	9.9
597	-1.156652	196.646738	0.009058	10.1
598	-1.264873	196.477894	0.012667	10.7
599	-0.881692	196.309436	0.008545	12.1
600	-0.810021	196.141363	0.009021	9.6
601	-0.923588	195.973673	0.008061	9.8
602	-0.781192	195.806365	0.006725	11.0
603	-0.429690	195.639437	0.004411	9.1
604	-1.002167	195.472888	0.009190	11.3
605	-1.051444	195.306717	0.006740	10.7
606	-0.528345	195.140922	0.007675	10.2
607	-0.309160	194.975501	0.005428	12.1
608	-0.520080	194.810454	0.006642	9.9
609	-1.139280	194.645779	0.008155	9.8
610	-0.728860	194.481475	0.007806	9.9
611	-0.804301	194.317540	0.009813	10.4
612	-1.158205	194.153973	0.007935	10.7
613	-0.587031	193.990773	0.006255	10.6
614	-0.557710	193.827938	0.004898	10.5
615	-0.937524	193.665467	0.006921	10.8
616	-0.457854	193.503358	0.007073	10.3
617	-1.346301	193.341611	0.010054	10.5
618	-0.285040	193.180224	0.005844	10.2
619	-0.525376	193.019196	0.005783	10.5
620	-1.298858	192.858525	0.008719	10.5
621	-1.157062	192.698210	0.009895	9.6
622	-1.342821	192.538251	0.009370	9.8
623	-0.445681	192.378644	0.008521	10.2
624	-0.797160	192.219391	0.007329	9.6
625	-1.421647	192.060488	0.009725	10.5
626	-1.123096	191.901935	0.006505	10.4
627	-1.127481	191.743730	0.008142	10.2
628	-0.580388	191.585873	0.009766	10.4
629	-1.282498	191.428362	0.008938	9.9
630	-0.832888	191.271196	0.007722	9.6
631	-0.474218	191.114374	0.006284	10.0
632	-0.733661	190.957893	0.005931	9.7
633	-1.318933	190.801755	0.010585	10.1
634	-0.527417	190.645956	0.005994	9.4
635	-1.175940	190.490495	0.007689	9.0
636	-0.489526	190.335373	0.005964	10.4
637	-1.172687	190.180587	0.007861	9.3
638	-1.047308	190.026136	0.009770	11.0
639	-0.628471	189.872019	0.008720	10.7
640	-0.337871	189.718235	0.008434	9.8
641	-1.121890	189.564782	0.008202	10.8
642	-1.084968	189.411661	0.008114	10.7
643	-1.047287	189.258868	0.007974	10.0
644	-1.109120	189.106404	0.008117	10.2
645	-1.134100	188.954267	0.008227	9.9
646	-0.774087	188.802456	0.009024	9.8
647	-1.175239	188.650969	0.008724	10.4
648	-1.366291	188.499807	0.010501	10.1
649	-0.506891	188.348967	0.006154	10.3
650	-1.081267	188.198448	0.010120	10.6
651	-0.415354	188.048250	0.004527	11.3
652	-0.256223	187.898371	0.003801	10.7
653	-1.075363	187.748810	0.007768	10.2
654	-1.119600	187.599566	0.009214	10.1
655	-1.055354	187.450638	0.008461	10.6
656	-0.486357	187.302025	0.006450	10.0
657	-0.550492	187.153725	0.006190	10.6
658	-1.276601	187.005739	0.008978	10.6
659	-0.995180	186.858064	0.009992	10.4
660	-0.765508	186.710699	0.006681	10.9
661	-0.706609	186.563645	0.008014	10.2
662	-0.007414	186.416898	0.001788	10.7
663	-0.005849	186.270459	0.000128	11.2
664	-1.097773	186.124326	0.009049	9.9
665	-1.106184	185.978499	0.009103	10.7
666	-0.553715	185.832976	0.004508	10.0
667	-1.232579	185.687756	0.009395	10.6
668	-1.098635	185.542838	0.008999	10.7
669	-1.109836	185.398222	0.008348	10.9
670	-1.051291	185.253906	0.006396	10.3
671	-1.201599	185.109889	0.009190	10.5
672	-1.210818	184.966170	0.007715	10.7
673	-0.522834	184.822748	0.005981	9.6
674	-1.049724	184.679623	0.007885	11.0
675	-0.906518	184.536792	0.007274	10.0
676	-0.966697	184.394256	0.008050	9.9
677	-0.993359	184.252013	0.008628	10.1
678	-0.169054	184.110062	0.004459	10.2
679	-1.113335	183.968403	0.010193	10.0
680	-1.229472	183.827034	0.009418	9.2
681	-1.025852	183.685954	0.008593	9.7
682	-1.096036	183.545163	0.008008	11.1
683	-0.590096	183.404658	0.005667	11.2
684	-0.577765	183.264441	0.006978	11.4
685	-0.994151	183.124509	0.009452	10.8
686	-1.058670	182.984861	0.011062	11.0
687	-0.746651	182.845497	0.007415	11.6
688	-0.525868	182.706416	0.005053	11.0
689	-0.514452	182.567616	0.007154	10.3
690	-0.741018	182.429098	0.007104	10.0
691	-0.515009	182.290859	0.004834	10.3
692	-0.986521	182.152899	0.008407	10.0
693	-0.890115	182.015217	0.006683	10.1
694	-1.140039	181.877813	0.008381	8.7
695	-0.030231	181.740684	0.002963	10.1
696	-1.026709	181.603832	0.009380	9.7
697	-0.391326	181.467253	0.004276	10.3
698	-0.779381	181.330948	0.008328	9.5
699	-1.106149	181.194916	0.008719	9.3
700	-0.848572	181.059155	0.006175	10.8
701	-0.300253	180.923666	0.004029	10.0
702	-1.109829	180.788446	0.006280	9.7
703	-0.958242	180.653496	0.008371	10.9
704	-1.397170	180.518814	0.010482	9.9
705	-0.723079	180.384399	0.006518	10.3
706	-0.423629	180.250251	0.009990	8.7
707	-1.050966	180.116369	0.010170	8.6
708	-0.368337	179.982752	0.003928	10.0
709	-1.220493	179.849398	0.009804	10.0
710	-1.173518	179.716308	0.009422	9.8
711	-0.845737	179.583480	0.008252	9.8
712	-1.363111	179.450913	0.011188	9.6
713	-0.781190	179.318607	0.006743	9.8
714	-1.114415	179.186561	0.010439	9.7
715	-1.285418	179.054774	0.009993	9.1
716	-0.637935	178.923245	0.006566	10.1
717	-1.189662	178.791973	0.009401	9.7
718	-1.222492	178.660958	0.008175	9.7
719	-0.918279	178.530199	0.010042	10.2
720	-1.096408	178.399694	0.008641	9.8
721	-1.149362	178.269444	0.007339	10.3
722	-1.211767	178.139447	0.010948	10.3
723	-0.600640	178.009702	0.005734	10.0
724	-1.034115	177.880209	0.008287	9.8
725	-0.905844	177.750967	0.008290	9.8
726	-1.052918	177.621975	0.009162	9.6
727	-1.123432	177.493232	0.009217	10.2
728	-1.266862	177.364738	0.010777	9.5
729	-1.357763	177.236492	0.010471	9.4
730	-0.922765	177.108492	0.008413	9.9
731	-0.960504	176.980739	0.008540	9.9
732	-1.223136	176.853231	0.007740	10.8
733	-1.006793	176.725968	0.009185	9.7
734	-0.958339	176.598949	0.009566	10.5
735	-0.766739	176.472173	0.006767	10.2
736	-0.640144	176.345639	0.005714	9.7
737	-0.719094	176.219348	0.010188	9.8
738	-1.138801	176.093296	0.007263	11.4
739	-0.901509	175.967486	0.009471	9.6
740	-1.266628	175.841914	0.009023	10.5
741	-1.157743	175.716581	0.006682	10.1
742	-0.418051	175.591486	0.005154	10.4
743	-0.956511	175.466629	0.010107	10.8
744	-1.198113	175.342008	0.009596	10.5
745	-1.029667	175.217622	0.007724	10.7
746	-0.785496	175.093472	0.006426	10.6
747	-1.144982	174.969556	0.007720	10.1
748	-1.451001	174.845873	0.012814	10.6
749	-1.186658	174.722423	0.010982	10.5
750	-1.261939	174.599206	0.009525	10.4
751	-1.260260	174.476220	0.008439	10.6
752	-0.588412	174.353464	0.004875	10.5
753	-1.259754	174.230939	0.009210	9.8
754	-1.159358	174.108643	0.008859	10.3
755	-1.255618	173.986576	0.009775	10.2
756	-1.292051	173.864737	0.009170	10.3
757	-0.481405	173.743124	0.007384	10.3
758	-1.026759	173.621739	0.010139	10.9
759	-0.618454	173.500579	0.007177	10.0
760	-0.745334	173.379645	0.006375	10.1
761	-0.440456	173.258935	0.004761	12.2
762	-0.677244	173.138449	0.006631	10.5
763	-0.710258	173.018186	0.009354	10.2
764	-0.977191	172.898146	0.008487	13.1
765	-0.540905	172.778327	0.007196	12.8
766	-1.324317	172.658730	0.011033	13.7
767	-0.379270	172.539353	0.008757	9.9
768	-0.767205	172.420196	0.006930	10.5
769	-0.036143	172.301258	0.002173	9.9
770	-1.153151	172.182539	0.009042	9.6
771	-0.803251	172.064037	0.006300	11.3
772	-1.114500	171.945753	0.007969	8.5
773	-0.235731	171.827686	0.003733	9.9
774	-1.092258	171.709834	0.010129	10.4
775	-0.105819	171.592198	0.003551	9.0
776	-1.255019	171.474776	0.009541	10.1
777	-1.016287	171.357568	0.009338	9.6
778	-0.892259	171.240574	0.008069	9.7
779	-0.778884	171.123793	0.007178	10.0
780	-1.210796	171.007223	0.011317	9.6
781	-1.229797	170.890865	0.012763	10.6
782	-0.426456	170.774718	0.006499	10.3
783	-1.253804	170.658782	0.008512	9.5
784	-1.062460	170.543055	0.010691	9.7
785	-1.273338	170.427537	0.008381	10.0
786	-0.360740	170.312227	0.005193	9.2
787	-1.017803	170.197125	0.007962	10.1
788	-0.813341	170.082231	0.008687	10.6
789	-1.266915	169.967543	0.009813	9.5
790	-1.349051	169.853061	0.010631	10.3
791	-1.195558	169.738784	0.009666	10.3
792	-1.234604	169.624713	0.010062	9.6
793	-0.937510	169.510845	0.008216	9.9
794	-1.197522	169.397181	0.009427	10.1
795	-0.481697	169.283720	0.006430	9.3
796	-0.918220	169.170462	0.006759	10.1
797	-0.869534	169.057405	0.009854	10.2
798	-1.106790	168.944549	0.009894	10.0
799	-0.108705	168.831895	0.005074	7.5
800	-1.280991	168.719440	0.010345	10.4
801	-0.833854	168.607185	0.007896	10.0
802	-0.576102	168.495129	0.006695	9.5
803	-0.943862	168.383271	0.007908	10.3
804	-0.153007	168.271611	0.002671	8.4
805	-1.257674	168.160148	0.008148	10.2
806	-1.216543	168.048882	0.008769	9.8
807	-1.077880	167.937812	0.010710	9.9
808	-1.165145	167.826938	0.009265	10.2
809	-1.227147	167.716258	0.009125	9.6
810	-0.627989	167.605773	0.006839	9.4
811	-1.428723	167.495482	0.010924	10.0
812	-0.948266	167.385384	0.007496	9.4
813	-0.739813	167.275479	0.008226	10.1
814	-1.231796	167.165766	0.009264	9.5
815	-1.235084	167.056245	0.007693	10.0
816	-0.199284	166.946915	0.003326	10.3
817	-0.292820	166.837776	0.005176	10.3
818	-0.894029	166.728826	0.007957	9.7
819	-0.647003	166.620067	0.006501	10.5
820	-1.345773	166.511496	0.010435	9.6
821	-0.548863	166.403113	0.005239	9.1
822	-0.807288	166.294919	0.007905	9.5
823	-0.610421	166.186912	0.005484	9.6
824	-0.919719	166.079091	0.008375	10.1
825	-0.901983	165.971458	0.006545	9.8
826	-0.864099	165.864009	0.008882	9.8
827	-0.950126	165.756747	0.010863	9.9
828	-1.344122	165.649669	0.011063	9.1
829	-0.396343	165.542775	0.006121	9.4
830	-0.115932	165.436065	0.001741	10.2
831	-0.913094	165.329538	0.007787	10.2
832	-1.184107	165.223194	0.008300	10.1
833	-0.453637	165.117032	0.008043	9.8
834	-1.113051	165.011052	0.009212	9.8
835	-1.072542	164.905253	0.007187	9.6
836	-0.104043	164.799635	0.002195	10.3
837	-0.793596	164.694197	0.006182	10.6
838	-0.873133	164.588939	0.007458	10.0
839	-1.290048	164.483859	0.009152	10.5
840	-0.500849	164.378959	0.005903	10.4
841	-1.067623	164.274237	0.008048	10.4
842	-1.236917	164.169692	0.007838	10.1
843	-1.204281	164.065325	0.008831	10.6
844	-1.260104	163.961135	0.009717	9.6
845	-1.203993	163.857120	0.009172	9.9
846	-1.212817	163.753282	0.008639	10.2
847	-1.194372	163.649619	0.007650	9.6
848	-0.499111	163.546130	0.005356	10.3
849	-1.077452	163.442816	0.007930	9.5
850	-1.137428	163.339676	0.008303	9.7
851	-1.129181	163.236709	0.007517	9.8
852	-0.700435	163.133915	0.006793	10.4
853	-0.406950	163.031294	0.006011	10.6
854	-1.263657	162.928844	0.008455	10.5
855	-1.204784	162.826566	0.008639	9.9
856	-0.054497	162.724459	0.003783	10.3
857	-0.000000	162.622523	0.000000	10.8
858	-1.295739	162.520757	0.010734	11.1
859	-0.806057	162.419160	0.008715	10.3
860	-1.170220	162.317733	0.009985	11.1
861	-1.384989	162.216474	0.010337	10.6
862	-1.184497	162.115383	0.007135	10.7
863	-1.053421	162.014461	0.008776	10.2
864	-0.435535	161.913705	0.006784	9.5
865	-1.246933	161.813117	0.008978	10.1
866	-1.021358	161.712695	0.009799	10.5
867	-1.113681	161.612439	0.007387	9.8
868	-1.484415	161.512349	0.010834	10.5
869	-1.199370	161.412424	0.009218	10.6
870	-0.825902	161.312663	0.007991	10.7
871	-0.676777	161.213067	0.009190	9.9
872	-0.936235	161.113635	0.007391	10.0
873	-1.188272	161.014366	0.009883	9.8
874	-1.212575	160.915260	0.008096	10.4
875	-0.000000	160.816316	0.000000	10.7
876	-1.000304	160.717535	0.006675	10.6
877	-1.209476	160.618915	0.008942	10.3
878	-0.551082	160.520456	0.005627	10.2
879	-1.004768	160.422158	0.008131	11.8
880	-1.208067	160.324021	0.009143	10.8
881	-1.042070	160.226043	0.006862	10.4
882	-0.700938	160.128225	0.006506	10.4
883	-0.243030	160.030566	0.005009	13.0
884	-0.876755	159.933066	0.006370	10.4
885	-0.868368	159.835723	0.006806	10.0
886	-0.240942	159.738539	0.004186	10.4
887	-1.120224	159.641512	0.007647	11.4
888	-1.276378	159.544642	0.008373	10.2
889	-1.233057	159.447929	0.008281	10.0
890	-1.133378	159.351372	0.009723	10.8
891	-0.656496	159.254971	0.007510	11.1
892	-0.297355	159.158725	0.007661	9.6
893	-0.550789	159.062634	0.005022	9.1
894	-1.330250	158.966697	0.007352	9.6
895	-0.615902	158.870915	0.008084	10.1
896	-0.625294	158.775286	0.005627	8.8
897	-1.266974	158.679811	0.009701	10.5
898	-0.254312	158.584489	0.003863	11.6
899	-1.170989	158.489319	0.008806	9.7
900	-1.194032	158.394302	0.008512	9.6
901	-0.921550	158.299436	0.007128	10.1
902	-0.999524	158.204721	0.008174	9.4
903	-1.226283	158.110158	0.007978	10.0
904	-1.197128	158.015745	0.011840	9.8
905	-1.151929	157.921482	0.009254	9.4
906	-0.536835	157.827369	0.008521	10.4
907	-1.252592	157.733406	0.008417	10.8
908	-0.404152	157.639591	0.004150	10.3
909	-1.065843	157.545925	0.008356	10.8
910	-0.890951	157.452408	0.007373	14.4
911	-1.092456	157.359038	0.008389	14.3
912	-0.638787	157.265816	0.006310	10.1
913	-1.438374	157.172741	0.009557	11.4
914	-0.942709	157.079813	0.008716	10.2
915	-0.709685	156.987031	0.006098	15.4
916	-1.100683	156.894395	0.008844	12.3
917	-0.923267	156.801904	0.008456	9.9
918	-0.772071	156.709559	0.007244	9.8
919	-0.207892	156.617359	0.003508	11.6
920	-0.193310	156.525304	0.005162	10.8
921	-1.462367	156.433392	0.010464	10.1
922	-1.196358	156.341624	0.008853	9.8
923	-0.584168	156.250000	0.006656	9.8
924	-1.065959	156.158519	0.007550	9.6
925	-0.867580	156.067180	0.008665	9.9
926	-1.198091	155.975984	0.008700	10.1
927	-0.508632	155.884930	0.005907	8.8
928	-1.273899	155.794017	0.010561	9.7
929	-0.582900	155.703246	0.005176	9.7
930	-1.352451	155.612615	0.008325	10.1
931	-1.072023	155.522125	0.008217	10.2
932	-0.964475	155.431775	0.006105	9.7
933	-1.047769	155.341565	0.008408	9.9
934	-1.258644	155.251495	0.009503	10.1
935	-1.151993	155.161563	0.008295	9.9
936	-1.115913	155.071771	0.007459	9.6
937	-1.228225	154.982117	0.011051	13.1
938	-1.277133	154.892601	0.009099	14.3
939	-1.352864	154.803222	0.008143	14.7
940	-0.933261	154.713981	0.008740	12.3
941	-0.967724	154.624878	0.010663	10.1
942	-1.328546	154.535910	0.010706	9.9
943	-1.159108	154.447080	0.009180	9.7
944	-0.792507	154.358385	0.010451	10.3
945	-1.211115	154.269826	0.008420	9.7
946	-0.993510	154.181402	0.008157	9.7
947	-0.656522	154.093114	0.006321	9.4
948	-0.108707	154.004960	0.003314	10.9
949	-1.001906	153.916940	0.008166	10.5
950	-0.011946	153.829054	0.000196	10.4
951	-0.000000	153.741303	0.000000	8.5
952	-0.832511	153.653684	0.006836	10.3
953	-1.342027	153.566198	0.009395	9.8
954	-0.244035	153.478846	0.005779	10.1
955	-1.128406	153.391625	0.008504	10.8
956	-0.859095	153.304537	0.006868	10.6
957	-1.191947	153.217580	0.008264	10.2
958	-0.194427	153.130755	0.004208	10.3
959	-1.274897	153.044061	0.008374	10.7
960	-0.316709	152.957498	0.006447	9.4
961	-1.451339	152.871065	0.010687	10.7
962	-0.256819	152.784762	0.004004	10.6
963	-1.275696	152.698589	0.009263	10.3
964	-1.266411	152.612545	0.008479	11.4
965	-1.188764	152.526631	0.009693	10.3
966	-1.338668	152.440845	0.009702	10.2
967	-0.622322	152.355188	0.006766	11.7
968	-1.041640	152.269660	0.009149	10.4
969	-1.100158	152.184259	0.008786	10.5
970	-0.988289	152.098986	0.007178	10.4
971	-0.446921	152.013840	0.005179	10.7
972	-0.704594	151.928821	0.006311	10.5
973	-0.527062	151.843928	0.005927	10.4
974	-1.104424	151.759163	0.008395	10.4
975	-0.845756	151.674523	0.006838	10.7
976	-1.121701	151.590009	0.008224	10.4
977	-1.046854	151.505620	0.008045	10.4
978	-1.116101	151.421357	0.007443	9.9
979	-1.223902	151.337218	0.008379	10.0
980	-1.090413	151.253204	0.007548	10.0
981	-0.474227	151.169314	0.003972	9.6
982	-0.550060	151.085549	0.005554	10.9
983	-0.902499	151.001907	0.011406	10.5
984	-1.340168	150.918388	0.010517	9.5
985	-1.027715	150.834992	0.008844	10.1
986	-0.491085	150.751719	0.006370	8.7
987	-1.072268	150.668569	0.008733	9.8
988	-0.705845	150.585541	0.007829	10.3
989	-1.241508	150.502634	0.009639	9.5
990	-1.049194	150.419849	0.009705	10.4
991	-1.006097	150.337186	0.008669	10.1
992	-0.894931	150.254644	0.005677	11.8
993	-1.233626	150.172222	0.008975	10.5
994	-1.059826	150.089921	0.007796	10.9
995	-0.965761	150.007740	0.007911	9.5
996	-1.242098	149.925679	0.009683	10.5
997	-1.290954	149.843737	0.009722	10.3
998	-0.906729	149.761915	0.011250	10.3
999	-1.097156	149.680212	0.007731	9.4
1000	-1.133078	149.598627	0.009178	9.8
1001	-1.067600	149.517161	0.007977	10.0
1002	-0.273091	149.435814	0.007742	8.9
1003	-1.023807	149.354584	0.008234	9.8
1004	-0.797338	149.273472	0.009931	10.0
1005	-1.213401	149.192477	0.007985	10.0
1006	-1.293365	149.111599	0.008929	10.3
1007	-1.493544	149.030838	0.012504	9.7
1008	-1.268602	148.950194	0.009051	9.7
1009	-1.351109	148.869666	0.010086	9.7
1010	-1.288339	148.789253	0.008326	10.1
1011	-1.357346	148.708957	0.010779	9.5
1012	-1.209748	148.628776	0.009306	10.3
1013	-1.147673	148.548710	0.008611	10.6
1014	-0.811004	148.468759	0.007663	10.3
1015	-1.237194	148.388923	0.008791	10.5
1016	-0.058893	148.309201	0.004760	10.1
1017	-1.019030	148.229594	0.008599	10.5
1018	-1.289861	148.150100	0.009651	10.2
1019	-0.400406	148.070719	0.004086	9.4
1020	-1.289201	147.991452	0.009119	10.2
1021	-0.709359	147.912298	0.007783	9.8
1022	-0.737018	147.833257	0.007836	10.1
1023	-1.346487	147.754329	0.010959	10.5
1024	-0.277512	147.675512	0.004202	10.1
1025	-0.598506	147.596808	0.006824	10.4
1026	-1.028603	147.518216	0.009639	10.6
1027	-1.125884	147.439735	0.009394	9.6
1028	-1.147230	147.361365	0.007943	10.3
1029	-1.217660	147.283106	0.010247	10.0
1030	-1.231894	147.204958	0.009198	10.0
1031	-0.213309	147.126920	0.004363	9.3
1032	-0.519484	147.048993	0.006703	9.7
1033	-0.752874	146.971175	0.008387	9.7
1034	-1.241077	146.893468	0.007313	9.9
1035	-0.794257	146.815869	0.007344	10.7
1036	-0.722743	146.738380	0.007265	10.2
1037	-1.102215	146.661000	0.008539	10.9
1038	-1.034553	146.583729	0.008638	9.8
1039	-1.232177	146.506566	0.008943	9.7
1040	-0.381826	146.429511	0.006957	10.7
1041	-1.052356	146.352565	0.008867	10.3
1042	-1.074279	146.275726	0.009633	10.5
1043	-0.999962	146.198994	0.007235	10.3
1044	-1.070719	146.122370	0.009734	8.5
1045	-0.228594	146.045853	0.003939	10.9
1046	-1.188574	145.969442	0.007385	11.0
1047	-0.736811	145.893139	0.008688	9.7
1048	-0.611593	145.816941	0.009040	10.7
1049	-1.325259	145.740849	0.011842	10.6
1050	-0.782203	145.664863	0.009196	10.4
1051	-0.566808	145.588983	0.004848	10.2
1052	-0.578620	145.513208	0.006379	10.6
1053	-1.232662	145.437538	0.008691	10.4
1054	-0.407797	145.361973	0.005216	10.6
1055	-0.253342	145.286513	0.004626	9.8
1056	-0.823923	145.211157	0.009799	9.5
1057	-1.244313	145.135905	0.011323	9.6
1058	-0.883385	145.060757	0.007751	9.7
1059	-0.925401	144.985712	0.007620	9.9
1060	-1.108364	144.910771	0.008589	9.9
1061	-0.968545	144.835934	0.007809	9.3
1062	-0.662394	144.761199	0.007010	9.8
1063	-1.373202	144.686567	0.009225	9.9
1064	-1.117332	144.612037	0.009444	10.0
1065	-1.340392	144.537610	0.010656	10.3
1066	-1.097294	144.463285	0.009115	9.4
1067	-1.317112	144.389062	0.008095	9.9
1068	-1.012930	144.314940	0.009497	10.0
1069	-1.117247	144.240920	0.008806	9.6
1070	-1.288725	144.167001	0.008563	9.4
1071	-1.139717	144.093182	0.008296	9.7
1072	-0.533101	144.019465	0.006678	9.9
1073	-1.182057	143.945848	0.008864	9.3
1074	-0.393338	143.872331	0.005285	8.9
1075	-0.740776	143.798914	0.009771	10.0
1076	-1.136446	143.725597	0.009081	10.0
1077	-1.252401	143.652380	0.009964	9.7
1078	-0.047370	143.579262	0.002009	9.7
1079	-0.991355	143.506243	0.009537	9.6
1080	-1.364187	143.433323	0.012839	10.3
1081	-0.815853	143.360502	0.006114	10.2
1082	-1.160286	143.287780	0.007898	9.7
1083	-0.736023	143.215155	0.007324	10.0
1084	-1.391934	143.142629	0.010027	9.6
1085	-1.374977	143.070201	0.009748	9.6
1086	-0.831942	142.997870	0.008627	10.1
1087	-0.396834	142.925637	0.005489	8.0
1088	-1.192146	142.853501	0.010052	9.7
1089	-0.857486	142.781462	0.007295	9.9
1090	-0.547432	142.709519	0.005903	9.7
1091	-0.669001	142.637674	0.007900	11.0
1092	-0.682817	142.565924	0.006488	9.7
1093	-1.169110	142.494271	0.008590	10.2
1094	-0.260713	142.422714	0.005214	10.1
1095	-1.268337	142.351252	0.008527	10.1
1096	-0.534763	142.279886	0.005240	8.0
1097	-0.956119	142.208616	0.007776	9.4
1098	-0.891609	142.137440	0.008445	9.4
1099	-0.965457	142.066360	0.006552	9.2
1100	-0.789055	141.995374	0.006424	9.2
1101	-0.750992	141.924483	0.007188	10.4
1102	-1.318606	141.853685	0.007761	10.0
1103	-1.263066	141.782983	0.007413	10.2
1104	-1.163876	141.712373	0.007501	9.4
1105	-0.399181	141.641858	0.005921	10.2
1106	-1.071020	141.571436	0.010223	10.1
1107	-0.648351	141.501108	0.007795	10.1
1108	-0.656821	141.430872	0.007690	9.7
1109	-0.324340	141.360730	0.006070	8.7
1110	-0.538005	141.290680	0.005408	10.4
1111	-0.980982	141.220722	0.008609	9.9
1112	-1.143699	141.150857	0.009235	9.5
1113	-1.218622	141.081084	0.009064	9.2
1114	-1.015019	141.011403	0.008366	9.5
1115	-0.626917	140.941813	0.008863	10.0
1116	-0.468618	140.872315	0.005367	9.8
1117	-1.009336	140.802909	0.008049	10.3
1118	-0.741404	140.733593	0.005832	11.7
1119	-1.308432	140.664369	0.008311	9.7
1120	-1.259937	140.595235	0.008752	10.1
1121	-0.686745	140.526192	0.007405	10.2
1122	-1.181292	140.457239	0.007825	11.5
1123	-0.366521	140.388376	0.005204	9.6
1124	-0.258014	140.319603	0.003006	9.5
1125	-0.951822	140.250920	0.007548	10.9
1126	-0.858747	140.182326	0.008413	10.1
1127	-0.806769	140.113822	0.008199	9.4
1128	-0.549394	140.045407	0.009509	10.1
1129	-0.937396	139.977081	0.009262	9.8
1130	-0.488055	139.908844	0.007983	9.9
1131	-1.176437	139.840696	0.008208	9.7
1132	-0.350724	139.772635	0.003643	9.1
1133	-0.449887	139.704664	0.005781	9.5
1134	-1.228837	139.636780	0.008505	9.2
1135	-1.167838	139.568984	0.007961	10.0
1136	-0.694396	139.501276	0.006565	10.0
1137	-1.142827	139.433655	0.011594	9.6
1138	-0.769270	139.366122	0.006174	11.6
1139	-0.738831	139.298676	0.007117	10.6
1140	-1.305818	139.231317	0.009748	10.1
1141	-1.172261	139.164045	0.008957	11.1
1142	-1.091495	139.096859	0.010846	9.7
1143	-0.503129	139.029760	0.005612	9.6
1144	-1.046141	138.962747	0.007973	9.7
1145	-1.264173	138.895820	0.009361	10.0
1146	-0.934146	138.828978	0.008099	10.1
1147	-0.439931	138.762223	0.005959	10.2
1148	-0.323794	138.695553	0.003932	9.7
1149	-0.584108	138.628969	0.005407	9.3
1150	-1.008424	138.562469	0.008945	9.8
1151	-1.042132	138.496055	0.006841	9.4
1152	-1.106798	138.429725	0.008751	9.4
1153	-1.082205	138.363481	0.007600	9.0
1154	-1.262767	138.297320	0.009571	10.4
1155	-1.376150	138.231244	0.010147	10.2
1156	-1.097739	138.165252	0.008334	9.2
1157	-1.254924	138.099344	0.010564	9.6
1158	-1.000074	138.033520	0.009228	10.0
1159	-1.252719	137.967779	0.010781	9.9
1160	-1.144382	137.902122	0.009439	9.5
1161	-0.409677	137.836548	0.006467	9.6
1162	-1.499844	137.771057	0.011348	9.8
1163	-0.980389	137.705649	0.009633	9.9
1164	-1.043243	137.640324	0.009122	9.4
1165	-1.249119	137.575081	0.008855	9.4
1166	-0.929691	137.509921	0.007684	9.5
1167	-0.440676	137.444842	0.008577	9.9
1168	-1.216244	137.379846	0.008935	10.1
1169	-1.021438	137.314932	0.009243	9.3
1170	-1.021142	137.250100	0.009750	10.5
1171	-0.915463	137.185349	0.008014	10.1
1172	-0.881421	137.120680	0.007236	11.0
1173	-0.643283	137.056092	0.008678	10.6
1174	-0.759606	136.991585	0.007315	10.3
1175	-0.457107	136.927158	0.004717	10.4
1176	-1.039718	136.862813	0.007749	10.8
1177	-1.349885	136.798548	0.008156	10.2
1178	-1.129066	136.734363	0.008353	9.9
1179	-1.155263	136.670259	0.007113	9.9
1180	-1.191304	136.606235	0.008613	9.6
1181	-1.295082	136.542291	0.009659	9.5
1182	-1.017002	136.478426	0.007739	9.5
1183	-1.244797	136.414641	0.008080	9.4
1184	-1.204411	136.350936	0.010407	9.6
1185	-1.311549	136.287310	0.008438	10.1
1186	-1.033381	136.223763	0.010420	10.2
1187	-0.900393	136.160295	0.009743	10.8
1188	-1.049957	136.096905	0.007591	10.3
1189	-1.179280	136.033594	0.008510	10.1
1190	-0.917165	135.970362	0.007423	10.2
1191	-1.216984	135.907208	0.010657	10.3
1192	-1.230063	135.844133	0.009440	10.3
1193	-1.074349	135.781135	0.007062	10.5
1194	-1.360741	135.718215	0.008680	9.5
1195	-1.145391	135.655373	0.009427	10.0
1196	-1.013316	135.592608	0.007203	10.2
1197	-1.127637	135.529921	0.008312	10.3
1198	-0.089560	135.467311	0.005146	10.0
1199	-1.221276	135.404778	0.007465	9.8
1200	-1.238583	135.342322	0.008496	10.0
1201	-0.658922	135.279942	0.005744	10.2
1202	-0.362846	135.217640	0.005100	9.5
1203	-0.440718	135.155413	0.005391	9.4
1204	-0.978005	135.093263	0.009908	9.4
1205	-0.102574	135.031190	0.003113	9.6
1206	-1.265368	134.969192	0.008800	10.4
1207	-1.442928	134.907270	0.009890	10.2
1208	-0.891874	134.845424	0.008200	10.0
1209	-0.891125	134.783653	0.007096	10.1
1210	-1.484047	134.721958	0.009390	9.6
1211	-0.595234	134.660338	0.007228	9.7
1212	-1.427436	134.598793	0.010180	10.2
1213	-1.174681	134.537323	0.008613	9.4
1214	-1.030124	134.475927	0.007758	10.2
1215	-1.202814	134.414607	0.009600	9.8
1216	-1.394412	134.353361	0.010843	9.5
1217	-0.627241	134.292189	0.005226	10.0
1218	-1.226616	134.231092	0.009111	9.2
1219	-1.196633	134.170068	0.010390	9.6
1220	-1.259062	134.109119	0.009303	9.4
1221	-1.195884	134.048243	0.008576	9.6
1222	-1.142375	133.987441	0.008019	10.2
1223	-1.270840	133.926713	0.008122	9.5
1224	-1.169981	133.866057	0.008535	9.6
1225	-0.343329	133.805475	0.004035	10.2
1226	-0.519019	133.744966	0.006261	9.1
1227	-0.012273	133.684530	0.000373	10.0
1228	-0.791511	133.624167	0.006415	9.8
1229	-0.879646	133.563877	0.006704	10.2
1230	-1.249556	133.503658	0.009050	9.9
1231	-0.543319	133.443513	0.006691	9.6
1232	-1.363262	133.383439	0.010077	9.7
1233	-0.896893	133.323437	0.007861	9.7
1234	-1.347145	133.263508	0.010275	9.1
1235	-0.373213	133.203650	0.005182	9.6
1236	-0.962995	133.143864	0.007602	9.3
1237	-1.398918	133.084149	0.009556	9.7
1238	-0.506879	133.024506	0.006793	9.9
1239	-1.246720	132.964934	0.011854	9.7
1240	-1.436943	132.905433	0.010501	9.9
1241	-1.355642	132.846003	0.010377	9.6
1242	-1.016599	132.786643	0.008703	9.4
1243	-1.248966	132.727355	0.008840	9.9
1244	-0.328700	132.668137	0.003756	9.1
1245	-1.169824	132.608989	0.006673	10.4
1246	-1.041536	132.549912	0.008224	9.4
1247	-0.896617	132.490904	0.009001	10.1
1248	-1.341774	132.431967	0.009752	10.1
1249	-1.193293	132.373100	0.007870	9.6
1250	-1.293017	132.314302	0.009724	9.7
1251	-0.403045	132.255574	0.003715	10.8
1252	-0.260588	132.196916	0.005548	10.2
1253	-1.295977	132.138326	0.008740	10.6
1254	-1.110169	132.079806	0.008085	10.1
1255	-0.627771	132.021355	0.007783	8.8
1256	-0.306097	131.962973	0.004221	10.1
1257	-0.709195	131.904660	0.007345	9.5
1258	-0.886719	131.846415	0.009495	8.2
1259	-1.269269	131.788239	0.007028	9.6
1260	-0.668142	131.730131	0.006274	9.3
1261	-0.702265	131.672092	0.005593	10.3
1262	-1.230457	131.614121	0.009960	9.7
1263	-0.731668	131.556217	0.006424	9.8
1264	-0.815193	131.498382	0.009634	9.9
1265	-0.528229	131.440614	0.006203	9.5
1266	-1.334979	131.382914	0.009940	10.3
1267	-0.348291	131.325282	0.004171	10.3
1268	-0.626442	131.267717	0.006897	9.6
1269	-0.805793	131.210219	0.008058	10.1
1270	-1.222824	131.152788	0.009922	10.3
1271	-1.100128	131.095424	0.006293	10.4
1272	-1.253286	131.038127	0.009027	9.8
1273	-0.249015	130.980897	0.003690	8.6
1274	-1.042565	130.923733	0.008073	8.9
1275	-1.158348	130.866636	0.009697	9.7
1276	-0.660599	130.809605	0.006667	10.1
1277	-0.730130	130.752641	0.008315	10.0
1278	-1.209538	130.695742	0.009477	9.5
1279	-0.206768	130.638910	0.005366	9.9
1280	-0.971097	130.582143	0.008292	10.0
1281	-1.024002	130.525442	0.007369	10.0
1282	-1.188386	130.468807	0.008913	9.8
1283	-1.403171	130.412237	0.009643	9.9
1284	-0.723861	130.355733	0.006451	9.7
1285	-0.270245	130.299294	0.005331	9.5
1286	-0.847509	130.242920	0.007055	9.4
1287	-0.810204	130.186611	0.006252	9.1
1288	-0.210788	130.130366	0.004368	9.1
1289	-1.381016	130.074187	0.009071	9.5
1290	-1.245090	130.018072	0.009029	10.9
1291	-1.046856	129.962022	0.011208	9.6
1292	-0.544888	129.906036	0.008141	9.4
1293	-0.447983	129.850114	0.006814	10.1
1294	-0.901016	129.794257	0.006400	9.9
1295	-0.489545	129.738463	0.005389	10.0
1296	-1.242540	129.682734	0.009681	9.9
1297	-0.497674	129.627068	0.005778	9.5
1298	-1.220081	129.571466	0.008904	9.5
1299	-1.233129	129.515927	0.009148	9.0
1300	-0.816152	129.460452	0.008859	9.9
1301	-0.318100	129.405040	0.009731	9.3
1302	-0.668800	129.349692	0.006965	9.6
1303	-1.041053	129.294406	0.007070	9.5
1304	-1.097256	129.239183	0.009548	10.1
1305	-0.741831	129.184024	0.005346	9.9
1306	-0.277008	129.128927	0.003533	9.4
1307	-1.071444	129.073892	0.009651	9.4
1308	-0.679062	129.018921	0.005955	9.3
1309	-1.051400	128.964011	0.007218	9.3
1310	-0.918977	128.909164	0.008293	9.4
1311	-1.325756	128.854379	0.009634	9.6
1312	-0.238011	128.799656	0.003142	9.6
1313	-1.038151	128.744995	0.007292	9.7
1314	-1.292312	128.690396	0.008168	9.3
1315	-1.326519	128.635858	0.010441	10.2
1316	-0.566182	128.581382	0.004686	8.4
1317	-1.028080	128.526968	0.009977	9.6
1318	-1.129795	128.472615	0.007545	9.3
1319	-0.348466	128.418323	0.006188	9.5
1320	-1.034558	128.364092	0.008596	9.2
1321	-1.012920	128.309922	0.010736	9.6
1322	-1.074708	128.255814	0.010555	10.7
1323	-1.256526	128.201766	0.011205	10.3
1324	-0.208134	128.147778	0.003631	9.8
1325	-1.280047	128.093852	0.008164	10.6
1326	-1.016976	128.039985	0.007989	9.8
1327	-0.727844	127.986180	0.006203	9.4
1328	-0.697179	127.932434	0.006788	10.4
1329	-1.255430	127.878749	0.008891	10.0
1330	-1.257340	127.825123	0.010222	9.9
1331	-0.503354	127.771558	0.005673	9.9
1332	-0.966873	127.718052	0.008792	10.2
1333	-0.636390	127.664606	0.009035	9.6
1334	-1.318606	127.611220	0.008084	9.8
1335	-1.379619	127.557893	0.009942	9.2
1336	-1.466673	127.504625	0.009781	9.4
1337	-0.297904	127.451417	0.003661	9.5
1338	-0.947218	127.398268	0.008330	10.7
1339	-0.990983	127.345178	0.008728	10.5
1340	-0.971444	127.292147	0.007331	10.0
1341	-1.197862	127.239175	0.010518	9.7
1342	-1.101731	127.186261	0.008657	10.1
1343	-1.028091	127.133407	0.007969	9.7
1344	-1.118084	127.080610	0.007174	9.7
1345	-1.029322	127.027872	0.010138	9.9
1346	-0.980175	126.975193	0.010099	10.7
1347	-1.073464	126.922572	0.008070	10.2
1348	-1.332835	126.870008	0.009174	10.2
1349	-1.230156	126.817503	0.011681	10.2
1350	-1.193228	126.765056	0.008010	8.9
1351	-1.213130	126.712667	0.008874	9.1
1352	-0.536526	126.660335	0.006008	10.2
1353	-1.096271	126.608061	0.009415	9.7
1354	-1.060514	126.555844	0.011806	9.1
1355	-0.068805	126.503685	0.001897	10.6
1356	-0.498817	126.451583	0.005833	10.3
1357	-1.349546	126.399538	0.009001	10.4
1358	-0.011816	126.347550	0.000377	9.2
1359	-1.172509	126.295619	0.007662	9.6
1360	-0.955079	126.243745	0.009727	9.6
1361	-0.130869	126.191928	0.003467	10.0
1362	-1.128589	126.140168	0.007879	10.2
1363	-1.080466	126.088464	0.008685	10.7
1364	-1.000369	126.036817	0.009616	9.8
1365	-0.599805	125.985226	0.005272	9.3
1366	-0.758806	125.933691	0.006608	9.6
1367	-0.354054	125.882212	0.005732	9.5
1368	-0.511290	125.830790	0.005417	9.6
1369	-1.252433	125.779423	0.008330	9.3
1370	-0.009539	125.728113	0.001076	9.9
1371	-0.711685	125.676858	0.009497	10.2
1372	-1.465357	125.625659	0.010039	10.0
1373	-0.345322	125.574515	0.007814	9.0
1374	-1.329471	125.523427	0.009175	10.0
1375	-1.092527	125.472394	0.007838	10.3
1376	-1.035018	125.421417	0.007194	9.7
1377	-1.245451	125.370495	0.008471	10.0
1378	-1.407638	125.319628	0.010514	10.0
1379	-0.963165	125.268815	0.008002	9.8
1380	-1.273273	125.218058	0.009590	10.0
1381	-1.312061	125.167356	0.007610	9.8
1382	-1.295066	125.116708	0.007377	9.5
1383	-1.239921	125.066115	0.009554	9.6
1384	-1.330672	125.015576	0.009353	9.6
1385	-1.149302	124.965092	0.007926	9.6
1386	-1.268500	124.914662	0.009530	9.7
1387	-1.335443	124.864287	0.008793	9.8
1388	-1.103426	124.813965	0.009703	9.3
1389	-0.551757	124.763698	0.008208	9.0
1390	-1.345951	124.713485	0.009385	9.5
1391	-1.445027	124.663325	0.011719	9.8
1392	-0.592517	124.613219	0.005599	9.6
1393	-0.500152	124.563167	0.005054	10.9
1394	-1.252978	124.513168	0.010298	9.8
1395	-1.280359	124.463223	0.010857	9.9
1396	-0.920163	124.413332	0.009326	9.4
1397	-0.215209	124.363493	0.003170	8.7
1398	-1.220574	124.313708	0.009745	9.6
1399	-1.126990	124.263976	0.008023	10.1
1400	-1.244148	124.214297	0.009049	10.1
1401	-0.649515	124.164671	0.006405	9.6
1402	-1.058119	124.115097	0.008061	10.2
1403	-1.416065	124.065577	0.009829	9.7
1404	-0.000000	124.016109	0.000000	9.8
1405	-1.193147	123.966693	0.007869	9.7
1406	-1.345127	123.917330	0.010308	9.3
1407	-1.227201	123.868020	0.009485	9.7
1408	-0.397421	123.818762	0.005385	9.3
1409	-1.302167	123.769556	0.008965	9.4
1410	-0.671659	123.720402	0.007564	10.1
1411	-0.785531	123.671300	0.006574	10.5
1412	-0.896816	123.622250	0.007850	9.7
1413	-0.942638	123.573252	0.008273	9.6
1414	-0.012830	123.524305	0.000567	9.6
1415	-0.565584	123.475411	0.011439	10.3
1416	-0.803642	123.426568	0.006737	9.8
1417	-1.057891	123.377776	0.008587	9.8
1418	-0.824415	123.329036	0.006666	10.0
1419	-1.185975	123.280347	0.007253	9.7
1420	-1.386658	123.231709	0.008953	9.7
1421	-0.543286	123.183122	0.006246	9.3
1422	-0.010698	123.134587	0.003542	9.3
1423	-0.114909	123.086102	0.004977	10.6
1424	-0.824646	123.037669	0.007884	11.6
1425	-1.241513	122.989286	0.009851	9.4
1426	-1.131481	122.940954	0.008168	10.5
1427	-0.912545	122.892672	0.007425	9.7
1428	-1.070888	122.844441	0.008068	10.0
1429	-0.600573	122.796261	0.007064	10.8
1430	-1.302571	122.748130	0.010632	9.7
1431	-0.295545	122.700050	0.003874	9.8
1432	-1.264314	122.652021	0.008850	9.6
1433	-0.551679	122.604041	0.005911	10.0
1434	-1.262895	122.556111	0.009779	10.0
1435	-1.260083	122.508232	0.009368	9.9
1436	-1.308909	122.460402	0.008906	9.7
1437	-0.538250	122.412622	0.006574	9.1
1438	-0.855199	122.364891	0.006771	9.7
1439	-0.927612	122.317210	0.007963	9.6
1440	-0.276694	122.269579	0.006859	7.8
1441	-0.582545	122.221997	0.006653	10.0
1442	-0.817951	122.174465	0.006674	10.0
1443	-0.722012	122.126981	0.006071	9.5
1444	-1.338888	122.079547	0.011048	10.3
1445	-0.420691	122.032162	0.004798	10.2
1446	-1.038171	121.984826	0.006815	9.7
1447	-0.650418	121.937539	0.006255	10.5
1448	-0.235675	121.890301	0.003921	9.8
1449	-0.899960	121.843112	0.008377	9.5
1450	-0.861859	121.795971	0.010216	9.6
1451	-1.336350	121.748879	0.010336	9.0
1452	-0.863237	121.701835	0.009093	9.4
1453	-0.390629	121.654840	0.004337	9.4
1454	-0.860896	121.607893	0.010250	10.0
1455	-0.461822	121.560994	0.007324	10.2
1456	-0.724384	121.514144	0.009563	9.7
1457	-1.090565	121.467342	0.006592	9.5
1458	-1.293149	121.420588	0.008886	10.1
1459	-0.659182	121.373882	0.006089	10.6
1460	-1.225851	121.327223	0.008594	9.0
1461	-1.181841	121.280613	0.008570	9.7
1462	-0.754159	121.234050	0.006380	8.8
1463	-1.327307	121.187535	0.007902	9.5
1464	-0.000000	121.141067	0.000000	9.1
1465	-1.192236	121.094647	0.009443	10.4
1466	-1.238255	121.048274	0.008073	10.3
1467	-0.944752	121.001949	0.006479	10.3
1468	-1.100057	120.955671	0.007990	9.6
1469	-1.415800	120.909440	0.010490	9.5
1470	-0.469966	120.863256	0.006910	9.7
1471	-0.089194	120.817119	0.001827	9.9
1472	-0.805104	120.771029	0.006229	9.9
1473	-1.214008	120.724986	0.009199	10.2
1474	-1.092983	120.678990	0.009858	10.1
1475	-1.261030	120.633040	0.008640	9.7
1476	-1.124723	120.587137	0.008560	9.8
1477	-1.174967	120.541281	0.007107	9.2
1478	-1.406994	120.495471	0.008412	9.8
1479	-1.224745	120.449707	0.008661	10.2
1480	-1.005773	120.403990	0.007248	9.1
1481	-1.353736	120.358319	0.008763	10.5
1482	-1.137179	120.312694	0.008010	10.1
1483	-0.727820	120.267115	0.006596	9.8
1484	-1.321008	120.221582	0.008337	9.9
1485	-0.938725	120.176096	0.007196	9.7
1486	-0.877537	120.130655	0.007826	9.7
1487	-0.570921	120.085260	0.006240	9.6
1488	-0.371730	120.039910	0.006168	9.9
1489	-0.611870	119.994606	0.005580	9.8
1490	-1.302961	119.949348	0.009519	9.4
1491	-0.833920	119.904135	0.008410	9.8
1492	-1.071099	119.858968	0.008720	8.8
1493	-0.849532	119.813846	0.009719	9.1
1494	-0.832209	119.768769	0.009038	10.9
1495	-1.334143	119.723738	0.009485	9.7
1496	-1.219380	119.678752	0.007901	9.8
1497	-0.811840	119.633810	0.007144	10.7
1498	-0.314457	119.588914	0.005794	9.8
1499	-1.389509	119.544062	0.010112	9.7
1500	-0.794217	119.499256	0.007047	10.0
1501	-1.329924	119.454494	0.008612	9.8
1502	-0.309170	119.409777	0.005864	9.9
1503	-1.235369	119.365104	0.009644	10.0
1504	-1.326960	119.320476	0.009885	9.4
1505	-1.254506	119.275893	0.008059	9.5
1506	-0.831712	119.231353	0.007515	9.2
1507	-1.220823	119.186859	0.008781	9.5
1508	-0.451120	119.142408	0.005393	9.4
1509	-1.142234	119.098002	0.011446	9.9
1510	-0.627253	119.053639	0.007863	10.0
1511	-0.353833	119.009321	0.005695	10.4
1512	-1.322274	118.965047	0.007946	9.7
1513	-0.274948	118.920816	0.007147	8.7
1514	-1.287488	118.876630	0.008679	10.1
1515	-1.496803	118.832487	0.011242	10.1
1516	-1.233143	118.788388	0.008595	9.8
1517	-0.301755	118.744332	0.005230	8.9
1518	-1.223600	118.700320	0.008962	9.6
1519	-0.504514	118.656352	0.006031	7.7
1520	-0.476301	118.612427	0.005146	10.0
1521	-0.243517	118.568545	0.006794	9.7
1522	-0.589155	118.524706	0.006867	9.8
1523	-0.934582	118.480911	0.008445	9.6
1524	-1.421426	118.437159	0.011534	9.9
1525	-0.732092	118.393450	0.006109	9.4
1526	-0.916196	118.349784	0.008889	10.1
1527	-0.839974	118.306160	0.006938	9.4
1528	-0.727140	118.262580	0.006206	9.8
1529	-0.606168	118.219042	0.005330	9.3
1530	-0.500293	118.175548	0.007951	9.5
1531	-1.182029	118.132095	0.009534	9.5
1532	-0.985462	118.088686	0.008195	10.6
1533	-1.175204	118.045319	0.006637	10.3
1534	-0.680345	118.001994	0.006118	9.9
1535	-0.177362	117.958712	0.006712	9.8
1536	-1.370183	117.915472	0.009284	9.7
1537	-1.091307	117.872274	0.007990	9.0
1538	-1.007123	117.829118	0.009067	9.8
1539	-1.266669	117.786005	0.009506	9.4
1540	-1.385640	117.742933	0.009341	9.8
1541	-0.820640	117.699904	0.006912	9.7
1542	-1.010991	117.656916	0.007249	8.5
1543	-1.389524	117.613971	0.009509	9.6
1544	-1.235368	117.571067	0.008234	9.6
1545	-0.088662	117.528205	0.003244	9.7
1546	-1.392601	117.485384	0.010596	9.8
1547	-0.923829	117.442605	0.008090	10.0
1548	-1.116307	117.399867	0.009138	10.3
1549	-0.927540	117.357171	0.007388	10.4
1550	-0.544828	117.314517	0.006074	9.5
1551	-0.871159	117.271903	0.009082	10.5
1552	-0.600104	117.229331	0.005691	9.9
1553	-1.020702	117.186800	0.008246	9.5
1554	-1.416332	117.144311	0.010626	10.1
1555	-0.803252	117.101862	0.009223	9.4
1556	-0.964026	117.059454	0.009395	9.8
1557	-0.566816	117.017087	0.005068	8.7
1558	-0.928445	116.974762	0.007000	9.8
1559	-0.796377	116.932476	0.007016	10.3
1560	-1.132417	116.890232	0.007051	9.8
1561	-0.385682	116.848028	0.008062	9.5
1562	-1.124453	116.805865	0.009619	10.3
1563	-0.976555	116.763743	0.007624	10.1
1564	-1.074459	116.721661	0.008633	10.2
1565	-0.147691	116.679619	0.003623	9.8
1566	-1.189643	116.637618	0.008946	9.9
1567	-1.219623	116.595657	0.009817	9.7
1568	-1.014198	116.553736	0.008311	9.8
1569	-1.330047	116.511855	0.009389	10.0
1570	-1.081821	116.470015	0.008853	9.5
1571	-1.332247	116.428214	0.008281	9.1
1572	-1.088765	116.386454	0.010955	9.7
1573	-1.490803	116.344733	0.011385	9.5
1574	-0.712799	116.303052	0.008762	9.9
1575	-0.648021	116.261412	0.005965	9.8
1576	-1.012576	116.219810	0.008400	9.6
1577	-0.918659	116.178249	0.011436	10.2
1578	-1.323223	116.136727	0.009646	9.8
1579	-0.926674	116.095245	0.007490	9.7
1580	-1.166399	116.053802	0.007357	9.3
1581	-1.115903	116.012398	0.008794	9.1
1582	-1.468933	115.971034	0.011068	9.7
1583	-0.088588	115.929710	0.002836	7.5
1584	-0.340469	115.888424	0.004881	9.1
1585	-0.925184	115.847178	0.006218	10.2
1586	-1.040603	115.805970	0.009698	9.9
1587	-1.319193	115.764802	0.008337	9.6
1588	-1.111217	115.723673	0.009757	9.5
1589	-0.901943	115.682583	0.006985	9.4
1590	-0.539768	115.641532	0.006142	9.7
1591	-0.047930	115.600519	0.001726	8.8
1592	-0.856568	115.559546	0.006455	9.5
1593	-1.010368	115.518610	0.008122	10.0
1594	-1.384900	115.477714	0.008877	9.7
1595	-1.385274	115.436856	0.008571	10.0
1596	-0.453734	115.396037	0.010098	9.4
1597	-1.039582	115.355256	0.006781	10.4
1598	-1.099327	115.314514	0.008407	10.2
1599	-1.137105	115.273810	0.007716	9.7
1600	-1.325856	115.233144	0.010689	9.9
1601	-1.105558	115.192517	0.008440	9.6
1602	-0.973977	115.151927	0.008085	8.9
1603	-1.262619	115.111376	0.009785	9.3
1604	-0.000000	115.070863	0.000000	9.7
1605	-1.242050	115.030388	0.010935	8.7
1606	-1.221780	114.989951	0.008243	9.7
1607	-1.273509	114.949551	0.008699	10.3
1608	-0.051149	114.909190	0.001869	9.6
1609	-0.832838	114.868866	0.006824	9.8
1610	-1.260796	114.828580	0.009534	9.8
1611	-0.805728	114.788332	0.006419	10.1
1612	-1.107137	114.748121	0.007937	10.2
1613	-1.325440	114.707948	0.010642	9.9
1614	-1.276474	114.667812	0.010278	9.8
1615	-0.928235	114.627714	0.006704	9.8
1616	-1.250177	114.587653	0.008518	9.4
1617	-1.419573	114.547629	0.011402	9.2
1618	-1.151467	114.507643	0.008835	9.4
1619	-0.923749	114.467693	0.007486	10.1
1620	-1.306348	114.427781	0.009401	10.6
1621	-1.056670	114.387907	0.010794	10.4
1622	-1.282761	114.348069	0.009574	9.8
1623	-0.565251	114.308268	0.006464	9.7
1624	-0.993174	114.268504	0.007071	9.8
1625	-1.128765	114.228777	0.009418	9.8
1626	-1.501312	114.189086	0.010217	10.3
1627	-0.915312	114.149433	0.009907	9.9
1628	-0.405676	114.109816	0.005712	9.7
1629	-0.734531	114.070235	0.006762	9.5
1630	-1.253372	114.030692	0.008577	10.3
1631	-1.380847	113.991185	0.010454	9.6
1632	-1.035370	113.951714	0.008502	9.7
1633	-1.291770	113.912280	0.008587	9.2
1634	-0.166309	113.872882	0.003001	8.9
1635	-0.502957	113.833521	0.004854	9.7
1636	-0.752177	113.794195	0.006316	9.9
1637	-1.353177	113.754906	0.009281	9.4
1638	-0.837269	113.715653	0.005856	9.7
1639	-1.251047	113.676437	0.009839	10.2
1640	-1.474200	113.637256	0.010440	9.6
1641	-1.064763	113.598111	0.008269	9.6
1642	-0.931152	113.559002	0.006898	9.7
1643	-0.309796	113.519929	0.003951	9.4
1644	-0.938296	113.480892	0.007611	9.3
1645	-1.194343	113.441891	0.009263	9.2
1646	-0.418815	113.402925	0.006856	10.0
1647	-1.411017	113.363995	0.010340	10.1
1648	-1.324474	113.325101	0.010193	9.5
1649	-1.255723	113.286242	0.009735	9.7
1650	-1.097675	113.247419	0.009090	10.3
1651	-0.225213	113.208631	0.003874	9.1
1652	-1.131991	113.169879	0.009288	12.7
1653	-0.471345	113.131162	0.005815	11.0
1654	-1.199695	113.092480	0.009143	9.4
1655	-0.579727	113.053833	0.005382	10.4
1656	-1.209032	113.015222	0.007374	10.1
1657	-0.000000	112.976646	0.000000	10.2
1658	-1.155735	112.938105	0.009475	10.2
1659	-0.558954	112.899599	0.006791	9.7
1660	-1.395662	112.861128	0.009055	9.5
1661	-1.385670	112.822692	0.010614	9.6
1662	-0.016757	112.784291	0.001394	9.4
1663	-1.076392	112.745924	0.009197	9.5
1664	-0.488888	112.707593	0.004394	8.6
1665	-1.097443	112.669296	0.007091	9.7
1666	-1.016813	112.631034	0.008418	9.9
1667	-0.517001	112.592806	0.008177	9.2
1668	-1.474490	112.554613	0.010081	10.1
1669	-0.158459	112.516455	0.003090	10.1
1670	-0.024363	112.478331	0.000645	10.1
1671	-1.200335	112.440241	0.009244	10.0
1672	-0.672238	112.402186	0.005682	9.4
1673	-0.776311	112.364165	0.006252	10.1
1674	-1.028599	112.326179	0.006801	9.5
1675	-1.153238	112.288227	0.009499	9.0
1676	-1.049685	112.250309	0.007440	9.9
1677	-1.059931	112.212425	0.007130	9.9
1678	-1.309698	112.174575	0.011083	9.8
1679	-1.358134	112.136759	0.010405	10.0
1680	-1.089058	112.098977	0.007132	9.3
1681	-1.313884	112.061229	0.009762	10.2
1682	-0.608080	112.023515	0.006031	10.7
1683	-1.011153	111.985834	0.009283	10.0
1684	-1.075255	111.948188	0.009387	10.0
1685	-1.196898	111.910575	0.007021	9.4
1686	-0.794451	111.872996	0.010986	9.6
1687	-1.059268	111.835450	0.006715	9.8
1688	-1.053230	111.797939	0.008555	9.2
1689	-1.201125	111.760460	0.007170	9.3
1690	-0.846165	111.723015	0.007421	9.1
1691	-1.106356	111.685604	0.008254	8.6
1692	-0.889583	111.648226	0.008128	9.6
1693	-0.193091	111.610881	0.002588	9.3
1694	-1.273981	111.573570	0.008104	10.4
1695	-1.429331	111.536292	0.011130	9.6
1696	-0.422935	111.499047	0.004810	8.5
1697	-0.878556	111.461835	0.006207	8.6
1698	-0.318312	111.424656	0.004998	9.5
1699	-1.131965	111.387510	0.007295	10.4
1700	-1.079408	111.350398	0.008210	8.4
1701	-1.020639	111.313318	0.009351	9.8
1702	-1.247686	111.276271	0.009473	10.3
1703	-1.177400	111.239257	0.008016	9.9
1704	-0.424558	111.202276	0.004025	9.8
1705	-1.221478	111.165328	0.007493	10.0
1706	-0.805204	111.128412	0.007923	9.5
1707	-0.698670	111.091529	0.007254	9.8
1708	-0.488389	111.054679	0.007408	9.2
1709	-1.213859	111.017861	0.009351	9.6
1710	-0.992927	110.981076	0.008521	10.2
1711	-0.208110	110.944323	0.005727	8.5
1712	-0.946871	110.907603	0.009829	10.0
1713	-1.284497	110.870915	0.008178	9.5
1714	-1.201053	110.834259	0.007928	9.4
1715	-1.051004	110.797636	0.008446	10.3
1716	-1.369053	110.761045	0.009190	9.9
1717	-0.949468	110.724486	0.010748	8.4
1718	-1.093959	110.687959	0.008710	9.4
1719	-1.350607	110.651465	0.008943	9.4
1720	-0.096634	110.615002	0.002517	9.2
1721	-1.274575	110.578572	0.010670	10.0
1722	-0.304984	110.542173	0.004081	10.8
1723	-0.264752	110.505807	0.003990	9.3
1724	-1.261779	110.469472	0.007734	9.6
1725	-0.869931	110.433169	0.008921	10.0
1726	-1.211690	110.396898	0.009789	9.9
1727	-0.747842	110.360659	0.006162	10.2
1728	-0.888386	110.324451	0.007765	10.0
1729	-1.330493	110.288276	0.009386	9.7
1730	-1.017391	110.252131	0.008719	9.9
1731	-1.208839	110.216019	0.008402	9.6
1732	-1.324845	110.179937	0.010835	10.0
1733	-0.621358	110.143888	0.007013	9.7
1734	-1.312554	110.107869	0.010111	8.1
1735	-0.636870	110.071882	0.006665	11.1
1736	-1.009922	110.035927	0.009458	10.3
1737	-1.014976	110.000003	0.007108	10.1
1738	-0.755007	109.964110	0.005490	10.8
1739	-1.177643	109.928248	0.008818	10.3
1740	-1.035093	109.892417	0.008022	10.1
1741	-1.110253	109.856618	0.007274	10.4
1742	-1.196763	109.820850	0.007535	9.9
1743	-1.294299	109.785112	0.010292	9.9
1744	-1.234080	109.749406	0.009406	9.6
1745	-1.266772	109.713730	0.008044	10.3
1746	-0.808950	109.678086	0.007187	10.3
1747	-0.865064	109.642472	0.009002	9.9
1748	-0.878892	109.606890	0.007895	9.1
1749	-1.373863	109.571337	0.009498	9.6
1750	-1.041007	109.535816	0.005219	9.4
1751	-1.088257	109.500326	0.008235	9.9
1752	-0.987340	109.464866	0.008023	9.3
1753	-1.131034	109.429436	0.007481	9.2
1754	-0.316179	109.394038	0.007126	10.3
1755	-1.320867	109.358669	0.009364	10.6
1756	-1.226905	109.323331	0.008091	10.0
1757	-1.352638	109.288024	0.008294	9.7
1758	-1.265425	109.252747	0.007850	9.4
1759	-1.198536	109.217501	0.009261	9.7
1760	-1.088520	109.182284	0.008550	9.6
1761	-1.229373	109.147098	0.008133	9.4
1762	-0.831012	109.111942	0.008008	9.9
1763	-0.482649	109.076817	0.005240	9.1
1764	-0.201031	109.041721	0.005690	10.0
1765	-1.124997	109.006656	0.008671	8.7
1766	-1.391269	108.971620	0.009972	9.9
1767	-0.046539	108.936615	0.001376	10.7
1768	-1.172465	108.901640	0.008364	9.9
1769	-1.169406	108.866694	0.009330	9.8
1770	-1.333254	108.831779	0.009632	10.1
1771	-0.732489	108.796893	0.006106	9.4
1772	-0.698966	108.762037	0.005710	10.7
1773	-0.409427	108.727211	0.006363	9.9
1774	-1.212427	108.692415	0.008705	9.9
1775	-1.154449	108.657648	0.010006	9.7
1776	-1.116483	108.622911	0.008223	9.3
1777	-1.114229	108.588203	0.007470	9.9
1778	-0.467063	108.553525	0.005876	9.5
1779	-0.240312	108.518877	0.003496	9.5
1780	-0.419119	108.484258	0.005782	9.5
1781	-1.121652	108.449668	0.007138	9.1
1782	-0.965156	108.415108	0.008755	9.9
1783	-1.248434	108.380578	0.009590	10.3
1784	-1.243587	108.346076	0.010041	9.5
1785	-0.072151	108.311604	0.005028	9.8
1786	-0.648324	108.277161	0.005954	10.2
1787	-1.369102	108.242747	0.010497	9.7
1788	-1.189905	108.208363	0.009339	10.0
1789	-1.271199	108.174007	0.009689	9.7
1790	-0.706378	108.139681	0.007415	9.7
1791	-0.987363	108.105383	0.008990	9.4
1792	-0.907715	108.071115	0.011781	9.2
1793	-1.301072	108.036875	0.008820	9.7
1794	-1.292943	108.002665	0.009174	9.1
1795	-1.097474	107.968483	0.007481	9.9
1796	-0.348418	107.934330	0.006510	9.9
1797	-0.449881	107.900206	0.004497	9.1
1798	-0.585043	107.866111	0.007553	10.3
1799	-1.304993	107.832044	0.008338	12.3
1800	-1.242812	107.798007	0.007966	9.3
1801	-0.035597	107.763997	0.000940	10.5
1802	-0.232996	107.730017	0.005509	10.1
1803	-1.185959	107.696065	0.010132	10.0
1804	-0.273021	107.662141	0.004644	10.7
1805	-1.211454	107.628246	0.008180	12.4
1806	-1.188325	107.594379	0.007864	10.5
1807	-1.285131	107.560541	0.009706	12.1
1808	-1.159598	107.526731	0.008593	12.1
1809	-0.377767	107.492949	0.005857	9.7
1810	-1.159944	107.459196	0.007379	10.2
1811	-0.093670	107.425471	0.003695	10.4
1812	-0.774990	107.391774	0.008183	9.5
1813	-1.022326	107.358106	0.007895	10.2
1814	-0.870612	107.324465	0.006370	9.9
1815	-0.740588	107.290853	0.009128	10.1
1816	-1.166012	107.257268	0.008772	11.1
1817	-1.269689	107.223712	0.008912	9.4
1818	-1.271226	107.190184	0.008706	9.8
1819	-1.218639	107.156683	0.007633	10.4
1820	-0.843176	107.123211	0.006687	9.9
1821	-1.355623	107.089766	0.008633	9.6
1822	-1.025671	107.056349	0.008367	10.0
1823	-1.091569	107.022960	0.011188	9.4
1824	-1.049611	106.989599	0.007241	10.2
1825	-0.554830	106.956265	0.004318	8.7
1826	-1.147338	106.922960	0.009058	9.5
1827	-1.332385	106.889681	0.009699	10.6
1828	-0.273505	106.856431	0.003396	10.2
1829	-0.689674	106.823208	0.006254	10.1
1830	-1.100852	106.790012	0.009393	10.8
1831	-0.987799	106.756844	0.008308	10.7
1832	-1.189124	106.723703	0.009377	10.0
1833	-1.101503	106.690590	0.008005	10.3
1834	-0.826833	106.657505	0.006943	9.3
1835	-0.388491	106.624446	0.003839	9.9
1836	-0.989931	106.591415	0.008009	10.1
1837	-0.941842	106.558411	0.007254	10.2
1838	-0.906743	106.525435	0.008483	10.5
1839	-1.009742	106.492485	0.009835	10.3
1840	-1.039203	106.459563	0.006605	9.7
1841	-1.060436	106.426668	0.008833	10.2
1842	-1.085043	106.393800	0.007111	9.5
1843	-1.283738	106.360959	0.008708	9.9
1844	-1.293010	106.328145	0.010156	9.7
1845	-1.335430	106.295358	0.011085	9.2
1846	-1.076754	106.262598	0.008509	9.3
1847	-1.406217	106.229865	0.011688	10.8
1848	-0.183029	106.197158	0.004724	9.7
1849	-0.572487	106.164479	0.007079	9.4
1850	-0.906551	106.131826	0.006620	9.7
1851	-0.917349	106.099201	0.008746	9.8
1852	-1.020371	106.066602	0.008835	9.9
1853	-1.251389	106.034029	0.008156	9.7
1854	-1.119592	106.001483	0.010541	10.5
1855	-1.308436	105.968964	0.007221	11.5
1856	-1.467037	105.936472	0.009813	10.1
1857	-0.929792	105.904006	0.007821	10.0
1858	-1.108388	105.871566	0.007479	9.6
1859	-0.519799	105.839153	0.007773	9.4
1860	-1.206361	105.806767	0.009879	9.6
1861	-1.344367	105.774407	0.009129	9.5
1862	-0.941865	105.742073	0.008574	11.7
1863	-0.536657	105.709766	0.008304	10.3
1864	-0.325024	105.677485	0.005266	7.7
1865	-0.693925	105.645230	0.006843	9.3
1866	-0.431831	105.613001	0.005679	8.4
1867	-0.711283	105.580799	0.008778	10.6
1868	-0.186461	105.548623	0.005865	9.9
1869	-0.839062	105.516473	0.009522	10.2
1870	-0.432173	105.484349	0.005538	9.9
1871	-1.379108	105.452251	0.010741	11.4
1872	-1.183978	105.420179	0.009220	11.0
1873	-1.329672	105.388133	0.009342	10.3
1874	-1.197213	105.356113	0.009358	10.2
1875	-0.262886	105.324119	0.003582	9.6
1876	-0.534334	105.292151	0.005398	9.5
1877	-0.765388	105.260209	0.005748	9.8
1878	-0.353711	105.228293	0.005407	9.8
1879	-0.929241	105.196402	0.007784	9.4
1880	-1.265989	105.164537	0.008870	9.1
1881	-0.359100	105.132698	0.003848	10.3
1882	-1.338170	105.100885	0.008031	11.2
1883	-1.173856	105.069097	0.009526	9.8
1884	-1.058521	105.037335	0.008280	10.4
1885	-1.060905	105.005598	0.008788	10.0
1886	-0.855751	104.973887	0.009338	9.0
1887	-1.410008	104.942202	0.010569	10.1
1888	-1.046763	104.910542	0.008126	9.3
1889	-0.893997	104.878907	0.008052	9.7
1890	-0.362947	104.847298	0.007390	9.6
1891	-1.408471	104.815715	0.009471	9.4
1892	-0.606250	104.784156	0.009103	9.8
1893	-1.296911	104.752623	0.010045	9.3
1894	-0.684943	104.721116	0.009134	9.6
1895	-0.932312	104.689633	0.007917	10.1
1896	-1.080915	104.658176	0.007354	9.3
1897	-0.985988	104.626744	0.009527	11.3
1898	-0.755754	104.595337	0.007562	11.8
1899	-1.248407	104.563955	0.010222	9.3
1900	-1.478166	104.532599	0.011506	10.8
1901	-1.321186	104.501267	0.008308	10.2
1902	-1.305547	104.469960	0.010282	9.9
1903	-1.256276	104.438679	0.009070	9.6
1904	-0.572200	104.407422	0.005985	9.7
1905	-1.225407	104.376191	0.010045	9.7
1906	-1.254027	104.344984	0.011228	10.1
1907	-1.343405	104.313802	0.009468	10.8
1908	-0.794025	104.282645	0.007649	12.7
1909	-0.837778	104.251513	0.008367	17.1
1910	-1.031087	104.220405	0.006821	11.1
1911	-0.066845	104.189323	0.001907	11.8
1912	-0.748766	104.158265	0.007241	11.5
1913	-0.065348	104.127231	0.003862	9.0
1914	-0.212216	104.096222	0.004524	11.2
1915	-0.478665	104.065238	0.006855	10.3
1916	-0.928646	104.034279	0.008057	10.6
1917	-1.221203	104.003344	0.008805	10.4
1918	-0.480821	103.972433	0.007683	10.2
1919	-0.883134	103.941547	0.007203	10.1
1920	-1.280008	103.910686	0.009489	10.7
1921	-0.487808	103.879849	0.006641	10.0
1922	-1.022179	103.849036	0.007949	16.6
1923	-0.705019	103.818248	0.005998	10.9
1924	-1.246729	103.787484	0.009848	9.4
1925	-0.590481	103.756744	0.006544	9.2
1926	-1.272599	103.726029	0.009213	10.3
1927	-0.871262	103.695338	0.010018	10.3
1928	-1.110108	103.664671	0.009629	15.7
1929	-0.972788	103.634028	0.008640	9.8
1930	-0.851249	103.603409	0.006308	9.5
1931	-1.287663	103.572814	0.009278	10.7
1932	-0.899246	103.542244	0.007608	10.7
1933	-0.308353	103.511698	0.003435	9.7
1934	-0.675472	103.481175	0.006741	10.0
1935	-0.399350	103.450677	0.005138	9.5
1936	-1.328740	103.420202	0.009119	10.1
1937	-1.307870	103.389752	0.009748	10.0
1938	-0.908744	103.359325	0.008409	10.3
1939	-0.154293	103.328922	0.002438	10.0
1940	-1.079245	103.298543	0.009651	9.7
1941	-1.456204	103.268188	0.011148	9.6
1942	-1.088676	103.237857	0.008205	10.1
1943	-0.879097	103.207549	0.006834	10.3
1944	-0.395312	103.177265	0.004344	10.8
1945	-1.127844	103.147005	0.008723	10.1
1946	-1.003907	103.116768	0.007972	9.3
1947	-0.715673	103.086556	0.009913	9.7
1948	-1.030979	103.056366	0.008863	9.9
1949	-0.503585	103.026200	0.005693	9.7
1950	-0.793250	102.996058	0.008136	9.2
1951	-1.217887	102.965939	0.009808	9.2
1952	-0.327083	102.935844	0.003630	9.6
1953	-0.561818	102.905772	0.005948	9.9
1954	-0.726446	102.875724	0.006357	11.5
1955	-1.021201	102.845699	0.010001	8.5
1956	-0.685565	102.815697	0.007721	9.3
1957	-0.859912	102.785719	0.008287	10.0
1958	-0.803245	102.755764	0.007177	10.0
1959	-1.222297	102.725832	0.010057	10.5
1960	-0.950905	102.695924	0.007537	9.4
1961	-0.480189	102.666038	0.005566	9.4
1962	-1.333597	102.636176	0.011774	9.6
1963	-0.986974	102.606337	0.008439	9.5
1964	-1.177124	102.576521	0.007855	9.6
1965	-0.323473	102.546728	0.005568	10.2
1966	-1.099072	102.516959	0.008426	10.0
1967	-1.340196	102.487212	0.009403	10.6
1968	-0.090443	102.457488	0.004297	10.2
1969	-1.259643	102.427788	0.010489	10.5
1970	-1.103131	102.398110	0.008734	10.3
1971	-0.103363	102.368455	0.003605	9.1
1972	-1.211793	102.338823	0.009834	9.7
1973	-1.017407	102.309214	0.007838	10.1
1974	-1.004894	102.279628	0.008566	10.0
1975	-1.093226	102.250064	0.006759	9.5
1976	-0.499506	102.220524	0.004945	9.5
1977	-1.258349	102.191006	0.008694	9.8
1978	-1.360714	102.161511	0.009114	9.6
1979	-0.436827	102.132038	0.006572	9.2
1980	-0.447727	102.102588	0.007929	9.2
1981	-1.142116	102.073161	0.008599	9.8
1982	-1.114064	102.043757	0.008983	9.8
1983	-1.188691	102.014375	0.007502	10.1
1984	-0.584211	101.985015	0.008484	9.9
1985	-0.477557	101.955678	0.005733	9.4
1986	-1.165721	101.926364	0.008409	10.8
1987	-0.890186	101.897072	0.005772	10.0
1988	-0.770338	101.867802	0.008416	10.3
1989	-0.091761	101.838555	0.003585	10.0
1990	-0.407613	101.809330	0.005607	9.7
1991	-1.021646	101.780128	0.007367	9.1
1992	-0.566240	101.750948	0.005954	9.2
1993	-1.266205	101.721790	0.008986	9.5
1994	-0.608620	101.692654	0.005294	10.2
1995	-1.296457	101.663541	0.009821	9.7
1996	-0.732640	101.634450	0.008466	11.0
1997	-0.808383	101.605381	0.006839	9.2
1998	-0.337781	101.576335	0.004255	10.0
1999	-0.438002	101.547310	0.008154	8.2
