1:ItNr	2:Metric	3:StepSize	4:||Gradient||	Time[ms]
0	-1.015003	627.201626	0.013246	664.7
1	-1.204840	623.504937	0.014276	9.4
2	-0.657823	619.865785	0.009754	8.5
3	-1.095836	616.282728	0.009658	9.0
4	-0.234750	612.754375	0.002707	11.0
5	-1.311002	609.279381	0.017062	8.3
6	-1.058038	605.856447	0.012427	8.3
7	-0.015059	602.484317	0.000288	8.5
8	-0.641419	599.161779	0.005175	11.6
9	-0.692120	595.887656	0.010806	7.9
10	-0.667884	592.660813	0.004717	8.1
11	-0.722248	589.480151	0.009684	9.4
12	-0.815631	586.344606	0.012387	9.3
13	-0.900169	583.253145	0.009142	13.2
14	-1.049159	580.204771	0.013340	9.6
15	-1.206085	577.198517	0.016569	15.0
16	-0.928827	574.233444	0.010724	16.6
17	-1.255844	571.308645	0.012841	11.7
18	-1.225429	568.423237	0.018416	9.5
19	-0.625054	565.576365	0.010006	12.2
20	-0.009258	562.767201	0.000036	10.1
21	-0.307495	559.994938	0.003683	9.4
22	-0.610370	557.258797	0.014522	9.4
23	-1.139971	554.558018	0.017582	12.5
24	-1.307184	551.891865	0.018162	9.9
25	-1.131299	549.259621	0.019952	9.3
26	-1.171835	546.660592	0.010674	8.8
27	-1.037165	544.094102	0.019512	13.7
28	-0.881853	541.559494	0.015937	9.9
29	-1.263206	539.056129	0.015541	8.6
30	-1.118477	536.583387	0.013679	10.8
31	-0.248709	534.140663	0.004521	13.0
32	-0.188217	531.727370	0.002645	9.3
33	-0.791011	529.342935	0.013477	9.7
34	-1.238570	526.986802	0.017564	8.0
35	-1.143329	524.658430	0.024326	9.4
36	-0.375076	522.357290	0.003209	9.7
37	-0.337942	520.082868	0.005363	6.6
38	-1.166225	517.834665	0.017622	9.5
39	-0.968233	515.612193	0.012808	8.1
40	-0.727943	513.414976	0.016719	11.0
41	-0.693593	511.242551	0.012660	8.9
42	-1.375872	509.094468	0.018272	9.3
43	-0.923191	506.970285	0.008760	7.3
44	-0.760099	504.869574	0.014824	8.4
45	-0.642627	502.791916	0.010497	11.3
46	-0.458920	500.736903	0.004414	7.6
47	-1.241700	498.704137	0.013302	8.1
48	-1.296644	496.693228	0.021128	7.6
49	-0.474724	494.703798	0.004642	11.6
50	-0.678740	492.735476	0.006244	7.0
51	-0.041165	490.787900	0.002308	8.0
52	-0.868610	488.860718	0.011454	9.1
53	-1.273498	486.953585	0.021482	8.3
54	-1.150596	485.066164	0.020538	9.8
55	-0.893555	483.198126	0.011800	8.6
56	-1.213632	481.349149	0.018776	8.7
57	-0.653536	479.518920	0.009160	8.1
58	-0.909555	477.707132	0.007429	8.3
59	-1.146803	475.913485	0.010152	11.2
60	-0.595770	474.137684	0.005231	8.2
61	-1.149300	472.379445	0.014566	7.6
62	-0.022367	470.638485	0.000040	8.1
63	-0.087052	468.914531	0.001346	10.6
64	-0.514698	467.207315	0.008344	8.4
65	-1.139183	465.516573	0.009083	8.3
66	-0.429420	463.842050	0.007175	7.6
67	-0.569424	462.183494	0.012065	9.0
68	-0.809357	460.540658	0.007568	11.9
69	-0.614180	458.913303	0.007915	8.5
70	-0.151461	457.301192	0.001839	9.0
71	-1.207648	455.704096	0.014763	8.3
72	-0.536611	454.121787	0.006206	10.9
73	-1.255861	452.554045	0.021175	7.8
74	-1.050436	451.000653	0.012390	8.6
75	-1.341523	449.461399	0.020735	8.6
76	-0.168479	447.936075	0.005284	8.4
77	-0.566078	446.424477	0.007044	9.9
78	-0.461728	444.926406	0.010484	8.1
79	-1.109423	443.441666	0.008528	8.5
80	-1.250051	441.970065	0.014735	7.7
81	-1.098967	440.511415	0.013515	10.5
82	-1.016513	439.065533	0.007580	8.3
83	-0.747571	437.632238	0.010476	8.9
84	-0.844409	436.211351	0.013136	8.7
85	-0.910289	434.802701	0.007132	8.3
86	-0.238608	433.406117	0.002477	11.5
87	-1.235838	432.021430	0.019787	7.8
88	-1.003155	430.648479	0.017946	8.2
89	-0.812171	429.287101	0.011562	8.6
90	-0.895220	427.937140	0.014867	10.6
91	-0.532294	426.598440	0.008952	8.1
92	-0.968789	425.270849	0.010297	9.8
93	-0.228692	423.954220	0.002455	7.5
94	-1.131108	422.648404	0.011107	8.1
95	-0.245221	421.353259	0.005848	11.4
96	-0.598383	420.068643	0.015966	9.6
97	-0.222917	418.794419	0.002601	7.5
98	-1.181688	417.530451	0.006598	8.7
99	-0.851755	416.276604	0.009737	10.4
100	-0.881924	415.032748	0.012711	8.7
101	-1.258355	413.798754	0.015448	11.4
102	-0.912156	412.574495	0.018273	9.4
103	-1.115457	411.359849	0.008967	10.2
104	-1.252657	410.154691	0.011240	9.0
105	-0.644334	408.958904	0.009256	9.1
106	-0.572107	407.772368	0.006107	9.7
107	-0.694415	406.594968	0.008807	11.8
108	-0.287305	405.426590	0.003457	9.5
109	-0.974115	404.267122	0.007297	9.4
110	-1.245296	403.116456	0.011238	10.2
111	-1.254211	401.974481	0.011382	14.4
112	-0.671022	400.841093	0.005901	10.5
113	-1.303352	399.716187	0.013359	9.6
114	-1.350803	398.599660	0.014729	9.4
115	-1.157490	397.491411	0.009985	11.6
116	-0.673093	396.391342	0.009968	9.0
117	-0.675474	395.299353	0.010183	10.9
118	-1.291095	394.215350	0.009882	9.6
119	-1.140232	393.139238	0.007782	11.4
120	-1.327344	392.070924	0.013377	8.8
121	-1.245471	391.010316	0.010141	8.3
122	-0.254624	389.957325	0.001904	8.7
123	-1.325153	388.911862	0.010916	9.2
124	-0.680701	387.873839	0.007092	10.8
125	-0.616861	386.843173	0.009463	8.3
126	-1.070342	385.819777	0.017264	7.6
127	-1.238932	384.803569	0.010529	8.7
128	-1.113988	383.794468	0.011152	10.6
129	-1.026004	382.792393	0.013090	8.7
130	-0.381983	381.797264	0.007820	7.8
131	-1.173112	380.809005	0.014908	8.1
132	-1.150142	379.827537	0.007802	8.4
133	-0.396153	378.852786	0.004460	10.3
134	-0.917102	377.884678	0.010384	7.8
135	-0.706751	376.923138	0.009370	8.3
136	-1.213166	375.968095	0.008202	7.9
137	-0.760921	375.019479	0.007356	7.6
138	-1.154384	374.077218	0.012667	10.5
139	-1.091241	373.141244	0.016612	8.5
140	-0.784870	372.211489	0.008459	9.1
141	-1.030954	371.287887	0.010585	10.6
142	-1.138751	370.370370	0.011624	6.9
143	-1.043512	369.458876	0.011841	10.4
144	-1.021208	368.553338	0.010968	9.4
145	-1.247289	367.653696	0.012550	8.8
146	-1.181274	366.759885	0.010502	9.9
147	-0.952153	365.871846	0.007781	9.9
148	-0.879345	364.989518	0.010032	8.9
149	-0.553064	364.112841	0.006346	9.5
150	-1.023933	363.241757	0.013244	11.6
151	-0.718199	362.376208	0.007909	11.3
152	-1.137658	361.516137	0.009778	10.9
153	-0.713361	360.661488	0.009223	11.3
154	-0.503069	359.812206	0.008780	16.9
155	-0.786412	358.968236	0.004870	10.5
156	-1.331038	358.129524	0.012004	9.0
157	-1.225490	357.296018	0.007923	9.9
158	-0.449565	356.467665	0.007729	14.0
159	-0.596034	355.644414	0.010613	19.9
160	-1.023851	354.826213	0.010879	21.2
161	-0.659432	354.013012	0.005958	19.7
162	-0.051667	353.204763	0.000902	13.9
163	-0.116373	352.401415	0.001289	13.5
164	-0.641846	351.602922	0.004752	12.6
165	-1.241459	350.809235	0.016905	11.0
166	-0.442160	350.020308	0.005659	11.3
167	-1.236301	349.236095	0.011256	9.7
168	-1.078049	348.456550	0.015464	15.9
169	-0.573911	347.681627	0.005750	12.1
170	-0.883993	346.911283	0.005395	9.8
171	-0.891510	346.145474	0.007608	8.8
172	-0.873294	345.384157	0.009206	9.3
173	-0.554073	344.627288	0.006148	14.1
174	-1.220794	343.874826	0.014930	9.2
175	-1.247591	343.126729	0.022484	10.8
176	-1.059709	342.382957	0.013535	8.9
177	-0.829488	341.643469	0.005152	11.2
178	-0.821570	340.908224	0.005389	8.8
179	-0.782969	340.177184	0.009944	11.7
180	-1.187797	339.450309	0.006008	10.1
181	-0.817024	338.727561	0.007016	14.6
182	-1.055610	338.008902	0.013738	10.1
183	-0.961782	337.294295	0.006902	10.7
184	-1.076429	336.583703	0.012484	7.7
185	-0.700376	335.877089	0.007639	13.6
186	-0.782102	335.174416	0.008811	10.7
187	-1.403430	334.475651	0.014487	9.3
188	-1.210801	333.780756	0.011149	9.5
189	-0.298183	333.089698	0.005901	12.2
190	-0.022841	332.402443	0.002552	8.7
191	-0.693319	331.718955	0.006678	9.7
192	-0.983123	331.039203	0.009502	10.5
193	-0.398459	330.363153	0.005672	11.9
194	-0.946130	329.690771	0.011737	8.9
195	-1.089606	329.022027	0.009505	9.2
196	-1.162455	328.356888	0.008622	9.2
197	-0.860936	327.695322	0.009019	11.7
198	-1.119470	327.037299	0.009859	8.6
199	-0.082961	326.382787	0.001253	9.5
200	-0.869944	325.731758	0.008029	9.8
201	-0.007618	325.084179	0.001667	11.1
202	-0.858575	324.440023	0.008298	10.0
203	-1.129437	323.799258	0.007201	9.1
204	-0.338095	323.161858	0.006160	9.6
205	-0.070309	322.527792	0.000592	10.9
206	-0.816352	321.897034	0.007420	9.1
207	-1.293497	321.269554	0.027989	8.9
208	-1.396393	320.645325	0.014133	8.9
209	-1.124865	320.024320	0.013412	9.6
210	-0.330492	319.406512	0.003863	11.8
211	-0.677576	318.791875	0.007064	9.5
212	-1.262517	318.180381	0.017561	8.9
213	-0.592109	317.572005	0.006955	11.1
214	-1.269513	316.966721	0.013078	9.6
215	-0.314247	316.364504	0.006305	8.8
216	-0.539334	315.765329	0.004451	9.2
217	-0.425962	315.169170	0.007064	9.8
218	-1.232573	314.576003	0.013609	11.2
219	-1.197869	313.985804	0.008132	9.1
220	-1.391324	313.398548	0.015023	8.9
221	-0.285356	312.814213	0.002358	10.5
222	-1.420305	312.232773	0.021378	11.3
223	-0.275354	311.654207	0.003746	8.8
224	-1.203180	311.078491	0.008961	9.0
225	-0.148847	310.505602	0.001489	8.1
226	-0.608335	309.935518	0.004728	12.1
227	-0.830276	309.368217	0.008575	9.4
228	-0.825559	308.803676	0.009446	9.5
229	-0.662881	308.241874	0.019760	11.2
230	-0.937106	307.682789	0.013937	8.6
231	-0.783071	307.126400	0.014158	9.4
232	-0.868296	306.572687	0.013589	9.4
233	-1.048315	306.021627	0.009703	8.8
234	-1.259877	305.473201	0.008938	10.4
235	-1.020594	304.927388	0.009965	8.8
236	-0.559972	304.384168	0.007286	9.0
237	-0.589174	303.843521	0.004377	6.6
238	-1.165883	303.305427	0.013488	10.7
239	-1.340870	302.769867	0.014467	8.4
240	-1.088717	302.236821	0.011236	8.9
241	-0.842690	301.706270	0.006321	8.3
242	-1.428685	301.178196	0.014419	9.4
243	-0.632538	300.652580	0.005177	10.1
244	-1.234362	300.129402	0.010283	8.6
245	-1.351787	299.608645	0.008064	9.8
246	-0.205700	299.090291	0.003219	9.2
247	-1.096971	298.574321	0.005650	12.0
248	-1.230303	298.060718	0.015647	8.5
249	-0.434826	297.549465	0.007143	8.3
250	-1.029721	297.040543	0.011926	9.2
251	-0.673076	296.533936	0.006755	10.3
252	-0.058826	296.029626	0.002710	8.9
253	-1.282844	295.527597	0.010002	8.9
254	-1.043379	295.027832	0.009862	10.0
255	-0.436388	294.530315	0.005754	10.4
256	-1.190837	294.035028	0.007281	10.2
257	-1.341847	293.541956	0.011540	8.8
258	-1.084133	293.051083	0.014495	7.9
259	-0.667387	292.562393	0.007608	10.5
260	-0.583987	292.075870	0.005656	10.1
261	-1.323361	291.591498	0.009127	9.2
262	-1.115647	291.109263	0.009588	9.1
263	-1.203093	290.629149	0.010985	9.8
264	-1.135843	290.151140	0.010865	11.4
265	-0.747548	289.675222	0.009338	9.4
266	-1.123242	289.201380	0.018664	9.0
267	-0.049714	288.729600	0.001961	7.9
268	-0.678010	288.259866	0.006873	12.8
269	-1.332450	287.792165	0.007838	9.2
270	-1.130845	287.326481	0.013564	9.1
271	-0.387229	286.862802	0.006267	9.9
272	-1.182451	286.401113	0.008038	10.4
273	-1.230956	285.941400	0.008311	9.7
274	-0.886318	285.483649	0.006413	8.0
275	-0.819818	285.027847	0.005986	9.4
276	-0.968125	284.573981	0.018651	11.5
277	-0.952080	284.122037	0.008774	10.1
278	-1.236630	283.672002	0.012921	9.2
279	-1.026568	283.223863	0.010251	10.0
280	-1.409177	282.777607	0.009914	11.1
281	-0.280305	282.333221	0.004221	9.3
282	-1.149320	281.890692	0.006664	9.1
283	-0.750341	281.450008	0.009756	9.9
284	-0.850688	281.011157	0.007830	9.4
285	-1.232732	280.574125	0.008471	9.5
286	-1.350852	280.138901	0.008619	9.4
287	-1.372029	279.705473	0.009205	9.6
288	-0.938364	279.273829	0.007435	10.8
289	-0.302772	278.843956	0.003101	7.5
290	-0.839330	278.415844	0.013739	8.9
291	-1.091928	277.989479	0.004875	7.7
292	-0.562183	277.564851	0.007592	10.7
293	-0.318289	277.141949	0.003620	8.5
294	-1.087320	276.720761	0.014853	8.0
295	-0.388276	276.301275	0.005562	8.7
296	-1.245038	275.883480	0.007256	9.6
297	-1.158684	275.467366	0.006967	10.4
298	-0.564308	275.052922	0.004059	8.7
299	-0.658227	274.640136	0.009548	8.6
300	-1.078268	274.228998	0.006155	8.6
301	-0.880665	273.819497	0.010199	10.7
302	-0.152071	273.411623	0.001644	8.0
303	-1.189525	273.005365	0.009448	8.6
304	-0.098269	272.600712	0.001372	8.6
305	-1.211436	272.197655	0.010177	9.0
306	-0.676219	271.796184	0.005905	11.6
307	-0.277619	271.396287	0.003930	8.6
308	-0.190168	270.997956	0.001864	9.4
309	-0.567324	270.601180	0.009928	10.3
310	-1.078775	270.205949	0.009404	10.1
311	-0.525441	269.812254	0.006086	9.4
312	-0.838849	269.420085	0.005865	8.1
313	-1.172267	269.029432	0.010884	10.5
314	-0.361392	268.640287	0.004547	10.8
315	-0.916238	268.252638	0.007279	8.9
316	-0.668393	267.866478	0.005878	9.0
317	-0.617366	267.481796	0.006098	11.0
318	-0.076814	267.098584	0.000941	8.3
319	-0.204702	266.716833	0.005930	9.8
320	-0.705362	266.336533	0.010035	9.3
321	-0.383403	265.957676	0.004935	9.6
322	-0.274613	265.580253	0.003209	10.8
323	-1.124341	265.204254	0.009976	10.3
324	-0.652335	264.829672	0.008169	8.7
325	-1.313159	264.456497	0.012938	9.4
326	-1.285777	264.084721	0.008404	12.0
327	-0.732593	263.714335	0.008350	9.4
328	-1.060466	263.345332	0.009738	9.3
329	-0.277443	262.977702	0.003814	11.1
330	-0.720078	262.611438	0.008831	8.8
331	-0.898946	262.246531	0.009902	10.1
332	-0.692341	261.882973	0.006765	9.4
333	-1.389469	261.520756	0.009714	10.7
334	-1.414918	261.159871	0.013046	10.0
335	-1.269151	260.800312	0.015219	8.6
336	-1.274920	260.442070	0.012674	9.1
337	-1.239467	260.085137	0.006647	8.6
338	-1.295319	259.729505	0.010150	9.7
339	-0.186807	259.375167	0.003692	9.6
340	-0.368004	259.022116	0.005661	13.7
341	-1.306685	258.670343	0.013357	12.7
342	-0.384851	258.319841	0.005603	8.7
343	-1.236714	257.970602	0.011646	13.9
344	-1.099183	257.622620	0.007019	10.0
345	-0.857846	257.275887	0.013129	10.7
346	-1.128971	256.930396	0.008532	9.2
347	-0.559933	256.586139	0.003745	7.8
348	-0.604707	256.243109	0.005158	9.0
349	-1.036994	255.901300	0.013246	9.0
350	-0.916545	255.560703	0.005850	10.8
351	-0.220408	255.221313	0.002633	9.5
352	-0.695468	254.883122	0.009292	8.4
353	-0.765160	254.546124	0.007922	9.9
354	-0.859940	254.210311	0.005271	10.3
355	-0.656801	253.875677	0.005539	8.9
356	-0.428497	253.542215	0.007061	9.6
357	-0.308132	253.209918	0.002779	8.3
358	-0.869686	252.878781	0.009593	11.2
359	-1.167252	252.548795	0.007011	7.8
360	-0.234082	252.219956	0.002995	9.8
361	-1.223238	251.892255	0.012310	8.5
362	-1.023747	251.565688	0.010121	10.4
363	-0.505271	251.240247	0.003385	7.6
364	-0.289509	250.915926	0.001264	7.6
365	-0.420587	250.592720	0.004260	9.4
366	-1.008863	250.270621	0.011058	8.5
367	-1.381387	249.949624	0.011528	10.6
368	-0.998613	249.629723	0.010784	8.8
369	-0.762600	249.310911	0.004875	8.6
370	-0.398360	248.993182	0.006133	7.5
371	-1.214543	248.676531	0.006498	8.1
372	-1.025938	248.360952	0.009502	10.1
373	-1.169430	248.046438	0.007996	8.5
374	-0.976508	247.732984	0.008582	8.5
375	-1.315608	247.420584	0.008295	8.4
376	-0.628191	247.109233	0.007978	7.8
377	-0.681840	246.798924	0.006896	12.9
378	-0.853317	246.489652	0.004727	7.9
379	-0.108009	246.181412	0.002078	8.7
380	-1.055571	245.874197	0.011574	9.7
381	-1.172257	245.568002	0.013537	12.1
382	-0.348709	245.262822	0.005490	9.4
383	-1.145021	244.958652	0.012624	9.4
384	-1.187923	244.655485	0.007205	8.1
385	-1.049684	244.353317	0.015231	12.0
386	-0.977946	244.052142	0.007429	8.6
387	-0.663773	243.751955	0.006728	8.8
388	-0.890405	243.452750	0.009951	9.0
389	-0.948391	243.154523	0.008649	10.6
390	-1.282250	242.857268	0.006523	9.8
391	-1.270012	242.560980	0.007454	9.1
392	-1.112550	242.265654	0.009507	9.5
393	-0.204112	241.971285	0.001965	9.8
394	-1.186808	241.677868	0.008386	8.9
395	-0.710299	241.385397	0.008292	7.7
396	-0.963159	241.093869	0.009160	8.7
397	-1.325806	240.803278	0.009428	7.8
398	-1.264478	240.513619	0.006699	10.3
399	-0.813786	240.224887	0.006177	8.4
400	-0.271846	239.937077	0.003000	8.7
401	-0.813090	239.650186	0.008551	8.0
402	-0.453098	239.364207	0.005748	8.6
403	-1.196885	239.079136	0.011457	13.3
404	-1.155363	238.794969	0.007378	9.7
405	-0.123983	238.511701	0.003027	9.2
406	-1.230488	238.229327	0.011466	9.6
407	-1.294424	237.947843	0.009209	12.3
408	-1.388747	237.667244	0.009546	13.8
409	-0.314573	237.387526	0.003691	12.7
410	-0.327972	237.108684	0.002954	16.9
411	-1.061047	236.830714	0.008474	11.1
412	-1.052172	236.553610	0.007144	11.9
413	-0.648402	236.277370	0.009655	8.3
414	-0.616400	236.001989	0.007653	13.0
415	-1.085632	235.727461	0.009122	12.6
416	-1.184128	235.453784	0.011785	14.7
417	-0.571830	235.180952	0.007939	16.3
418	-1.236685	234.908962	0.013766	16.8
419	-1.027698	234.637809	0.010959	26.2
420	-1.413456	234.367488	0.013110	18.1
421	-0.829160	234.097997	0.005593	14.1
422	-1.274796	233.829331	0.014859	16.2
423	-0.595983	233.561485	0.006848	13.8
424	-0.452465	233.294456	0.005919	14.5
425	-0.413692	233.028239	0.003783	13.7
426	-0.604388	232.762831	0.007557	8.2
427	-1.364540	232.498228	0.014281	11.2
428	-1.326559	232.234425	0.012757	7.9
429	-0.968027	231.971419	0.009779	10.0
430	-1.110670	231.709205	0.014917	8.1
431	-0.677250	231.447781	0.010493	9.2
432	-1.063426	231.187141	0.008141	8.4
433	-0.954568	230.927283	0.004812	8.8
434	-0.956062	230.668202	0.005844	10.8
435	-0.577716	230.409895	0.006269	6.8
436	-0.174704	230.152358	0.004098	8.5
437	-0.328231	229.895587	0.004821	7.3
438	-0.489100	229.639578	0.003627	10.3
439	-0.480821	229.384329	0.006963	7.5
440	-1.051227	229.129834	0.007116	9.4
441	-0.969062	228.876091	0.008715	8.3
442	-1.411339	228.623096	0.011681	8.6
443	-1.245372	228.370846	0.011104	10.7
444	-0.833100	228.119336	0.007265	8.9
445	-1.075469	227.868563	0.010019	8.5
446	-0.761211	227.618525	0.005782	7.9
447	-1.175752	227.369216	0.008770	10.7
448	-1.133409	227.120635	0.012004	8.6
449	-1.242369	226.872777	0.011095	7.4
450	-1.257516	226.625638	0.009277	8.7
451	-0.756967	226.379217	0.006982	8.2
452	-0.776200	226.133509	0.008326	10.5
453	-0.997499	225.888510	0.010076	8.4
454	-1.142928	225.644218	0.009482	8.6
455	-1.178152	225.400630	0.009247	8.5
456	-0.891050	225.157741	0.009483	8.8
457	-1.086145	224.915549	0.014775	12.5
458	-0.668539	224.674051	0.005046	8.5
459	-0.007070	224.433242	0.000476	9.1
460	-1.364749	224.193121	0.008349	8.2
461	-0.324594	223.953684	0.002777	10.9
462	-0.919982	223.714927	0.010261	8.4
463	-0.122683	223.476848	0.001156	8.1
464	-0.563546	223.239444	0.004069	8.1
465	-0.484723	223.002710	0.005836	10.1
466	-1.476302	222.766645	0.014022	8.8
467	-1.471973	222.531245	0.010651	8.5
468	-0.309696	222.296508	0.004679	8.8
469	-0.972036	222.062429	0.009179	8.5
470	-0.536908	221.829007	0.005819	19.6
471	-0.595027	221.596238	0.003995	13.4
472	-0.981252	221.364119	0.008192	15.4
473	-1.299927	221.132647	0.009425	18.9
474	-1.271181	220.901820	0.009549	14.7
475	-1.248560	220.671634	0.010803	16.7
476	-1.212560	220.442086	0.007674	23.4
477	-1.275779	220.213174	0.008923	17.9
478	-0.116890	219.984895	0.001436	12.9
479	-1.250316	219.757246	0.015285	12.0
480	-1.227094	219.530224	0.009065	14.3
481	-0.907726	219.303826	0.007602	12.0
482	-1.234739	219.078050	0.009809	12.6
483	-0.704666	218.852893	0.007881	16.1
484	-1.303662	218.628352	0.009333	14.0
485	-1.265528	218.404424	0.006939	18.3
486	-0.470172	218.181106	0.004558	10.5
487	-0.772082	217.958397	0.007899	10.4
488	-1.051805	217.736292	0.009206	8.7
489	-0.846177	217.514790	0.010409	8.6
490	-0.358564	217.293888	0.002554	15.5
491	-0.582680	217.073584	0.002990	10.0
492	-0.339528	216.853873	0.005262	9.2
493	-0.707880	216.634755	0.007316	9.1
494	-1.271199	216.416227	0.012973	10.5
495	-1.261805	216.198285	0.010826	8.8
496	-0.545277	215.980927	0.007746	8.1
497	-0.845609	215.764151	0.010171	8.9
498	-1.130897	215.547955	0.011203	8.8
499	-1.350487	215.332335	0.008313	11.1
500	-0.949491	215.117289	0.005418	8.4
501	-1.048977	214.902815	0.008449	8.2
502	-0.931140	214.688911	0.009965	8.0
503	-1.139202	214.475573	0.010397	9.4
504	-0.860305	214.262800	0.005465	9.1
505	-1.188604	214.050588	0.017957	8.1
506	-1.109109	213.838936	0.010814	8.6
507	-1.389328	213.627842	0.009298	7.7
508	-0.695233	213.417302	0.005056	11.6
509	-0.057623	213.207314	0.002366	8.5
510	-0.660639	212.997877	0.005168	8.0
511	-1.119643	212.788987	0.009657	8.2
512	-0.740162	212.580642	0.005874	10.0
513	-0.002609	212.372841	0.000083	7.9
514	-0.930566	212.165581	0.010629	7.8
515	-0.176736	211.958859	0.002180	8.3
516	-0.877256	211.752673	0.006542	8.2
517	-1.220793	211.547021	0.007817	10.5
518	-0.593063	211.341902	0.010196	8.2
519	-1.267530	211.137311	0.010307	8.6
520	-1.226173	210.933248	0.009107	7.9
521	-0.403169	210.729710	0.006027	8.3
522	-1.221906	210.526695	0.008431	10.4
523	-1.344192	210.324200	0.011917	9.0
524	-0.961354	210.122224	0.019020	8.4
525	-0.615264	209.920765	0.005423	7.5
526	-0.878800	209.719820	0.006685	8.1
527	-0.103976	209.519387	0.001370	10.3
528	-0.684882	209.319463	0.006002	8.1
529	-1.363987	209.120048	0.014266	9.8
530	-1.081438	208.921139	0.010675	8.0
531	-0.467828	208.722733	0.004559	7.7
532	-1.284341	208.524829	0.016681	10.9
533	-1.230437	208.327425	0.008391	8.5
534	-0.013843	208.130518	0.000123	7.1
535	-1.227118	207.934107	0.009498	9.0
536	-0.299435	207.738189	0.003824	10.7
537	-0.662194	207.542762	0.007505	7.0
538	-1.335227	207.347825	0.007216	8.5
539	-0.311326	207.153376	0.006644	8.0
540	-0.191291	206.959412	0.002512	9.5
541	-1.288545	206.765932	0.016632	9.9
542	-0.375022	206.572933	0.006716	9.0
543	-1.385720	206.380414	0.015254	8.3
544	-0.826275	206.188373	0.007098	8.2
545	-0.596898	205.996807	0.007027	8.8
546	-1.159459	205.805716	0.012316	10.1
547	-1.197750	205.615096	0.005354	8.6
548	-1.445142	205.424946	0.012584	7.9
549	-1.184735	205.235265	0.008797	8.7
550	-1.180965	205.046050	0.011176	10.5
551	-1.291788	204.857299	0.006165	9.7
552	-0.595005	204.669011	0.008725	8.1
553	-0.845589	204.481184	0.008314	8.3
554	-0.520400	204.293816	0.004254	8.9
555	-0.748968	204.106905	0.007822	10.4
556	-0.939839	203.920449	0.006831	9.2
557	-0.663440	203.734447	0.008001	8.0
558	-0.943880	203.548896	0.006985	8.7
559	-1.222566	203.363795	0.009099	10.6
560	-1.045111	203.179143	0.008901	8.4
561	-1.216517	202.994937	0.007765	9.8
562	-1.207144	202.811176	0.009395	8.7
563	-0.202098	202.627857	0.002010	8.7
564	-0.707660	202.444980	0.011129	9.1
565	-1.294229	202.262543	0.013504	8.5
566	-0.216479	202.080543	0.002675	9.4
567	-1.199899	201.898979	0.008517	10.7
568	-0.894629	201.717849	0.005622	10.8
569	-1.247451	201.537153	0.013878	9.2
570	-0.495469	201.356887	0.005601	10.8
571	-0.467814	201.177050	0.004369	10.1
572	-0.938154	200.997642	0.007223	9.4
573	-1.486051	200.818659	0.017580	8.6
574	-0.725189	200.640100	0.012057	8.8
575	-0.010232	200.461965	0.000758	13.2
576	-0.592005	200.284250	0.006387	9.2
577	-0.621364	200.106955	0.005576	9.3
578	-0.879573	199.930078	0.005229	8.7
579	-0.641057	199.753617	0.005812	11.1
580	-0.846093	199.577571	0.008825	8.1
581	-0.639874	199.401938	0.007242	9.2
582	-0.885107	199.226717	0.007906	8.9
583	-1.220342	199.051905	0.007576	8.7
584	-1.415175	198.877502	0.010181	12.8
585	-1.261259	198.703506	0.006200	9.1
586	-0.790070	198.529916	0.007127	9.9
587	-0.236890	198.356729	0.002125	9.0
588	-1.019087	198.183944	0.008630	11.9
589	-0.379950	198.011560	0.003673	8.4
590	-0.307477	197.839576	0.004105	8.7
591	-0.344169	197.667989	0.003735	13.8
592	-1.176525	197.496798	0.010185	8.8
593	-0.182491	197.326002	0.003529	8.3
594	-1.039315	197.155600	0.008485	8.6
595	-0.825561	196.985589	0.006130	10.3
596	-0.893542	196.815969	0.005931	11.7
597	-1.025318	196.646738	0.009897	7.6
598	-0.566372	196.477894	0.004650	9.0
599	-0.744281	196.309436	0.008350	9.0
600	-0.258997	196.141363	0.004182	11.8
601	-0.494887	195.973673	0.005595	8.2
602	-1.178218	195.806365	0.011937	8.4
603	-1.214774	195.639437	0.007797	8.1
604	-0.919148	195.472888	0.005795	10.2
605	-0.796847	195.306717	0.008845	8.7
606	-0.210457	195.140922	0.001406	8.4
607	-1.181437	194.975501	0.011659	9.4
608	-0.111537	194.810454	0.001631	12.2
609	-1.410831	194.645779	0.010204	9.8
610	-0.415524	194.481475	0.003265	9.6
611	-1.185145	194.317540	0.006106	9.1
612	-1.397277	194.153973	0.012001	12.5
613	-1.355743	193.990773	0.016061	9.8
614	-1.029692	193.827938	0.005208	10.2
615	-0.899549	193.665467	0.014451	12.2
616	-0.815882	193.503358	0.009499	23.7
617	-1.371655	193.341611	0.015274	16.0
618	-0.670511	193.180224	0.004775	15.4
619	-0.268618	193.019196	0.005915	14.5
620	-0.873757	192.858525	0.010264	13.3
621	-1.277003	192.698210	0.007961	15.1
622	-0.687109	192.538251	0.005894	17.6
623	-1.418070	192.378644	0.013498	15.5
624	-0.792548	192.219391	0.006994	9.2
625	-0.931799	192.060488	0.010129	9.4
626	-1.132233	191.901935	0.012037	12.0
627	-1.154214	191.743730	0.011847	9.5
628	-0.880157	191.585873	0.007797	9.2
629	-1.135924	191.428362	0.010252	9.5
630	-1.061306	191.271196	0.012951	11.1
631	-1.121913	191.114374	0.007260	8.4
632	-1.162903	190.957893	0.009947	7.5
633	-1.202451	190.801755	0.009974	8.2
634	-0.433860	190.645956	0.005246	10.6
635	-1.350424	190.490495	0.011627	8.2
636	-0.615571	190.335373	0.006387	8.9
637	-0.411315	190.180587	0.005194	10.7
638	-0.324749	190.026136	0.004796	11.9
639	-0.330027	189.872019	0.004045	10.8
640	-1.328034	189.718235	0.010235	10.0
641	-1.231245	189.564782	0.007077	9.8
642	-1.000042	189.411661	0.010063	11.4
643	-0.606721	189.258868	0.005669	9.4
644	-1.355797	189.106404	0.011660	8.8
645	-1.394349	188.954267	0.010689	9.3
646	-1.350309	188.802456	0.007782	9.7
647	-1.274580	188.650969	0.008397	10.0
648	-1.355409	188.499807	0.010069	12.3
649	-0.766408	188.348967	0.008374	15.7
650	-0.752782	188.198448	0.007371	10.6
651	-0.281588	188.048250	0.003022	10.4
652	-1.102812	187.898371	0.006467	8.9
653	-0.059251	187.748810	0.000234	7.4
654	-1.345672	187.599566	0.009351	10.3
655	-0.699858	187.450638	0.005102	10.6
656	-0.954028	187.302025	0.006556	8.8
657	-0.533879	187.153725	0.009067	8.6
658	-0.986515	187.005739	0.009745	11.6
659	-0.633873	186.858064	0.004874	9.7
660	-0.257848	186.710699	0.002222	10.7
661	-0.596320	186.563645	0.003700	8.1
662	-0.463586	186.416898	0.004337	9.8
663	-0.949635	186.270459	0.005903	8.8
664	-0.891629	186.124326	0.009107	8.2
665	-0.295149	185.978499	0.003659	7.5
666	-1.379189	185.832976	0.014633	10.9
667	-0.879233	185.687756	0.009686	8.8
668	-1.191654	185.542838	0.006702	8.0
669	-1.274503	185.398222	0.012150	9.0
670	-1.388096	185.253906	0.014026	7.8
671	-1.283301	185.109889	0.010575	11.7
672	-1.451709	184.966170	0.010188	8.3
673	-1.282278	184.822748	0.006438	8.3
674	-0.822370	184.679623	0.005363	8.8
675	-1.296563	184.536792	0.008073	10.5
676	-1.338977	184.394256	0.010363	8.6
677	-1.215409	184.252013	0.007724	8.2
678	-1.265120	184.110062	0.015869	8.5
679	-0.612732	183.968403	0.004684	8.1
680	-0.210458	183.827034	0.003621	11.4
681	-0.647659	183.685954	0.008417	8.8
682	-0.000026	183.545163	0.000027	8.6
683	-1.259069	183.404658	0.009690	8.1
684	-1.129002	183.264441	0.005412	10.3
685	-0.476038	183.124509	0.004663	8.9
686	-0.767999	182.984861	0.009868	9.5
687	-1.001986	182.845497	0.006801	9.3
688	-0.682676	182.706416	0.007082	12.1
689	-0.815871	182.567616	0.005724	10.2
690	-0.163504	182.429098	0.002070	8.4
691	-0.596577	182.290859	0.004224	9.3
692	-1.340213	182.152899	0.007927	11.8
693	-1.349027	182.015217	0.013101	10.1
694	-1.260171	181.877813	0.017249	9.3
695	-1.050307	181.740684	0.009553	8.7
696	-1.196954	181.603832	0.008219	10.0
697	-1.311377	181.467253	0.009181	10.0
698	-0.762342	181.330948	0.005586	9.0
699	-1.359495	181.194916	0.008688	8.9
700	-0.143193	181.059155	0.001889	10.6
701	-0.357272	180.923666	0.004118	10.2
702	-1.246198	180.788446	0.010120	7.6
703	-0.482843	180.653496	0.004713	9.4
704	-0.524152	180.518814	0.005643	10.4
705	-0.656444	180.384399	0.008088	8.8
706	-1.302019	180.250251	0.014791	10.4
707	-1.146784	180.116369	0.007184	9.5
708	-0.819746	179.982752	0.005840	11.9
709	-1.343752	179.849398	0.010382	10.9
710	-0.093092	179.716308	0.001459	9.0
711	-0.751621	179.583480	0.008086	10.1
712	-0.147047	179.450913	0.004342	9.7
713	-1.380787	179.318607	0.009550	10.6
714	-0.135656	179.186561	0.001709	8.5
715	-1.030439	179.054774	0.009498	8.4
716	-1.210975	178.923245	0.011567	8.0
717	-0.969034	178.791973	0.011431	10.5
718	-0.961338	178.660958	0.005720	8.2
719	-0.857942	178.530199	0.010863	9.1
720	-0.653424	178.399694	0.005886	8.1
721	-1.242779	178.269444	0.009788	9.2
722	-1.356225	178.139447	0.008517	8.0
723	-0.096127	178.009702	0.001716	8.4
724	-1.419469	177.880209	0.011126	9.4
725	-0.827851	177.750967	0.014161	9.0
726	-0.149130	177.621975	0.001996	11.3
727	-1.150185	177.493232	0.010293	8.1
728	-0.471428	177.364738	0.004814	8.6
729	-0.685921	177.236492	0.005833	7.5
730	-1.255936	177.108492	0.007940	10.4
731	-0.947651	176.980739	0.004718	7.4
732	-1.243074	176.853231	0.008598	8.4
733	-0.898881	176.725968	0.008153	9.4
734	-1.254409	176.598949	0.015955	7.9
735	-0.334577	176.472173	0.004081	10.3
736	-1.302674	176.345639	0.012594	8.2
737	-1.356403	176.219348	0.011724	8.4
738	-1.238056	176.093296	0.012676	8.2
739	-0.773755	175.967486	0.008958	9.0
740	-1.301709	175.841914	0.006763	12.4
741	-0.287686	175.716581	0.004038	9.1
742	-0.548571	175.591486	0.006179	8.9
743	-1.321534	175.466629	0.011688	10.9
744	-0.445978	175.342008	0.005854	10.4
745	-0.651005	175.217622	0.004552	7.7
746	-1.104904	175.093472	0.008071	7.9
747	-0.888645	174.969556	0.006623	9.3
748	-1.207465	174.845873	0.008678	10.1
749	-0.754698	174.722423	0.006397	10.3
750	-1.408972	174.599206	0.009285	9.7
751	-0.279336	174.476220	0.002863	9.2
752	-1.253952	174.353464	0.006413	15.0
753	-1.245039	174.230939	0.011036	9.8
754	-0.885906	174.108643	0.007839	8.6
755	-0.943294	173.986576	0.007748	11.1
756	-1.265600	173.864737	0.013029	10.8
757	-0.894525	173.743124	0.003785	8.6
758	-0.765324	173.621739	0.009321	11.7
759	-1.291418	173.500579	0.011931	9.1
760	-0.672774	173.379645	0.007747	11.6
761	-0.701864	173.258935	0.008207	10.4
762	-1.324812	173.138449	0.009697	8.3
763	-1.074227	173.018186	0.008791	8.6
764	-1.156443	172.898146	0.007530	9.2
765	-0.755591	172.778327	0.002440	9.1
766	-1.131752	172.658730	0.005868	8.8
767	-1.355695	172.539353	0.012726	8.5
768	-1.289318	172.420196	0.008261	8.7
769	-1.325556	172.301258	0.013560	13.6
770	-0.206008	172.182539	0.003126	9.0
771	-1.122570	172.064037	0.007851	9.0
772	-0.287453	171.945753	0.004950	9.3
773	-1.324230	171.827686	0.012465	12.5
774	-0.937311	171.709834	0.006154	9.6
775	-1.370493	171.592198	0.010252	8.7
776	-1.255974	171.474776	0.009725	11.3
777	-1.315483	171.357568	0.009284	9.2
778	-0.500050	171.240574	0.007033	8.5
779	-0.479340	171.123793	0.005371	9.3
780	-1.173930	171.007223	0.007555	9.8
781	-1.120143	170.890865	0.009392	11.2
782	-1.012701	170.774718	0.007224	10.0
783	-0.680512	170.658782	0.009299	8.2
784	-0.865591	170.543055	0.011114	10.0
785	-1.414416	170.427537	0.012392	9.7
786	-1.210302	170.312227	0.012008	8.9
787	-0.816362	170.197125	0.003531	8.6
788	-1.235749	170.082231	0.006114	8.9
789	-0.063078	169.967543	0.001455	11.0
790	-1.389599	169.853061	0.006599	8.6
791	-1.196828	169.738784	0.008782	10.4
792	-0.749260	169.624713	0.005339	11.6
793	-0.644799	169.510845	0.004011	7.7
794	-1.347165	169.397181	0.009849	8.8
795	-1.401904	169.283720	0.017976	9.1
796	-1.032268	169.170462	0.006472	9.3
797	-0.846522	169.057405	0.008557	12.3
798	-0.481824	168.944549	0.007600	8.4
799	-1.165141	168.831895	0.007929	8.6
800	-1.378767	168.719440	0.005565	8.5
801	-0.580803	168.607185	0.006318	10.9
802	-0.744913	168.495129	0.007508	9.7
803	-1.312746	168.383271	0.008535	8.5
804	-1.347300	168.271611	0.008377	8.8
805	-1.468673	168.160148	0.013127	11.1
806	-1.116562	168.048882	0.006782	8.4
807	-1.260250	167.937812	0.019177	9.2
808	-1.287187	167.826938	0.006456	7.4
809	-0.255266	167.716258	0.001882	9.6
810	-0.539974	167.605773	0.004068	10.8
811	-1.371082	167.495482	0.008555	8.2
812	-1.331959	167.385384	0.008339	9.0
813	-1.156685	167.275479	0.008596	8.1
814	-0.458737	167.165766	0.006884	10.6
815	-1.266689	167.056245	0.008060	7.8
816	-0.243567	166.946915	0.002627	9.2
817	-0.886178	166.837776	0.006527	8.4
818	-1.148233	166.728826	0.003946	9.6
819	-0.738397	166.620067	0.008350	10.6
820	-0.328181	166.511496	0.003106	7.9
821	-0.717625	166.403113	0.008149	9.0
822	-1.098701	166.294919	0.017844	7.5
823	-1.367116	166.186912	0.009264	10.4
824	-1.271216	166.079091	0.005756	8.7
825	-0.927908	165.971458	0.008415	8.3
826	-0.492154	165.864009	0.006296	8.4
827	-0.444437	165.756747	0.005708	12.5
828	-1.259696	165.649669	0.015117	9.4
829	-1.254784	165.542775	0.007631	8.1
830	-0.282274	165.436065	0.004386	8.0
831	-1.191507	165.329538	0.013220	9.8
832	-0.751554	165.223194	0.006797	10.5
833	-1.261654	165.117032	0.017425	9.3
834	-1.286138	165.011052	0.006778	8.0
835	-1.224429	164.905253	0.008386	9.0
836	-0.964874	164.799635	0.008035	10.5
837	-0.668419	164.694197	0.005155	8.8
838	-1.361973	164.588939	0.010128	8.1
839	-1.417334	164.483859	0.008375	8.4
840	-0.435782	164.378959	0.005152	8.3
841	-1.227427	164.274237	0.007338	12.2
842	-0.751611	164.169692	0.006246	9.6
843	-0.329583	164.065325	0.003199	9.0
844	-1.039987	163.961135	0.012658	10.3
845	-0.551278	163.857120	0.005565	10.6
846	-1.432647	163.753282	0.012875	8.3
847	-0.852796	163.649619	0.007968	8.4
848	-1.439952	163.546130	0.007830	8.1
849	-0.289233	163.442816	0.002297	9.6
850	-0.953836	163.339676	0.013586	10.0
851	-0.718440	163.236709	0.006204	10.0
852	-0.426913	163.133915	0.009307	8.4
853	-0.540105	163.031294	0.002949	9.5
854	-0.260417	162.928844	0.001613	7.7
855	-0.949866	162.826566	0.005965	9.1
856	-0.675985	162.724459	0.006779	8.8
857	-0.347953	162.622523	0.003853	8.6
858	-0.980981	162.520757	0.006149	10.4
859	-1.208782	162.419160	0.010333	8.1
860	-1.323871	162.317733	0.010219	8.0
861	-1.064275	162.216474	0.005926	9.9
862	-1.307016	162.115383	0.014474	8.9
863	-0.519377	162.014461	0.006765	10.8
864	-0.097810	161.913705	0.002295	7.7
865	-0.719162	161.813117	0.009709	9.0
866	-0.598945	161.712695	0.005765	8.9
867	-1.025784	161.612439	0.010121	10.5
868	-1.243612	161.512349	0.004755	13.0
869	-1.274627	161.412424	0.010020	10.6
870	-1.297225	161.312663	0.010008	8.3
871	-0.006558	161.213067	0.001179	11.4
872	-1.286593	161.113635	0.010377	16.6
873	-0.403016	161.014366	0.004294	15.5
874	-0.405266	160.915260	0.006072	10.3
875	-1.529214	160.816316	0.018058	8.5
876	-0.916820	160.717535	0.008447	9.3
877	-1.266935	160.618915	0.014421	10.9
878	-0.614524	160.520456	0.006113	8.8
879	-0.751450	160.422158	0.007519	9.4
880	-0.862008	160.324021	0.005710	8.6
881	-1.276575	160.226043	0.006241	8.7
882	-0.675968	160.128225	0.007758	9.1
883	-0.817356	160.030566	0.007062	11.7
884	-1.161878	159.933066	0.007901	9.6
885	-1.200465	159.835723	0.007677	13.9
886	-1.375773	159.738539	0.010473	19.5
887	-1.177076	159.641512	0.006444	13.5
888	-1.218516	159.544642	0.012241	12.7
889	-1.440304	159.447929	0.011204	12.8
890	-0.876565	159.351372	0.007734	12.4
891	-0.307554	159.254971	0.004197	12.9
892	-0.776407	159.158725	0.007223	14.4
893	-0.156366	159.062634	0.002143	12.8
894	-1.431892	158.966697	0.007038	12.2
895	-0.281571	158.870915	0.005093	16.4
896	-1.312294	158.775286	0.007240	12.8
897	-1.438408	158.679811	0.011411	12.6
898	-1.326162	158.584489	0.008921	14.0
899	-1.423877	158.489319	0.007003	14.2
900	-0.224520	158.394302	0.002649	9.9
901	-0.851548	158.299436	0.006118	17.7
902	-0.950767	158.204721	0.008982	8.1
903	-0.231240	158.110158	0.003993	10.0
904	-0.328891	158.015745	0.002848	9.3
905	-0.203674	157.921482	0.001940	12.3
906	-0.128477	157.827369	0.004452	9.8
907	-0.339478	157.733406	0.006301	8.8
908	-0.577216	157.639591	0.005029	9.6
909	-1.326733	157.545925	0.007490	11.6
910	-0.908243	157.452408	0.007571	8.7
911	-1.299139	157.359038	0.006479	9.6
912	-1.474490	157.265816	0.009625	8.5
913	-1.290675	157.172741	0.009838	11.8
914	-1.114905	157.079813	0.007430	12.9
915	-1.332242	156.987031	0.009523	9.0
916	-0.568464	156.894395	0.005024	12.1
917	-1.405069	156.801904	0.009591	13.3
918	-1.294703	156.709559	0.008107	9.2
919	-1.317414	156.617359	0.013216	9.4
920	-0.854529	156.525304	0.008655	8.8
921	-1.343977	156.433392	0.008861	10.0
922	-0.826546	156.341624	0.006040	9.0
923	-0.837808	156.250000	0.008659	9.3
924	-1.300375	156.158519	0.010485	9.0
925	-1.039782	156.067180	0.008195	9.2
926	-1.253679	155.975984	0.008970	10.5
927	-1.423602	155.884930	0.009887	9.8
928	-0.886450	155.794017	0.003539	8.8
929	-1.250919	155.703246	0.008124	8.9
930	-1.179818	155.612615	0.013079	11.1
931	-0.756741	155.522125	0.006267	9.3
932	-1.072871	155.431775	0.010899	8.2
933	-1.349194	155.341565	0.008028	8.8
934	-0.164975	155.251495	0.001465	10.9
935	-1.109034	155.161563	0.013323	8.6
936	-0.456396	155.071771	0.003602	6.9
937	-0.695009	154.982117	0.003832	8.4
938	-1.091010	154.892601	0.010858	11.7
939	-0.953609	154.803222	0.007320	7.7
940	-0.127904	154.713981	0.001960	8.4
941	-1.041059	154.624878	0.011528	7.6
942	-0.999245	154.535910	0.008391	8.0
943	-0.818027	154.447080	0.007608	10.6
944	-1.278258	154.358385	0.007518	8.1
945	-0.200432	154.269826	0.003001	7.9
946	-0.458850	154.181402	0.004758	7.9
947	-0.756383	154.093114	0.009000	8.1
948	-1.362592	154.004960	0.008684	11.1
949	-1.359779	153.916940	0.018355	6.8
950	-1.167920	153.829054	0.005130	8.5
951	-0.495356	153.741303	0.006855	9.5
952	-0.879272	153.653684	0.006915	8.9
953	-1.336130	153.566198	0.007293	11.1
954	-0.758136	153.478846	0.006976	8.3
955	-0.232333	153.391625	0.001550	7.7
956	-1.030031	153.304537	0.007039	8.5
957	-1.141455	153.217580	0.014149	11.3
958	-0.349235	153.130755	0.004565	8.9
959	-0.708036	153.044061	0.005388	10.3
960	-0.436889	152.957498	0.005570	9.1
961	-1.354463	152.871065	0.007212	10.3
962	-1.422494	152.784762	0.020029	10.1
963	-0.531593	152.698589	0.005690	9.2
964	-1.256470	152.612545	0.012097	9.0
965	-1.003115	152.526631	0.006715	11.2
966	-0.753358	152.440845	0.007810	9.6
967	-1.181291	152.355188	0.009044	8.9
968	-0.970072	152.269660	0.005925	8.6
969	-1.121505	152.184259	0.012343	8.4
970	-1.139353	152.098986	0.005159	10.7
971	-1.007601	152.013840	0.008096	9.2
972	-0.928666	151.928821	0.006024	9.4
973	-1.210165	151.843928	0.005711	11.5
974	-1.147501	151.759163	0.007306	11.1
975	-1.474242	151.674523	0.008905	9.3
976	-0.942593	151.590009	0.010019	9.0
977	-1.171896	151.505620	0.005109	9.6
978	-0.894366	151.421357	0.010019	9.7
979	-0.509801	151.337218	0.006613	9.4
980	-1.209335	151.253204	0.009143	8.8
981	-1.465262	151.169314	0.012509	10.7
982	-0.897889	151.085549	0.006832	10.2
983	-1.216868	151.001907	0.008178	8.6
984	-1.031230	150.918388	0.006498	9.6
985	-1.288526	150.834992	0.006831	10.6
986	-1.289312	150.751719	0.010176	10.1
987	-0.815521	150.668569	0.006355	9.1
988	-1.051690	150.585541	0.006293	8.5
989	-1.357735	150.502634	0.007238	9.7
990	-1.051410	150.419849	0.008332	11.8
991	-1.221977	150.337186	0.006321	9.4
992	-0.836606	150.254644	0.007452	9.0
993	-1.287358	150.172222	0.005943	9.1
994	-1.107069	150.089921	0.006909	12.3
995	-0.100127	150.007740	0.000906	8.1
996	-0.804055	149.925679	0.006625	9.1
997	-1.123748	149.843737	0.011185	9.4
998	-0.989021	149.761915	0.005968	9.9
999	-1.213555	149.680212	0.009974	10.4
1000	-1.433325	149.598627	0.008427	8.8
1001	-0.817890	149.517161	0.008576	8.7
1002	-0.709902	149.435814	0.009842	14.1
1003	-0.681534	149.354584	0.007399	8.1
1004	-1.149616	149.273472	0.011288	8.7
1005	-0.505937	149.192477	0.007300	9.5
1006	-1.406762	149.111599	0.008923	11.4
1007	-0.926104	149.030838	0.005357	8.9
1008	-1.407279	148.950194	0.019058	7.6
1009	-1.254452	148.869666	0.008569	9.6
1010	-0.894882	148.789253	0.009030	11.1
1011	-0.932156	148.708957	0.006366	8.0
1012	-1.309671	148.628776	0.008082	8.8
1013	-1.289572	148.548710	0.009728	6.8
1014	-0.434767	148.468759	0.002533	11.2
1015	-0.525401	148.388923	0.004301	7.6
1016	-1.295504	148.309201	0.012200	8.5
1017	-1.340665	148.229594	0.011140	8.6
1018	-0.867990	148.150100	0.008945	8.3
1019	-0.262127	148.070719	0.002340	9.8
1020	-1.272189	147.991452	0.012258	8.8
1021	-1.255513	147.912298	0.004446	7.6
1022	-0.813656	147.833257	0.003870	7.6
1023	-1.271054	147.754329	0.014876	8.2
1024	-1.269717	147.675512	0.005800	10.4
1025	-0.463060	147.596808	0.005693	8.3
1026	-0.995765	147.518216	0.004806	7.7
1027	-0.614423	147.439735	0.005522	8.3
1028	-0.888842	147.361365	0.006870	8.3
1029	-1.160199	147.283106	0.005817	12.2
1030	-1.196762	147.204958	0.007673	8.7
1031	-0.901726	147.126920	0.007281	7.9
1032	-0.444276	147.048993	0.004803	8.1
1033	-0.751532	146.971175	0.005352	8.3
1034	-0.749738	146.893468	0.005887	10.1
1035	-1.324123	146.815869	0.010092	8.2
1036	-0.787383	146.738380	0.007814	8.2
1037	-1.315318	146.661000	0.005972	7.8
1038	-1.158167	146.583729	0.008682	8.2
1039	-1.488039	146.506566	0.011430	10.7
1040	-0.175544	146.429511	0.001784	9.0
1041	-1.376072	146.352565	0.009179	8.4
1042	-1.199005	146.275726	0.007493	7.8
1043	-0.434279	146.198994	0.005846	8.1
1044	-0.157534	146.122370	0.001175	8.7
1045	-1.251107	146.045853	0.008329	8.4
1046	-0.370004	145.969442	0.004576	7.9
1047	-1.348363	145.893139	0.006498	8.5
1048	-0.611914	145.816941	0.004738	7.9
1049	-1.007031	145.740849	0.008738	10.5
1050	-0.803840	145.664863	0.004222	6.8
1051	-1.412595	145.588983	0.010833	8.5
1052	-1.152471	145.513208	0.007167	8.0
1053	-0.639760	145.437538	0.005757	8.6
1054	-0.952690	145.361973	0.009376	10.4
1055	-1.299658	145.286513	0.005817	8.1
1056	-0.310399	145.211157	0.002119	9.0
1057	-0.515533	145.135905	0.002965	9.8
1058	-0.933509	145.060757	0.003905	9.0
1059	-0.985604	144.985712	0.009327	9.6
1060	-0.793055	144.910771	0.007571	8.5
1061	-1.213002	144.835934	0.007833	8.3
1062	-0.174093	144.761199	0.001899	8.2
1063	-0.624605	144.686567	0.004849	10.8
1064	-0.867778	144.612037	0.010728	8.7
1065	-0.705146	144.537610	0.012625	8.3
1066	-1.070089	144.463285	0.007465	7.8
1067	-0.838373	144.389062	0.007312	8.6
1068	-1.135132	144.314940	0.007054	11.5
1069	-0.504146	144.240920	0.006561	8.9
1070	-0.897935	144.167001	0.008177	9.0
1071	-1.442582	144.093182	0.012888	7.9
1072	-0.878196	144.019465	0.008295	10.3
1073	-0.864511	143.945848	0.005623	8.4
1074	-1.133730	143.872331	0.013343	7.9
1075	-0.974545	143.798914	0.009628	6.8
1076	-0.785021	143.725597	0.004468	8.2
1077	-1.374316	143.652380	0.007366	11.2
1078	-1.302258	143.579262	0.007533	7.6
1079	-0.460917	143.506243	0.005000	8.4
1080	-1.235411	143.433323	0.012462	8.4
1081	-1.317285	143.360502	0.007458	8.3
1082	-0.907636	143.287780	0.006905	10.3
1083	-1.106616	143.215155	0.008901	8.1
1084	-0.645188	143.142629	0.008319	8.4
1085	-1.019435	143.070201	0.007601	8.3
1086	-0.497400	142.997870	0.006954	8.2
1087	-0.871109	142.925637	0.013410	9.9
1088	-0.738187	142.853501	0.005682	8.6
1089	-0.929656	142.781462	0.008354	10.0
1090	-0.731726	142.709519	0.004855	8.4
1091	-0.848208	142.637674	0.006195	8.5
1092	-1.081057	142.565924	0.003912	9.7
1093	-0.516658	142.494271	0.006175	8.5
1094	-0.721132	142.422714	0.005569	8.9
1095	-1.166613	142.351252	0.011212	8.5
1096	-0.702069	142.279886	0.008126	10.6
1097	-1.132844	142.208616	0.005264	8.6
1098	-0.335402	142.137440	0.003386	8.2
1099	-0.576323	142.066360	0.003640	8.7
1100	-1.191409	141.995374	0.008418	9.0
1101	-0.862660	141.924483	0.006520	10.6
1102	-0.902818	141.853685	0.006939	8.3
1103	-1.000764	141.782983	0.011246	8.9
1104	-0.742956	141.712373	0.005442	8.4
1105	-1.017479	141.641858	0.007266	10.5
1106	-1.245890	141.571436	0.005751	8.6
1107	-0.968313	141.501108	0.009791	8.1
1108	-1.322145	141.430872	0.007881	8.2
1109	-1.382700	141.360730	0.008833	8.6
1110	-0.077918	141.290680	0.001653	11.8
1111	-1.411551	141.220722	0.014725	8.5
1112	-0.962854	141.150857	0.006341	7.2
1113	-0.306289	141.081084	0.003538	8.5
1114	-0.847838	141.011403	0.005900	10.6
1115	-0.340432	140.941813	0.003272	6.7
1116	-0.452663	140.872315	0.004354	8.6
1117	-0.822529	140.802909	0.008810	8.0
1118	-0.545646	140.733593	0.004740	8.9
1119	-1.245763	140.664369	0.010868	10.9
1120	-0.716695	140.595235	0.010128	10.3
1121	-0.174820	140.526192	0.005400	8.5
1122	-0.898286	140.457239	0.006333	9.0
1123	-0.468471	140.388376	0.004473	10.2
1124	-0.680651	140.319603	0.005567	8.8
1125	-1.319483	140.250920	0.014288	8.2
1126	-1.352836	140.182326	0.012957	9.4
1127	-0.495994	140.113822	0.003630	6.7
1128	-0.485777	140.045407	0.006389	10.9
1129	-1.347511	139.977081	0.010006	9.3
1130	-0.141852	139.908844	0.002110	11.7
1131	-1.310649	139.840696	0.007759	10.6
1132	-0.558063	139.772635	0.005352	15.6
1133	-0.605092	139.704664	0.005381	7.9
1134	-1.309117	139.636780	0.005370	8.3
1135	-0.640584	139.568984	0.005855	9.0
1136	-0.743441	139.501276	0.006150	9.0
1137	-0.285108	139.433655	0.004386	12.8
1138	-0.746456	139.366122	0.006756	11.5
1139	-1.224274	139.298676	0.007775	8.8
1140	-1.002861	139.231317	0.008427	9.5
1141	-1.146329	139.164045	0.005510	9.0
1142	-0.845771	139.096859	0.006903	8.8
1143	-0.940625	139.029760	0.010161	8.5
1144	-0.888312	138.962747	0.008973	8.8
1145	-0.377907	138.895820	0.006148	11.1
1146	-1.050906	138.828978	0.007418	8.2
1147	-0.556351	138.762223	0.005760	8.7
1148	-1.387026	138.695553	0.009569	8.4
1149	-1.014703	138.628969	0.008531	12.0
1150	-0.787703	138.562469	0.007676	16.8
1151	-0.881690	138.496055	0.003956	12.8
1152	-0.832656	138.429725	0.004451	15.7
1153	-1.260437	138.363481	0.007593	13.8
1154	-0.340101	138.297320	0.002937	11.3
1155	-0.886468	138.231244	0.006833	15.5
1156	-0.614715	138.165252	0.008596	15.5
1157	-1.247883	138.099344	0.009275	14.5
1158	-1.135680	138.033520	0.007707	15.1
1159	-0.892159	137.967779	0.008294	12.0
1160	-1.077595	137.902122	0.009458	12.3
1161	-1.231392	137.836548	0.012879	13.5
1162	-1.062358	137.771057	0.012190	13.7
1163	-0.493065	137.705649	0.005028	12.4
1164	-1.188957	137.640324	0.007851	16.7
1165	-0.919458	137.575081	0.007928	16.1
1166	-0.954251	137.509921	0.007682	8.7
1167	-1.284889	137.444842	0.008717	10.0
1168	-0.941785	137.379846	0.010522	10.6
1169	-0.824994	137.314932	0.009994	10.7
1170	-0.567979	137.250100	0.002897	11.7
1171	-1.267781	137.185349	0.008634	13.3
1172	-1.318796	137.120680	0.010835	8.1
1173	-0.209318	137.056092	0.002358	7.7
1174	-1.151096	136.991585	0.006208	8.7
1175	-0.529140	136.927158	0.006019	8.6
1176	-1.366842	136.862813	0.011000	12.6
1177	-0.379985	136.798548	0.004201	8.1
1178	-1.044512	136.734363	0.010476	8.3
1179	-0.297748	136.670259	0.003219	8.9
1180	-1.107580	136.606235	0.009760	8.0
1181	-0.349186	136.542291	0.001684	9.6
1182	-0.923747	136.478426	0.007185	7.5
1183	-1.473458	136.414641	0.010849	7.9
1184	-1.078511	136.350936	0.007752	8.4
1185	-1.280847	136.287310	0.005721	8.2
1186	-1.318253	136.223763	0.011102	10.2
1187	-0.577671	136.160295	0.006260	8.7
1188	-0.276223	136.096905	0.002398	8.8
1189	-1.470140	136.033594	0.009233	8.0
1190	-1.419372	135.970362	0.009744	9.6
1191	-0.866974	135.907208	0.003923	9.8
1192	-0.939930	135.844133	0.006876	8.2
1193	-1.165316	135.781135	0.007092	9.1
1194	-0.013464	135.718215	0.000067	7.2
1195	-0.690015	135.655373	0.008073	11.0
1196	-0.500405	135.592608	0.007683	7.9
1197	-0.108022	135.529921	0.001167	7.4
1198	-1.293145	135.467311	0.008783	8.7
1199	-1.344532	135.404778	0.008033	8.7
1200	-1.212416	135.342322	0.008797	10.5
1201	-1.238289	135.279942	0.008256	8.7
1202	-0.208225	135.217640	0.003064	7.4
1203	-0.922291	135.155413	0.009334	9.6
1204	-1.189620	135.093263	0.006338	9.0
1205	-0.729693	135.031190	0.007551	10.9
1206	-0.829376	134.969192	0.007863	9.3
1207	-1.003738	134.907270	0.006152	6.8
1208	-0.652685	134.845424	0.007718	8.5
1209	-1.372859	134.783653	0.006738	11.0
1210	-0.994864	134.721958	0.004402	8.5
1211	-0.854201	134.660338	0.006170	8.1
1212	-1.016927	134.598793	0.011680	9.5
1213	-0.986757	134.537323	0.006103	10.2
1214	-0.894822	134.475927	0.005719	9.6
1215	-1.373197	134.414607	0.008249	9.2
1216	-0.046088	134.353361	0.002036	11.8
1217	-0.944631	134.292189	0.005396	11.7
1218	-0.469207	134.231092	0.006307	9.8
1219	-0.895793	134.170068	0.008875	9.8
1220	-0.069917	134.109119	0.002400	9.2
1221	-1.288159	134.048243	0.010840	11.0
1222	-1.011612	133.987441	0.008401	9.7
1223	-1.000882	133.926713	0.006902	9.6
1224	-1.238611	133.866057	0.006814	8.9
1225	-1.026317	133.805475	0.009032	10.1
1226	-0.842618	133.744966	0.009206	9.3
1227	-0.361008	133.684530	0.003353	11.0
1228	-1.387654	133.624167	0.013057	9.7
1229	-0.943850	133.563877	0.010035	12.9
1230	-1.153675	133.503658	0.009798	9.0
1231	-1.262156	133.443513	0.010818	9.7
1232	-1.199068	133.383439	0.007635	9.2
1233	-0.825357	133.323437	0.006911	10.9
1234	-0.803391	133.263508	0.004954	6.3
1235	-1.282718	133.203650	0.006589	10.0
1236	-0.842639	133.143864	0.007358	9.4
1237	-1.034136	133.084149	0.005625	8.7
1238	-0.990943	133.024506	0.009010	10.9
1239	-0.959969	132.964934	0.007518	9.0
1240	-1.282004	132.905433	0.006553	9.4
1241	-0.735558	132.846003	0.007724	10.0
1242	-0.597412	132.786643	0.004418	10.0
1243	-1.206633	132.727355	0.007408	8.8
1244	-1.324168	132.668137	0.010985	9.0
1245	-1.438446	132.608989	0.013192	10.9
1246	-1.134581	132.549912	0.011076	9.8
1247	-1.115360	132.490904	0.008568	9.5
1248	-0.769737	132.431967	0.006270	9.3
1249	-0.752568	132.373100	0.007434	10.5
1250	-1.095511	132.314302	0.012958	10.9
1251	-0.821234	132.255574	0.009176	9.5
1252	-0.669841	132.196916	0.004075	8.9
1253	-1.057110	132.138326	0.007622	10.2
1254	-0.921042	132.079806	0.005485	10.1
1255	-0.103182	132.021355	0.000735	8.9
1256	-0.482558	131.962973	0.003943	9.6
1257	-1.329047	131.904660	0.007864	10.5
1258	-0.981460	131.846415	0.007028	9.9
1259	-0.647707	131.788239	0.004493	9.1
1260	-0.286297	131.730131	0.002661	8.6
1261	-1.048420	131.672092	0.005250	10.9
1262	-1.077357	131.614121	0.008205	10.6
1263	-1.325395	131.556217	0.009446	8.2
1264	-0.966861	131.498382	0.006262	7.8
1265	-1.352818	131.440614	0.010537	8.2
1266	-1.192093	131.382914	0.008574	10.2
1267	-1.104001	131.325282	0.007458	8.7
1268	-0.189877	131.267717	0.004316	6.7
1269	-1.357234	131.210219	0.009052	8.8
1270	-1.037129	131.152788	0.007846	10.0
1271	-0.865794	131.095424	0.007222	10.4
1272	-0.788825	131.038127	0.006028	10.1
1273	-0.478736	130.980897	0.004262	8.5
1274	-0.878665	130.923733	0.005047	8.7
1275	-0.800797	130.866636	0.005211	10.5
1276	-1.025371	130.809605	0.005536	6.7
1277	-1.109940	130.752641	0.011366	11.8
1278	-1.209706	130.695742	0.008192	8.0
1279	-1.343880	130.638910	0.008586	9.1
1280	-1.409567	130.582143	0.008591	10.4
1281	-0.000006	130.525442	0.000008	8.4
1282	-0.622953	130.468807	0.002790	8.8
1283	-0.301795	130.412237	0.002744	7.8
1284	-1.340709	130.355733	0.010487	12.1
1285	-1.328058	130.299294	0.010720	8.5
1286	-0.230404	130.242920	0.003554	7.8
1287	-1.239495	130.186611	0.007530	8.6
1288	-0.636569	130.130366	0.008654	8.0
1289	-0.608242	130.074187	0.005997	10.6
1290	-0.650354	130.018072	0.005676	8.9
1291	-0.953674	129.962022	0.009651	8.7
1292	-0.006094	129.906036	0.000268	7.7
1293	-0.211302	129.850114	0.002237	8.4
1294	-0.455108	129.794257	0.003966	11.0
1295	-1.318604	129.738463	0.007666	7.8
1296	-0.190635	129.682734	0.002235	8.0
1297	-1.273603	129.627068	0.005296	7.2
1298	-0.785694	129.571466	0.006304	10.9
1299	-1.413877	129.515927	0.008215	8.4
1300	-0.694187	129.460452	0.005226	7.9
1301	-1.192690	129.405040	0.014451	8.2
1302	-1.323643	129.349692	0.007573	8.2
1303	-0.153220	129.294406	0.001471	10.1
1304	-1.276596	129.239183	0.006068	7.5
1305	-0.956198	129.184024	0.006279	8.5
1306	-0.723540	129.128927	0.006127	8.2
1307	-1.209454	129.073892	0.011052	7.8
1308	-0.728856	129.018921	0.003614	9.9
1309	-0.124517	128.964011	0.003208	8.0
1310	-0.571082	128.909164	0.005379	8.1
1311	-1.404097	128.854379	0.019940	8.9
1312	-0.334290	128.799656	0.003889	7.9
1313	-1.234268	128.744995	0.007131	10.3
1314	-1.055684	128.690396	0.010343	8.2
1315	-1.137140	128.635858	0.009700	8.6
1316	-1.240944	128.581382	0.008790	8.1
1317	-0.994634	128.526968	0.007080	8.4
1318	-1.226869	128.472615	0.014881	11.7
1319	-1.138226	128.418323	0.007351	8.1
1320	-0.334297	128.364092	0.004000	8.3
1321	-1.106063	128.309922	0.010286	9.2
1322	-1.125866	128.255814	0.006108	11.2
1323	-1.088722	128.201766	0.005596	9.3
1324	-1.234518	128.147778	0.007911	8.5
1325	-0.854598	128.093852	0.004348	8.2
1326	-1.429527	128.039985	0.009435	8.4
1327	-1.200812	127.986180	0.011192	11.8
1328	-1.396097	127.932434	0.008950	8.0
1329	-1.257369	127.878749	0.006579	7.8
1330	-0.198675	127.825123	0.002307	7.5
1331	-0.542856	127.771558	0.003048	9.7
1332	-1.180616	127.718052	0.011963	8.2
1333	-0.339765	127.664606	0.003565	7.8
1334	-1.321207	127.611220	0.008334	8.8
1335	-0.546074	127.557893	0.006687	8.1
1336	-0.900973	127.504625	0.011914	9.9
1337	-1.045969	127.451417	0.007836	8.0
1338	-1.117308	127.398268	0.008775	8.1
1339	-0.535815	127.345178	0.007075	7.4
1340	-0.212923	127.292147	0.002851	8.2
1341	-0.531698	127.239175	0.007954	10.6
1342	-1.305983	127.186261	0.007881	7.7
1343	-1.333383	127.133407	0.006755	8.8
1344	-1.219405	127.080610	0.006945	7.9
1345	-0.224466	127.027872	0.001896	8.8
1346	-1.295415	126.975193	0.008668	10.4
1347	-0.895748	126.922572	0.008343	8.1
1348	-0.847705	126.870008	0.005820	8.3
1349	-0.186354	126.817503	0.004847	8.2
1350	-1.350264	126.765056	0.009808	9.5
1351	-0.772468	126.712667	0.007396	8.5
1352	-1.183094	126.660335	0.006220	8.3
1353	-0.781000	126.608061	0.007849	8.0
1354	-0.339754	126.555844	0.003481	8.2
1355	-0.821953	126.503685	0.003467	9.5
1356	-0.982048	126.451583	0.006825	8.2
1357	-1.330212	126.399538	0.006622	7.7
1358	-1.296693	126.347550	0.011270	8.6
1359	-0.053749	126.295619	0.000485	7.7
1360	-1.173688	126.243745	0.008039	10.2
1361	-1.333654	126.191928	0.011063	9.1
1362	-0.812791	126.140168	0.007120	8.7
1363	-0.976673	126.088464	0.006066	7.8
1364	-0.395698	126.036817	0.002356	6.2
1365	-0.007091	125.985226	0.000191	10.8
1366	-1.132180	125.933691	0.007298	7.5
1367	-1.130070	125.882212	0.007443	9.5
1368	-1.364712	125.830790	0.013094	7.7
1369	-1.161323	125.779423	0.005969	8.2
1370	-0.706532	125.728113	0.006381	10.5
1371	-0.688894	125.676858	0.004353	7.5
1372	-0.916463	125.625659	0.010817	8.5
1373	-1.326615	125.574515	0.006848	8.0
1374	-0.746593	125.523427	0.008067	8.1
1375	-0.797411	125.472394	0.007180	11.0
1376	-1.189290	125.421417	0.005731	8.4
1377	-1.348798	125.370495	0.009849	7.7
1378	-1.369233	125.319628	0.009863	9.1
1379	-1.332996	125.268815	0.009291	8.5
1380	-1.295546	125.218058	0.007174	10.4
1381	-0.521556	125.167356	0.008589	8.2
1382	-1.312575	125.116708	0.011406	8.4
1383	-0.915968	125.066115	0.011745	7.7
1384	-1.220530	125.015576	0.009018	10.9
1385	-0.988616	124.965092	0.005319	9.5
1386	-0.753229	124.914662	0.006455	8.1
1387	-0.676610	124.864287	0.006882	10.3
1388	-0.871521	124.813965	0.007688	10.7
1389	-1.305941	124.763698	0.010171	8.2
1390	-0.633476	124.713485	0.005192	9.0
1391	-0.945847	124.663325	0.006513	9.4
1392	-1.101418	124.613219	0.009705	8.4
1393	-0.636762	124.563167	0.005327	9.4
1394	-0.668053	124.513168	0.005176	8.3
1395	-1.089730	124.463223	0.013517	8.0
1396	-0.546822	124.413332	0.005346	8.2
1397	-1.156621	124.363493	0.008332	10.5
1398	-0.498954	124.313708	0.009168	7.8
1399	-1.126621	124.263976	0.007950	10.2
1400	-0.821657	124.214297	0.007182	8.0
1401	-0.745910	124.164671	0.005948	8.6
1402	-0.574831	124.115097	0.004031	8.4
1403	-0.966143	124.065577	0.007675	7.8
1404	-1.166364	124.016109	0.008733	8.3
1405	-0.595675	123.966693	0.008836	8.5
1406	-1.299093	123.917330	0.008807	9.9
1407	-1.126499	123.868020	0.006012	8.0
1408	-0.772169	123.818762	0.006687	8.0
1409	-1.208180	123.769556	0.007318	7.7
1410	-0.679395	123.720402	0.005593	8.7
1411	-0.447294	123.671300	0.007055	10.0
1412	-0.909596	123.622250	0.006859	8.7
1413	-1.013673	123.573252	0.008243	7.7
1414	-1.378613	123.524305	0.007810	8.0
1415	-1.239723	123.475411	0.007290	8.7
1416	-1.326211	123.426568	0.012390	10.1
1417	-0.932857	123.377776	0.005914	8.5
1418	-0.714561	123.329036	0.006467	8.4
1419	-0.521397	123.280347	0.007041	8.0
1420	-1.303270	123.231709	0.012057	9.3
1421	-0.188061	123.183122	0.001718	11.2
1422	-1.284571	123.134587	0.015856	8.5
1423	-0.659549	123.086102	0.007067	8.0
1424	-1.315750	123.037669	0.008431	8.8
1425	-1.301154	122.989286	0.006829	12.0
1426	-0.539596	122.940954	0.004959	7.7
1427	-1.081249	122.892672	0.005053	7.7
1428	-0.569418	122.844441	0.008374	8.3
1429	-1.222174	122.796261	0.005718	7.8
1430	-0.486975	122.748130	0.004901	10.4
1431	-1.084006	122.700050	0.006612	8.3
1432	-0.901489	122.652021	0.007909	8.1
1433	-0.871191	122.604041	0.009827	7.5
1434	-0.739883	122.556111	0.010283	8.3
1435	-0.016680	122.508232	0.000867	10.4
1436	-0.667788	122.460402	0.006098	8.1
1437	-0.872667	122.412622	0.007756	8.3
1438	-1.369213	122.364891	0.005996	7.7
1439	-1.257709	122.317210	0.009439	8.2
1440	-0.931150	122.269579	0.008340	10.2
1441	-0.966964	122.221997	0.005930	8.5
1442	-0.178506	122.174465	0.002849	7.7
1443	-0.004453	122.126981	0.000142	8.2
1444	-0.281325	122.079547	0.004124	8.2
1445	-0.588832	122.032162	0.005173	9.9
1446	-1.451960	121.984826	0.017750	8.9
1447	-0.917978	121.937539	0.011928	8.3
1448	-1.341021	121.890301	0.010596	7.9
1449	-0.899281	121.843112	0.007228	7.6
1450	-0.946394	121.795971	0.005600	9.7
1451	-0.689228	121.748879	0.009305	8.8
1452	-1.391843	121.701835	0.013621	8.2
1453	-1.187792	121.654840	0.009618	7.6
1454	-0.291737	121.607893	0.004262	8.2
1455	-0.943668	121.560994	0.006420	10.6
1456	-0.706141	121.514144	0.005708	8.2
1457	-0.909493	121.467342	0.006412	7.6
1458	-0.451918	121.420588	0.004470	7.9
1459	-1.358468	121.373882	0.011672	7.6
1460	-1.083374	121.327223	0.008859	12.4
1461	-1.060941	121.280613	0.006930	7.9
1462	-0.431937	121.234050	0.004072	8.0
1463	-0.832522	121.187535	0.009945	8.3
1464	-1.065674	121.141067	0.007579	6.8
1465	-0.872172	121.094647	0.005491	10.4
1466	-1.252485	121.048274	0.009899	7.4
1467	-1.057091	121.001949	0.007623	8.5
1468	-0.722158	120.955671	0.005481	7.9
1469	-1.110442	120.909440	0.011350	8.0
1470	-0.176844	120.863256	0.002321	10.4
1471	-0.945133	120.817119	0.004616	8.4
1472	-0.732965	120.771029	0.002716	7.7
1473	-1.168563	120.724986	0.004514	7.1
1474	-0.247610	120.678990	0.003444	7.4
1475	-1.276333	120.633040	0.008160	11.3
1476	-0.737636	120.587137	0.007147	8.7
1477	-1.044983	120.541281	0.008209	7.9
1478	-1.123230	120.495471	0.003813	8.0
1479	-1.357122	120.449707	0.010031	7.7
1480	-1.142895	120.403990	0.007348	10.4
1481	-0.973040	120.358319	0.004837	8.7
1482	-1.348827	120.312694	0.008024	9.1
1483	-0.071081	120.267115	0.000742	7.0
1484	-0.801902	120.221582	0.009805	8.7
1485	-1.354434	120.176096	0.008230	9.8
1486	-0.626721	120.130655	0.005810	7.6
1487	-1.101980	120.085260	0.005556	9.6
1488	-1.176645	120.039910	0.004750	7.6
1489	-1.260786	119.994606	0.009559	9.2
1490	-1.404963	119.949348	0.009536	11.0
1491	-1.216489	119.904135	0.011409	7.8
1492	-1.362725	119.858968	0.009911	7.6
1493	-1.240062	119.813846	0.007921	7.9
1494	-1.268751	119.768769	0.011747	9.4
1495	-1.105032	119.723738	0.007974	7.9
1496	-1.131274	119.678752	0.006849	7.8
1497	-0.401152	119.633810	0.004940	8.6
1498	-0.787873	119.588914	0.007969	8.2
1499	-0.787020	119.544062	0.007014	9.7
1500	-1.277399	119.499256	0.006611	10.4
1501	-0.767522	119.454494	0.006223	7.3
1502	-0.605468	119.409777	0.002493	7.8
1503	-1.324567	119.365104	0.011641	7.7
1504	-0.411262	119.320476	0.006398	10.3
1505	-1.414465	119.275893	0.010304	8.7
1506	-0.728646	119.231353	0.003232	7.9
1507	-1.275038	119.186859	0.007969	8.8
1508	-1.295018	119.142408	0.008902	8.2
1509	-1.244837	119.098002	0.009562	17.0
1510	-1.300802	119.053639	0.008323	8.9
1511	-1.115966	119.009321	0.008010	8.2
1512	-0.846579	118.965047	0.006051	10.5
1513	-0.321530	118.920816	0.004179	7.9
1514	-0.143017	118.876630	0.000988	8.4
1515	-0.903061	118.832487	0.004090	8.4
1516	-1.190775	118.788388	0.012195	8.3
1517	-1.330392	118.744332	0.009624	11.3
1518	-0.511015	118.700320	0.005623	8.7
1519	-0.706930	118.656352	0.005798	8.7
1520	-1.438465	118.612427	0.009518	9.2
1521	-0.869722	118.568545	0.008231	12.3
1522	-0.970463	118.524706	0.008840	11.9
1523	-1.476213	118.480911	0.019123	9.0
1524	-0.641210	118.437159	0.003916	8.6
1525	-1.269170	118.393450	0.007150	12.6
1526	-1.000728	118.349784	0.007445	9.1
1527	-1.066978	118.306160	0.007606	8.6
1528	-0.947001	118.262580	0.006795	11.4
1529	-1.138324	118.219042	0.008578	15.6
1530	-0.570051	118.175548	0.011195	9.0
1531	-0.708430	118.132095	0.009044	11.0
1532	-1.337708	118.088686	0.008226	8.3
1533	-1.449226	118.045319	0.006889	10.2
1534	-0.612971	118.001994	0.004733	10.4
1535	-1.142720	117.958712	0.009220	9.3
1536	-1.362680	117.915472	0.010615	8.7
1537	-0.717614	117.872274	0.006029	7.2
1538	-1.330290	117.829118	0.008339	11.7
1539	-0.899556	117.786005	0.004884	8.5
1540	-1.261678	117.742933	0.009228	7.8
1541	-1.425976	117.699904	0.008236	9.0
1542	-0.929899	117.656916	0.005540	10.4
1543	-1.057648	117.613971	0.005434	8.2
1544	-1.167704	117.571067	0.007873	8.3
1545	-0.953813	117.528205	0.006696	8.0
1546	-1.340527	117.485384	0.007480	8.9
1547	-1.036944	117.442605	0.006787	10.7
1548	-1.365038	117.399867	0.010794	8.1
1549	-1.200640	117.357171	0.004648	8.2
1550	-1.384190	117.314517	0.007089	8.6
1551	-0.579133	117.271903	0.003653	6.8
1552	-0.360963	117.229331	0.002516	10.7
1553	-1.135292	117.186800	0.010480	8.3
1554	-0.875548	117.144311	0.007482	8.9
1555	-1.081687	117.101862	0.006429	8.1
1556	-1.229147	117.059454	0.013183	8.1
1557	-1.215213	117.017087	0.006770	11.5
1558	-1.282206	116.974762	0.010093	10.0
1559	-0.892480	116.932476	0.008715	9.3
1560	-0.504307	116.890232	0.005339	9.1
1561	-0.928309	116.848028	0.007422	11.6
1562	-0.618377	116.805865	0.008269	8.7
1563	-0.133192	116.763743	0.002293	8.6
1564	-1.407033	116.721661	0.007809	8.8
1565	-1.415795	116.679619	0.008684	13.4
1566	-1.065765	116.637618	0.004153	9.3
1567	-0.545539	116.595657	0.005202	8.7
1568	-0.343887	116.553736	0.004566	9.8
1569	-0.245671	116.511855	0.002738	11.6
1570	-0.525660	116.470015	0.008256	9.7
1571	-0.886876	116.428214	0.006484	8.9
1572	-1.159070	116.386454	0.008551	9.4
1573	-0.793166	116.344733	0.005983	12.2
1574	-0.685328	116.303052	0.006898	9.1
1575	-1.255721	116.261412	0.009527	9.0
1576	-1.238445	116.219810	0.006350	9.7
1577	-1.327946	116.178249	0.008199	10.4
1578	-1.486300	116.136727	0.007482	9.0
1579	-0.713626	116.095245	0.006755	8.9
1580	-1.321018	116.053802	0.006524	9.2
1581	-0.759952	116.012398	0.007213	11.9
1582	-1.368545	115.971034	0.014103	9.4
1583	-1.456612	115.929710	0.008010	9.0
1584	-1.302506	115.888424	0.009162	10.0
1585	-0.196396	115.847178	0.001808	10.3
1586	-0.481375	115.805970	0.003011	9.0
1587	-0.462693	115.764802	0.002700	8.0
1588	-1.368055	115.723673	0.007474	12.2
1589	-0.872521	115.682583	0.005972	9.8
1590	-0.641239	115.641532	0.004790	8.4
1591	-0.370256	115.600519	0.003750	8.5
1592	-0.174325	115.559546	0.002088	9.6
1593	-1.255466	115.518610	0.008106	11.1
1594	-1.387244	115.477714	0.008242	8.5
1595	-1.286460	115.436856	0.007059	8.7
1596	-0.991262	115.396037	0.005830	8.6
1597	-1.315013	115.355256	0.009818	11.1
1598	-1.352186	115.314514	0.007758	8.7
1599	-0.968966	115.273810	0.005651	7.9
1600	-1.397716	115.233144	0.014888	8.7
1601	-0.355086	115.192517	0.004040	8.1
1602	-1.295006	115.151927	0.007539	11.3
1603	-0.999465	115.111376	0.007166	8.5
1604	-1.352543	115.070863	0.009734	8.5
1605	-0.574956	115.030388	0.008170	8.3
1606	-0.847014	114.989951	0.009460	10.6
1607	-1.211779	114.949551	0.011888	8.5
1608	-1.048163	114.909190	0.007603	9.0
1609	-1.266877	114.868866	0.006375	9.0
1610	-0.613747	114.828580	0.006525	8.8
1611	-1.378622	114.788332	0.006780	10.1
1612	-1.229381	114.748121	0.006679	8.3
1613	-1.108980	114.707948	0.008077	7.7
1614	-1.168892	114.667812	0.006669	8.5
1615	-0.902510	114.627714	0.008127	10.4
1616	-1.023522	114.587653	0.010217	8.3
1617	-0.600737	114.547629	0.007456	8.8
1618	-0.563869	114.507643	0.011362	8.3
1619	-1.183702	114.467693	0.006684	8.4
1620	-0.051947	114.427781	0.000971	11.0
1621	-0.730727	114.387907	0.004847	8.5
1622	-0.783674	114.348069	0.006819	8.3
1623	-0.659295	114.308268	0.009447	7.9
1624	-1.160377	114.268504	0.006037	10.7
1625	-0.669324	114.228777	0.008747	8.2
1626	-0.458430	114.189086	0.004241	8.4
1627	-1.175185	114.149433	0.006819	7.6
1628	-0.958355	114.109816	0.011481	8.8
1629	-0.274203	114.070235	0.002203	10.0
1630	-1.491163	114.030692	0.022665	8.1
1631	-1.021177	113.991185	0.007958	8.0
1632	-0.616138	113.951714	0.006757	8.2
1633	-0.433136	113.912280	0.004877	8.8
1634	-1.327792	113.872882	0.009324	12.0
1635	-1.256421	113.833521	0.011582	8.6
1636	-0.835263	113.794195	0.007673	7.5
1637	-0.988592	113.754906	0.013380	8.7
1638	-1.075377	113.715653	0.006953	10.6
1639	-1.372807	113.676437	0.007321	8.3
1640	-0.759453	113.637256	0.006431	8.8
1641	-0.853764	113.598111	0.004087	8.3
1642	-1.114121	113.559002	0.007008	8.3
1643	-0.642853	113.519929	0.005945	11.1
1644	-1.286373	113.480892	0.008583	8.7
1645	-0.615211	113.441891	0.006551	8.3
1646	-1.091736	113.402925	0.007576	7.5
1647	-1.353198	113.363995	0.009572	10.6
1648	-1.343027	113.325101	0.010814	9.1
1649	-0.699316	113.286242	0.006145	8.7
1650	-1.447955	113.247419	0.006567	7.9
1651	-0.724281	113.208631	0.005699	8.0
1652	-0.968454	113.169879	0.008198	10.7
1653	-0.384355	113.131162	0.004246	8.7
1654	-1.306348	113.092480	0.010965	8.1
1655	-0.496292	113.053833	0.006482	8.5
1656	-0.430520	113.015222	0.004730	9.8
1657	-1.260951	112.976646	0.013730	7.2
1658	-0.209482	112.938105	0.002462	9.0
1659	-1.090651	112.899599	0.006918	8.1
1660	-1.001278	112.861128	0.006070	8.5
1661	-0.978634	112.822692	0.008604	10.0
1662	-0.770405	112.784291	0.004910	7.4
1663	-0.418926	112.745924	0.001884	7.2
1664	-0.801263	112.707593	0.004895	8.9
1665	-1.150457	112.669296	0.006089	8.9
1666	-0.426311	112.631034	0.004159	10.8
1667	-0.561192	112.592806	0.005127	8.4
1668	-1.399836	112.554613	0.008877	7.6
1669	-0.871043	112.516455	0.006506	8.5
1670	-1.298355	112.478331	0.007845	8.1
1671	-1.320480	112.440241	0.010537	10.3
1672	-0.510994	112.402186	0.008716	8.5
1673	-0.136489	112.364165	0.002776	8.4
1674	-1.271259	112.326179	0.008587	8.4
1675	-1.357836	112.288227	0.008319	8.5
1676	-0.879474	112.250309	0.005119	11.4
1677	-1.133241	112.212425	0.006698	8.6
1678	-1.069632	112.174575	0.008754	9.0
1679	-0.323052	112.136759	0.005155	8.0
1680	-0.484565	112.098977	0.005843	10.4
1681	-0.351640	112.061229	0.003667	8.4
1682	-1.199296	112.023515	0.006303	8.3
1683	-0.647667	111.985834	0.004371	9.0
1684	-1.378292	111.948188	0.009400	8.9
1685	-1.325577	111.910575	0.007301	10.2
1686	-0.752215	111.872996	0.007159	8.8
1687	-0.844949	111.835450	0.005491	6.9
1688	-0.507546	111.797939	0.002635	6.7
1689	-0.815113	111.760460	0.006494	10.6
1690	-0.700974	111.723015	0.008027	8.1
1691	-0.712779	111.685604	0.007436	8.8
1692	-0.797722	111.648226	0.008745	8.8
1693	-1.136825	111.610881	0.008784	8.4
1694	-1.374873	111.573570	0.007722	13.3
1695	-0.826701	111.536292	0.006900	8.4
1696	-0.811880	111.499047	0.008835	8.7
1697	-0.679994	111.461835	0.006266	8.7
1698	-1.459357	111.424656	0.012293	12.5
1699	-0.694115	111.387510	0.007464	8.4
1700	-0.842681	111.350398	0.006810	11.1
1701	-1.275108	111.313318	0.012444	12.8
1702	-0.479246	111.276271	0.003721	8.4
1703	-1.381064	111.239257	0.010417	8.7
1704	-1.270549	111.202276	0.005814	8.6
1705	-1.300563	111.165328	0.010243	8.8
1706	-0.720034	111.128412	0.006466	12.7
1707	-0.119881	111.091529	0.001990	9.6
1708	-1.469127	111.054679	0.008187	8.6
1709	-0.740430	111.017861	0.006026	8.4
1710	-0.910830	110.981076	0.006593	12.0
1711	-0.094627	110.944323	0.001883	8.1
1712	-1.110100	110.907603	0.008007	8.8
1713	-0.249749	110.870915	0.002451	8.0
1714	-1.111185	110.834259	0.007249	13.0
1715	-1.266520	110.797636	0.006779	10.8
1716	-1.110497	110.761045	0.010691	14.9
1717	-1.433865	110.724486	0.006544	15.9
1718	-1.100174	110.687959	0.007784	12.3
1719	-0.369406	110.651465	0.003337	10.7
1720	-1.233764	110.615002	0.005495	13.2
1721	-1.053978	110.578572	0.007038	15.0
1722	-0.643086	110.542173	0.006150	12.3
1723	-1.185226	110.505807	0.005114	13.3
1724	-1.079608	110.469472	0.005508	14.3
1725	-0.942304	110.433169	0.017370	12.5
1726	-1.184932	110.396898	0.009181	13.1
1727	-0.435037	110.360659	0.008782	20.3
1728	-1.321054	110.324451	0.007567	21.6
1729	-1.390013	110.288276	0.007650	17.3
1730	-1.122798	110.252131	0.011752	8.5
1731	-0.032525	110.216019	0.000519	7.6
1732	-1.386699	110.179937	0.010288	10.5
1733	-1.271135	110.143888	0.009226	8.2
1734	-0.309833	110.107869	0.003214	9.7
1735	-1.294663	110.071882	0.010441	10.3
1736	-1.345961	110.035927	0.007219	10.8
1737	-0.997538	110.000003	0.007456	9.2
1738	-0.891970	109.964110	0.006757	8.1
1739	-0.875464	109.928248	0.007135	7.8
1740	-0.993738	109.892417	0.006720	10.4
1741	-1.267532	109.856618	0.011634	8.6
1742	-1.155449	109.820850	0.006746	8.5
1743	-0.809350	109.785112	0.008690	8.5
1744	-1.339402	109.749406	0.010201	8.5
1745	-0.822195	109.713730	0.007508	10.7
1746	-1.031790	109.678086	0.006042	8.0
1747	-1.322156	109.642472	0.010049	7.7
1748	-1.531907	109.606890	0.019011	8.5
1749	-1.270249	109.571337	0.006648	10.1
1750	-0.623051	109.535816	0.006968	8.6
1751	-0.042015	109.500326	0.000438	6.7
1752	-0.922959	109.464866	0.005948	8.5
1753	-0.814482	109.429436	0.005487	7.9
1754	-1.270547	109.394038	0.011501	11.0
1755	-1.380461	109.358669	0.005551	8.7
1756	-1.406692	109.323331	0.008457	7.7
1757	-0.299137	109.288024	0.002564	8.1
1758	-0.228697	109.252747	0.002988	8.6
1759	-0.649602	109.217501	0.004865	10.4
1760	-1.323756	109.182284	0.009237	8.3
1761	-0.436845	109.147098	0.003849	8.5
1762	-1.156826	109.111942	0.006075	9.0
1763	-0.974068	109.076817	0.007833	8.3
1764	-1.376223	109.041721	0.011507	11.6
1765	-1.319517	109.006656	0.010659	8.5
1766	-1.309479	108.971620	0.011301	8.2
1767	-0.872870	108.936615	0.006973	8.5
1768	-0.855929	108.901640	0.005992	10.4
1769	-1.288859	108.866694	0.007236	9.1
1770	-1.383410	108.831779	0.013203	8.3
1771	-1.200017	108.796893	0.004537	7.7
1772	-0.678718	108.762037	0.006715	8.3
1773	-1.248524	108.727211	0.008590	11.5
1774	-1.282771	108.692415	0.006118	9.7
1775	-1.280710	108.657648	0.011979	8.8
1776	-0.078196	108.622911	0.001601	8.9
1777	-1.276586	108.588203	0.011325	12.8
1778	-1.257155	108.553525	0.009993	10.4
1779	-0.936478	108.518877	0.007360	11.6
1780	-0.642414	108.484258	0.002612	13.2
1781	-0.293115	108.449668	0.003542	12.5
1782	-0.999788	108.415108	0.010278	7.8
1783	-0.984341	108.380578	0.008516	8.9
1784	-1.532207	108.346076	0.009080	12.4
1785	-1.325716	108.311604	0.009644	10.3
1786	-1.285184	108.277161	0.008368	9.5
1787	-0.657488	108.242747	0.007088	9.1
1788	-0.472991	108.208363	0.004121	12.6
1789	-1.087659	108.174007	0.016557	9.0
1790	-0.374939	108.139681	0.005696	8.8
1791	-1.418395	108.105383	0.019972	9.9
1792	-0.441885	108.071115	0.003368	11.2
1793	-1.237115	108.036875	0.009156	8.0
1794	-1.139839	108.002665	0.007756	9.5
1795	-1.306609	107.968483	0.005892	7.7
1796	-1.278552	107.934330	0.010910	9.0
1797	-0.806329	107.900206	0.005217	11.5
1798	-1.132916	107.866111	0.006030	8.9
1799	-0.631880	107.832044	0.007525	8.5
1800	-0.824094	107.798007	0.007875	9.2
1801	-1.022256	107.763997	0.011027	11.5
1802	-1.329023	107.730017	0.010279	8.2
1803	-1.350153	107.696065	0.007811	8.3
1804	-0.904641	107.662141	0.006339	8.5
1805	-0.663407	107.628246	0.006120	10.6
1806	-1.108170	107.594379	0.007701	8.3
1807	-0.747974	107.560541	0.007941	8.7
1808	-0.746679	107.526731	0.006775	8.3
1809	-0.193078	107.492949	0.003310	7.5
1810	-1.393305	107.459196	0.007630	9.6
1811	-1.327345	107.425471	0.008422	8.8
1812	-0.575225	107.391774	0.007987	9.0
1813	-0.956144	107.358106	0.011898	7.9
1814	-1.459298	107.324465	0.011305	8.4
1815	-0.901934	107.290853	0.009337	10.8
1816	-1.363496	107.257268	0.013025	6.9
1817	-0.912057	107.223712	0.009228	9.2
1818	-0.528398	107.190184	0.006827	9.1
1819	-0.854882	107.156683	0.005355	10.7
1820	-1.253760	107.123211	0.010503	8.5
1821	-1.476390	107.089766	0.009397	8.6
1822	-1.047182	107.056349	0.007216	8.0
1823	-0.934023	107.022960	0.004830	8.2
1824	-1.120586	106.989599	0.015175	11.3
1825	-1.088336	106.956265	0.008136	8.3
1826	-1.358266	106.922960	0.011711	8.8
1827	-0.428679	106.889681	0.002392	8.2
1828	-0.506341	106.856431	0.004865	11.8
1829	-1.347790	106.823208	0.007863	9.2
1830	-0.955365	106.790012	0.006494	9.6
1831	-1.350768	106.756844	0.013580	8.6
1832	-1.411809	106.723703	0.008180	10.9
1833	-0.819392	106.690590	0.005542	8.1
1834	-0.625130	106.657505	0.006827	9.0
1835	-1.385137	106.624446	0.012933	8.9
1836	-1.374913	106.591415	0.009521	9.3
1837	-1.333853	106.558411	0.011561	11.2
1838	-1.236561	106.525435	0.010798	9.3
1839	-0.838457	106.492485	0.007578	7.9
1840	-1.319717	106.459563	0.012528	7.7
1841	-0.558502	106.426668	0.004884	10.3
1842	-1.330782	106.393800	0.008451	9.3
1843	-0.777105	106.360959	0.007279	8.5
1844	-1.387620	106.328145	0.008908	9.5
1845	-0.728662	106.295358	0.006131	9.2
1846	-1.241911	106.262598	0.008534	10.5
1847	-0.684164	106.229865	0.006005	9.2
1848	-0.807772	106.197158	0.007928	8.7
1849	-1.107878	106.164479	0.008778	8.8
1850	-0.925222	106.131826	0.007318	11.8
1851	-1.253424	106.099201	0.007922	9.0
1852	-1.231067	106.066602	0.007772	9.0
1853	-1.434721	106.034029	0.006787	9.3
1854	-0.437568	106.001483	0.003931	11.6
1855	-1.202725	105.968964	0.010129	8.3
1856	-0.774499	105.936472	0.008100	9.9
1857	-1.369910	105.904006	0.010859	6.6
1858	-0.204052	105.871566	0.002027	11.5
1859	-0.740947	105.839153	0.004775	9.7
1860	-1.320646	105.806767	0.006703	9.1
1861	-1.063705	105.774407	0.008186	7.8
1862	-0.280769	105.742073	0.003891	9.1
1863	-1.382915	105.709766	0.008847	11.2
1864	-1.145725	105.677485	0.011678	8.9
1865	-1.160361	105.645230	0.007264	9.2
1866	-0.377772	105.613001	0.002854	10.4
1867	-0.330431	105.580799	0.003102	9.5
1868	-1.322193	105.548623	0.013645	9.4
1869	-0.972940	105.516473	0.008697	10.2
1870	-0.406150	105.484349	0.005004	10.5
1871	-0.742213	105.452251	0.005981	9.1
1872	-0.654031	105.420179	0.006585	7.9
1873	-1.247391	105.388133	0.007902	8.1
1874	-0.324929	105.356113	0.003838	8.6
1875	-1.035504	105.324119	0.008058	9.7
1876	-0.951170	105.292151	0.006677	8.9
1877	-1.239887	105.260209	0.007828	8.4
1878	-0.732586	105.228293	0.004856	8.9
1879	-1.510538	105.196402	0.010316	9.2
1880	-1.309387	105.164537	0.011795	10.9
1881	-1.038058	105.132698	0.008104	8.6
1882	-1.122577	105.100885	0.009003	8.9
1883	-1.437762	105.069097	0.013328	7.9
1884	-0.915364	105.037335	0.009604	12.1
1885	-1.014636	105.005598	0.008266	8.2
1886	-0.165695	104.973887	0.002258	8.6
1887	-1.019808	104.942202	0.007645	16.4
1888	-1.311899	104.910542	0.008527	10.7
1889	-0.608719	104.878907	0.004201	9.5
1890	-0.702103	104.847298	0.006019	8.5
1891	-0.932601	104.815715	0.005984	9.9
1892	-0.304078	104.784156	0.003184	11.6
1893	-1.312202	104.752623	0.011341	8.6
1894	-0.697408	104.721116	0.006554	8.4
1895	-1.000390	104.689633	0.007851	9.1
1896	-1.093123	104.658176	0.011736	10.6
1897	-0.080464	104.626744	0.000830	8.4
1898	-0.359070	104.595337	0.003876	8.2
1899	-0.754588	104.563955	0.006089	8.0
1900	-1.521928	104.532599	0.008132	11.5
1901	-0.604969	104.501267	0.005583	9.0
1902	-1.173776	104.469960	0.004325	8.0
1903	-1.407301	104.438679	0.009670	8.3
1904	-0.961257	104.407422	0.006327	7.7
1905	-0.786052	104.376191	0.004575	10.6
1906	-0.432589	104.344984	0.004009	8.2
1907	-1.013006	104.313802	0.004597	8.7
1908	-0.788571	104.282645	0.006919	8.6
1909	-0.381257	104.251513	0.006219	10.3
1910	-1.368737	104.220405	0.005141	8.7
1911	-1.338230	104.189323	0.009582	10.2
1912	-1.374538	104.158265	0.009606	12.9
1913	-0.780458	104.127231	0.006814	13.2
1914	-0.499654	104.096222	0.002369	9.6
1915	-0.934103	104.065238	0.006281	9.0
1916	-0.765727	104.034279	0.004659	8.9
1917	-1.413128	104.003344	0.009385	9.4
1918	-1.318636	103.972433	0.009056	9.6
1919	-1.396245	103.941547	0.005588	8.7
1920	-1.507294	103.910686	0.007316	8.5
1921	-1.275570	103.879849	0.008223	10.5
1922	-0.089705	103.849036	0.003658	52.7
1923	-1.170038	103.818248	0.010552	20.8
1924	-0.189209	103.787484	0.002457	9.5
1925	-1.255766	103.756744	0.010296	11.1
1926	-1.198099	103.726029	0.013888	8.2
1927	-0.941891	103.695338	0.006925	9.6
1928	-0.256087	103.664671	0.002492	7.1
1929	-0.846057	103.634028	0.005964	9.1
1930	-0.832657	103.603409	0.007241	11.5
1931	-0.638807	103.572814	0.007454	8.0
1932	-1.249865	103.542244	0.009912	8.5
1933	-1.147542	103.511698	0.012499	9.1
1934	-1.360611	103.481175	0.007670	10.1
1935	-1.304378	103.450677	0.009136	8.8
1936	-0.879162	103.420202	0.006971	9.0
1937	-1.195952	103.389752	0.008875	18.4
1938	-1.104504	103.359325	0.011543	15.6
1939	-1.200881	103.328922	0.005367	12.6
1940	-0.208980	103.298543	0.002367	14.8
1941	-1.083386	103.268188	0.007331	13.2
1942	-1.261459	103.237857	0.006347	11.6
1943	-1.393428	103.207549	0.009085	13.8
1944	-1.282259	103.177265	0.009612	14.2
1945	-0.209965	103.147005	0.005470	12.3
1946	-0.290887	103.116768	0.005227	13.3
1947	-0.129816	103.086556	0.001198	13.3
1948	-1.289599	103.056366	0.006499	12.4
1949	-1.402665	103.026200	0.009578	14.3
1950	-1.153894	102.996058	0.007525	12.1
1951	-0.074269	102.965939	0.001754	15.2
1952	-0.474507	102.935844	0.003427	23.1
1953	-1.494615	102.905772	0.006527	7.9
1954	-0.785146	102.875724	0.005405	8.7
1955	-0.494698	102.845699	0.005572	9.1
1956	-0.460864	102.815697	0.004696	9.6
1957	-1.222914	102.785719	0.004367	9.4
1958	-0.993182	102.755764	0.006840	8.9
1959	-1.347666	102.725832	0.008817	8.1
1960	-1.210731	102.695924	0.007549	8.9
1961	-0.265244	102.666038	0.002960	10.1
1962	-1.007487	102.636176	0.008307	8.2
1963	-1.472679	102.606337	0.011635	8.9
1964	-1.114942	102.576521	0.007554	8.0
1965	-1.007671	102.546728	0.006446	8.3
1966	-1.296175	102.516959	0.009648	10.6
1967	-1.005598	102.487212	0.006256	8.5
1968	-1.360771	102.457488	0.009937	8.6
1969	-0.637366	102.427788	0.006808	8.9
1970	-0.156959	102.398110	0.003641	6.2
1971	-0.446936	102.368455	0.001942	9.5
1972	-0.694872	102.338823	0.007146	9.3
1973	-0.373245	102.309214	0.004999	7.9
1974	-1.239489	102.279628	0.010664	8.6
1975	-0.612918	102.250064	0.004413	8.1
1976	-1.518420	102.220524	0.009981	10.6
1977	-0.667198	102.191006	0.005682	7.7
1978	-1.416728	102.161511	0.013375	8.7
1979	-0.583922	102.132038	0.005048	8.4
1980	-1.350776	102.102588	0.008263	10.2
1981	-1.301502	102.073161	0.012184	8.4
1982	-0.223097	102.043757	0.001718	7.9
1983	-1.191708	102.014375	0.010974	8.2
1984	-1.305983	101.985015	0.009948	8.6
1985	-0.286910	101.955678	0.004445	8.8
1986	-0.814070	101.926364	0.007818	8.1
1987	-1.285323	101.897072	0.006500	7.8
1988	-1.403821	101.867802	0.008627	8.8
1989	-1.151159	101.838555	0.005898	7.7
1990	-0.713437	101.809330	0.004563	10.4
1991	-0.582937	101.780128	0.003794	8.2
1992	-0.331312	101.750948	0.005396	7.6
1993	-0.841045	101.721790	0.005689	9.2
1994	-1.317338	101.692654	0.009655	8.6
1995	-0.905778	101.663541	0.007198	10.4
1996	-0.235684	101.634450	0.003574	9.2
1997	-0.683530	101.605381	0.005166	9.0
1998	-0.721826	101.576335	0.006386	7.7
1999	-1.279734	101.547310	0.008975	10.4
