1:ItNr	2:Metric	3:StepSize	4:||Gradient||	Time[ms]
0	-1.019836	627.201626	0.010460	475.7
1	-1.193084	623.504937	0.009315	8.4
2	-0.806468	619.865785	0.010882	7.5
3	-1.243675	616.282728	0.014195	7.5
4	-0.235058	612.754375	0.002120	7.5
5	-1.297553	609.279381	0.015533	7.9
6	-0.947700	605.856447	0.014455	7.6
7	-0.015927	602.484317	0.000203	7.7
8	-0.647761	599.161779	0.010615	7.5
9	-0.665851	595.887656	0.010034	7.4
10	-0.696079	592.660813	0.004980	7.8
11	-0.785424	589.480151	0.012492	7.6
12	-0.810612	586.344606	0.011139	7.6
13	-0.885095	583.253145	0.015600	7.6
14	-1.089451	580.204771	0.016110	7.4
15	-1.222886	577.198517	0.010704	7.5
16	-1.060767	574.233444	0.011859	7.5
17	-1.241739	571.308645	0.015632	7.5
18	-1.172258	568.423237	0.013808	7.5
19	-0.730560	565.576365	0.010830	7.5
20	-0.009118	562.767201	0.000061	7.6
21	-0.316745	559.994938	0.005266	7.6
22	-0.561064	557.258797	0.011108	7.5
23	-1.049228	554.558018	0.017901	7.8
24	-1.273239	551.891865	0.009838	7.5
25	-0.953543	549.259621	0.016454	7.5
26	-1.278627	546.660592	0.016910	7.7
27	-0.987490	544.094102	0.011553	7.8
28	-0.910889	541.559494	0.017833	7.5
29	-1.328605	539.056129	0.018778	7.5
30	-1.033251	536.583387	0.011439	7.5
31	-0.222684	534.140663	0.004158	7.6
32	-0.187892	531.727370	0.005345	7.6
33	-0.797117	529.342935	0.007538	7.6
34	-1.214013	526.986802	0.021802	7.5
35	-1.017479	524.658430	0.012383	7.6
36	-0.461414	522.357290	0.004262	6.8
37	-0.283318	520.082868	0.002895	7.3
38	-1.110914	517.834665	0.011976	8.4
39	-1.008971	515.612193	0.017474	7.6
40	-0.691588	513.414976	0.014737	7.5
41	-0.653142	511.242551	0.011127	7.6
42	-1.291406	509.094468	0.012919	7.6
43	-1.173765	506.970285	0.020010	7.8
44	-0.763916	504.869574	0.009134	7.9
45	-0.645749	502.791916	0.007994	8.0
46	-0.460666	500.736903	0.003629	7.9
47	-1.121525	498.704137	0.020386	8.0
48	-1.088139	496.693228	0.018099	7.7
49	-0.521405	494.703798	0.006216	8.2
50	-0.664247	492.735476	0.006718	8.6
51	-0.044077	490.787900	0.001022	8.0
52	-0.798320	488.860718	0.008250	8.0
53	-1.232589	486.953585	0.011998	7.7
54	-1.150448	485.066164	0.021383	7.6
55	-0.958276	483.198126	0.013713	7.7
56	-1.032643	481.349149	0.013570	8.2
57	-0.678689	479.518920	0.009060	7.6
58	-0.989544	477.707132	0.008870	7.6
59	-1.107436	475.913485	0.012497	7.8
60	-0.644618	474.137684	0.009444	7.5
61	-1.059003	472.379445	0.010902	7.5
62	-0.016074	470.638485	0.001226	7.5
63	-0.078156	468.914531	0.002031	7.6
64	-0.499514	467.207315	0.007130	7.6
65	-1.179020	465.516573	0.009021	7.5
66	-0.445764	463.842050	0.005946	7.5
67	-0.517562	462.183494	0.007572	7.6
68	-0.797506	460.540658	0.009166	7.6
69	-0.555822	458.913303	0.007155	7.6
70	-0.130682	457.301192	0.002759	7.5
71	-1.204459	455.704096	0.014900	7.6
72	-0.547511	454.121787	0.007355	7.7
73	-1.219601	452.554045	0.022395	7.5
74	-0.928681	451.000653	0.012715	8.0
75	-1.281907	449.461399	0.017125	9.0
76	-0.185455	447.936075	0.005293	8.3
77	-0.692288	446.424477	0.008392	9.1
78	-0.484445	444.926406	0.007629	8.6
79	-1.026899	443.441666	0.010657	7.5
80	-1.253172	441.970065	0.009231	7.7
81	-1.213637	440.511415	0.010849	7.8
82	-1.152437	439.065533	0.017564	7.7
83	-0.658393	437.632238	0.010081	7.5
84	-0.820084	436.211351	0.008066	7.5
85	-1.049638	434.802701	0.007766	8.8
86	-0.224988	433.406117	0.004555	7.8
87	-1.158293	432.021430	0.012111	7.8
88	-0.928289	430.648479	0.017567	7.7
89	-0.849236	429.287101	0.009364	7.6
90	-0.971394	427.937140	0.009666	7.5
91	-0.528352	426.598440	0.006209	7.7
92	-1.139764	425.270849	0.012956	7.6
93	-0.248215	423.954220	0.004044	7.0
94	-1.063987	422.648404	0.010607	8.7
95	-0.271046	421.353259	0.006751	7.7
96	-0.598227	420.068643	0.009230	7.5
97	-0.174665	418.794419	0.001452	7.5
98	-1.174155	417.530451	0.015382	7.5
99	-0.844219	416.276604	0.010559	7.5
100	-0.776041	415.032748	0.011282	7.5
101	-1.359105	413.798754	0.014464	7.7
102	-0.874955	412.574495	0.014944	7.7
103	-1.036232	411.359849	0.012747	7.5
104	-1.198001	410.154691	0.011372	7.5
105	-0.608585	408.958904	0.007668	7.6
106	-0.557410	407.772368	0.006132	7.7
107	-0.680596	406.594968	0.008820	7.5
108	-0.267896	405.426590	0.004682	7.7
109	-0.975166	404.267122	0.013281	7.6
110	-1.262305	403.116456	0.011600	7.6
111	-1.240846	401.974481	0.009634	7.6
112	-0.716606	400.841093	0.007631	7.7
113	-1.230630	399.716187	0.008004	7.6
114	-1.321855	398.599660	0.010960	8.1
115	-1.105267	397.491411	0.011891	7.5
116	-0.691035	396.391342	0.004644	7.5
117	-0.677060	395.299353	0.009479	9.4
118	-1.225138	394.215350	0.008769	7.6
119	-1.178801	393.139238	0.009889	7.6
120	-1.293279	392.070924	0.012115	7.7
121	-1.331948	391.010316	0.016842	8.3
122	-0.259930	389.957325	0.002591	7.5
123	-1.249432	388.911862	0.010091	7.6
124	-0.637801	387.873839	0.007344	7.5
125	-0.614557	386.843173	0.008009	7.6
126	-1.043456	385.819777	0.015263	7.7
127	-1.205381	384.803569	0.005895	7.6
128	-1.066035	383.794468	0.010175	7.7
129	-1.047620	382.792393	0.012800	8.1
130	-0.494651	381.797264	0.009507	7.8
131	-1.273832	380.809005	0.012401	7.6
132	-1.146081	379.827537	0.014317	7.6
133	-0.402105	378.852786	0.002839	7.8
134	-1.163685	377.884678	0.016827	7.6
135	-0.610565	376.923138	0.008129	7.6
136	-1.145335	375.968095	0.014441	7.6
137	-0.714186	375.019479	0.007705	7.5
138	-1.171055	374.077218	0.012133	7.6
139	-1.144469	373.141244	0.010004	7.6
140	-0.763543	372.211489	0.005355	7.6
141	-0.943943	371.287887	0.014266	7.7
142	-1.094809	370.370370	0.017344	7.2
143	-0.992360	369.458876	0.008679	7.8
144	-1.063968	368.553338	0.011251	7.6
145	-1.289654	367.653696	0.013128	8.3
146	-1.115924	366.759885	0.008475	8.0
147	-0.800494	365.871846	0.009594	6.9
148	-0.908479	364.989518	0.009776	7.6
149	-0.753794	364.112841	0.009781	7.7
150	-0.953988	363.241757	0.015695	7.6
151	-0.574601	362.376208	0.003215	7.5
152	-1.106591	361.516137	0.010537	7.8
153	-0.536586	360.661488	0.010246	7.6
154	-0.446639	359.812206	0.009285	7.7
155	-0.789890	358.968236	0.010506	7.7
156	-1.363744	358.129524	0.015606	7.5
157	-1.289317	357.296018	0.009858	7.8
158	-0.436469	356.467665	0.005522	7.5
159	-0.611876	355.644414	0.006968	7.6
160	-1.039605	354.826213	0.008036	7.5
161	-0.758356	354.013012	0.010265	7.6
162	-0.034944	353.204763	0.001033	7.1
163	-0.087182	352.401415	0.002804	7.5
164	-0.669760	351.602922	0.008364	8.1
165	-1.138771	350.809235	0.010858	7.7
166	-0.448234	350.020308	0.006881	7.7
167	-1.322194	349.236095	0.016319	7.7
168	-1.079538	348.456550	0.011672	7.7
169	-0.576218	347.681627	0.009653	7.5
170	-1.000034	346.911283	0.011815	7.8
171	-0.956923	346.145474	0.009491	7.6
172	-0.909412	345.384157	0.010226	7.6
173	-0.669624	344.627288	0.007702	7.6
174	-1.377431	343.874826	0.008341	7.1
175	-1.153571	343.126729	0.008596	7.6
176	-0.967831	342.382957	0.008296	7.6
177	-0.881892	341.643469	0.009074	9.1
178	-0.743103	340.908224	0.008794	8.6
179	-0.616532	340.177184	0.008982	8.8
180	-1.299514	339.450309	0.012749	8.0
181	-0.754993	338.727561	0.005559	8.8
182	-1.058601	338.008902	0.013507	8.4
183	-0.923478	337.294295	0.009711	9.0
184	-1.089485	336.583703	0.009931	10.3
185	-0.631769	335.877089	0.007581	9.1
186	-0.715221	335.174416	0.007019	9.5
187	-1.325682	334.475651	0.010143	9.0
188	-1.125271	333.780756	0.012540	8.9
189	-0.343290	333.089698	0.004686	7.7
190	-0.029004	332.402443	0.000864	7.6
191	-0.673706	331.718955	0.006663	7.9
192	-0.892390	331.039203	0.008710	7.6
193	-0.372453	330.363153	0.005409	8.4
194	-1.005563	329.690771	0.009486	7.6
195	-1.026446	329.022027	0.006547	8.6
196	-1.205281	328.356888	0.012386	7.6
197	-0.867601	327.695322	0.007400	7.6
198	-1.214365	327.037299	0.012965	7.6
199	-0.083126	326.382787	0.001154	7.5
200	-0.787585	325.731758	0.009596	7.8
201	-0.010791	325.084179	0.001430	8.3
202	-0.939833	324.440023	0.009007	7.6
203	-1.304094	323.799258	0.010058	7.6
204	-0.365971	323.161858	0.007206	7.7
205	-0.054269	322.527792	0.001699	6.9
206	-0.811739	321.897034	0.008225	7.7
207	-1.198156	321.269554	0.011790	7.6
208	-1.341508	320.645325	0.009886	7.6
209	-1.176513	320.024320	0.009092	7.7
210	-0.320118	319.406512	0.004920	7.5
211	-0.744817	318.791875	0.008906	7.5
212	-1.304049	318.180381	0.008964	7.6
213	-0.629745	317.572005	0.006382	7.5
214	-1.208564	316.966721	0.012207	7.6
215	-0.306650	316.364504	0.006358	7.5
216	-0.536962	315.765329	0.006497	7.5
217	-0.432251	315.169170	0.004832	7.5
218	-1.272121	314.576003	0.009562	7.8
219	-1.331251	313.985804	0.013196	7.8
220	-1.317643	313.398548	0.015158	7.6
221	-0.314947	312.814213	0.004768	7.6
222	-1.308299	312.232773	0.015375	7.6
223	-0.285730	311.654207	0.004255	7.7
224	-1.168116	311.078491	0.009723	7.5
225	-0.116764	310.505602	0.001094	7.2
226	-0.618957	309.935518	0.008625	7.5
227	-0.865243	309.368217	0.008795	7.5
228	-0.968589	308.803676	0.007569	7.6
229	-0.677902	308.241874	0.010421	7.6
230	-0.748103	307.682789	0.007218	7.7
231	-0.695748	307.126400	0.004980	7.5
232	-0.791545	306.572687	0.007471	7.6
233	-1.102590	306.021627	0.011794	7.6
234	-1.362972	305.473201	0.021289	7.8
235	-1.024583	304.927388	0.011491	7.6
236	-0.603630	304.384168	0.007637	8.1
237	-0.473895	303.843521	0.007072	7.1
238	-1.065544	303.305427	0.010031	7.6
239	-1.251995	302.769867	0.008532	7.6
240	-0.927424	302.236821	0.007844	7.5
241	-0.841541	301.706270	0.013753	7.5
242	-1.393479	301.178196	0.011310	7.6
243	-0.545219	300.652580	0.003650	7.2
244	-1.311925	300.129402	0.009783	8.2
245	-1.343532	299.608645	0.010012	9.2
246	-0.199798	299.090291	0.004028	8.3
247	-1.221907	298.574321	0.010159	7.7
248	-1.237279	298.060718	0.009427	7.6
249	-0.535724	297.549465	0.012237	7.6
250	-0.891285	297.040543	0.008561	7.5
251	-0.614612	296.533936	0.007956	7.6
252	-0.064673	296.029626	0.001040	7.5
253	-1.374987	295.527597	0.015015	7.5
254	-1.006163	295.027832	0.007912	7.7
255	-0.429868	294.530315	0.004600	7.6
256	-1.173032	294.035028	0.006241	9.0
257	-1.328574	293.541956	0.012494	8.3
258	-0.996541	293.051083	0.007317	7.5
259	-0.604287	292.562393	0.005015	7.7
260	-0.624222	292.075870	0.006719	7.6
261	-1.229273	291.591498	0.008751	7.8
262	-1.127733	291.109263	0.007497	7.6
263	-1.182936	290.629149	0.009542	7.5
264	-1.113240	290.151140	0.008276	7.7
265	-0.669495	289.675222	0.009817	7.5
266	-0.988578	289.201380	0.007501	7.6
267	-0.037747	288.729600	0.000742	7.2
268	-0.713535	288.259866	0.003056	7.5
269	-1.426487	287.792165	0.008676	7.5
270	-1.063268	287.326481	0.006104	7.5
271	-0.392844	286.862802	0.005151	7.6
272	-1.100568	286.401113	0.008664	7.3
273	-1.299304	285.941400	0.007785	7.6
274	-0.916708	285.483649	0.009798	7.6
275	-0.804821	285.027847	0.007375	8.2
276	-0.943281	284.573981	0.009211	7.5
277	-0.874416	284.122037	0.006820	7.5
278	-1.289362	283.672002	0.012377	7.5
279	-0.970026	283.223863	0.007297	7.6
280	-1.322626	282.777607	0.006473	7.5
281	-0.293105	282.333221	0.005211	7.5
282	-1.130976	281.890692	0.009651	7.6
283	-0.748152	281.450008	0.007156	9.3
284	-0.859041	281.011157	0.008477	9.5
285	-1.216089	280.574125	0.009883	7.7
286	-1.318004	280.138901	0.009225	7.6
287	-1.331652	279.705473	0.012680	7.6
288	-0.944898	279.273829	0.006947	7.9
289	-0.312465	278.843956	0.003388	7.1
290	-0.836067	278.415844	0.007954	7.6
291	-1.094703	277.989479	0.009580	7.6
292	-0.577072	277.564851	0.005688	7.5
293	-0.328967	277.141949	0.004903	7.6
294	-1.088290	276.720761	0.008855	7.5
295	-0.396435	276.301275	0.005239	7.5
296	-1.371350	275.883480	0.009603	7.5
297	-1.131696	275.467366	0.008743	7.6
298	-0.574819	275.052922	0.004111	7.7
299	-0.650745	274.640136	0.006372	7.6
300	-1.275657	274.228998	0.011808	8.3
301	-0.809721	273.819497	0.007425	7.5
302	-0.153914	273.411623	0.002761	7.0
303	-1.220220	273.005365	0.010835	7.5
304	-0.073921	272.600712	0.002241	7.6
305	-1.103646	272.197655	0.010235	7.7
306	-0.656829	271.796184	0.007780	7.5
307	-0.280024	271.396287	0.004882	7.5
308	-0.183764	270.997956	0.001880	7.6
309	-0.642520	270.601180	0.006575	7.5
310	-1.073685	270.205949	0.010614	7.6
311	-0.555911	269.812254	0.006886	7.7
312	-0.893062	269.420085	0.009199	7.6
313	-1.168368	269.029432	0.014299	7.5
314	-0.387320	268.640287	0.008088	7.6
315	-0.888788	268.252638	0.004951	7.6
316	-0.688702	267.866478	0.009697	7.5
317	-0.642018	267.481796	0.004759	7.5
318	-0.058538	267.098584	0.000798	7.7
319	-0.216948	266.716833	0.003232	7.5
320	-0.641339	266.336533	0.007507	7.5
321	-0.415596	265.957676	0.005156	7.7
322	-0.279531	265.580253	0.003636	7.5
323	-1.091993	265.204254	0.015868	7.6
324	-0.697739	264.829672	0.007339	7.7
325	-1.261417	264.456497	0.011428	7.6
326	-1.224295	264.084721	0.008223	7.5
327	-0.668403	263.714335	0.005877	7.6
328	-1.054839	263.345332	0.009092	10.1
329	-0.297932	262.977702	0.004439	7.6
330	-0.727335	262.611438	0.007564	7.7
331	-0.847004	262.246531	0.008955	8.0
332	-0.759952	261.882973	0.007745	7.5
333	-1.355690	261.520756	0.013018	7.6
334	-1.347214	261.159871	0.011054	7.4
335	-1.244765	260.800312	0.015796	8.3
336	-1.147690	260.442070	0.010769	8.4
337	-1.329139	260.085137	0.007512	7.5
338	-1.226729	259.729505	0.009649	7.7
339	-0.196771	259.375167	0.001834	7.5
340	-0.356351	259.022116	0.004646	7.6
341	-1.263270	258.670343	0.007230	7.5
342	-0.386180	258.319841	0.003915	8.3
343	-1.176043	257.970602	0.007360	7.6
344	-1.231726	257.622620	0.009105	7.5
345	-0.861669	257.275887	0.008237	7.6
346	-1.139435	256.930396	0.009379	7.4
347	-0.559382	256.586139	0.003855	7.5
348	-0.668144	256.243109	0.007057	7.6
349	-1.038127	255.901300	0.008474	7.5
350	-0.849598	255.560703	0.004864	7.6
351	-0.218713	255.221313	0.002565	7.9
352	-0.723755	254.883122	0.006535	8.1
353	-0.791344	254.546124	0.009600	8.3
354	-0.737199	254.210311	0.005999	8.8
355	-0.683953	253.875677	0.006517	8.1
356	-0.486689	253.542215	0.006039	7.6
357	-0.306802	253.209918	0.004724	7.8
358	-0.809866	252.878781	0.008473	7.5
359	-1.118460	252.548795	0.006129	7.9
360	-0.204899	252.219956	0.003336	9.5
361	-1.200570	251.892255	0.009827	9.3
362	-1.018652	251.565688	0.008894	7.6
363	-0.437319	251.240247	0.002990	7.5
364	-0.268157	250.915926	0.004415	7.7
365	-0.479478	250.592720	0.004511	7.5
366	-0.891182	250.270621	0.008996	7.6
367	-1.318399	249.949624	0.010077	7.7
368	-0.994228	249.629723	0.011687	9.5
369	-0.759885	249.310911	0.007188	7.6
370	-0.319522	248.993182	0.003007	7.3
371	-1.211202	248.676531	0.014768	8.3
372	-1.093614	248.360952	0.006639	7.5
373	-1.164913	248.046438	0.006349	7.4
374	-0.952177	247.732984	0.005093	8.0
375	-1.275506	247.420584	0.007367	7.6
376	-0.595667	247.109233	0.007373	7.7
377	-0.667373	246.798924	0.007354	8.4
378	-0.883717	246.489652	0.005289	7.5
379	-0.095948	246.181412	0.001424	7.8
380	-0.962373	245.874197	0.006871	7.4
381	-1.050119	245.568002	0.010098	7.6
382	-0.350699	245.262822	0.005557	7.6
383	-1.005035	244.958652	0.007589	8.0
384	-1.269403	244.655485	0.010400	7.9
385	-0.987765	244.353317	0.007410	8.1
386	-0.981234	244.052142	0.006346	8.2
387	-0.588854	243.751955	0.007173	7.6
388	-0.872222	243.452750	0.010924	7.7
389	-0.871626	243.154523	0.005898	7.8
390	-1.235388	242.857268	0.008545	7.6
391	-1.315632	242.560980	0.007712	7.5
392	-1.182772	242.265654	0.013124	7.8
393	-0.185665	241.971285	0.002667	7.5
394	-1.160281	241.677868	0.007139	7.6
395	-0.889313	241.385397	0.007330	7.4
396	-0.951232	241.093869	0.007109	7.6
397	-1.447026	240.803278	0.011121	7.4
398	-1.301337	240.513619	0.005940	7.8
399	-0.697942	240.224887	0.006286	10.3
400	-0.256192	239.937077	0.003536	8.2
401	-0.697516	239.650186	0.005647	7.5
402	-0.478697	239.364207	0.005049	8.7
403	-1.147450	239.079136	0.012302	7.6
404	-1.154858	238.794969	0.009953	7.5
405	-0.133032	238.511701	0.002481	7.4
406	-1.238644	238.229327	0.010190	7.6
407	-1.337202	237.947843	0.010182	7.6
408	-1.307703	237.667244	0.008729	7.6
409	-0.302136	237.387526	0.003904	7.6
410	-0.315197	237.108684	0.004444	7.7
411	-1.044487	236.830714	0.005397	7.7
412	-1.011930	236.553610	0.009692	7.6
413	-0.624665	236.277370	0.003083	7.6
414	-0.706232	236.001989	0.007667	7.7
415	-1.079688	235.727461	0.010055	7.5
416	-1.257790	235.453784	0.012036	7.5
417	-0.560414	235.180952	0.008496	7.6
418	-1.279898	234.908962	0.012230	8.3
419	-0.936431	234.637809	0.010778	7.9
420	-1.365201	234.367488	0.013256	7.6
421	-0.880857	234.097997	0.004742	7.6
422	-1.320978	233.829331	0.008397	7.6
423	-0.730640	233.561485	0.005999	7.5
424	-0.441900	233.294456	0.004260	7.7
425	-0.423162	233.028239	0.005096	9.1
426	-0.656982	232.762831	0.008630	7.7
427	-1.303296	232.498228	0.013055	7.6
428	-1.208979	232.234425	0.010542	7.5
429	-0.911062	231.971419	0.008859	8.5
430	-1.123612	231.709205	0.009182	7.5
431	-0.652611	231.447781	0.006170	7.7
432	-1.133011	231.187141	0.007998	7.7
433	-0.962546	230.927283	0.013152	7.6
434	-0.885503	230.668202	0.007339	7.6
435	-0.498000	230.409895	0.003318	6.9
436	-0.176974	230.152358	0.002290	7.5
437	-0.299339	229.895587	0.004172	7.9
438	-0.525453	229.639578	0.005538	7.6
439	-0.451035	229.384329	0.006674	7.7
440	-1.035937	229.129834	0.012832	8.2
441	-0.982780	228.876091	0.012836	7.9
442	-1.299294	228.623096	0.005581	7.5
443	-1.198581	228.370846	0.008863	7.7
444	-0.870735	228.119336	0.008321	8.6
445	-1.000405	227.868563	0.010045	7.6
446	-0.736516	227.618525	0.008606	8.2
447	-1.211785	227.369216	0.006118	7.6
448	-1.141571	227.120635	0.014415	7.5
449	-1.214582	226.872777	0.009818	7.6
450	-1.251338	226.625638	0.010005	8.0
451	-0.772682	226.379217	0.006135	7.9
452	-0.741200	226.133509	0.008785	7.5
453	-0.906252	225.888510	0.006181	7.3
454	-1.227105	225.644218	0.011247	8.0
455	-1.169001	225.400630	0.010053	7.5
456	-0.869192	225.157741	0.008621	7.7
457	-0.955640	224.915549	0.008064	7.6
458	-0.567689	224.674051	0.011641	7.7
459	-0.006897	224.433242	0.000503	7.6
460	-1.270436	224.193121	0.011176	7.5
461	-0.322160	223.953684	0.003624	7.6
462	-0.780202	223.714927	0.008848	7.9
463	-0.107199	223.476848	0.002094	6.8
464	-0.604134	223.239444	0.004246	7.6
465	-0.558827	223.002710	0.011192	7.2
466	-1.364671	222.766645	0.011886	8.5
467	-1.346281	222.531245	0.010250	7.7
468	-0.308277	222.296508	0.004443	7.5
469	-0.999107	222.062429	0.007928	7.8
470	-0.609056	221.829007	0.005356	7.6
471	-0.572636	221.596238	0.006589	7.6
472	-0.941596	221.364119	0.008069	7.5
473	-1.372012	221.132647	0.011103	7.5
474	-1.168808	220.901820	0.007470	7.6
475	-1.091141	220.671634	0.011003	7.6
476	-1.075168	220.442086	0.008513	7.5
477	-1.341928	220.213174	0.011370	7.6
478	-0.109698	219.984895	0.002123	7.6
479	-1.229150	219.757246	0.010561	7.5
480	-1.300263	219.530224	0.009613	8.3
481	-1.001591	219.303826	0.006553	8.3
482	-1.117342	219.078050	0.014235	8.3
483	-0.765267	218.852893	0.007736	7.5
484	-1.298218	218.628352	0.010086	7.6
485	-1.222375	218.404424	0.008798	7.5
486	-0.377433	218.181106	0.003938	7.3
487	-0.765454	217.958397	0.006945	7.5
488	-1.064971	217.736292	0.007446	7.9
489	-0.721769	217.514790	0.009363	7.6
490	-0.306989	217.293888	0.004882	8.2
491	-0.605915	217.073584	0.004312	7.6
492	-0.322293	216.853873	0.005449	7.9
493	-0.794222	216.634755	0.007139	7.5
494	-1.260797	216.416227	0.009909	7.6
495	-1.236044	216.198285	0.008208	7.6
496	-0.564430	215.980927	0.003614	9.1
497	-0.816431	215.764151	0.008112	7.6
498	-1.039810	215.547955	0.005904	7.6
499	-1.324106	215.332335	0.008041	7.5
500	-0.990638	215.117289	0.009478	7.7
501	-1.065008	214.902815	0.006443	7.7
502	-0.809848	214.688911	0.006397	7.5
503	-1.330002	214.475573	0.012355	8.2
504	-0.822926	214.262800	0.009508	7.6
505	-1.122522	214.050588	0.010332	7.5
506	-1.141585	213.838936	0.010158	7.6
507	-1.347404	213.627842	0.016038	7.7
508	-0.734867	213.417302	0.004009	7.6
509	-0.059848	213.207314	0.001339	8.3
510	-0.643877	212.997877	0.006636	7.5
511	-1.053995	212.788987	0.006308	8.6
512	-0.714298	212.580642	0.003834	7.4
513	-0.001084	212.372841	0.000545	7.7
514	-0.755416	212.165581	0.007659	8.2
515	-0.149843	211.958859	0.003448	7.4
516	-0.769033	211.752673	0.004834	7.6
517	-1.311320	211.547021	0.006489	7.6
518	-0.699841	211.341902	0.007591	7.5
519	-1.284835	211.137311	0.010289	7.7
520	-1.136994	210.933248	0.006129	8.1
521	-0.423889	210.729710	0.006435	7.6
522	-1.184721	210.526695	0.005441	7.5
523	-1.329626	210.324200	0.008844	7.6
524	-0.935642	210.122224	0.010939	7.5
525	-0.575316	209.920765	0.005428	7.6
526	-0.864725	209.719820	0.007149	7.5
527	-0.092473	209.519387	0.002868	7.6
528	-0.758870	209.319463	0.007562	7.6
529	-1.417028	209.120048	0.008231	7.7
530	-1.026348	208.921139	0.010509	7.7
531	-0.526618	208.722733	0.007060	7.3
532	-1.200729	208.524829	0.014336	7.7
533	-1.194858	208.327425	0.007290	7.7
534	-0.009474	208.130518	0.000065	7.0
535	-1.207529	207.934107	0.009361	8.3
536	-0.283090	207.738189	0.003804	7.7
537	-0.828365	207.542762	0.006817	8.4
538	-1.384510	207.347825	0.006696	7.6
539	-0.401427	207.153376	0.005139	7.8
540	-0.194364	206.959412	0.002136	7.7
541	-1.180130	206.765932	0.007442	7.6
542	-0.342205	206.572933	0.005765	7.6
543	-1.380445	206.380414	0.009008	7.5
544	-0.756706	206.188373	0.006162	7.5
545	-0.729284	205.996807	0.006619	11.2
546	-1.058935	205.805716	0.010098	10.6
547	-1.283376	205.615096	0.008089	7.5
548	-1.344172	205.424946	0.005131	7.5
549	-1.155090	205.235265	0.009054	7.9
550	-1.120190	205.046050	0.008708	7.5
551	-1.191903	204.857299	0.008130	7.5
552	-0.676544	204.669011	0.006801	7.6
553	-0.896078	204.481184	0.004610	7.7
554	-0.502712	204.293816	0.003408	7.6
555	-0.756135	204.106905	0.007606	7.5
556	-0.951496	203.920449	0.008442	7.5
557	-0.705743	203.734447	0.007025	7.6
558	-1.095498	203.548896	0.007516	7.7
559	-1.121271	203.363795	0.007488	8.0
560	-1.038549	203.179143	0.010780	7.5
561	-1.328522	202.994937	0.008820	7.6
562	-1.116794	202.811176	0.009178	8.4
563	-0.158989	202.627857	0.002816	7.4
564	-0.621793	202.444980	0.005789	7.6
565	-1.350569	202.262543	0.014345	7.5
566	-0.178906	202.080543	0.002516	7.6
567	-1.323842	201.898979	0.009892	8.4
568	-0.867393	201.717849	0.006413	8.2
569	-1.356196	201.537153	0.010487	7.6
570	-0.545871	201.356887	0.005516	8.0
571	-0.435115	201.177050	0.005875	7.8
572	-1.002460	200.997642	0.004297	7.6
573	-1.443505	200.818659	0.009801	7.7
574	-0.654858	200.640100	0.009675	7.5
575	-0.011173	200.461965	0.000093	7.5
576	-0.702164	200.284250	0.008449	7.1
577	-0.607517	200.106955	0.007748	7.6
578	-0.756275	199.930078	0.006390	7.9
579	-0.691393	199.753617	0.005153	8.6
580	-0.743384	199.577571	0.007922	7.6
581	-0.716515	199.401938	0.007346	7.5
582	-0.734257	199.226717	0.005820	7.5
583	-1.323388	199.051905	0.010171	7.6
584	-1.342396	198.877502	0.006041	7.8
585	-1.231629	198.703506	0.007348	7.8
586	-0.851557	198.529916	0.006948	7.9
587	-0.173486	198.356729	0.002387	7.4
588	-1.079970	198.183944	0.009897	8.2
589	-0.383402	198.011560	0.005039	7.2
590	-0.322860	197.839576	0.003939	7.5
591	-0.334230	197.667989	0.004683	7.5
592	-1.186342	197.496798	0.008599	7.5
593	-0.179719	197.326002	0.001841	7.6
594	-1.066608	197.155600	0.008105	7.6
595	-0.667245	196.985589	0.006454	7.5
596	-1.008302	196.815969	0.009282	7.7
597	-0.893693	196.646738	0.011456	7.0
598	-0.566043	196.477894	0.005258	7.8
599	-0.747569	196.309436	0.008238	8.1
600	-0.268423	196.141363	0.002066	7.5
601	-0.450768	195.973673	0.004272	8.2
602	-1.084292	195.806365	0.011076	7.6
603	-1.168199	195.639437	0.006835	7.7
604	-0.921091	195.472888	0.007399	7.6
605	-0.815525	195.306717	0.004457	8.2
606	-0.214610	195.140922	0.002719	8.2
607	-1.171305	194.975501	0.015814	7.5
608	-0.110005	194.810454	0.002090	7.6
609	-1.329763	194.645779	0.008829	7.7
610	-0.425449	194.481475	0.002820	7.6
611	-1.281040	194.317540	0.008489	7.6
612	-1.401253	194.153973	0.009712	7.6
613	-1.338044	193.990773	0.008885	7.6
614	-1.017241	193.827938	0.004233	7.6
615	-0.856034	193.665467	0.014453	7.5
616	-0.692418	193.503358	0.008215	7.6
617	-1.264064	193.341611	0.008125	7.5
618	-0.670751	193.180224	0.004756	7.5
619	-0.195753	193.019196	0.003256	7.0
620	-0.919577	192.858525	0.007075	7.5
621	-1.207950	192.698210	0.006063	7.7
622	-0.707660	192.538251	0.005684	7.6
623	-1.262279	192.378644	0.008345	7.7
624	-0.873966	192.219391	0.008341	9.0
625	-0.795551	192.060488	0.008512	7.5
626	-1.157665	191.901935	0.008903	7.6
627	-1.124952	191.743730	0.008241	9.5
628	-0.898853	191.585873	0.009412	7.8
629	-1.081254	191.428362	0.008243	7.6
630	-1.114153	191.271196	0.010378	7.6
631	-1.280833	191.114374	0.011295	7.6
632	-1.076982	190.957893	0.005811	7.2
633	-1.178371	190.801755	0.008522	7.5
634	-0.561879	190.645956	0.007829	7.8
635	-1.287056	190.490495	0.012576	7.7
636	-0.576789	190.335373	0.006482	7.6
637	-0.418614	190.180587	0.004350	7.0
638	-0.383706	190.026136	0.006659	7.5
639	-0.317691	189.872019	0.004667	8.4
640	-1.244888	189.718235	0.008590	7.6
641	-1.304432	189.564782	0.009728	7.6
642	-0.869566	189.411661	0.007605	8.3
643	-0.697345	189.258868	0.006962	7.9
644	-1.317767	189.106404	0.010417	7.6
645	-1.298876	188.954267	0.007646	7.6
646	-1.360906	188.802456	0.016467	8.4
647	-1.185811	188.650969	0.007929	7.6
648	-1.325487	188.499807	0.008761	7.6
649	-0.750976	188.348967	0.007150	7.7
650	-0.676271	188.198448	0.005500	7.7
651	-0.241044	188.048250	0.001671	7.5
652	-1.107042	187.898371	0.005741	7.5
653	-0.043693	187.748810	0.000231	7.5
654	-1.223179	187.599566	0.012168	7.5
655	-0.693853	187.450638	0.006257	7.6
656	-0.989727	187.302025	0.007100	7.5
657	-0.642074	187.153725	0.010621	7.7
658	-0.986403	187.005739	0.009933	7.5
659	-0.629670	186.858064	0.003833	8.5
660	-0.232923	186.710699	0.004062	7.6
661	-0.602201	186.563645	0.007112	7.5
662	-0.395864	186.416898	0.005907	7.4
663	-0.869473	186.270459	0.007652	8.2
664	-0.753004	186.124326	0.008546	7.6
665	-0.252461	185.978499	0.001835	7.6
666	-1.259375	185.832976	0.008833	7.6
667	-0.930368	185.687756	0.010683	7.7
668	-1.319105	185.542838	0.007432	7.6
669	-1.179724	185.398222	0.008643	7.6
670	-1.376150	185.253906	0.010928	7.7
671	-1.174256	185.109889	0.008206	7.5
672	-1.389291	184.966170	0.008524	7.5
673	-1.364701	184.822748	0.007155	8.1
674	-0.851321	184.679623	0.006865	7.7
675	-1.307585	184.536792	0.007971	7.6
676	-1.289921	184.394256	0.010121	7.7
677	-1.152742	184.252013	0.006262	7.6
678	-1.215382	184.110062	0.008449	7.5
679	-0.639252	183.968403	0.008243	7.6
680	-0.236181	183.827034	0.003443	7.5
681	-0.656577	183.685954	0.006921	7.6
682	-0.000108	183.545163	0.000066	7.6
683	-1.226875	183.404658	0.007395	7.5
684	-1.085226	183.264441	0.011604	7.6
685	-0.479893	183.124509	0.003419	7.5
686	-0.676311	182.984861	0.006355	7.6
687	-1.029748	182.845497	0.006493	7.5
688	-0.644467	182.706416	0.007528	7.6
689	-0.757215	182.567616	0.007084	7.6
690	-0.122599	182.429098	0.002326	7.4
691	-0.572383	182.290859	0.005722	7.5
692	-1.293664	182.152899	0.010061	7.9
693	-1.347919	182.015217	0.010137	7.6
694	-1.202401	181.877813	0.009413	7.5
695	-1.135287	181.740684	0.009386	7.5
696	-1.285639	181.603832	0.008851	7.5
697	-1.336685	181.467253	0.011845	7.5
698	-0.756914	181.330948	0.005770	7.6
699	-1.388690	181.194916	0.014835	7.7
700	-0.138390	181.059155	0.003627	7.2
701	-0.298257	180.923666	0.003290	7.5
702	-1.254809	180.788446	0.016889	7.6
703	-0.526844	180.653496	0.002502	7.9
704	-0.625228	180.518814	0.009166	7.5
705	-0.714055	180.384399	0.006543	7.6
706	-1.233829	180.250251	0.011455	7.5
707	-1.163673	180.116369	0.013390	7.6
708	-0.868131	179.982752	0.010643	7.5
709	-1.254407	179.849398	0.005922	7.5
710	-0.095152	179.716308	0.001697	7.5
711	-0.768530	179.583480	0.007917	7.5
712	-0.114072	179.450913	0.002330	7.2
713	-1.396900	179.318607	0.008454	7.6
714	-0.121381	179.186561	0.001995	7.5
715	-0.938802	179.054774	0.007695	7.8
716	-1.065867	178.923245	0.011055	7.5
717	-0.841640	178.791973	0.009739	7.6
718	-1.006019	178.660958	0.008146	7.8
719	-0.939938	178.530199	0.007557	7.7
720	-0.678283	178.399694	0.007833	7.7
721	-1.388800	178.269444	0.010626	7.4
722	-1.225706	178.139447	0.009040	7.5
723	-0.093452	178.009702	0.001861	9.2
724	-1.437079	177.880209	0.007650	9.7
725	-0.794976	177.750967	0.009105	8.6
726	-0.123242	177.621975	0.002336	7.6
727	-1.158780	177.493232	0.006161	7.6
728	-0.645418	177.364738	0.007367	8.5
729	-0.719669	177.236492	0.006506	7.6
730	-1.273383	177.108492	0.007751	8.3
731	-1.048306	176.980739	0.006385	7.4
732	-1.347107	176.853231	0.011115	7.7
733	-0.916687	176.725968	0.008202	7.6
734	-1.150119	176.598949	0.007691	7.7
735	-0.351148	176.472173	0.004475	7.6
736	-1.308666	176.345639	0.009578	7.6
737	-1.400342	176.219348	0.008040	7.7
738	-1.188665	176.093296	0.006906	7.7
739	-0.690164	175.967486	0.007241	7.6
740	-1.429366	175.841914	0.009337	7.6
741	-0.328053	175.716581	0.005796	7.6
742	-0.641247	175.591486	0.005903	6.8
743	-1.229272	175.466629	0.008659	7.5
744	-0.461879	175.342008	0.005248	8.1
745	-0.554240	175.217622	0.004485	7.1
746	-0.991972	175.093472	0.005067	7.4
747	-0.898964	174.969556	0.008183	7.6
748	-1.235930	174.845873	0.013553	8.1
749	-0.698986	174.722423	0.006235	7.6
750	-1.383989	174.599206	0.009402	7.7
751	-0.221119	174.476220	0.002574	7.7
752	-1.285145	174.353464	0.009955	7.7
753	-1.268068	174.230939	0.007577	7.7
754	-0.911820	174.108643	0.008454	7.5
755	-0.897008	173.986576	0.006182	8.1
756	-1.288682	173.864737	0.011623	7.7
757	-0.923895	173.743124	0.007017	7.6
758	-0.743291	173.621739	0.006905	7.8
759	-1.286289	173.500579	0.009977	8.1
760	-0.678991	173.379645	0.005866	7.9
761	-0.692620	173.258935	0.005706	7.5
762	-1.329152	173.138449	0.012400	7.5
763	-1.106554	173.018186	0.009975	7.5
764	-1.072688	172.898146	0.009406	7.7
765	-0.774876	172.778327	0.007213	7.7
766	-1.233494	172.658730	0.008949	7.6
767	-1.324829	172.539353	0.010061	7.6
768	-1.270613	172.420196	0.006462	9.0
769	-1.256452	172.301258	0.012268	7.7
770	-0.212849	172.182539	0.003141	7.8
771	-1.013817	172.064037	0.006894	7.6
772	-0.304386	171.945753	0.004101	7.6
773	-1.235828	171.827686	0.007369	7.5
774	-1.053999	171.709834	0.011382	7.6
775	-1.369327	171.592198	0.011856	7.7
776	-1.248293	171.474776	0.007107	7.8
777	-1.298771	171.357568	0.007808	7.6
778	-0.544339	171.240574	0.005226	7.5
779	-0.514683	171.123793	0.007198	7.3
780	-1.272249	171.007223	0.012303	7.8
781	-1.104115	170.890865	0.009885	7.6
782	-0.920155	170.774718	0.005708	7.8
783	-0.606895	170.658782	0.001929	7.3
784	-0.753646	170.543055	0.005979	7.7
785	-1.349063	170.427537	0.010741	7.8
786	-1.181792	170.312227	0.011033	7.6
787	-0.878147	170.197125	0.005893	8.1
788	-1.119006	170.082231	0.007492	7.5
789	-0.061606	169.967543	0.000817	7.5
790	-1.270855	169.853061	0.005892	7.6
791	-1.214035	169.738784	0.007884	7.6
792	-0.764723	169.624713	0.005832	7.7
793	-0.531338	169.510845	0.006373	6.9
794	-1.444772	169.397181	0.010360	7.6
795	-1.393289	169.283720	0.011333	7.8
796	-0.953371	169.170462	0.007370	7.6
797	-0.667214	169.057405	0.007842	7.8
798	-0.516673	168.944549	0.005865	7.4
799	-1.118776	168.831895	0.006136	7.5
800	-1.396662	168.719440	0.009700	7.5
801	-0.669741	168.607185	0.009466	7.6
802	-0.676307	168.495129	0.007771	7.6
803	-1.228391	168.383271	0.004618	7.6
804	-1.336007	168.271611	0.006576	7.6
805	-1.325163	168.160148	0.009522	7.6
806	-1.141253	168.048882	0.005974	7.6
807	-1.154542	167.937812	0.008447	7.3
808	-1.254103	167.826938	0.007558	7.6
809	-0.222855	167.716258	0.002595	7.7
810	-0.606545	167.605773	0.008038	7.9
811	-1.364754	167.495482	0.009103	8.3
812	-1.334826	167.385384	0.012398	9.0
813	-1.112508	167.275479	0.009808	7.9
814	-0.494527	167.165766	0.005534	10.0
815	-1.288913	167.056245	0.007275	9.3
816	-0.230275	166.946915	0.003773	9.1
817	-0.860112	166.837776	0.003913	7.6
818	-1.150878	166.728826	0.007413	7.5
819	-0.751714	166.620067	0.005170	7.5
820	-0.328924	166.511496	0.002884	7.7
821	-0.698687	166.403113	0.003286	7.7
822	-1.023512	166.294919	0.007085	7.6
823	-1.358331	166.186912	0.007518	7.6
824	-1.397320	166.079091	0.011233	7.5
825	-1.061018	165.971458	0.008196	7.6
826	-0.491884	165.864009	0.006945	7.5
827	-0.473086	165.756747	0.007689	7.7
828	-1.220748	165.649669	0.006144	7.4
829	-1.222107	165.542775	0.009476	7.5
830	-0.269146	165.436065	0.004433	7.5
831	-1.151023	165.329538	0.010916	7.5
832	-0.866026	165.223194	0.008016	7.6
833	-1.135033	165.117032	0.012573	7.7
834	-1.337906	165.011052	0.012218	7.6
835	-1.196465	164.905253	0.008011	7.6
836	-0.928425	164.799635	0.009691	7.7
837	-0.701420	164.694197	0.007402	7.5
838	-1.308933	164.588939	0.008622	7.5
839	-1.335554	164.483859	0.009418	7.5
840	-0.431149	164.378959	0.005648	7.5
841	-1.277987	164.274237	0.011353	7.7
842	-0.765843	164.169692	0.008042	7.6
843	-0.324536	164.065325	0.003549	8.7
844	-1.229779	163.961135	0.010883	7.5
845	-0.650550	163.857120	0.005149	7.5
846	-1.360546	163.753282	0.008101	7.6
847	-0.929866	163.649619	0.008578	7.5
848	-1.399297	163.546130	0.010734	7.6
849	-0.276861	163.442816	0.005017	7.0
850	-0.906407	163.339676	0.008901	7.6
851	-0.892311	163.236709	0.010261	7.6
852	-0.431749	163.133915	0.003448	7.6
853	-0.536451	163.031294	0.003889	7.5
854	-0.204660	162.928844	0.003517	7.0
855	-0.964604	162.826566	0.006190	7.6
856	-0.778376	162.724459	0.006861	7.6
857	-0.418437	162.622523	0.004935	7.5
858	-0.995896	162.520757	0.004992	7.5
859	-1.164743	162.419160	0.005827	8.2
860	-1.328939	162.317733	0.010962	7.6
861	-1.003459	162.216474	0.009045	7.7
862	-1.192689	162.115383	0.009301	7.6
863	-0.545196	162.014461	0.005535	7.5
864	-0.072518	161.913705	0.001065	7.4
865	-0.784527	161.813117	0.006843	7.5
866	-0.521176	161.712695	0.003802	7.5
867	-1.009416	161.612439	0.007828	7.5
868	-1.245859	161.512349	0.006782	7.5
869	-1.279540	161.412424	0.011090	7.5
870	-1.386533	161.312663	0.015806	8.2
871	-0.007393	161.213067	0.001001	7.5
872	-1.166221	161.113635	0.007472	7.6
873	-0.442505	161.014366	0.004946	7.6
874	-0.346582	160.915260	0.003109	6.9
875	-1.375735	160.816316	0.014121	7.6
876	-0.899884	160.717535	0.006207	7.5
877	-1.202902	160.618915	0.008878	7.8
878	-0.620757	160.520456	0.004880	7.8
879	-0.834590	160.422158	0.007893	7.6
880	-0.882683	160.324021	0.007975	7.5
881	-1.210753	160.226043	0.008332	8.1
882	-0.543679	160.128225	0.004249	7.5
883	-0.849012	160.030566	0.006843	7.5
884	-1.156297	159.933066	0.009378	7.8
885	-1.276324	159.835723	0.006179	7.7
886	-1.233712	159.738539	0.008740	7.6
887	-1.216802	159.641512	0.009086	7.8
888	-1.161255	159.544642	0.009930	7.7
889	-1.285680	159.447929	0.007129	7.6
890	-1.131346	159.351372	0.006374	7.6
891	-0.323514	159.254971	0.005075	7.7
892	-0.756656	159.158725	0.004296	7.5
893	-0.141116	159.062634	0.003311	7.7
894	-1.291948	158.966697	0.007197	7.6
895	-0.321650	158.870915	0.006086	7.5
896	-1.265781	158.775286	0.006092	7.9
897	-1.337209	158.679811	0.006879	7.6
898	-1.301316	158.584489	0.008142	7.6
899	-1.397392	158.489319	0.008026	7.6
900	-0.217854	158.394302	0.004942	7.0
901	-0.859413	158.299436	0.006465	7.6
902	-0.771013	158.204721	0.007741	7.6
903	-0.229535	158.110158	0.002721	7.5
904	-0.320067	158.015745	0.003886	8.0
905	-0.167411	157.921482	0.002128	8.2
906	-0.127417	157.827369	0.002108	7.6
907	-0.322516	157.733406	0.002879	7.5
908	-0.581189	157.639591	0.004352	7.8
909	-1.449020	157.545925	0.014733	7.6
910	-0.925039	157.452408	0.008307	7.6
911	-1.294031	157.359038	0.005683	8.3
912	-1.374462	157.265816	0.011815	7.6
913	-1.333165	157.172741	0.014812	7.7
914	-1.008642	157.079813	0.007260	7.7
915	-1.271966	156.987031	0.009219	11.1
916	-0.530116	156.894395	0.007369	10.9
917	-1.338127	156.801904	0.008694	10.2
918	-1.358136	156.709559	0.004523	7.7
919	-1.199919	156.617359	0.007532	7.6
920	-0.801171	156.525304	0.009604	7.8
921	-1.438739	156.433392	0.006969	7.5
922	-1.041140	156.341624	0.006533	7.5
923	-0.738194	156.250000	0.007337	9.7
924	-1.291454	156.158519	0.012983	8.9
925	-0.978912	156.067180	0.006868	7.7
926	-1.302373	155.975984	0.007669	7.7
927	-1.321380	155.884930	0.009445	7.5
928	-0.901576	155.794017	0.007732	7.7
929	-1.232925	155.703246	0.008076	7.6
930	-1.168333	155.612615	0.005984	7.6
931	-0.724092	155.522125	0.004076	7.6
932	-1.128586	155.431775	0.007643	7.9
933	-1.382621	155.341565	0.011360	7.7
934	-0.135941	155.251495	0.001461	7.7
935	-1.043888	155.161563	0.010726	7.6
936	-0.386732	155.071771	0.003421	7.1
937	-0.745334	154.982117	0.006089	7.6
938	-1.069151	154.892601	0.007279	7.6
939	-0.972572	154.803222	0.009601	7.7
940	-0.122803	154.713981	0.001129	7.5
941	-1.156632	154.624878	0.010325	7.0
942	-0.868423	154.535910	0.006495	7.6
943	-0.707309	154.447080	0.006664	8.0
944	-1.271946	154.358385	0.006595	7.5
945	-0.172116	154.269826	0.003546	6.9
946	-0.381094	154.181402	0.004067	7.5
947	-0.751131	154.093114	0.005862	8.3
948	-1.312348	154.004960	0.012461	7.8
949	-1.295810	153.916940	0.018081	7.1
950	-1.191520	153.829054	0.007256	7.7
951	-0.554636	153.741303	0.006934	7.6
952	-0.920436	153.653684	0.007562	7.6
953	-1.259553	153.566198	0.007864	7.6
954	-0.766386	153.478846	0.006783	8.8
955	-0.241297	153.391625	0.002397	7.2
956	-0.999344	153.304537	0.007820	7.6
957	-1.022685	153.217580	0.008644	9.5
958	-0.421196	153.130755	0.007701	14.9
959	-0.747236	153.044061	0.003920	14.8
960	-0.424378	152.957498	0.004568	8.0
961	-1.305818	152.871065	0.008391	7.5
962	-1.363155	152.784762	0.010953	7.6
963	-0.592383	152.698589	0.006170	7.7
964	-1.266463	152.612545	0.014718	7.7
965	-1.024567	152.526631	0.009612	7.7
966	-0.679186	152.440845	0.007236	7.7
967	-1.119496	152.355188	0.008971	7.8
968	-0.906038	152.269660	0.008372	7.5
969	-1.352770	152.184259	0.012095	7.2
970	-1.082003	152.098986	0.008465	9.1
971	-0.975957	152.013840	0.009455	7.7
972	-0.894210	151.928821	0.007845	7.6
973	-1.285979	151.843928	0.008995	7.7
974	-1.152559	151.759163	0.016929	8.2
975	-1.366446	151.674523	0.010627	7.7
976	-0.998180	151.590009	0.009301	7.7
977	-1.154633	151.505620	0.009576	7.6
978	-1.030750	151.421357	0.009032	7.8
979	-0.557404	151.337218	0.005334	7.7
980	-1.319406	151.253204	0.007379	9.7
981	-1.427379	151.169314	0.007202	10.0
982	-0.978797	151.085549	0.006422	7.6
983	-1.281618	151.001907	0.010537	7.6
984	-1.112160	150.918388	0.007506	7.6
985	-1.386404	150.834992	0.016970	8.2
986	-1.242798	150.751719	0.009578	7.5
987	-0.757636	150.668569	0.007044	7.8
988	-1.228726	150.585541	0.011463	7.7
989	-1.303159	150.502634	0.010073	7.6
990	-0.912631	150.419849	0.004976	7.6
991	-1.170940	150.337186	0.006634	8.5
992	-0.821202	150.254644	0.005026	7.7
993	-1.254708	150.172222	0.005909	7.7
994	-1.098284	150.089921	0.007725	7.6
995	-0.082597	150.007740	0.002280	6.8
996	-1.004039	149.925679	0.008276	7.5
997	-1.101133	149.843737	0.011031	7.5
998	-1.208832	149.761915	0.006021	7.2
999	-1.224962	149.680212	0.011508	7.7
1000	-1.385665	149.598627	0.008751	7.6
1001	-0.866974	149.517161	0.004256	7.6
1002	-0.735275	149.435814	0.007103	7.7
1003	-0.702596	149.354584	0.006618	7.6
1004	-1.097749	149.273472	0.010210	8.6
1005	-0.546496	149.192477	0.007299	9.3
1006	-1.364680	149.111599	0.005808	7.6
1007	-0.950476	149.030838	0.010989	7.5
1008	-1.282669	148.950194	0.012620	7.6
1009	-1.279513	148.869666	0.013219	7.7
1010	-0.863547	148.789253	0.008563	7.5
1011	-0.898903	148.708957	0.009816	7.6
1012	-1.256671	148.628776	0.007347	7.6
1013	-1.267153	148.548710	0.015568	7.7
1014	-0.428198	148.468759	0.003193	7.6
1015	-0.533184	148.388923	0.003383	7.7
1016	-1.357127	148.309201	0.013013	7.5
1017	-1.352710	148.229594	0.013787	7.5
1018	-0.789890	148.150100	0.007649	7.7
1019	-0.248604	148.070719	0.003928	7.4
1020	-1.265411	147.991452	0.010576	7.6
1021	-1.245459	147.912298	0.006704	8.6
1022	-0.879414	147.833257	0.010432	7.6
1023	-1.189826	147.754329	0.009247	7.6
1024	-1.363722	147.675512	0.013751	7.6
1025	-0.553776	147.596808	0.006369	7.5
1026	-1.046472	147.518216	0.010297	7.5
1027	-0.619363	147.439735	0.006080	7.7
1028	-0.751764	147.361365	0.006342	8.1
1029	-1.155162	147.283106	0.007455	8.8
1030	-1.199909	147.204958	0.008953	8.4
1031	-0.688528	147.126920	0.006086	7.6
1032	-0.493997	147.048993	0.005774	7.4
1033	-0.673721	146.971175	0.005342	7.6
1034	-0.682426	146.893468	0.008412	7.7
1035	-1.329881	146.815869	0.008719	7.6
1036	-0.884981	146.738380	0.010991	7.6
1037	-1.370689	146.661000	0.006540	7.5
1038	-1.238226	146.583729	0.007359	7.6
1039	-1.333085	146.506566	0.010148	7.5
1040	-0.171220	146.429511	0.001280	7.6
1041	-1.262519	146.352565	0.007876	7.6
1042	-1.233368	146.275726	0.008727	7.5
1043	-0.441427	146.198994	0.004113	7.5
1044	-0.115995	146.122370	0.001375	7.4
1045	-1.195090	146.045853	0.009811	7.8
1046	-0.342855	145.969442	0.005510	8.0
1047	-1.248398	145.893139	0.006561	7.6
1048	-0.590130	145.816941	0.004980	7.6
1049	-0.917924	145.740849	0.010046	7.6
1050	-0.759553	145.664863	0.005843	7.3
1051	-1.227829	145.588983	0.010303	7.6
1052	-1.092567	145.513208	0.007890	7.7
1053	-0.708585	145.437538	0.007525	7.6
1054	-1.008700	145.361973	0.009966	7.6
1055	-1.238978	145.286513	0.006314	7.6
1056	-0.311271	145.211157	0.001784	7.7
1057	-0.530666	145.135905	0.005093	7.5
1058	-0.951229	145.060757	0.003196	7.5
1059	-0.849957	144.985712	0.008046	7.5
1060	-0.806842	144.910771	0.006493	7.9
1061	-1.155905	144.835934	0.007206	7.6
1062	-0.163464	144.761199	0.002698	7.6
1063	-0.678486	144.686567	0.006455	7.6
1064	-0.840125	144.612037	0.008456	7.6
1065	-0.595331	144.537610	0.006439	7.5
1066	-0.992734	144.463285	0.008301	7.5
1067	-0.843158	144.389062	0.011094	7.6
1068	-1.225329	144.314940	0.009809	7.7
1069	-0.527623	144.240920	0.006443	7.6
1070	-1.067518	144.167001	0.009540	7.6
1071	-1.359498	144.093182	0.007803	7.6
1072	-0.892171	144.019465	0.009613	7.5
1073	-0.948272	143.945848	0.005859	7.5
1074	-1.013318	143.872331	0.011444	7.6
1075	-0.803396	143.798914	0.007535	7.3
1076	-0.778531	143.725597	0.009500	7.7
1077	-1.290003	143.652380	0.005402	8.3
1078	-1.325212	143.579262	0.010115	8.2
1079	-0.527658	143.506243	0.007504	7.6
1080	-1.258850	143.433323	0.013825	7.7
1081	-1.261636	143.360502	0.006846	7.6
1082	-0.972875	143.287780	0.008487	7.6
1083	-1.114685	143.215155	0.008842	7.7
1084	-0.634489	143.142629	0.004317	7.6
1085	-1.023205	143.070201	0.008401	7.5
1086	-0.405207	142.997870	0.004738	7.3
1087	-0.696237	142.925637	0.009470	9.1
1088	-0.831475	142.853501	0.006144	8.3
1089	-0.980855	142.781462	0.007595	7.5
1090	-0.722067	142.709519	0.005667	7.7
1091	-0.736580	142.637674	0.005441	7.5
1092	-1.200384	142.565924	0.008019	7.6
1093	-0.551516	142.494271	0.006808	7.6
1094	-0.729671	142.422714	0.005800	7.8
1095	-1.163068	142.351252	0.009066	8.6
1096	-0.735089	142.279886	0.005648	7.5
1097	-1.192415	142.208616	0.006470	7.6
1098	-0.376301	142.137440	0.004499	7.7
1099	-0.614543	142.066360	0.005447	7.7
1100	-1.147951	141.995374	0.007660	7.5
1101	-0.818235	141.924483	0.005056	7.5
1102	-0.850887	141.853685	0.008802	7.6
1103	-1.090778	141.782983	0.012916	7.5
1104	-0.802087	141.712373	0.007653	7.5
1105	-1.005151	141.641858	0.006107	8.0
1106	-1.194230	141.571436	0.006025	7.7
1107	-0.893550	141.501108	0.010078	7.7
1108	-1.387918	141.430872	0.007126	7.6
1109	-1.330396	141.360730	0.011289	7.6
1110	-0.088991	141.290680	0.001866	8.0
1111	-1.350017	141.220722	0.011466	7.5
1112	-0.830579	141.150857	0.007012	7.6
1113	-0.298060	141.081084	0.004072	7.6
1114	-0.843595	141.011403	0.005444	7.5
1115	-0.257494	140.941813	0.003748	6.8
1116	-0.373562	140.872315	0.003079	7.6
1117	-0.871877	140.802909	0.005042	7.5
1118	-0.517258	140.733593	0.003413	7.6
1119	-1.188801	140.664369	0.008052	7.6
1120	-0.691992	140.595235	0.003389	7.7
1121	-0.184329	140.526192	0.002484	7.8
1122	-0.985526	140.457239	0.006622	7.7
1123	-0.456536	140.388376	0.004687	7.5
1124	-0.632060	140.319603	0.005145	7.5
1125	-1.287770	140.250920	0.009959	8.5
1126	-1.377168	140.182326	0.009223	7.5
1127	-0.374535	140.113822	0.004022	7.2
1128	-0.549930	140.045407	0.004874	7.7
1129	-1.388537	139.977081	0.011621	7.7
1130	-0.150131	139.908844	0.002326	7.6
1131	-1.249236	139.840696	0.006665	7.8
1132	-0.552650	139.772635	0.005223	9.2
1133	-0.615196	139.704664	0.004217	7.6
1134	-1.304344	139.636780	0.009434	7.6
1135	-0.637039	139.568984	0.005155	7.6
1136	-0.751923	139.501276	0.004505	8.0
1137	-0.289992	139.433655	0.002700	8.2
1138	-0.774459	139.366122	0.005551	7.7
1139	-1.233934	139.298676	0.008713	7.7
1140	-0.888769	139.231317	0.006035	7.8
1141	-1.158655	139.164045	0.005897	7.6
1142	-0.943151	139.096859	0.008727	7.5
1143	-0.765197	139.029760	0.004891	7.5
1144	-0.945791	138.962747	0.005591	7.5
1145	-0.416169	138.895820	0.006469	7.5
1146	-1.084202	138.828978	0.009609	7.5
1147	-0.653578	138.762223	0.007000	7.6
1148	-1.361608	138.695553	0.010766	7.7
1149	-1.058599	138.628969	0.008372	7.8
1150	-0.790123	138.562469	0.004986	7.8
1151	-0.831969	138.496055	0.004914	7.5
1152	-0.931236	138.429725	0.009250	7.5
1153	-1.308530	138.363481	0.007992	7.6
1154	-0.255091	138.297320	0.002555	7.5
1155	-0.929967	138.231244	0.009258	7.6
1156	-0.719188	138.165252	0.006711	7.7
1157	-1.256762	138.099344	0.008045	7.6
1158	-1.080092	138.033520	0.009306	8.4
1159	-0.757368	137.967779	0.006937	7.7
1160	-1.015153	137.902122	0.009100	7.8
1161	-1.161297	137.836548	0.006458	7.5
1162	-1.109737	137.771057	0.009457	7.7
1163	-0.456231	137.705649	0.006563	7.6
1164	-1.106666	137.640324	0.007458	7.6
1165	-0.914299	137.575081	0.007321	7.6
1166	-1.034605	137.509921	0.007579	7.6
1167	-1.202995	137.444842	0.008763	7.6
1168	-0.853853	137.379846	0.011958	7.5
1169	-0.755061	137.314932	0.004953	7.6
1170	-0.558529	137.250100	0.002619	7.5
1171	-1.272000	137.185349	0.009936	7.5
1172	-1.281726	137.120680	0.004952	7.6
1173	-0.215411	137.056092	0.004212	7.0
1174	-1.132814	136.991585	0.009216	7.6
1175	-0.588187	136.927158	0.004987	7.5
1176	-1.385151	136.862813	0.010636	7.5
1177	-0.405737	136.798548	0.004102	7.6
1178	-1.001801	136.734363	0.009171	7.6
1179	-0.294401	136.670259	0.004140	7.6
1180	-1.118417	136.606235	0.006536	7.6
1181	-0.305760	136.542291	0.003122	7.5
1182	-1.141790	136.478426	0.009667	7.1
1183	-1.476580	136.414641	0.014730	7.7
1184	-1.065697	136.350936	0.008457	7.5
1185	-1.326629	136.287310	0.019470	7.5
1186	-1.213999	136.223763	0.014503	7.8
1187	-0.575783	136.160295	0.005916	7.6
1188	-0.287492	136.096905	0.003963	7.6
1189	-1.432924	136.033594	0.009480	7.7
1190	-1.283178	135.970362	0.009615	7.6
1191	-0.854019	135.907208	0.004352	7.7
1192	-1.025444	135.844133	0.005299	7.3
1193	-1.163799	135.781135	0.006814	7.7
1194	-0.008536	135.718215	0.000144	7.4
1195	-0.667542	135.655373	0.004225	7.6
1196	-0.552464	135.592608	0.007024	7.6
1197	-0.074627	135.529921	0.001458	6.9
1198	-1.364372	135.467311	0.012277	7.9
1199	-1.396314	135.404778	0.007225	7.8
1200	-1.167371	135.342322	0.006811	7.8
1201	-1.177831	135.279942	0.008114	7.5
1202	-0.186018	135.217640	0.003276	6.8
1203	-0.983741	135.155413	0.009516	7.6
1204	-1.126591	135.093263	0.007625	7.6
1205	-0.734597	135.031190	0.005038	7.6
1206	-0.707949	134.969192	0.006144	7.5
1207	-0.814859	134.907270	0.006339	7.0
1208	-0.617396	134.845424	0.004121	7.6
1209	-1.361529	134.783653	0.008649	7.5
1210	-0.953688	134.721958	0.007798	7.5
1211	-0.949704	134.660338	0.007497	7.6
1212	-0.983206	134.598793	0.007210	8.0
1213	-1.041417	134.537323	0.006161	7.7
1214	-0.921629	134.475927	0.010117	8.2
1215	-1.349293	134.414607	0.008047	7.6
1216	-0.052431	134.353361	0.000866	7.7
1217	-0.984394	134.292189	0.005142	8.3
1218	-0.520673	134.231092	0.006293	7.6
1219	-0.791150	134.170068	0.007065	7.5
1220	-0.074264	134.109119	0.000700	8.1
1221	-1.318005	134.048243	0.011295	7.6
1222	-1.039215	133.987441	0.005092	7.5
1223	-0.881905	133.926713	0.004614	7.6
1224	-1.309251	133.866057	0.016543	7.6
1225	-0.867109	133.805475	0.003531	7.2
1226	-0.937752	133.744966	0.006021	7.7
1227	-0.380025	133.684530	0.004593	8.6
1228	-1.339757	133.624167	0.009490	7.7
1229	-0.766484	133.563877	0.004961	8.0
1230	-1.239149	133.503658	0.009722	7.6
1231	-1.254043	133.443513	0.008042	7.6
1232	-1.220543	133.383439	0.005712	7.5
1233	-0.835430	133.323437	0.007739	7.5
1234	-0.603571	133.263508	0.005942	7.0
1235	-1.255366	133.203650	0.009423	7.6
1236	-0.822929	133.143864	0.005601	7.5
1237	-0.920576	133.084149	0.003516	7.7
1238	-0.929812	133.024506	0.006970	7.7
1239	-0.846817	132.964934	0.009425	7.6
1240	-1.401334	132.905433	0.008868	8.6
1241	-0.813878	132.846003	0.009917	8.3
1242	-0.562528	132.786643	0.003425	7.5
1243	-1.142082	132.727355	0.006010	7.4
1244	-1.218734	132.668137	0.005991	7.6
1245	-1.376128	132.608989	0.010682	7.7
1246	-1.060195	132.549912	0.011711	7.5
1247	-0.937061	132.490904	0.007408	7.6
1248	-0.775706	132.431967	0.004171	8.2
1249	-0.651891	132.373100	0.004746	7.5
1250	-1.027733	132.314302	0.010158	7.7
1251	-0.762563	132.255574	0.006782	7.7
1252	-0.724009	132.196916	0.006595	7.4
1253	-1.097392	132.138326	0.008179	8.2
1254	-0.890908	132.079806	0.008384	7.6
1255	-0.107003	132.021355	0.002003	7.5
1256	-0.541493	131.962973	0.007742	7.5
1257	-1.273164	131.904660	0.008078	7.9
1258	-0.974374	131.846415	0.007812	7.4
1259	-0.619693	131.788239	0.003701	7.5
1260	-0.262945	131.730131	0.002729	7.7
1261	-1.001894	131.672092	0.003929	8.1
1262	-1.075571	131.614121	0.008797	7.9
1263	-1.358557	131.556217	0.009724	7.8
1264	-0.805518	131.498382	0.004729	7.6
1265	-1.358502	131.440614	0.009032	7.7
1266	-1.193848	131.382914	0.005303	7.6
1267	-1.130940	131.325282	0.007925	7.6
1268	-0.152790	131.267717	0.002063	6.8
1269	-1.387543	131.210219	0.012658	7.5
1270	-1.071281	131.152788	0.006665	7.8
1271	-0.730143	131.095424	0.004872	7.5
1272	-0.722771	131.038127	0.006390	8.1
1273	-0.504330	130.980897	0.002189	7.4
1274	-0.872585	130.923733	0.010067	7.7
1275	-0.796234	130.866636	0.005645	7.5
1276	-0.940985	130.809605	0.006912	8.2
1277	-1.024461	130.752641	0.007299	7.6
1278	-1.209727	130.695742	0.014239	7.6
1279	-1.316364	130.638910	0.010266	8.2
1280	-1.362570	130.582143	0.010738	7.5
1281	-0.000001	130.525442	0.000002	7.4
1282	-0.652690	130.468807	0.003724	7.5
1283	-0.305548	130.412237	0.001815	7.6
1284	-1.319652	130.355733	0.012016	7.5
1285	-1.375215	130.299294	0.012271	9.0
1286	-0.232735	130.242920	0.003001	7.6
1287	-1.250304	130.186611	0.008647	7.9
1288	-0.698396	130.130366	0.006910	7.6
1289	-0.667657	130.074187	0.006040	7.6
1290	-0.734730	130.018072	0.005630	7.5
1291	-0.908261	129.962022	0.011190	7.5
1292	-0.006145	129.906036	0.000215	7.8
1293	-0.208337	129.850114	0.002487	7.6
1294	-0.439740	129.794257	0.004370	7.6
1295	-1.303380	129.738463	0.004648	8.4
1296	-0.199220	129.682734	0.002931	7.6
1297	-1.226256	129.627068	0.006239	8.0
1298	-0.794336	129.571466	0.003594	7.6
1299	-1.388312	129.515927	0.007746	7.8
1300	-0.746368	129.460452	0.006385	7.7
1301	-1.160919	129.405040	0.009403	7.7
1302	-1.257926	129.349692	0.006937	7.6
1303	-0.128906	129.294406	0.001997	7.6
1304	-1.316572	129.239183	0.010166	7.7
1305	-0.839965	129.184024	0.010324	7.5
1306	-0.719938	129.128927	0.008321	9.2
1307	-1.024734	129.073892	0.007952	7.5
1308	-0.672560	129.018921	0.003899	8.3
1309	-0.125292	128.964011	0.001074	7.6
1310	-0.654372	128.909164	0.007389	7.7
1311	-1.394356	128.854379	0.011829	7.5
1312	-0.341498	128.799656	0.005407	7.6
1313	-1.195600	128.744995	0.009768	7.5
1314	-1.023099	128.690396	0.009487	7.5
1315	-1.121953	128.635858	0.008059	7.6
1316	-1.236821	128.581382	0.009466	7.6
1317	-0.938390	128.526968	0.005876	7.6
1318	-1.213339	128.472615	0.005217	7.8
1319	-1.130199	128.418323	0.008461	7.8
1320	-0.334264	128.364092	0.005698	8.3
1321	-1.093867	128.309922	0.009368	7.5
1322	-1.208700	128.255814	0.006544	7.6
1323	-1.084045	128.201766	0.005565	7.5
1324	-1.414425	128.147778	0.006592	7.4
1325	-0.865743	128.093852	0.010540	7.7
1326	-1.334742	128.039985	0.010548	7.7
1327	-1.102389	127.986180	0.007713	7.5
1328	-1.306054	127.932434	0.007834	7.5
1329	-1.311397	127.878749	0.010596	7.6
1330	-0.217647	127.825123	0.003817	7.1
1331	-0.501660	127.771558	0.002392	7.5
1332	-1.051087	127.718052	0.009352	7.6
1333	-0.351389	127.664606	0.005080	7.6
1334	-1.351450	127.611220	0.009939	7.5
1335	-0.629078	127.557893	0.007209	7.6
1336	-0.962973	127.504625	0.009885	7.5
1337	-0.873002	127.451417	0.007924	7.5
1338	-1.086920	127.398268	0.007184	7.6
1339	-0.647051	127.345178	0.005260	7.6
1340	-0.202278	127.292147	0.003352	7.6
1341	-0.622028	127.239175	0.005864	7.6
1342	-1.338520	127.186261	0.008820	7.6
1343	-1.297424	127.133407	0.008579	7.5
1344	-1.241819	127.080610	0.011123	7.7
1345	-0.212722	127.027872	0.003216	8.3
1346	-1.276556	126.975193	0.007597	7.7
1347	-0.853491	126.922572	0.008885	7.5
1348	-0.663396	126.870008	0.006772	7.5
1349	-0.197667	126.817503	0.004610	7.5
1350	-1.257014	126.765056	0.010098	7.6
1351	-0.929273	126.712667	0.011595	7.8
1352	-1.221113	126.660335	0.008247	7.7
1353	-0.726564	126.608061	0.008527	7.7
1354	-0.357924	126.555844	0.004338	7.6
1355	-0.836618	126.503685	0.004390	8.4
1356	-0.944532	126.451583	0.005572	8.3
1357	-1.380571	126.399538	0.011111	7.7
1358	-1.254263	126.347550	0.006487	7.6
1359	-0.045130	126.295619	0.000363	7.6
1360	-1.165503	126.243745	0.006840	8.5
1361	-1.270590	126.191928	0.007126	7.5
1362	-0.701621	126.140168	0.006584	7.5
1363	-0.914404	126.088464	0.005133	7.5
1364	-0.304989	126.036817	0.003329	7.1
1365	-0.007095	125.985226	0.000175	7.5
1366	-1.124869	125.933691	0.008833	7.9
1367	-1.141815	125.882212	0.006961	7.6
1368	-1.289671	125.830790	0.011670	7.5
1369	-1.250418	125.779423	0.006256	7.6
1370	-0.696062	125.728113	0.004723	7.7
1371	-0.608663	125.676858	0.005829	8.2
1372	-0.897893	125.625659	0.007717	9.7
1373	-1.431796	125.574515	0.011646	8.9
1374	-0.721689	125.523427	0.004651	8.1
1375	-0.914536	125.472394	0.005878	7.6
1376	-1.251728	125.421417	0.007738	7.6
1377	-1.218766	125.370495	0.008833	7.6
1378	-1.320058	125.319628	0.008679	7.6
1379	-1.356982	125.268815	0.016728	7.5
1380	-1.229731	125.218058	0.009346	7.7
1381	-0.619748	125.167356	0.005561	7.7
1382	-1.280658	125.116708	0.006757	8.3
1383	-0.869482	125.066115	0.006267	7.7
1384	-1.300121	125.015576	0.007710	7.5
1385	-1.020000	124.965092	0.011544	7.6
1386	-0.745473	124.914662	0.006770	7.5
1387	-0.710812	124.864287	0.008423	7.5
1388	-0.978274	124.813965	0.007002	7.8
1389	-1.250369	124.763698	0.011377	7.6
1390	-0.833154	124.713485	0.010523	8.0
1391	-0.931940	124.663325	0.006654	9.0
1392	-0.992568	124.613219	0.007721	7.7
1393	-0.674797	124.563167	0.005379	7.2
1394	-0.746801	124.513168	0.004788	7.5
1395	-1.035399	124.463223	0.011299	7.6
1396	-0.555053	124.413332	0.005967	8.6
1397	-1.184866	124.363493	0.009709	7.7
1398	-0.536769	124.313708	0.007757	7.7
1399	-1.122062	124.263976	0.006989	7.6
1400	-0.825997	124.214297	0.007151	7.6
1401	-0.692838	124.164671	0.007156	7.6
1402	-0.478511	124.115097	0.005856	6.9
1403	-0.849958	124.065577	0.006917	7.6
1404	-1.161303	124.016109	0.006527	7.5
1405	-0.694246	123.966693	0.005647	7.6
1406	-1.267787	123.917330	0.009372	7.7
1407	-1.099603	123.868020	0.007202	8.5
1408	-0.866374	123.818762	0.006717	7.7
1409	-1.325774	123.769556	0.007842	7.6
1410	-0.771386	123.720402	0.009644	7.7
1411	-0.471048	123.671300	0.006576	7.6
1412	-0.732227	123.622250	0.007219	7.6
1413	-0.874264	123.573252	0.006021	7.6
1414	-1.336115	123.524305	0.007381	7.6
1415	-1.341039	123.475411	0.010031	7.6
1416	-1.410108	123.426568	0.019687	8.5
1417	-0.951822	123.377776	0.007519	7.6
1418	-0.844990	123.329036	0.006993	7.7
1419	-0.529989	123.280347	0.005557	7.6
1420	-1.196408	123.231709	0.009612	7.8
1421	-0.170035	123.183122	0.003146	7.6
1422	-1.231234	123.134587	0.007709	7.6
1423	-0.678189	123.086102	0.006845	7.7
1424	-1.360665	123.037669	0.011338	8.3
1425	-1.225880	122.989286	0.007733	7.6
1426	-0.438059	122.940954	0.003436	7.5
1427	-1.049824	122.892672	0.003676	7.6
1428	-0.657550	122.844441	0.005247	7.6
1429	-1.179977	122.796261	0.006439	7.5
1430	-0.511130	122.748130	0.005621	7.5
1431	-1.072867	122.700050	0.005117	7.5
1432	-0.820652	122.652021	0.009634	9.2
1433	-0.668686	122.604041	0.007841	7.6
1434	-0.677956	122.556111	0.008930	7.6
1435	-0.019358	122.508232	0.000530	7.8
1436	-0.686495	122.460402	0.003686	7.6
1437	-0.897406	122.412622	0.007311	7.5
1438	-1.438486	122.364891	0.007921	7.5
1439	-1.253338	122.317210	0.015437	7.5
1440	-0.928889	122.269579	0.005441	7.7
1441	-0.992013	122.221997	0.005030	7.8
1442	-0.161275	122.174465	0.003580	7.6
1443	-0.004364	122.126981	0.000142	9.3
1444	-0.343634	122.079547	0.004510	10.6
1445	-0.621452	122.032162	0.004156	7.7
1446	-1.332885	121.984826	0.008669	7.7
1447	-0.962693	121.937539	0.007198	7.6
1448	-1.265946	121.890301	0.009354	7.7
1449	-0.927147	121.843112	0.005475	7.7
1450	-1.004713	121.795971	0.005803	7.1
1451	-0.771273	121.748879	0.008053	7.6
1452	-1.337470	121.701835	0.006714	7.6
1453	-1.228937	121.654840	0.006834	7.6
1454	-0.277414	121.607893	0.003821	7.8
1455	-0.869910	121.560994	0.007866	8.4
1456	-0.706650	121.514144	0.006706	7.6
1457	-0.930163	121.467342	0.008593	7.5
1458	-0.455858	121.420588	0.002168	7.8
1459	-1.383091	121.373882	0.013039	7.7
1460	-1.100792	121.327223	0.008554	8.3
1461	-1.114653	121.280613	0.006894	9.4
1462	-0.411731	121.234050	0.005692	8.0
1463	-0.758770	121.187535	0.007593	10.1
1464	-1.293560	121.141067	0.008828	9.1
1465	-0.903387	121.094647	0.006801	8.7
1466	-1.133626	121.048274	0.006047	7.5
1467	-0.939059	121.001949	0.007980	7.5
1468	-0.681050	120.955671	0.005667	7.5
1469	-0.921971	120.909440	0.006038	7.5
1470	-0.190953	120.863256	0.003595	7.6
1471	-0.960620	120.817119	0.007677	7.6
1472	-0.728501	120.771029	0.003849	12.9
1473	-1.157676	120.724986	0.005168	12.6
1474	-0.227561	120.678990	0.002643	13.1
1475	-1.213930	120.633040	0.010824	12.3
1476	-0.822205	120.587137	0.005793	12.4
1477	-1.089613	120.541281	0.008465	12.1
1478	-1.175457	120.495471	0.006070	13.0
1479	-1.227793	120.449707	0.007566	12.0
1480	-1.083871	120.403990	0.007551	12.1
1481	-1.003084	120.358319	0.005014	12.2
1482	-1.282571	120.312694	0.009252	10.2
1483	-0.050136	120.267115	0.001283	8.0
1484	-0.766832	120.221582	0.003042	7.5
1485	-1.402227	120.176096	0.009145	7.5
1486	-0.697280	120.130655	0.007045	7.6
1487	-1.214665	120.085260	0.012944	7.7
1488	-1.275499	120.039910	0.008028	7.5
1489	-1.168896	119.994606	0.007789	7.5
1490	-1.311907	119.949348	0.008209	7.6
1491	-1.212283	119.904135	0.010723	7.6
1492	-1.365734	119.858968	0.007543	7.6
1493	-1.395020	119.813846	0.008004	7.3
1494	-1.271068	119.768769	0.010097	7.6
1495	-1.084958	119.723738	0.008087	7.5
1496	-1.106006	119.678752	0.008555	7.6
1497	-0.460804	119.633810	0.007219	7.5
1498	-0.903692	119.588914	0.006712	7.5
1499	-0.713137	119.544062	0.007687	7.5
1500	-1.144325	119.499256	0.009540	7.5
1501	-0.955374	119.454494	0.007206	7.5
1502	-0.607488	119.409777	0.004230	7.6
1503	-1.284534	119.365104	0.012318	7.6
1504	-0.488350	119.320476	0.007279	7.6
1505	-1.372603	119.275893	0.009542	7.5
1506	-0.765497	119.231353	0.003757	7.8
1507	-1.408398	119.186859	0.008660	9.3
1508	-1.140364	119.142408	0.007763	9.7
1509	-1.326693	119.098002	0.010155	7.6
1510	-1.345770	119.053639	0.007770	7.6
1511	-1.193848	119.009321	0.006781	8.6
1512	-0.839565	118.965047	0.006904	7.8
1513	-0.316699	118.920816	0.003535	7.6
1514	-0.139514	118.876630	0.001638	7.7
1515	-0.911172	118.832487	0.005005	7.7
1516	-1.156857	118.788388	0.009235	8.2
1517	-1.268146	118.744332	0.012288	7.6
1518	-0.501353	118.700320	0.002991	8.7
1519	-0.769230	118.656352	0.004418	7.5
1520	-1.405422	118.612427	0.008537	7.7
1521	-0.749128	118.568545	0.007332	7.6
1522	-0.929663	118.524706	0.006838	7.6
1523	-1.323539	118.480911	0.014273	7.6
1524	-0.659575	118.437159	0.004687	8.5
1525	-1.228786	118.393450	0.009963	7.6
1526	-1.055216	118.349784	0.008613	7.6
1527	-1.280864	118.306160	0.007945	7.1
1528	-0.964888	118.262580	0.005754	7.5
1529	-1.120321	118.219042	0.006549	7.7
1530	-0.602450	118.175548	0.009671	7.6
1531	-0.784420	118.132095	0.007145	7.6
1532	-1.328771	118.088686	0.011517	7.5
1533	-1.366379	118.045319	0.004941	8.4
1534	-0.633596	118.001994	0.004232	7.7
1535	-1.101635	117.958712	0.007855	7.6
1536	-1.271852	117.915472	0.011322	7.6
1537	-0.555198	117.872274	0.005036	8.2
1538	-1.418373	117.829118	0.007505	7.7
1539	-0.913676	117.786005	0.010751	8.5
1540	-1.172515	117.742933	0.005873	7.6
1541	-1.407030	117.699904	0.005517	7.5
1542	-0.915011	117.656916	0.007137	8.5
1543	-1.101001	117.613971	0.010384	7.7
1544	-1.203235	117.571067	0.007310	7.7
1545	-0.997377	117.528205	0.008484	7.7
1546	-1.329118	117.485384	0.008348	7.6
1547	-0.988234	117.442605	0.003607	7.6
1548	-1.312049	117.399867	0.007036	7.5
1549	-1.281843	117.357171	0.005186	7.6
1550	-1.386216	117.314517	0.005798	8.0
1551	-0.500472	117.271903	0.004247	7.6
1552	-0.356529	117.229331	0.001813	7.6
1553	-1.103499	117.186800	0.007014	7.5
1554	-0.778402	117.144311	0.005844	7.6
1555	-1.088064	117.101862	0.008726	7.7
1556	-1.258801	117.059454	0.005151	7.7
1557	-1.278292	117.017087	0.008170	7.6
1558	-1.240712	116.974762	0.007910	7.7
1559	-0.738133	116.932476	0.006356	7.5
1560	-0.587201	116.890232	0.008869	6.8
1561	-0.899837	116.848028	0.006044	7.5
1562	-0.519509	116.805865	0.006103	7.5
1563	-0.136750	116.763743	0.002155	7.6
1564	-1.472372	116.721661	0.007860	7.5
1565	-1.415363	116.679619	0.015293	7.7
1566	-1.085475	116.637618	0.005855	7.5
1567	-0.616833	116.595657	0.005854	7.6
1568	-0.376715	116.553736	0.006336	7.7
1569	-0.252171	116.511855	0.002074	7.6
1570	-0.646717	116.470015	0.007342	7.6
1571	-0.812309	116.428214	0.007149	7.9
1572	-1.346233	116.386454	0.010765	7.5
1573	-0.814047	116.344733	0.007112	7.5
1574	-0.761555	116.303052	0.004457	7.5
1575	-1.291517	116.261412	0.010536	8.2
1576	-1.286779	116.219810	0.007099	7.6
1577	-1.235747	116.178249	0.008222	7.4
1578	-1.397834	116.136727	0.014579	7.6
1579	-0.769778	116.095245	0.007918	7.6
1580	-1.316884	116.053802	0.014859	7.6
1581	-0.781538	116.012398	0.005995	7.6
1582	-1.366832	115.971034	0.016579	7.5
1583	-1.393173	115.929710	0.008139	7.6
1584	-1.229326	115.888424	0.008834	7.6
1585	-0.165521	115.847178	0.001849	7.6
1586	-0.467691	115.805970	0.002455	7.6
1587	-0.450515	115.764802	0.003433	7.6
1588	-1.352260	115.723673	0.009131	7.5
1589	-0.849739	115.682583	0.006580	7.5
1590	-0.784308	115.641532	0.006692	7.4
1591	-0.378413	115.600519	0.002765	7.5
1592	-0.158227	115.559546	0.002863	7.5
1593	-1.229558	115.518610	0.008740	7.5
1594	-1.407329	115.477714	0.007041	7.6
1595	-1.355345	115.436856	0.005699	7.7
1596	-1.018399	115.396037	0.008571	7.7
1597	-1.204849	115.355256	0.008788	7.7
1598	-1.259813	115.314514	0.006227	7.6
1599	-0.958717	115.273810	0.007161	7.5
1600	-1.270788	115.233144	0.007456	7.6
1601	-0.433309	115.192517	0.004853	7.5
1602	-1.187714	115.151927	0.009487	7.7
1603	-1.094905	115.111376	0.011515	7.6
1604	-1.367445	115.070863	0.010796	7.6
1605	-0.578786	115.030388	0.006287	7.7
1606	-0.707371	114.989951	0.006463	7.5
1607	-1.117338	114.949551	0.008525	7.5
1608	-0.935902	114.909190	0.005781	7.6
1609	-1.303781	114.868866	0.009801	7.7
1610	-0.728448	114.828580	0.006541	7.7
1611	-1.331522	114.788332	0.008327	7.6
1612	-1.338499	114.748121	0.008719	7.5
1613	-1.112735	114.707948	0.007521	7.5
1614	-1.125641	114.667812	0.008337	7.5
1615	-0.739863	114.627714	0.007300	7.6
1616	-0.879810	114.587653	0.006677	7.6
1617	-0.804881	114.547629	0.010410	7.6
1618	-0.636205	114.507643	0.010427	7.7
1619	-1.256751	114.467693	0.005559	7.5
1620	-0.049931	114.427781	0.001068	7.5
1621	-0.786188	114.387907	0.004470	7.5
1622	-0.855225	114.348069	0.006147	7.6
1623	-0.728364	114.308268	0.006924	7.3
1624	-1.276987	114.268504	0.014110	7.6
1625	-0.762628	114.228777	0.006443	7.6
1626	-0.446128	114.189086	0.004918	7.6
1627	-1.109936	114.149433	0.008070	7.4
1628	-0.943320	114.109816	0.007606	7.6
1629	-0.283646	114.070235	0.003548	7.5
1630	-1.425187	114.030692	0.012560	7.6
1631	-1.008486	113.991185	0.007601	7.7
1632	-0.750917	113.951714	0.007814	7.5
1633	-0.423090	113.912280	0.002886	7.5
1634	-1.338993	113.872882	0.006449	7.6
1635	-1.187931	113.833521	0.011003	7.7
1636	-0.949343	113.794195	0.005842	7.3
1637	-0.799197	113.754906	0.004807	8.8
1638	-1.025219	113.715653	0.007428	10.3
1639	-1.361091	113.676437	0.009852	7.8
1640	-0.786312	113.637256	0.008146	7.7
1641	-0.989235	113.598111	0.005387	7.6
1642	-1.028667	113.559002	0.007938	7.6
1643	-0.638778	113.519929	0.005252	8.4
1644	-1.252761	113.480892	0.009724	7.5
1645	-0.684994	113.441891	0.007655	7.5
1646	-1.202927	113.402925	0.007489	7.1
1647	-1.294897	113.363995	0.005293	7.7
1648	-1.372963	113.325101	0.007748	7.6
1649	-0.726994	113.286242	0.006208	7.6
1650	-1.295620	113.247419	0.007300	7.6
1651	-0.785999	113.208631	0.004548	7.6
1652	-1.033592	113.169879	0.006938	7.7
1653	-0.397353	113.131162	0.005111	8.0
1654	-1.229385	113.092480	0.009962	8.4
1655	-0.525141	113.053833	0.008415	7.5
1656	-0.342950	113.015222	0.003665	7.6
1657	-1.114623	112.976646	0.009191	7.5
1658	-0.206531	112.938105	0.003909	7.5
1659	-1.237471	112.899599	0.006728	7.6
1660	-1.110417	112.861128	0.016109	7.6
1661	-0.924237	112.822692	0.006558	7.6
1662	-0.683016	112.784291	0.003847	7.3
1663	-0.345699	112.745924	0.003435	7.7
1664	-0.760154	112.707593	0.006774	7.5
1665	-1.172392	112.669296	0.006086	7.6
1666	-0.470055	112.631034	0.006022	7.8
1667	-0.604307	112.592806	0.007364	7.7
1668	-1.375907	112.554613	0.012298	7.6
1669	-0.883219	112.516455	0.007291	7.6
1670	-1.255886	112.478331	0.006604	7.5
1671	-1.233657	112.440241	0.006885	7.6
1672	-0.561890	112.402186	0.009383	7.6
1673	-0.145072	112.364165	0.001866	7.6
1674	-1.343986	112.326179	0.008651	9.6
1675	-1.359479	112.288227	0.006672	7.7
1676	-0.795287	112.250309	0.005636	7.5
1677	-1.158427	112.212425	0.005937	7.5
1678	-1.109923	112.174575	0.010434	7.5
1679	-0.383424	112.136759	0.004387	7.6
1680	-0.581451	112.098977	0.007015	9.5
1681	-0.330544	112.061229	0.003610	9.7
1682	-1.175232	112.023515	0.004528	7.9
1683	-0.641129	111.985834	0.004550	7.5
1684	-1.424860	111.948188	0.010955	8.0
1685	-1.341010	111.910575	0.008977	7.6
1686	-0.674315	111.872996	0.006069	7.7
1687	-0.728211	111.835450	0.006658	7.7
1688	-0.393825	111.797939	0.003480	7.3
1689	-0.778134	111.760460	0.006253	7.6
1690	-0.850957	111.723015	0.010109	7.5
1691	-0.718649	111.685604	0.005234	7.6
1692	-0.743140	111.648226	0.006014	7.5
1693	-1.209925	111.610881	0.007272	7.6
1694	-1.306081	111.573570	0.010923	7.5
1695	-0.756035	111.536292	0.007253	7.5
1696	-0.837258	111.499047	0.010003	7.7
1697	-0.853008	111.461835	0.006559	7.4
1698	-1.390054	111.424656	0.008485	7.6
1699	-0.837744	111.387510	0.006738	7.0
1700	-0.962630	111.350398	0.008283	7.7
1701	-1.201528	111.313318	0.008713	7.7
1702	-0.492013	111.276271	0.003603	7.6
1703	-1.405491	111.239257	0.011148	7.6
1704	-1.329894	111.202276	0.005032	7.6
1705	-1.341166	111.165328	0.008249	7.5
1706	-0.669492	111.128412	0.006697	7.6
1707	-0.128173	111.091529	0.001145	7.6
1708	-1.371074	111.054679	0.006198	7.6
1709	-0.786161	111.017861	0.006711	7.6
1710	-0.820964	110.981076	0.007446	7.6
1711	-0.090305	110.944323	0.001280	7.6
1712	-1.054736	110.907603	0.007577	8.9
1713	-0.246113	110.870915	0.002501	7.7
1714	-1.066396	110.834259	0.007329	7.6
1715	-1.189867	110.797636	0.008193	7.0
1716	-1.087826	110.761045	0.008287	8.3
1717	-1.413461	110.724486	0.009179	7.5
1718	-1.100032	110.687959	0.010187	7.5
1719	-0.378645	110.651465	0.003286	6.9
1720	-1.213237	110.615002	0.007883	7.5
1721	-0.986035	110.578572	0.007839	7.4
1722	-0.709259	110.542173	0.006017	7.6
1723	-1.203428	110.505807	0.005882	8.3
1724	-1.089371	110.469472	0.007072	7.6
1725	-0.846016	110.433169	0.007296	7.6
1726	-1.156309	110.396898	0.008534	7.8
1727	-0.490137	110.360659	0.006034	7.7
1728	-1.256373	110.324451	0.004559	7.6
1729	-1.287563	110.288276	0.006133	7.6
1730	-1.049247	110.252131	0.008146	8.7
1731	-0.024283	110.216019	0.000938	8.1
1732	-1.315709	110.179937	0.007270	7.6
1733	-1.261904	110.143888	0.008407	7.6
1734	-0.315730	110.107869	0.004923	7.5
1735	-1.269108	110.071882	0.008075	7.6
1736	-1.364207	110.035927	0.006939	7.6
1737	-0.857141	110.000003	0.008743	7.6
1738	-0.875907	109.964110	0.007892	8.0
1739	-0.724319	109.928248	0.006175	7.7
1740	-1.017294	109.892417	0.009911	7.5
1741	-1.351465	109.856618	0.011002	7.6
1742	-0.977218	109.820850	0.006865	7.6
1743	-0.863762	109.785112	0.007271	7.7
1744	-1.349310	109.749406	0.009624	7.6
1745	-0.937545	109.713730	0.007526	7.9
1746	-1.076968	109.678086	0.007613	7.5
1747	-1.282385	109.642472	0.010394	7.6
1748	-1.389621	109.606890	0.013838	7.5
1749	-1.274512	109.571337	0.009472	9.1
1750	-0.735059	109.535816	0.007845	9.1
1751	-0.023087	109.500326	0.001432	8.5
1752	-0.871457	109.464866	0.005514	9.1
1753	-0.787308	109.429436	0.004571	9.2
1754	-1.170749	109.394038	0.010644	8.2
1755	-1.442771	109.358669	0.008623	7.7
1756	-1.404693	109.323331	0.010858	7.6
1757	-0.294455	109.288024	0.004079	7.6
1758	-0.228046	109.252747	0.005731	7.5
1759	-0.621900	109.217501	0.004160	7.5
1760	-1.364431	109.182284	0.013286	8.3
1761	-0.454732	109.147098	0.004562	8.1
1762	-1.161534	109.111942	0.005379	7.5
1763	-0.960999	109.076817	0.009053	8.1
1764	-1.331437	109.041721	0.010826	8.1
1765	-1.273360	109.006656	0.008393	7.7
1766	-1.302034	108.971620	0.007781	7.5
1767	-0.823606	108.936615	0.005273	7.6
1768	-0.678455	108.901640	0.006151	7.6
1769	-1.409515	108.866694	0.010939	7.5
1770	-1.349727	108.831779	0.009188	7.6
1771	-1.197460	108.796893	0.007191	7.5
1772	-0.711019	108.762037	0.007183	8.2
1773	-1.392859	108.727211	0.009322	7.5
1774	-1.311529	108.692415	0.006868	7.7
1775	-1.317047	108.657648	0.006275	7.6
1776	-0.067460	108.622911	0.001912	7.8
1777	-1.203856	108.588203	0.009150	7.7
1778	-1.251258	108.553525	0.011182	7.6
1779	-1.160004	108.518877	0.009526	7.7
1780	-0.623785	108.484258	0.004692	7.7
1781	-0.310139	108.449668	0.004239	7.5
1782	-0.917836	108.415108	0.006718	7.1
1783	-0.878820	108.380578	0.006016	7.8
1784	-1.404360	108.346076	0.006687	7.5
1785	-1.255207	108.311604	0.007617	7.5
1786	-1.193761	108.277161	0.006860	7.6
1787	-0.790179	108.242747	0.007322	7.6
1788	-0.518086	108.208363	0.005104	7.8
1789	-1.168417	108.174007	0.008414	7.7
1790	-0.458902	108.139681	0.005508	7.9
1791	-1.342582	108.105383	0.008110	7.7
1792	-0.438310	108.071115	0.004739	7.7
1793	-1.361182	108.036875	0.007973	7.3
1794	-1.117766	108.002665	0.008640	7.6
1795	-1.227055	107.968483	0.008317	7.5
1796	-1.327670	107.934330	0.007705	7.5
1797	-0.988878	107.900206	0.007281	7.5
1798	-1.063159	107.866111	0.009662	7.6
1799	-0.764356	107.832044	0.006646	7.5
1800	-0.660597	107.798007	0.007289	7.6
1801	-0.981925	107.763997	0.005920	7.6
1802	-1.320999	107.730017	0.009614	7.4
1803	-1.376110	107.696065	0.006706	7.5
1804	-0.966662	107.662141	0.005864	7.5
1805	-0.685316	107.628246	0.005157	7.4
1806	-1.274197	107.594379	0.006923	7.5
1807	-0.649847	107.560541	0.005352	7.5
1808	-0.771183	107.526731	0.007691	7.7
1809	-0.189666	107.492949	0.002336	7.6
1810	-1.266617	107.459196	0.005335	7.5
1811	-1.186692	107.425471	0.005024	7.4
1812	-0.551079	107.391774	0.008638	7.6
1813	-0.962234	107.358106	0.007452	7.4
1814	-1.337036	107.324465	0.009073	7.5
1815	-0.870198	107.290853	0.008758	7.5
1816	-1.243028	107.257268	0.005397	7.2
1817	-0.849258	107.223712	0.006097	7.5
1818	-0.548969	107.190184	0.007928	7.6
1819	-0.861242	107.156683	0.004444	7.6
1820	-1.280774	107.123211	0.009269	7.5
1821	-1.363718	107.089766	0.007099	7.4
1822	-0.979795	107.056349	0.006419	7.5
1823	-0.977190	107.022960	0.007107	7.6
1824	-1.008064	106.989599	0.006824	7.6
1825	-1.107976	106.956265	0.008260	7.4
1826	-1.261047	106.922960	0.010982	7.6
1827	-0.432202	106.889681	0.004642	7.7
1828	-0.579977	106.856431	0.004980	7.8
1829	-1.339837	106.823208	0.008905	7.5
1830	-0.906726	106.790012	0.005179	7.6
1831	-1.225352	106.756844	0.009252	7.5
1832	-1.337732	106.723703	0.009061	8.1
1833	-0.669201	106.690590	0.006084	7.3
1834	-0.696059	106.657505	0.005510	7.5
1835	-1.325572	106.624446	0.007965	7.7
1836	-1.289040	106.591415	0.008401	7.6
1837	-1.173939	106.558411	0.005283	7.7
1838	-1.333608	106.525435	0.009978	7.9
1839	-0.694005	106.492485	0.008900	7.6
1840	-1.300263	106.459563	0.014293	8.1
1841	-0.584738	106.426668	0.003889	8.3
1842	-1.256677	106.393800	0.007265	7.5
1843	-0.828145	106.360959	0.006930	7.5
1844	-1.276970	106.328145	0.005651	7.5
1845	-0.698555	106.295358	0.005491	8.0
1846	-1.382193	106.262598	0.007860	7.6
1847	-0.714243	106.229865	0.006761	7.7
1848	-0.928634	106.197158	0.007984	7.5
1849	-1.058658	106.164479	0.005108	7.5
1850	-0.873829	106.131826	0.009646	7.6
1851	-1.380376	106.099201	0.007803	7.5
1852	-1.274526	106.066602	0.011944	7.7
1853	-1.371847	106.034029	0.007764	7.6
1854	-0.514098	106.001483	0.006217	7.7
1855	-1.115642	105.968964	0.006791	7.5
1856	-0.676720	105.936472	0.006709	7.5
1857	-1.265590	105.904006	0.008538	7.3
1858	-0.198262	105.871566	0.003034	7.7
1859	-0.847470	105.839153	0.005974	7.7
1860	-1.168707	105.806767	0.005332	7.7
1861	-0.905070	105.774407	0.003692	7.3
1862	-0.262144	105.742073	0.004137	7.6
1863	-1.398359	105.709766	0.010944	7.6
1864	-1.097780	105.677485	0.010918	7.7
1865	-1.235378	105.645230	0.006317	7.8
1866	-0.389678	105.613001	0.002869	7.5
1867	-0.327456	105.580799	0.003886	7.7
1868	-1.327612	105.548623	0.013600	7.6
1869	-0.849569	105.516473	0.006324	7.9
1870	-0.405585	105.484349	0.005092	7.6
1871	-0.787989	105.452251	0.006166	7.7
1872	-0.605831	105.420179	0.004084	7.6
1873	-1.394571	105.388133	0.008274	7.4
1874	-0.339335	105.356113	0.004207	7.7
1875	-0.944655	105.324119	0.006344	7.5
1876	-0.955998	105.292151	0.007329	7.6
1877	-1.289007	105.260209	0.006298	7.9
1878	-0.856994	105.228293	0.008056	7.6
1879	-1.477010	105.196402	0.006960	7.5
1880	-1.268052	105.164537	0.008454	7.5
1881	-1.024435	105.132698	0.007584	7.6
1882	-1.088908	105.100885	0.007752	8.3
1883	-1.375724	105.069097	0.006317	7.6
1884	-0.867788	105.037335	0.007427	7.5
1885	-1.163460	105.005598	0.007928	7.6
1886	-0.137983	104.973887	0.002198	7.5
1887	-0.894136	104.942202	0.009442	7.6
1888	-1.328144	104.910542	0.009479	7.5
1889	-0.643444	104.878907	0.005156	8.2
1890	-0.728033	104.847298	0.006956	7.7
1891	-0.971950	104.815715	0.006677	7.7
1892	-0.313901	104.784156	0.003056	8.8
1893	-1.170174	104.752623	0.005111	7.5
1894	-0.796555	104.721116	0.006268	7.6
1895	-0.917356	104.689633	0.006361	7.6
1896	-1.027199	104.658176	0.005234	7.5
1897	-0.077300	104.626744	0.000867	7.6
1898	-0.404023	104.595337	0.005691	7.5
1899	-0.855131	104.563955	0.005105	7.6
1900	-1.399224	104.532599	0.011461	7.7
1901	-0.721135	104.501267	0.005524	8.4
1902	-1.205322	104.469960	0.006412	8.0
1903	-1.385435	104.438679	0.008923	7.6
1904	-1.138628	104.407422	0.008761	7.5
1905	-0.770038	104.376191	0.005692	7.7
1906	-0.429147	104.344984	0.002307	7.6
1907	-1.075383	104.313802	0.006384	7.6
1908	-0.737285	104.282645	0.005654	7.6
1909	-0.363970	104.251513	0.002934	8.7
1910	-1.400258	104.220405	0.006068	8.0
1911	-1.367402	104.189323	0.009673	7.6
1912	-1.419690	104.158265	0.014565	7.6
1913	-0.804719	104.127231	0.007009	7.6
1914	-0.545976	104.096222	0.006342	7.6
1915	-1.012775	104.065238	0.006411	7.5
1916	-0.780986	104.034279	0.003523	7.6
1917	-1.326998	104.003344	0.009329	8.3
1918	-1.415672	103.972433	0.014524	8.6
1919	-1.425146	103.941547	0.009168	7.6
1920	-1.370571	103.910686	0.009477	7.5
1921	-1.189264	103.879849	0.010111	7.7
1922	-0.091723	103.849036	0.003030	7.6
1923	-1.027761	103.818248	0.007330	7.7
1924	-0.216246	103.787484	0.003086	7.6
1925	-1.206319	103.756744	0.007027	7.6
1926	-1.170108	103.726029	0.009662	7.7
1927	-0.799071	103.695338	0.009566	7.6
1928	-0.203753	103.664671	0.002546	7.3
1929	-0.844722	103.634028	0.009576	7.6
1930	-0.826795	103.603409	0.004778	7.6
1931	-0.683107	103.572814	0.005181	7.6
1932	-1.223921	103.542244	0.005919	7.6
1933	-1.180853	103.511698	0.009322	7.7
1934	-1.282103	103.481175	0.008470	7.6
1935	-1.260576	103.450677	0.007698	7.9
1936	-0.727230	103.420202	0.004997	7.6
1937	-1.165972	103.389752	0.011594	8.0
1938	-1.070503	103.359325	0.009713	7.7
1939	-1.255748	103.328922	0.007480	7.5
1940	-0.200291	103.298543	0.003385	7.6
1941	-1.132570	103.268188	0.007273	7.9
1942	-1.228286	103.237857	0.007716	10.7
1943	-1.373313	103.207549	0.009675	7.5
1944	-1.274282	103.177265	0.006889	8.1
1945	-0.229742	103.147005	0.002812	7.6
1946	-0.283681	103.116768	0.003201	8.1
1947	-0.106109	103.086556	0.001690	7.7
1948	-1.212143	103.056366	0.006320	7.8
1949	-1.360654	103.026200	0.008489	7.8
1950	-1.126069	102.996058	0.010365	7.5
1951	-0.076709	102.965939	0.000960	7.5
1952	-0.478519	102.935844	0.003030	7.7
1953	-1.407659	102.905772	0.007307	9.8
1954	-0.844326	102.875724	0.006707	7.6
1955	-0.494525	102.845699	0.004862	7.7
1956	-0.425347	102.815697	0.003949	8.1
1957	-1.305101	102.785719	0.009051	7.6
1958	-0.916057	102.755764	0.007749	7.6
1959	-1.328749	102.725832	0.008108	7.6
1960	-1.179843	102.695924	0.008162	7.5
1961	-0.228365	102.666038	0.003680	7.6
1962	-1.058987	102.636176	0.007096	7.7
1963	-1.397560	102.606337	0.012149	8.1
1964	-1.138728	102.576521	0.011049	7.5
1965	-1.039308	102.546728	0.006520	7.5
1966	-1.293310	102.516959	0.010552	7.6
1967	-1.085499	102.487212	0.010044	7.5
1968	-1.396263	102.457488	0.009039	7.6
1969	-0.564605	102.427788	0.005524	7.6
1970	-0.108458	102.398110	0.002214	7.1
1971	-0.354320	102.368455	0.003534	6.7
1972	-0.717887	102.338823	0.006142	7.5
1973	-0.361238	102.309214	0.004371	7.6
1974	-1.246851	102.279628	0.011020	7.6
1975	-0.647066	102.250064	0.007368	7.8
1976	-1.411730	102.220524	0.007303	7.6
1977	-0.684669	102.191006	0.003966	7.5
1978	-1.371993	102.161511	0.014533	8.0
1979	-0.721502	102.132038	0.008579	7.7
1980	-1.293923	102.102588	0.008129	7.5
1981	-1.230385	102.073161	0.006510	7.5
1982	-0.186912	102.043757	0.002287	8.9
1983	-1.230946	102.014375	0.008280	7.5
1984	-1.272895	101.985015	0.009236	7.5
1985	-0.210641	101.955678	0.002826	7.2
1986	-0.704104	101.926364	0.005840	7.5
1987	-1.244184	101.897072	0.009503	8.2
1988	-1.435329	101.867802	0.007947	7.5
1989	-1.128478	101.838555	0.005865	7.5
1990	-0.803248	101.809330	0.005927	7.4
1991	-0.569783	101.780128	0.003850	7.5
1992	-0.263181	101.750948	0.004058	7.4
1993	-0.839913	101.721790	0.004960	7.6
1994	-1.306707	101.692654	0.012285	7.6
1995	-0.872484	101.663541	0.005209	7.5
1996	-0.263618	101.634450	0.004574	7.4
1997	-0.749716	101.605381	0.005899	7.5
1998	-0.865987	101.576335	0.010153	7.6
1999	-1.292206	101.547310	0.006885	7.7
