1:ItNr	2:Metric	3:StepSize	4:||Gradient||	Time[ms]
0	-0.260820	627.201626	0.002488	509.3
1	-1.838117	623.504937	0.019196	16.5
2	-1.367626	619.865785	0.015524	8.3
3	-0.319784	616.282728	0.005217	14.4
4	-1.060008	612.754375	0.012529	11.1
5	-1.970403	609.279381	0.009752	27.5
6	-0.482526	605.856447	0.008750	20.0
7	-0.711179	602.484317	0.009677	11.6
8	-1.830473	599.161779	0.011399	10.2
9	-1.390508	595.887656	0.015632	8.1
10	-0.754068	592.660813	0.008817	8.1
11	-0.202854	589.480151	0.006205	7.8
12	-1.912420	586.344606	0.025349	10.6
13	-1.121765	583.253145	0.031998	18.4
14	-1.202675	580.204771	0.011382	12.7
15	-0.544791	577.198517	0.016166	10.6
16	-1.640918	574.233444	0.040218	10.4
17	-1.672676	571.308645	0.016155	8.7
18	-0.557469	568.423237	0.012417	8.6
19	-1.621985	565.576365	0.019008	11.5
20	-1.627655	562.767201	0.019826	9.4
21	-1.598487	559.994938	0.020960	8.7
22	-1.638436	557.258797	0.013674	9.9
23	-0.205373	554.558018	0.000707	9.9
24	-0.982254	551.891865	0.008901	9.5
25	-1.001006	549.259621	0.010372	8.2
26	-0.526434	546.660592	0.005010	8.1
27	-1.889161	544.094102	0.006623	8.1
28	-0.286356	541.559494	0.003220	10.3
29	-0.778481	539.056129	0.008134	8.3
30	-1.774849	536.583387	0.018045	8.2
31	-1.777648	534.140663	0.021509	8.1
32	-0.959772	531.727370	0.014018	8.0
33	-1.097673	529.342935	0.004710	10.4
34	-1.015116	526.986802	0.006564	15.4
35	-0.344243	524.658430	0.011835	13.9
36	-0.272530	522.357290	0.003300	14.7
37	-0.661749	520.082868	0.009729	9.2
38	-0.631041	517.834665	0.010017	14.2
39	-0.279557	515.612193	0.004494	16.1
40	-0.737723	513.414976	0.015396	13.5
41	-0.980723	511.242551	0.005359	17.5
42	-1.360523	509.094468	0.012629	16.6
43	-1.672017	506.970285	0.010438	16.2
44	-0.456030	504.869574	0.008639	9.1
45	-1.107833	502.791916	0.009162	8.1
46	-1.515432	500.736903	0.016492	10.8
47	-0.205234	498.704137	0.002241	8.1
48	-0.538347	496.693228	0.002285	7.9
49	-0.931560	494.703798	0.010905	8.0
50	-0.537578	492.735476	0.011099	10.2
51	-0.779648	490.787900	0.011369	7.9
52	-0.481618	488.860718	0.002650	8.3
53	-0.302628	486.953585	0.003522	7.8
54	-1.417539	485.066164	0.020251	7.9
55	-1.821534	483.198126	0.015587	10.0
56	-1.613947	481.349149	0.017050	8.4
57	-0.150970	479.518920	0.003341	7.5
58	-0.953040	477.707132	0.009472	7.5
59	-1.260305	475.913485	0.014630	8.4
60	-1.331401	474.137684	0.009726	10.2
61	-1.109272	472.379445	0.008244	8.0
62	-1.087279	470.638485	0.002394	8.0
63	-1.405586	468.914531	0.007615	7.8
64	-1.090022	467.207315	0.009012	8.1
65	-0.035726	465.516573	0.000230	10.7
66	-1.964314	463.842050	0.019148	8.0
67	-0.855617	462.183494	0.009327	8.8
68	-0.717083	460.540658	0.006310	8.4
69	-0.629165	458.913303	0.008967	8.2
70	-0.531958	457.301192	0.005032	11.2
71	-0.441102	455.704096	0.006960	9.0
72	-0.526199	454.121787	0.008342	7.8
73	-1.757267	452.554045	0.020875	7.9
74	-1.679856	451.000653	0.027109	10.1
75	-0.456390	449.461399	0.009643	8.1
76	-1.664904	447.936075	0.018535	8.1
77	-0.481667	446.424477	0.005403	7.8
78	-1.663336	444.926406	0.018851	7.6
79	-1.566048	443.441666	0.011315	10.5
80	-1.066389	441.970065	0.022416	7.5
81	-0.624545	440.511415	0.005814	7.7
82	-1.859416	439.065533	0.017022	7.6
83	-0.522885	437.632238	0.014352	8.1
84	-1.247277	436.211351	0.009018	10.4
85	-1.584601	434.802701	0.010363	8.1
86	-0.392393	433.406117	0.003549	8.1
87	-1.188700	432.021430	0.017322	8.2
88	-1.887510	430.648479	0.009853	8.0
89	-0.793663	429.287101	0.010836	10.0
90	-0.731419	427.937140	0.012312	8.6
91	-1.243798	426.598440	0.024882	7.8
92	-1.208908	425.270849	0.024466	7.6
93	-1.873532	423.954220	0.011304	7.6
94	-1.363283	422.648404	0.014275	10.0
95	-0.691812	421.353259	0.008069	7.6
96	-0.295086	420.068643	0.003438	8.3
97	-1.389561	418.794419	0.010073	10.7
98	-1.181356	417.530451	0.018945	23.1
99	-1.279530	416.276604	0.013256	13.0
100	-1.153358	415.032748	0.012477	12.8
101	-0.949711	413.798754	0.009749	14.6
102	-1.386971	412.574495	0.009264	10.2
103	-1.432368	411.359849	0.016909	9.7
104	-1.123052	410.154691	0.010790	16.9
105	-1.654097	408.958904	0.011618	15.9
106	-0.221746	407.772368	0.005954	12.5
107	-1.803397	406.594968	0.025799	14.7
108	-1.758903	405.426590	0.021029	15.1
109	-1.499831	404.267122	0.007703	9.6
110	-1.234166	403.116456	0.026628	12.4
111	-0.139390	401.974481	0.003801	10.2
112	-1.059103	400.841093	0.003171	8.5
113	-1.553253	399.716187	0.014588	9.4
114	-0.863260	398.599660	0.008992	9.6
115	-0.503529	397.491411	0.003785	10.9
116	-0.474901	396.391342	0.004059	9.6
117	-0.702562	395.299353	0.010135	7.9
118	-0.305248	394.215350	0.002260	8.0
119	-1.149920	393.139238	0.017925	9.4
120	-0.837804	392.070924	0.006734	8.0
121	-1.264897	391.010316	0.009319	7.5
122	-1.698951	389.957325	0.015203	8.0
123	-1.922708	388.911862	0.023911	7.6
124	-1.167822	387.873839	0.008372	10.2
125	-1.776014	386.843173	0.025451	11.2
126	-0.987410	385.819777	0.015963	8.9
127	-0.361392	384.803569	0.001881	7.9
128	-1.552770	383.794468	0.022782	8.2
129	-1.399919	382.792393	0.029280	10.1
130	-1.607004	381.797264	0.009674	8.2
131	-1.551703	380.809005	0.041837	8.2
132	-0.746666	379.827537	0.006299	7.9
133	-1.581661	378.852786	0.024014	10.8
134	-1.304668	377.884678	0.009835	8.4
135	-0.787724	376.923138	0.004211	8.0
136	-1.655648	375.968095	0.019602	8.0
137	-0.919159	375.019479	0.004218	8.0
138	-1.384141	374.077218	0.031420	10.5
139	-1.860201	373.141244	0.020156	8.2
140	-0.644787	372.211489	0.002946	10.9
141	-0.705384	371.287887	0.011127	8.5
142	-1.491813	370.370370	0.013807	11.2
143	-0.434577	369.458876	0.004616	11.5
144	-0.457389	368.553338	0.014394	12.0
145	-0.858904	367.653696	0.010256	14.0
146	-1.867778	366.759885	0.018554	11.3
147	-1.642710	365.871846	0.006785	11.3
148	-0.559390	364.989518	0.000829	10.4
149	-0.161233	364.112841	0.003720	12.1
150	-0.183672	363.241757	0.004692	7.7
151	-1.871766	362.376208	0.023002	10.1
152	-1.251445	361.516137	0.005858	7.9
153	-0.863681	360.661488	0.008724	8.1
154	-1.557445	359.812206	0.005910	11.7
155	-1.048539	358.968236	0.005426	11.3
156	-1.345527	358.129524	0.023514	13.2
157	-0.592895	357.296018	0.004763	11.6
158	-0.700377	356.467665	0.002599	8.2
159	-1.775180	355.644414	0.011349	8.6
160	-1.876391	354.826213	0.012423	8.0
161	-1.757384	354.013012	0.014001	8.2
162	-1.109908	353.204763	0.009379	9.8
163	-0.306122	352.401415	0.002136	8.2
164	-0.776075	351.602922	0.005654	7.6
165	-1.149468	350.809235	0.011623	12.6
166	-1.211440	350.020308	0.010220	13.3
167	-1.499130	349.236095	0.025007	13.3
168	-0.235842	348.456550	0.000843	19.5
169	-1.394117	347.681627	0.005827	16.2
170	-1.704611	346.911283	0.005663	8.6
171	-1.348122	346.145474	0.005686	10.6
172	-0.172785	345.384157	0.002409	8.0
173	-0.555363	344.627288	0.005861	14.4
174	-1.370558	343.874826	0.005968	11.5
175	-0.670382	343.126729	0.012646	8.3
176	-0.243044	342.382957	0.001613	8.0
177	-0.424924	341.643469	0.010820	9.3
178	-0.221092	340.908224	0.005870	9.9
179	-1.723212	340.177184	0.016528	12.4
180	-1.297754	339.450309	0.012808	8.7
181	-1.473985	338.727561	0.035239	11.7
182	-0.854004	338.008902	0.008988	9.7
183	-1.230114	337.294295	0.016162	8.0
184	-1.592658	336.583703	0.008333	9.2
185	-1.888739	335.877089	0.030057	8.2
186	-0.959001	335.174416	0.005301	10.4
187	-0.636866	334.475651	0.020292	8.0
188	-1.020921	333.780756	0.007622	8.1
189	-1.616993	333.089698	0.009721	8.2
190	-2.005689	332.402443	0.018156	10.8
191	-0.987098	331.718955	0.005064	9.5
192	-1.856417	331.039203	0.012566	9.9
193	-0.717928	330.363153	0.007727	9.0
194	-1.300315	329.690771	0.018962	11.3
195	-1.889430	329.022027	0.016033	12.5
196	-1.634217	328.356888	0.039950	11.8
197	-1.389161	327.695322	0.027239	10.1
198	-0.490298	327.037299	0.003776	21.4
199	-0.778812	326.382787	0.007333	9.5
200	-1.415630	325.731758	0.008197	15.0
201	-1.101384	325.084179	0.006489	13.2
202	-0.685986	324.440023	0.007227	12.1
203	-1.305242	323.799258	0.017141	15.2
204	-0.639749	323.161858	0.008795	12.0
205	-1.596194	322.527792	0.033432	9.3
206	-1.486072	321.897034	0.011383	11.1
207	-1.222003	321.269554	0.007459	14.2
208	-0.244859	320.645325	0.003758	8.8
209	-0.148169	320.024320	0.001942	9.1
210	-1.839480	319.406512	0.023494	9.7
211	-1.660815	318.791875	0.016850	14.1
212	-1.465753	318.180381	0.020560	10.9
213	-1.001797	317.572005	0.004395	9.5
214	-0.923510	316.966721	0.003200	8.4
215	-1.659887	316.364504	0.012337	13.0
216	-1.354835	315.765329	0.011889	9.5
217	-0.469268	315.169170	0.002402	8.8
218	-0.239356	314.576003	0.000728	9.3
219	-1.505952	313.985804	0.012995	9.5
220	-1.893342	313.398548	0.014466	11.5
221	-1.666960	312.814213	0.018494	10.1
222	-1.706041	312.232773	0.013476	8.0
223	-1.377877	311.654207	0.003088	11.6
224	-0.463459	311.078491	0.007439	9.8
225	-0.721877	310.505602	0.009021	13.9
226	-0.345761	309.935518	0.002451	17.4
227	-1.414890	309.368217	0.019767	14.3
228	-0.951577	308.803676	0.008436	10.3
229	-1.617955	308.241874	0.028232	8.3
230	-0.478970	307.682789	0.006358	10.9
231	-1.959441	307.126400	0.006547	10.2
232	-1.891602	306.572687	0.025557	9.9
233	-1.601317	306.021627	0.016568	22.4
234	-1.557051	305.473201	0.011276	20.0
235	-1.559360	304.927388	0.013755	29.1
236	-0.529864	304.384168	0.012431	17.9
237	-0.633520	303.843521	0.003790	14.7
238	-0.953445	303.305427	0.006716	14.0
239	-1.262488	302.769867	0.017200	9.6
240	-0.415111	302.236821	0.009100	16.3
241	-0.867923	301.706270	0.002548	16.2
242	-0.803561	301.178196	0.006321	9.5
243	-0.571012	300.652580	0.006322	22.4
244	-1.925188	300.129402	0.007845	16.8
245	-1.852192	299.608645	0.002923	13.8
246	-1.320381	299.090291	0.022145	18.1
247	-2.020554	298.574321	0.013935	8.8
248	-0.833724	298.060718	0.007614	9.2
249	-1.638977	297.549465	0.008524	13.5
250	-1.794080	297.040543	0.014458	15.3
251	-0.517064	296.533936	0.002823	9.1
252	-0.861103	296.029626	0.006464	8.5
253	-0.526477	295.527597	0.017538	8.2
254	-1.033115	295.027832	0.012181	8.0
255	-1.497145	294.530315	0.016401	11.7
256	-1.830328	294.035028	0.017159	8.4
257	-1.070317	293.541956	0.001871	8.4
258	-1.627115	293.051083	0.006876	8.1
259	-1.969581	292.562393	0.010379	10.7
260	-0.083362	292.075870	0.000307	8.0
261	-1.697558	291.591498	0.026497	8.3
262	-1.970220	291.109263	0.013344	9.1
263	-0.885716	290.629149	0.006443	7.8
264	-1.590033	290.151140	0.006296	11.6
265	-1.763966	289.675222	0.015991	9.0
266	-1.793913	289.201380	0.024363	8.7
267	-1.129285	288.729600	0.009398	8.8
268	-0.862318	288.259866	0.013095	10.0
269	-0.885343	287.792165	0.009282	7.8
270	-0.501019	287.326481	0.007569	10.2
271	-1.346701	286.862802	0.013331	8.7
272	-1.378289	286.401113	0.020764	9.4
273	-0.732796	285.941400	0.009864	8.7
274	-1.863627	285.483649	0.029783	11.6
275	-1.036927	285.027847	0.012166	11.5
276	-0.629562	284.573981	0.004128	12.4
277	-1.881895	284.122037	0.018860	9.1
278	-0.803397	283.672002	0.012151	11.0
279	-1.064257	283.223863	0.003164	8.6
280	-1.388774	282.777607	0.015625	15.4
281	-0.684172	282.333221	0.004876	14.5
282	-1.485915	281.890692	0.022296	17.3
283	-1.935879	281.450008	0.007563	18.6
284	-1.449422	281.011157	0.007661	15.9
285	-1.879714	280.574125	0.021864	11.7
286	-0.713238	280.138901	0.011194	14.9
287	-0.197600	279.705473	0.000402	16.4
288	-0.529670	279.273829	0.009229	10.3
289	-0.918126	278.843956	0.012444	13.6
290	-0.882819	278.415844	0.013263	15.5
291	-0.584947	277.989479	0.006717	14.0
292	-1.419757	277.564851	0.017527	11.8
293	-0.565908	277.141949	0.008630	8.5
294	-1.876615	276.720761	0.022360	12.6
295	-1.846614	276.301275	0.009985	8.3
296	-0.737067	275.883480	0.008555	10.5
297	-1.454936	275.467366	0.012412	12.0
298	-0.630658	275.052922	0.004808	8.1
299	-1.995475	274.640136	0.010891	8.0
300	-1.290355	274.228998	0.013422	8.6
301	-1.518810	273.819497	0.020231	9.4
302	-1.696766	273.411623	0.015530	8.4
303	-0.325285	273.005365	0.003927	8.8
304	-0.593835	272.600712	0.001982	7.8
305	-1.735909	272.197655	0.008482	10.1
306	-1.915421	271.796184	0.009682	7.7
307	-1.859313	271.396287	0.019613	8.4
308	-0.292241	270.997956	0.001603	7.6
309	-1.470224	270.601180	0.011191	7.9
310	-1.354929	270.205949	0.012559	10.7
311	-1.853742	269.812254	0.020851	7.6
312	-0.515985	269.420085	0.007849	8.2
313	-0.835909	269.029432	0.004868	8.2
314	-1.409416	268.640287	0.010174	8.0
315	-0.532375	268.252638	0.007824	10.5
316	-1.700867	267.866478	0.023384	7.9
317	-1.788664	267.481796	0.014144	8.2
318	-1.965167	267.098584	0.013091	8.1
319	-1.565669	266.716833	0.026633	7.7
320	-0.467521	266.336533	0.002673	9.9
321	-1.127855	265.957676	0.005546	7.1
322	-0.673456	265.580253	0.006002	8.4
323	-1.714969	265.204254	0.019863	9.8
324	-0.568433	264.829672	0.001814	8.3
325	-0.211274	264.456497	0.004024	10.7
326	-1.259884	264.084721	0.005507	7.5
327	-1.862280	263.714335	0.007558	7.8
328	-1.130147	263.345332	0.005867	9.3
329	-0.432536	262.977702	0.007722	10.7
330	-1.901909	262.611438	0.008297	10.4
331	-1.139347	262.246531	0.021025	8.1
332	-1.861379	261.882973	0.022397	8.2
333	-1.003235	261.520756	0.012041	8.0
334	-0.744246	261.159871	0.003744	11.0
335	-0.305297	260.800312	0.005847	7.6
336	-0.723905	260.442070	0.003524	7.9
337	-0.535513	260.085137	0.012897	7.9
338	-1.140793	259.729505	0.024841	7.9
339	-1.618161	259.375167	0.011939	10.6
340	-0.163633	259.022116	0.002965	7.6
341	-1.076300	258.670343	0.010226	8.1
342	-0.171668	258.319841	0.001123	8.4
343	-1.805443	257.970602	0.008904	8.1
344	-0.323264	257.622620	0.003207	11.9
345	-0.583125	257.275887	0.012474	7.9
346	-1.848791	256.930396	0.012776	10.5
347	-1.591487	256.586139	0.014970	8.3
348	-1.486745	256.243109	0.010099	8.5
349	-1.995394	255.901300	0.019400	10.0
350	-1.197941	255.560703	0.010056	8.0
351	-0.738581	255.221313	0.006674	8.6
352	-0.791385	254.883122	0.002285	7.8
353	-0.180085	254.546124	0.003085	10.6
354	-1.848056	254.210311	0.019871	8.1
355	-0.322053	253.875677	0.001378	7.9
356	-0.467209	253.542215	0.003183	7.7
357	-1.044685	253.209918	0.017007	7.5
358	-0.635423	252.878781	0.010890	10.5
359	-0.830479	252.548795	0.008366	8.7
360	-1.075218	252.219956	0.020956	11.4
361	-1.584691	251.892255	0.011009	9.1
362	-0.988864	251.565688	0.006625	10.6
363	-1.360671	251.240247	0.011322	8.3
364	-0.196212	250.915926	0.002633	8.6
365	-0.478147	250.592720	0.006815	7.6
366	-1.201744	250.270621	0.010733	8.9
367	-1.819674	249.949624	0.013168	10.7
368	-0.784282	249.629723	0.004984	8.1
369	-1.831023	249.310911	0.031558	8.2
370	-1.712124	248.993182	0.017259	7.9
371	-0.834999	248.676531	0.008309	9.5
372	-1.042514	248.360952	0.001730	7.6
373	-1.227294	248.046438	0.028297	7.8
374	-1.786027	247.732984	0.015624	7.8
375	-1.941647	247.420584	0.012266	7.6
376	-1.488566	247.109233	0.008343	10.7
377	-0.681676	246.798924	0.003154	9.2
378	-1.663529	246.489652	0.012814	7.9
379	-0.409928	246.181412	0.003083	9.0
380	-0.798064	245.874197	0.007650	8.6
381	-1.848286	245.568002	0.011159	9.9
382	-1.928500	245.262822	0.025081	7.6
383	-1.793292	244.958652	0.021819	8.4
384	-1.439007	244.655485	0.006399	9.5
385	-0.502459	244.353317	0.005043	9.7
386	-1.624193	244.052142	0.014153	8.0
387	-1.822561	243.751955	0.016957	7.7
388	-1.276800	243.452750	0.006344	8.0
389	-0.724655	243.154523	0.002547	8.0
390	-0.818174	242.857268	0.011950	10.5
391	-0.766060	242.560980	0.009724	9.4
392	-1.067713	242.265654	0.013672	10.7
393	-1.343647	241.971285	0.012349	8.0
394	-1.837205	241.677868	0.017669	10.1
395	-1.698073	241.385397	0.003836	9.2
396	-1.753977	241.093869	0.006239	7.9
397	-1.052078	240.803278	0.006106	8.2
398	-1.924961	240.513619	0.029954	8.6
399	-0.334959	240.224887	0.003839	10.6
400	-1.867990	239.937077	0.008663	8.2
401	-1.479892	239.650186	0.004629	7.9
402	-0.286631	239.364207	0.002246	8.3
403	-0.306315	239.079136	0.002426	7.2
404	-2.016049	238.794969	0.013151	10.7
405	-1.556987	238.511701	0.010930	7.9
406	-0.515312	238.229327	0.016722	8.5
407	-1.209714	237.947843	0.009491	9.2
408	-1.740071	237.667244	0.015284	8.0
409	-1.307594	237.387526	0.017475	11.7
410	-1.319918	237.108684	0.025723	8.3
411	-0.028683	236.830714	0.000355	8.1
412	-2.001371	236.553610	0.011000	7.5
413	-0.523220	236.277370	0.003850	10.6
414	-0.547178	236.001989	0.010950	7.8
415	-1.926899	235.727461	0.020510	7.9
416	-0.882343	235.453784	0.009466	8.0
417	-0.694034	235.180952	0.015066	8.2
418	-1.862213	234.908962	0.009428	10.2
419	-0.599960	234.637809	0.007942	7.7
420	-1.511733	234.367488	0.014968	8.2
421	-0.696840	234.097997	0.007625	8.1
422	-1.735908	233.829331	0.016401	7.8
423	-1.709698	233.561485	0.011033	9.7
424	-0.942907	233.294456	0.010475	8.5
425	-1.868103	233.028239	0.011831	10.4
426	-1.142370	232.762831	0.005516	9.4
427	-0.678580	232.498228	0.003584	9.7
428	-0.789843	232.234425	0.009364	9.3
429	-1.524468	231.971419	0.014229	8.3
430	-1.640342	231.709205	0.005378	7.5
431	-0.526889	231.447781	0.012252	8.5
432	-1.930574	231.187141	0.006694	9.7
433	-1.527912	230.927283	0.004079	8.4
434	-0.976746	230.668202	0.006362	8.2
435	-0.211360	230.409895	0.001287	7.9
436	-1.904259	230.152358	0.013684	8.6
437	-1.823486	229.895587	0.018304	9.6
438	-0.848758	229.639578	0.010137	8.3
439	-0.428506	229.384329	0.004942	8.1
440	-0.332083	229.129834	0.001311	7.3
441	-1.606249	228.876091	0.008838	8.6
442	-0.248913	228.623096	0.001157	10.0
443	-1.983874	228.370846	0.013284	8.1
444	-1.520606	228.119336	0.005684	8.7
445	-1.183558	227.868563	0.009065	7.5
446	-0.399746	227.618525	0.005596	7.7
447	-1.447345	227.369216	0.019311	10.7
448	-1.713850	227.120635	0.004680	9.3
449	-1.464188	226.872777	0.012895	9.3
450	-1.386127	226.625638	0.021775	10.4
451	-0.907302	226.379217	0.007395	12.5
452	-1.910887	226.133509	0.006991	10.3
453	-0.480823	225.888510	0.002589	7.7
454	-1.812668	225.644218	0.013069	9.0
455	-0.707300	225.400630	0.004443	15.4
456	-1.997426	225.157741	0.008842	8.3
457	-1.446681	224.915549	0.005244	10.5
458	-0.656906	224.674051	0.001717	8.2
459	-0.862029	224.433242	0.009244	12.0
460	-0.956921	224.193121	0.012387	8.3
461	-0.136933	223.953684	0.000815	7.6
462	-1.664151	223.714927	0.016962	8.1
463	-0.535053	223.476848	0.014300	8.4
464	-0.841967	223.239444	0.005413	10.6
465	-0.648427	223.002710	0.017079	8.5
466	-1.353133	222.766645	0.026343	8.4
467	-1.280295	222.531245	0.016321	7.8
468	-1.302983	222.296508	0.040641	8.5
469	-1.460318	222.062429	0.009156	10.1
470	-0.804126	221.829007	0.006795	7.8
471	-1.426453	221.596238	0.015230	8.3
472	-1.187704	221.364119	0.006714	7.8
473	-1.747222	221.132647	0.006101	9.3
474	-0.698643	220.901820	0.008163	8.3
475	-0.696120	220.671634	0.007150	8.3
476	-1.684967	220.442086	0.022234	8.0
477	-1.614309	220.213174	0.012177	7.6
478	-0.957199	219.984895	0.004537	10.3
479	-0.690064	219.757246	0.006540	8.3
480	-0.710135	219.530224	0.015417	9.2
481	-1.609446	219.303826	0.005701	10.1
482	-1.924069	219.078050	0.009016	11.5
483	-1.398421	218.852893	0.006308	9.2
484	-0.739399	218.628352	0.007248	8.0
485	-1.878227	218.404424	0.009857	8.7
486	-1.568323	218.181106	0.019522	7.8
487	-1.565768	217.958397	0.012254	14.5
488	-0.633875	217.736292	0.005203	9.5
489	-0.485770	217.514790	0.013549	7.6
490	-0.369998	217.293888	0.006844	10.8
491	-1.170812	217.073584	0.008711	8.7
492	-1.322254	216.853873	0.007394	8.1
493	-1.376401	216.634755	0.010064	8.1
494	-0.760198	216.416227	0.012823	8.1
495	-1.675111	216.198285	0.007148	11.8
496	-0.210283	215.980927	0.000493	8.3
497	-1.182454	215.764151	0.005674	8.7
498	-0.457811	215.547955	0.002073	8.1
499	-1.821324	215.332335	0.009758	7.7
500	-0.432012	215.117289	0.008145	10.6
501	-0.990849	214.902815	0.015245	8.2
502	-1.352880	214.688911	0.010903	7.4
503	-1.255177	214.475573	0.012706	8.2
504	-1.971866	214.262800	0.008332	8.4
505	-1.083474	214.050588	0.007821	10.5
506	-0.686922	213.838936	0.007819	7.9
507	-1.869495	213.627842	0.016238	8.8
508	-1.399998	213.417302	0.017952	13.4
509	-1.377495	213.207314	0.006251	17.2
510	-1.916828	212.997877	0.014666	17.8
511	-1.118620	212.788987	0.007675	18.9
512	-1.557794	212.580642	0.007095	14.7
513	-0.563868	212.372841	0.005241	18.1
514	-0.471428	212.165581	0.001959	19.4
515	-0.766419	211.958859	0.003890	16.9
516	-0.584159	211.752673	0.008564	18.5
517	-1.856359	211.547021	0.017107	20.2
518	-1.202230	211.341902	0.008762	15.0
519	-1.254167	211.137311	0.006786	16.9
520	-0.622574	210.933248	0.007535	15.0
521	-1.848150	210.729710	0.008592	13.2
522	-1.332217	210.526695	0.020005	8.5
523	-0.923561	210.324200	0.022935	9.8
524	-1.563669	210.122224	0.023653	9.9
525	-1.547246	209.920765	0.021105	10.9
526	-0.693724	209.719820	0.013975	7.5
527	-1.712947	209.519387	0.018193	8.5
528	-0.095869	209.319463	0.000428	8.6
529	-0.709081	209.120048	0.017073	10.7
530	-0.533036	208.921139	0.011183	9.6
531	-1.386023	208.722733	0.016728	8.0
532	-1.482311	208.524829	0.005499	7.7
533	-1.439393	208.327425	0.016621	9.2
534	-0.695819	208.130518	0.006311	11.8
535	-0.902210	207.934107	0.008907	8.5
536	-0.536939	207.738189	0.002308	8.3
537	-0.772362	207.542762	0.002826	10.8
538	-0.481751	207.347825	0.009461	11.2
539	-0.441630	207.153376	0.007891	9.1
540	-1.233733	206.959412	0.006172	9.8
541	-1.661077	206.765932	0.029926	8.0
542	-1.445336	206.572933	0.003337	7.7
543	-1.294632	206.380414	0.001023	10.8
544	-0.125227	206.188373	0.000642	11.5
545	-1.161728	205.996807	0.012841	8.8
546	-1.641502	205.805716	0.007034	8.3
547	-0.522635	205.615096	0.002255	11.0
548	-0.981769	205.424946	0.007938	8.5
549	-1.063316	205.235265	0.006136	8.4
550	-1.007589	205.046050	0.017283	7.9
551	-1.701098	204.857299	0.009121	19.4
552	-0.288496	204.669011	0.006095	14.6
553	-1.612232	204.481184	0.017177	12.7
554	-1.663413	204.293816	0.013531	10.9
555	-1.542464	204.106905	0.005573	7.9
556	-1.812060	203.920449	0.030763	7.6
557	-0.837522	203.734447	0.006084	7.9
558	-1.341401	203.548896	0.003948	8.9
559	-0.650644	203.363795	0.003551	10.3
560	-0.490179	203.179143	0.005951	8.5
561	-2.025890	202.994937	0.017018	8.6
562	-1.989337	202.811176	0.020506	7.6
563	-1.113958	202.627857	0.010046	8.5
564	-0.786355	202.444980	0.017755	10.4
565	-1.936981	202.262543	0.012710	8.2
566	-0.153999	202.080543	0.002471	12.3
567	-1.209458	201.898979	0.009628	7.6
568	-1.833773	201.717849	0.008288	11.7
569	-0.918930	201.537153	0.019244	7.8
570	-0.810274	201.356887	0.010802	8.5
571	-0.499057	201.177050	0.006004	7.5
572	-0.523249	200.997642	0.002398	10.3
573	-1.303408	200.818659	0.002699	8.4
574	-0.796851	200.640100	0.009904	9.4
575	-0.515871	200.461965	0.004272	8.3
576	-1.668039	200.284250	0.016859	7.8
577	-0.739012	200.106955	0.009452	10.5
578	-1.010129	199.930078	0.005500	13.1
579	-1.951767	199.753617	0.038604	12.0
580	-1.571013	199.577571	0.010086	10.5
581	-1.026973	199.401938	0.011807	8.3
582	-1.428418	199.226717	0.013681	7.3
583	-1.637103	199.051905	0.017134	8.6
584	-0.940842	198.877502	0.010705	7.8
585	-0.531846	198.703506	0.002690	10.7
586	-1.449195	198.529916	0.005975	8.2
587	-1.293974	198.356729	0.012469	8.1
588	-0.696714	198.183944	0.005173	7.9
589	-1.105395	198.011560	0.005235	8.2
590	-1.908421	197.839576	0.016388	10.4
591	-1.411862	197.667989	0.009137	9.3
592	-1.489736	197.496798	0.008850	8.2
593	-0.915150	197.326002	0.003435	8.1
594	-1.654346	197.155600	0.017728	9.2
595	-1.268126	196.985589	0.015344	10.0
596	-0.110973	196.815969	0.000471	8.4
597	-1.964923	196.646738	0.014027	11.0
598	-0.897896	196.477894	0.009572	8.9
599	-0.849605	196.309436	0.005291	10.9
600	-1.690571	196.141363	0.009825	8.0
601	-1.370436	195.973673	0.005132	8.3
602	-1.401754	195.806365	0.015104	9.6
603	-0.577264	195.639437	0.011365	9.9
604	-1.796757	195.472888	0.021414	9.2
605	-1.673131	195.306717	0.008038	8.4
606	-1.787473	195.140922	0.015064	9.5
607	-0.921930	194.975501	0.005206	10.6
608	-1.850627	194.810454	0.015988	9.1
609	-1.299438	194.645779	0.007304	10.7
610	-0.301134	194.481475	0.005885	8.7
611	-1.510832	194.317540	0.014218	12.8
612	-1.175588	194.153973	0.010055	11.5
613	-0.894963	193.990773	0.003995	8.7
614	-0.194883	193.827938	0.003270	9.7
615	-0.498514	193.665467	0.003976	13.2
616	-1.987539	193.503358	0.010766	8.6
617	-1.268204	193.341611	0.021811	9.6
618	-1.480282	193.180224	0.008851	9.1
619	-1.096042	193.019196	0.005062	10.7
620	-0.150849	192.858525	0.002410	11.7
621	-0.704970	192.698210	0.003125	9.4
622	-1.223080	192.538251	0.009311	9.9
623	-1.880045	192.378644	0.007233	12.1
624	-0.452027	192.219391	0.002234	9.7
625	-0.693942	192.060488	0.007479	13.7
626	-1.727811	191.901935	0.011203	21.5
627	-1.117054	191.743730	0.004269	36.2
628	-1.671514	191.585873	0.022052	20.8
629	-1.827771	191.428362	0.012496	40.3
630	-1.630925	191.271196	0.008634	22.7
631	-1.886758	191.114374	0.005705	9.4
632	-1.713762	190.957893	0.006648	11.7
633	-1.226000	190.801755	0.011266	10.6
634	-1.630078	190.645956	0.008882	7.8
635	-0.700961	190.490495	0.011249	8.0
636	-0.574734	190.335373	0.004620	8.2
637	-1.338374	190.180587	0.012885	11.0
638	-0.189066	190.026136	0.003517	9.0
639	-1.672448	189.872019	0.007770	8.0
640	-1.631061	189.718235	0.006259	8.2
641	-1.737632	189.564782	0.005260	10.7
642	-0.270512	189.411661	0.001885	8.0
643	-1.612737	189.258868	0.006882	8.1
644	-1.631093	189.106404	0.022023	9.0
645	-2.015128	188.954267	0.012747	7.9
646	-0.606468	188.802456	0.001865	11.4
647	-0.292212	188.650969	0.003966	9.3
648	-1.654211	188.499807	0.013520	9.0
649	-0.265147	188.348967	0.001429	8.7
650	-1.153008	188.198448	0.009303	14.2
651	-1.178810	188.048250	0.009802	14.5
652	-1.911667	187.898371	0.021605	11.5
653	-1.547849	187.748810	0.014543	13.4
654	-0.610860	187.599566	0.019418	11.3
655	-1.823506	187.450638	0.022502	12.2
656	-1.002630	187.302025	0.013117	12.0
657	-0.597206	187.153725	0.011938	11.9
658	-1.520707	187.005739	0.004588	15.5
659	-0.983236	186.858064	0.011379	19.6
660	-1.108139	186.710699	0.008206	20.8
661	-1.137724	186.563645	0.010129	18.8
662	-0.728750	186.416898	0.013283	15.7
663	-1.405024	186.270459	0.014478	12.3
664	-0.894419	186.124326	0.008514	14.2
665	-1.475579	185.978499	0.009632	9.2
666	-1.297647	185.832976	0.013048	10.5
667	-0.760030	185.687756	0.008314	8.2
668	-2.035198	185.542838	0.011092	9.4
669	-1.637344	185.398222	0.012873	9.2
670	-1.784866	185.253906	0.011068	8.0
671	-1.203203	185.109889	0.009562	8.8
672	-1.653050	184.966170	0.019103	11.1
673	-1.135563	184.822748	0.008975	10.3
674	-0.281070	184.679623	0.005553	8.5
675	-0.084910	184.536792	0.000776	8.8
676	-0.196752	184.394256	0.002099	8.5
677	-0.709979	184.252013	0.015645	10.7
678	-1.539700	184.110062	0.009219	9.7
679	-1.416764	183.968403	0.007488	12.4
680	-0.219139	183.827034	0.003419	13.7
681	-1.711269	183.685954	0.012309	8.0
682	-1.961258	183.545163	0.007245	8.1
683	-1.040588	183.404658	0.007788	7.5
684	-1.124612	183.264441	0.017696	8.1
685	-1.815427	183.124509	0.012981	9.7
686	-1.632859	182.984861	0.005050	8.9
687	-1.241189	182.845497	0.015130	7.7
688	-0.623571	182.706416	0.007040	8.0
689	-1.054392	182.567616	0.012661	7.7
690	-1.636840	182.429098	0.028492	10.2
691	-0.739956	182.290859	0.003542	8.1
692	-1.476627	182.152899	0.013543	7.6
693	-0.206758	182.015217	0.003782	8.3
694	-0.907875	181.877813	0.005852	9.0
695	-1.369627	181.740684	0.022392	10.5
696	-1.667832	181.603832	0.019105	8.4
697	-1.808138	181.467253	0.011518	8.1
698	-1.729545	181.330948	0.010154	8.3
699	-1.670720	181.194916	0.015441	8.2
700	-0.864848	181.059155	0.005173	9.6
701	-0.466910	180.923666	0.005905	8.6
702	-1.750775	180.788446	0.005202	8.0
703	-1.462199	180.653496	0.011479	9.3
704	-1.695459	180.518814	0.019622	11.8
705	-1.925049	180.384399	0.029017	8.5
706	-1.753338	180.250251	0.010508	8.0
707	-1.755160	180.116369	0.019153	8.0
708	-1.546003	179.982752	0.015919	8.3
709	-1.747435	179.849398	0.013661	10.6
710	-1.667796	179.716308	0.011620	7.6
711	-0.343402	179.583480	0.006339	7.7
712	-0.824269	179.450913	0.005580	8.3
713	-1.600827	179.318607	0.008961	7.8
714	-0.157685	179.186561	0.000570	10.6
715	-1.132965	179.054774	0.007150	8.0
716	-1.344060	178.923245	0.026884	7.4
717	-1.331169	178.791973	0.017351	8.4
718	-1.784236	178.660958	0.010756	8.3
719	-1.816547	178.530199	0.027431	12.1
720	-1.115897	178.399694	0.003280	7.8
721	-0.310052	178.269444	0.006672	9.3
722	-1.035239	178.139447	0.012147	7.5
723	-1.658338	178.009702	0.021126	8.2
724	-1.934793	177.880209	0.011982	10.3
725	-1.588953	177.750967	0.022143	8.6
726	-1.611630	177.621975	0.013326	8.3
727	-0.788609	177.493232	0.009359	8.9
728	-1.015577	177.364738	0.010388	8.1
729	-1.239382	177.236492	0.008965	10.2
730	-1.556553	177.108492	0.007216	8.8
731	-1.753891	176.980739	0.020692	8.6
732	-0.823334	176.853231	0.013416	8.1
733	-1.679681	176.725968	0.014929	10.4
734	-1.982450	176.598949	0.007924	7.8
735	-0.966498	176.472173	0.005583	8.9
736	-0.716557	176.345639	0.002320	9.3
737	-0.900461	176.219348	0.007565	8.1
738	-1.944539	176.093296	0.008451	12.2
739	-1.933914	175.967486	0.011645	8.3
740	-1.816418	175.841914	0.014160	8.5
741	-0.523041	175.716581	0.010457	8.4
742	-1.509475	175.591486	0.022046	10.6
743	-1.970519	175.466629	0.009290	8.7
744	-1.580165	175.342008	0.016428	9.8
745	-0.819289	175.217622	0.002810	9.0
746	-1.600410	175.093472	0.019154	12.5
747	-1.895251	174.969556	0.009888	12.3
748	-0.412434	174.845873	0.007918	11.7
749	-1.335856	174.722423	0.011885	11.6
750	-1.544633	174.599206	0.007765	11.4
751	-0.824591	174.476220	0.008473	9.3
752	-1.259972	174.353464	0.010976	9.4
753	-1.600910	174.230939	0.022451	9.0
754	-0.157584	174.108643	0.001106	14.1
755	-1.194529	173.986576	0.015187	13.1
756	-0.764722	173.864737	0.001415	12.4
757	-0.602237	173.743124	0.010953	14.0
758	-0.553749	173.621739	0.012266	13.9
759	-0.675397	173.500579	0.010176	20.1
760	-1.715534	173.379645	0.003874	14.8
761	-1.547908	173.258935	0.020759	20.7
762	-0.212842	173.138449	0.003257	17.9
763	-1.705742	173.018186	0.005537	15.3
764	-1.312552	172.898146	0.004730	10.9
765	-1.443275	172.778327	0.022014	9.6
766	-1.774656	172.658730	0.007035	8.5
767	-1.908550	172.539353	0.010293	9.3
768	-0.166231	172.420196	0.000946	8.0
769	-0.603545	172.301258	0.018216	9.3
770	-0.696543	172.182539	0.008135	7.9
771	-1.705568	172.064037	0.016413	8.6
772	-1.731694	171.945753	0.016187	7.9
773	-0.934057	171.827686	0.007202	10.5
774	-0.948102	171.709834	0.003699	8.4
775	-1.435193	171.592198	0.010659	7.7
776	-1.532200	171.474776	0.013778	7.9
777	-0.267361	171.357568	0.004257	8.9
778	-1.552403	171.240574	0.004486	10.1
779	-0.863861	171.123793	0.006216	8.1
780	-0.604152	171.007223	0.017531	8.4
781	-1.464333	170.890865	0.006679	7.7
782	-1.484157	170.774718	0.015184	8.3
783	-1.945188	170.658782	0.021197	10.1
784	-0.195368	170.543055	0.001030	9.1
785	-1.933079	170.427537	0.009482	10.0
786	-2.067076	170.312227	0.014013	8.6
787	-1.218566	170.197125	0.009798	13.5
788	-1.387504	170.082231	0.018921	17.6
789	-1.941875	169.967543	0.017628	11.4
790	-1.829293	169.853061	0.012690	10.4
791	-0.693079	169.738784	0.007829	13.8
792	-1.475859	169.624713	0.007445	22.1
793	-1.583604	169.510845	0.007943	25.9
794	-0.739175	169.397181	0.009816	31.2
795	-1.731108	169.283720	0.031307	23.9
796	-1.840218	169.170462	0.010409	10.4
797	-0.990788	169.057405	0.009590	14.9
798	-1.376357	168.944549	0.013468	8.5
799	-0.748803	168.831895	0.007166	8.5
800	-2.014383	168.719440	0.022413	8.7
801	-0.801364	168.607185	0.009591	11.0
802	-1.607889	168.495129	0.016545	8.7
803	-0.460760	168.383271	0.012508	7.8
804	-0.300519	168.271611	0.003553	8.1
805	-1.607603	168.160148	0.010662	10.9
806	-1.338732	168.048882	0.009322	7.9
807	-0.215390	167.937812	0.003617	7.8
808	-1.734290	167.826938	0.014054	7.7
809	-1.898703	167.716258	0.010651	9.4
810	-0.230130	167.605773	0.004000	12.9
811	-1.808671	167.495482	0.016026	9.0
812	-1.993238	167.385384	0.018605	8.3
813	-0.140746	167.275479	0.000793	8.0
814	-0.595869	167.165766	0.002426	7.9
815	-1.849760	167.056245	0.010649	11.4
816	-1.216146	166.946915	0.003770	10.9
817	-1.535699	166.837776	0.015906	9.6
818	-0.278975	166.728826	0.004846	10.9
819	-1.299886	166.620067	0.007850	12.2
820	-0.715190	166.511496	0.003933	11.0
821	-1.612435	166.403113	0.006475	9.9
822	-0.497819	166.294919	0.001414	9.7
823	-0.741806	166.186912	0.004387	15.9
824	-0.360392	166.079091	0.005107	9.8
825	-1.722417	165.971458	0.027793	9.4
826	-1.942559	165.864009	0.013684	11.2
827	-1.185326	165.756747	0.017566	13.1
828	-1.261844	165.649669	0.011446	18.0
829	-1.852563	165.542775	0.022383	12.4
830	-1.446738	165.436065	0.012359	22.2
831	-1.768284	165.329538	0.016368	13.4
832	-0.710849	165.223194	0.009541	15.9
833	-0.266368	165.117032	0.004414	14.6
834	-0.902942	165.011052	0.008495	12.0
835	-0.594452	164.905253	0.010332	10.7
836	-1.779193	164.799635	0.006546	12.0
837	-0.717585	164.694197	0.015307	11.0
838	-1.662818	164.588939	0.007342	8.5
839	-1.705881	164.483859	0.015739	8.8
840	-1.249267	164.378959	0.011280	8.1
841	-1.893031	164.274237	0.006745	10.5
842	-0.228785	164.169692	0.003300	7.9
843	-1.658374	164.065325	0.012106	8.3
844	-1.834499	163.961135	0.011427	7.6
845	-1.643333	163.857120	0.021903	8.1
846	-0.581741	163.753282	0.002780	10.1
847	-1.962055	163.649619	0.010509	8.1
848	-1.908833	163.546130	0.008807	8.1
849	-0.797965	163.442816	0.004788	7.5
850	-0.135536	163.339676	0.001082	7.6
851	-0.773815	163.236709	0.002830	9.6
852	-0.825257	163.133915	0.002018	8.4
853	-0.219446	163.031294	0.001195	7.5
854	-1.866430	162.928844	0.012084	8.4
855	-0.236762	162.826566	0.001447	7.5
856	-1.797183	162.724459	0.026115	10.9
857	-1.165433	162.622523	0.020913	8.5
858	-0.670096	162.520757	0.004676	8.9
859	-1.315462	162.419160	0.012892	8.1
860	-1.769514	162.317733	0.021758	8.4
861	-0.459014	162.216474	0.011870	10.7
862	-1.655220	162.115383	0.010949	8.3
863	-1.250108	162.014461	0.006189	8.5
864	-1.957047	161.913705	0.015309	12.4
865	-1.573675	161.813117	0.008117	10.9
866	-0.633398	161.712695	0.009853	9.7
867	-0.775637	161.612439	0.005602	10.0
868	-0.360170	161.512349	0.002532	10.3
869	-1.785900	161.412424	0.004993	11.2
870	-1.591254	161.312663	0.009706	9.7
871	-0.969968	161.213067	0.009462	12.6
872	-0.865957	161.113635	0.005591	11.8
873	-0.717441	161.014366	0.006291	9.3
874	-0.479896	160.915260	0.009418	10.9
875	-0.640837	160.816316	0.009949	9.6
876	-0.623657	160.717535	0.005864	13.2
877	-0.960581	160.618915	0.005598	10.0
878	-0.408774	160.520456	0.005448	10.3
879	-0.164758	160.422158	0.001114	10.1
880	-1.836735	160.324021	0.022937	11.3
881	-1.671941	160.226043	0.012000	9.3
882	-0.533015	160.128225	0.008311	9.4
883	-0.956908	160.030566	0.009133	12.0
884	-1.341494	159.933066	0.002132	11.8
885	-1.856954	159.835723	0.031222	11.1
886	-1.995236	159.738539	0.006134	10.8
887	-1.563413	159.641512	0.003999	9.7
888	-0.428580	159.544642	0.001489	12.5
889	-1.839511	159.447929	0.023373	10.2
890	-0.336230	159.351372	0.005583	9.5
891	-1.696756	159.254971	0.007989	13.4
892	-1.690705	159.158725	0.011626	13.9
893	-1.116073	159.062634	0.004752	8.9
894	-1.141270	158.966697	0.003847	9.4
895	-1.620185	158.870915	0.006938	10.5
896	-0.577574	158.775286	0.006405	11.5
897	-1.659957	158.679811	0.018918	11.4
898	-0.687582	158.584489	0.007394	10.3
899	-1.531440	158.489319	0.010731	10.0
900	-1.593502	158.394302	0.010871	12.0
901	-0.248277	158.299436	0.001166	9.2
902	-0.229500	158.204721	0.003443	10.1
903	-2.025982	158.110158	0.011234	12.7
904	-0.195930	158.015745	0.001140	12.5
905	-0.923566	157.921482	0.008731	9.4
906	-1.053514	157.827369	0.007072	10.3
907	-0.622235	157.733406	0.002384	10.1
908	-0.775126	157.639591	0.005565	11.6
909	-1.395462	157.545925	0.008752	18.0
910	-1.092791	157.452408	0.011557	12.9
911	-1.542670	157.359038	0.009567	16.7
912	-1.259488	157.265816	0.006657	13.0
913	-1.225994	157.172741	0.014349	9.3
914	-0.987498	157.079813	0.008669	21.2
915	-0.343383	156.987031	0.002479	11.1
916	-1.670623	156.894395	0.008243	10.4
917	-1.872692	156.801904	0.004653	8.8
918	-1.606681	156.709559	0.017108	11.0
919	-1.744992	156.617359	0.010532	9.2
920	-1.838411	156.525304	0.016821	7.9
921	-0.610008	156.433392	0.011550	8.5
922	-0.396347	156.341624	0.005174	7.7
923	-0.095203	156.250000	0.001232	10.9
924	-2.011952	156.158519	0.015343	8.0
925	-0.728278	156.067180	0.012167	8.3
926	-0.523939	155.975984	0.003327	8.0
927	-1.796818	155.884930	0.013242	10.6
928	-1.527807	155.794017	0.007057	8.2
929	-1.633497	155.703246	0.010435	7.9
930	-1.822542	155.612615	0.005340	7.6
931	-0.988452	155.522125	0.011748	8.0
932	-1.394936	155.431775	0.008529	10.5
933	-0.255760	155.341565	0.002371	7.6
934	-0.917285	155.251495	0.009188	9.2
935	-0.634136	155.161563	0.008512	8.5
936	-1.552363	155.071771	0.007567	8.8
937	-0.788858	154.982117	0.005777	11.1
938	-0.861274	154.892601	0.009526	8.1
939	-0.811666	154.803222	0.006355	8.5
940	-0.274093	154.713981	0.000694	8.0
941	-1.776869	154.624878	0.007499	10.8
942	-1.620523	154.535910	0.021921	8.9
943	-0.671817	154.447080	0.003987	8.2
944	-0.573380	154.358385	0.008967	7.5
945	-0.667105	154.269826	0.008299	13.3
946	-0.743394	154.181402	0.005100	8.4
947	-0.536462	154.093114	0.014708	10.3
948	-1.308919	154.004960	0.019551	9.3
949	-0.226841	153.916940	0.001509	10.1
950	-2.008461	153.829054	0.022619	9.9
951	-1.339131	153.741303	0.007119	10.2
952	-0.389084	153.653684	0.005376	8.7
953	-0.298017	153.566198	0.004980	12.0
954	-1.795745	153.478846	0.007064	9.4
955	-1.723094	153.391625	0.021375	10.5
956	-1.613437	153.304537	0.008011	10.5
957	-0.644042	153.217580	0.010083	12.6
958	-2.016403	153.130755	0.010515	11.7
959	-0.753112	153.044061	0.005421	8.9
960	-0.627589	152.957498	0.008636	9.5
961	-1.512856	152.871065	0.009173	11.6
962	-1.319848	152.784762	0.004772	9.7
963	-0.933403	152.698589	0.003528	9.0
964	-0.713940	152.612545	0.012823	9.5
965	-1.553581	152.526631	0.016764	10.0
966	-1.932391	152.440845	0.019752	9.2
967	-0.511622	152.355188	0.008110	31.5
968	-1.276747	152.269660	0.019901	20.7
969	-1.976014	152.184259	0.010752	10.4
970	-0.718390	152.098986	0.011468	18.6
971	-1.942780	152.013840	0.006368	10.1
972	-1.834043	151.928821	0.017528	11.3
973	-0.199783	151.843928	0.002383	11.2
974	-0.204693	151.759163	0.001255	15.8
975	-1.914724	151.674523	0.007518	9.4
976	-1.866704	151.590009	0.010698	11.3
977	-1.151485	151.505620	0.001680	10.6
978	-0.125882	151.421357	0.000479	8.1
979	-1.307997	151.337218	0.005666	7.9
980	-0.272216	151.253204	0.001294	8.3
981	-0.664083	151.169314	0.016732	8.5
982	-1.108048	151.085549	0.011490	10.2
983	-0.719714	151.001907	0.009279	8.1
984	-1.806011	150.918388	0.007029	9.1
985	-1.427440	150.834992	0.011729	10.1
986	-0.180432	150.751719	0.001189	8.9
987	-0.520247	150.668569	0.011020	9.6
988	-1.969606	150.585541	0.014127	7.5
989	-1.194403	150.502634	0.007574	8.1
990	-1.526587	150.419849	0.008926	8.3
991	-1.704776	150.337186	0.013886	10.5
992	-1.911551	150.254644	0.011203	7.6
993	-1.743147	150.172222	0.014538	7.9
994	-1.824051	150.089921	0.012301	7.7
995	-0.481932	150.007740	0.005952	8.4
996	-0.258008	149.925679	0.004825	10.4
997	-0.282630	149.843737	0.001558	7.9
998	-1.593624	149.761915	0.012386	11.2
999	-0.917764	149.680212	0.009393	7.6
1000	-1.152138	149.598627	0.011600	13.4
1001	-0.629318	149.517161	0.006243	8.6
1002	-1.669170	149.435814	0.021488	8.2
1003	-1.522051	149.354584	0.016026	8.7
1004	-1.730315	149.273472	0.010868	7.9
1005	-1.249695	149.192477	0.002545	11.1
1006	-1.833210	149.111599	0.007782	7.7
1007	-1.723253	149.030838	0.009178	8.5
1008	-0.253092	148.950194	0.002143	8.3
1009	-0.568584	148.869666	0.006678	10.3
1010	-1.643069	148.789253	0.007603	8.7
1011	-1.362091	148.708957	0.010482	8.1
1012	-1.480585	148.628776	0.009710	7.7
1013	-1.738742	148.548710	0.014138	8.4
1014	-1.635245	148.468759	0.011884	10.4
1015	-1.640525	148.388923	0.019443	7.8
1016	-1.069587	148.309201	0.020284	8.4
1017	-1.316721	148.229594	0.016969	7.7
1018	-1.152431	148.150100	0.005903	8.3
1019	-1.413590	148.070719	0.009207	10.4
1020	-1.043652	147.991452	0.011101	7.9
1021	-1.817337	147.912298	0.025466	8.0
1022	-0.567897	147.833257	0.008287	7.8
1023	-0.517203	147.754329	0.004683	7.6
1024	-0.629020	147.675512	0.007762	11.0
1025	-0.483041	147.596808	0.007801	8.3
1026	-0.349515	147.518216	0.008268	8.2
1027	-0.686461	147.439735	0.020920	8.4
1028	-1.762385	147.361365	0.011302	8.1
1029	-1.994238	147.283106	0.005600	10.0
1030	-0.908002	147.204958	0.008909	13.5
1031	-0.800186	147.126920	0.010814	8.2
1032	-1.261697	147.048993	0.021510	9.3
1033	-0.293468	146.971175	0.003773	10.8
1034	-1.567298	146.893468	0.008329	8.8
1035	-0.600495	146.815869	0.007120	10.8
1036	-1.009206	146.738380	0.010700	9.2
1037	-1.603481	146.661000	0.014357	11.1
1038	-1.683319	146.583729	0.019008	10.1
1039	-0.750182	146.506566	0.008888	9.5
1040	-0.716097	146.429511	0.005843	19.6
1041	-0.674994	146.352565	0.009036	52.8
1042	-0.195929	146.275726	0.000609	38.9
1043	-1.398006	146.198994	0.011642	20.8
1044	-1.122669	146.122370	0.007370	26.9
1045	-1.001501	146.045853	0.007307	22.3
1046	-0.225625	145.969442	0.003998	31.6
1047	-1.309707	145.893139	0.014470	24.5
1048	-1.884355	145.816941	0.008733	18.8
1049	-0.802254	145.740849	0.009558	16.7
1050	-0.971342	145.664863	0.005463	18.8
1051	-1.946414	145.588983	0.005938	20.6
1052	-0.337800	145.513208	0.006001	12.7
1053	-1.719693	145.437538	0.007163	23.1
1054	-1.833197	145.361973	0.013207	12.0
1055	-1.198814	145.286513	0.006123	13.9
1056	-1.320811	145.211157	0.012897	14.5
1057	-1.243719	145.135905	0.020849	9.3
1058	-1.732705	145.060757	0.016072	10.2
1059	-1.730825	144.985712	0.024515	11.2
1060	-1.838043	144.910771	0.012846	11.3
1061	-1.844673	144.835934	0.010915	8.5
1062	-0.849467	144.761199	0.004962	13.6
1063	-1.526711	144.686567	0.013187	10.1
1064	-0.712937	144.612037	0.006896	11.3
1065	-0.599459	144.537610	0.008805	9.1
1066	-1.449189	144.463285	0.013098	8.7
1067	-1.476428	144.389062	0.022446	9.3
1068	-1.135565	144.314940	0.016790	9.2
1069	-1.877408	144.240920	0.006588	11.4
1070	-1.524266	144.167001	0.012191	8.7
1071	-0.766280	144.093182	0.008644	10.6
1072	-0.687224	144.019465	0.009274	22.2
1073	-1.966381	143.945848	0.010344	14.7
1074	-1.846807	143.872331	0.011423	17.3
1075	-1.223211	143.798914	0.006742	18.2
1076	-1.639070	143.725597	0.017555	13.1
1077	-0.734868	143.652380	0.006344	12.7
1078	-1.340806	143.579262	0.006402	8.8
1079	-0.653158	143.506243	0.020524	14.1
1080	-1.242546	143.433323	0.007901	8.1
1081	-1.984533	143.360502	0.014070	8.8
1082	-1.806702	143.287780	0.017441	10.3
1083	-1.741018	143.215155	0.016105	9.9
1084	-1.719034	143.142629	0.006238	8.8
1085	-1.687376	143.070201	0.012867	8.3
1086	-0.110422	142.997870	0.000542	8.9
1087	-0.850199	142.925637	0.010600	10.6
1088	-1.057214	142.853501	0.007960	8.7
1089	-1.899450	142.781462	0.013365	8.0
1090	-1.126942	142.709519	0.007005	8.8
1091	-1.828012	142.637674	0.005322	10.8
1092	-0.908356	142.565924	0.008665	8.0
1093	-1.635973	142.494271	0.005003	7.8
1094	-1.536205	142.422714	0.009709	7.6
1095	-1.786278	142.351252	0.006003	8.2
1096	-1.727435	142.279886	0.022918	10.5
1097	-0.529031	142.208616	0.002928	8.4
1098	-0.643348	142.137440	0.006300	7.8
1099	-1.823861	142.066360	0.005701	8.1
1100	-1.105194	141.995374	0.011886	7.8
1101	-1.956250	141.924483	0.011114	10.0
1102	-1.554107	141.853685	0.014146	8.2
1103	-1.437579	141.782983	0.012469	8.1
1104	-0.630723	141.712373	0.012443	8.5
1105	-2.066087	141.641858	0.015433	7.9
1106	-1.334825	141.571436	0.003652	10.4
1107	-1.716201	141.501108	0.019445	8.3
1108	-1.603515	141.430872	0.019378	8.9
1109	-1.237400	141.360730	0.006153	8.1
1110	-1.100489	141.290680	0.003718	8.0
1111	-0.585072	141.220722	0.014260	11.2
1112	-0.138335	141.150857	0.000606	8.2
1113	-1.619633	141.081084	0.005294	8.3
1114	-1.561267	141.011403	0.013227	8.1
1115	-1.728103	140.941813	0.005706	10.8
1116	-0.978126	140.872315	0.004949	8.7
1117	-1.345294	140.802909	0.021578	13.5
1118	-1.582998	140.733593	0.021400	8.8
1119	-1.902989	140.664369	0.010471	10.7
1120	-1.880973	140.595235	0.004730	8.6
1121	-1.968790	140.526192	0.025798	8.1
1122	-0.544472	140.457239	0.001489	11.3
1123	-1.814237	140.388376	0.006488	9.7
1124	-1.637456	140.319603	0.006146	24.0
1125	-1.442898	140.250920	0.009909	23.7
1126	-0.943700	140.182326	0.004412	13.4
1127	-0.590213	140.113822	0.020746	13.8
1128	-1.746267	140.045407	0.009096	9.3
1129	-0.617118	139.977081	0.005443	10.5
1130	-1.458604	139.908844	0.005555	11.4
1131	-1.788349	139.840696	0.018654	7.8
1132	-0.513785	139.772635	0.009612	10.5
1133	-1.101299	139.704664	0.004674	8.5
1134	-1.468151	139.636780	0.002932	7.4
1135	-0.152618	139.568984	0.001954	7.6
1136	-1.566693	139.501276	0.004198	7.4
1137	-1.584545	139.433655	0.011503	11.8
1138	-1.451741	139.366122	0.017004	7.5
1139	-1.061879	139.298676	0.014675	8.2
1140	-0.839788	139.231317	0.007503	7.7
1141	-0.534234	139.164045	0.007018	8.0
1142	-0.670033	139.096859	0.007937	10.4
1143	-0.598585	139.029760	0.008589	7.8
1144	-1.326840	138.962747	0.006542	7.5
1145	-0.619952	138.895820	0.010419	7.6
1146	-0.556003	138.828978	0.017021	7.8
1147	-1.868964	138.762223	0.009062	10.6
1148	-1.761982	138.695553	0.014987	7.4
1149	-1.631219	138.628969	0.016968	8.3
1150	-0.933372	138.562469	0.010464	7.4
1151	-1.063682	138.496055	0.008244	8.1
1152	-1.842176	138.429725	0.006580	10.7
1153	-1.748203	138.363481	0.008894	7.7
1154	-1.572397	138.297320	0.004574	7.7
1155	-0.605136	138.231244	0.003112	7.9
1156	-0.271596	138.165252	0.001110	8.2
1157	-1.781539	138.099344	0.009569	10.9
1158	-1.968533	138.033520	0.006756	7.7
1159	-0.431883	137.967779	0.002998	7.1
1160	-1.491417	137.902122	0.009270	7.9
1161	-1.696353	137.836548	0.006402	7.8
1162	-1.084246	137.771057	0.014643	9.5
1163	-1.917493	137.705649	0.008073	8.2
1164	-0.451831	137.640324	0.007547	8.3
1165	-1.989206	137.575081	0.004797	7.6
1166	-1.901188	137.509921	0.012047	7.9
1167	-0.162348	137.444842	0.000673	10.2
1168	-0.134342	137.379846	0.001812	7.6
1169	-1.875099	137.314932	0.006129	7.6
1170	-1.191749	137.250100	0.012899	10.6
1171	-1.383803	137.185349	0.018671	10.4
1172	-1.572326	137.120680	0.007304	9.2
1173	-1.749009	137.056092	0.012877	7.9
1174	-1.380939	136.991585	0.012936	7.6
1175	-1.694926	136.927158	0.012068	8.2
1176	-1.956742	136.862813	0.020238	10.0
1177	-0.835742	136.798548	0.015135	7.5
1178	-1.804559	136.734363	0.007189	8.5
1179	-1.758157	136.670259	0.002918	8.1
1180	-0.247859	136.606235	0.003091	8.4
1181	-0.633138	136.542291	0.003024	10.0
1182	-0.916430	136.478426	0.004149	7.8
1183	-1.689560	136.414641	0.006471	11.8
1184	-1.932585	136.350936	0.005190	9.5
1185	-1.574513	136.287310	0.008073	9.2
1186	-0.552216	136.223763	0.007705	7.5
1187	-0.211106	136.160295	0.003438	7.6
1188	-2.005969	136.096905	0.022863	7.7
1189	-0.697344	136.033594	0.002967	7.5
1190	-0.532771	135.970362	0.008350	10.1
1191	-1.086008	135.907208	0.010505	8.7
1192	-0.356377	135.844133	0.004645	12.6
1193	-1.876976	135.781135	0.014569	10.3
1194	-1.713665	135.718215	0.009072	13.5
1195	-0.262197	135.655373	0.006237	9.0
1196	-1.232321	135.592608	0.007860	9.2
1197	-1.487731	135.529921	0.014584	7.7
1198	-0.388169	135.467311	0.003076	7.6
1199	-0.129472	135.404778	0.000810	11.7
1200	-0.988310	135.342322	0.008042	8.2
1201	-1.635722	135.279942	0.013846	8.3
1202	-0.756696	135.217640	0.006331	8.3
1203	-0.687005	135.155413	0.013836	10.6
1204	-0.934789	135.093263	0.007008	8.2
1205	-0.466463	135.031190	0.004925	8.1
1206	-1.416743	134.969192	0.010840	9.1
1207	-0.483563	134.907270	0.005435	9.6
1208	-1.755499	134.845424	0.014169	20.6
1209	-1.893086	134.783653	0.005292	22.9
1210	-1.558613	134.721958	0.005087	28.0
1211	-0.558058	134.660338	0.009530	29.5
1212	-0.655635	134.598793	0.002502	12.0
1213	-1.415196	134.537323	0.003908	9.4
1214	-1.806741	134.475927	0.014138	17.0
1215	-1.864021	134.414607	0.009851	11.3
1216	-1.635958	134.353361	0.009557	9.8
1217	-1.495032	134.292189	0.002729	9.5
1218	-0.715486	134.231092	0.010817	12.2
1219	-1.631573	134.170068	0.010334	8.5
1220	-1.511288	134.109119	0.004682	8.5
1221	-0.719342	134.048243	0.006440	9.3
1222	-0.519200	133.987441	0.008233	8.4
1223	-1.069374	133.926713	0.010269	11.0
1224	-1.382932	133.866057	0.017883	8.0
1225	-1.662191	133.805475	0.031900	8.3
1226	-1.246234	133.744966	0.012442	7.9
1227	-1.324290	133.684530	0.009385	10.6
1228	-1.540770	133.624167	0.011618	8.0
1229	-0.808667	133.563877	0.008942	8.1
1230	-0.845356	133.503658	0.012811	8.3
1231	-0.788338	133.443513	0.011592	8.4
1232	-0.167597	133.383439	0.001693	11.4
1233	-1.138166	133.323437	0.009331	8.8
1234	-1.459645	133.263508	0.006212	8.9
1235	-1.760498	133.203650	0.009232	8.6
1236	-1.792701	133.143864	0.008914	10.1
1237	-1.853134	133.084149	0.016744	11.6
1238	-1.064842	133.024506	0.008607	8.3
1239	-0.348663	132.964934	0.004107	9.5
1240	-0.792209	132.905433	0.007250	8.8
1241	-1.418811	132.846003	0.006269	11.5
1242	-0.899456	132.786643	0.003992	8.3
1243	-0.311953	132.727355	0.001456	8.6
1244	-1.388575	132.668137	0.016030	8.2
1245	-1.890563	132.608989	0.012417	11.4
1246	-0.595748	132.549912	0.010376	8.6
1247	-1.291392	132.490904	0.003963	9.8
1248	-0.843589	132.431967	0.004087	8.5
1249	-1.943228	132.373100	0.009995	9.4
1250	-1.640861	132.314302	0.008987	9.5
1251	-1.127647	132.255574	0.003437	8.4
1252	-1.914143	132.196916	0.019944	8.7
1253	-1.441862	132.138326	0.014124	8.5
1254	-1.818200	132.079806	0.005863	12.4
1255	-1.361180	132.021355	0.016134	8.5
1256	-1.275428	131.962973	0.008083	8.5
1257	-1.727333	131.904660	0.012047	7.9
1258	-1.928973	131.846415	0.019800	11.5
1259	-0.967515	131.788239	0.015964	8.9
1260	-1.512099	131.730131	0.016901	8.6
1261	-0.944126	131.672092	0.013211	9.7
1262	-0.790659	131.614121	0.003352	10.9
1263	-1.312166	131.556217	0.006868	12.3
1264	-1.044035	131.498382	0.006101	11.1
1265	-0.554505	131.440614	0.006350	10.7
1266	-0.678456	131.382914	0.011243	10.9
1267	-1.746609	131.325282	0.012770	8.9
1268	-0.952437	131.267717	0.008856	9.4
1269	-1.601088	131.210219	0.015203	9.6
1270	-1.098796	131.152788	0.004022	11.2
1271	-0.141803	131.095424	0.002466	8.7
1272	-1.655383	131.038127	0.008248	9.3
1273	-1.583118	130.980897	0.018717	9.5
1274	-1.494788	130.923733	0.012961	10.6
1275	-1.579632	130.866636	0.009246	8.6
1276	-1.127086	130.809605	0.004756	9.1
1277	-1.676410	130.752641	0.007194	11.1
1278	-1.920509	130.695742	0.020164	10.9
1279	-0.644675	130.638910	0.014309	8.4
1280	-1.960002	130.582143	0.012325	9.4
1281	-1.817234	130.525442	0.018157	8.0
1282	-1.797866	130.468807	0.023843	12.9
1283	-1.868580	130.412237	0.008763	8.0
1284	-1.102127	130.355733	0.006092	8.8
1285	-1.838350	130.299294	0.014246	9.6
1286	-0.700792	130.242920	0.006616	12.7
1287	-1.194576	130.186611	0.015281	9.8
1288	-0.845021	130.130366	0.005200	10.0
1289	-1.838588	130.074187	0.020283	10.0
1290	-0.345488	130.018072	0.002061	10.9
1291	-0.678645	129.962022	0.008865	8.4
1292	-0.889839	129.906036	0.003316	9.0
1293	-0.466162	129.850114	0.005321	8.8
1294	-1.186264	129.794257	0.005755	11.8
1295	-1.113839	129.738463	0.008998	9.1
1296	-1.160679	129.682734	0.004686	8.6
1297	-1.953131	129.627068	0.013728	8.2
1298	-0.867441	129.571466	0.008000	10.9
1299	-0.841309	129.515927	0.008444	10.1
1300	-1.712273	129.460452	0.006902	16.1
1301	-0.390510	129.405040	0.006565	19.3
1302	-1.933370	129.349692	0.007907	9.3
1303	-0.706223	129.294406	0.003106	14.5
1304	-0.636074	129.239183	0.003056	16.7
1305	-1.284978	129.184024	0.008361	10.9
1306	-0.338241	129.128927	0.002385	12.2
1307	-1.357044	129.073892	0.008186	8.2
1308	-1.346951	129.018921	0.017884	13.3
1309	-1.825595	128.964011	0.020354	8.3
1310	-1.080289	128.909164	0.012411	8.2
1311	-0.456099	128.854379	0.017003	8.0
1312	-1.449667	128.799656	0.014452	8.1
1313	-0.759775	128.744995	0.008676	11.6
1314	-2.000834	128.690396	0.016718	8.6
1315	-1.832604	128.635858	0.008892	8.9
1316	-1.162599	128.581382	0.009942	9.5
1317	-1.351286	128.526968	0.012553	9.9
1318	-1.581199	128.472615	0.008069	10.8
1319	-1.353806	128.418323	0.005963	8.8
1320	-1.059820	128.364092	0.007508	10.3
1321	-0.033887	128.309922	0.000389	11.0
1322	-1.650421	128.255814	0.019713	9.0
1323	-0.601606	128.201766	0.009694	9.5
1324	-1.886070	128.147778	0.016756	9.0
1325	-0.889101	128.093852	0.010485	10.4
1326	-1.954446	128.039985	0.016336	10.5
1327	-1.212214	127.986180	0.008420	8.5
1328	-1.718174	127.932434	0.005938	9.2
1329	-0.610023	127.878749	0.009351	9.5
1330	-0.494874	127.825123	0.006208	10.0
1331	-0.876069	127.771558	0.005721	9.7
1332	-0.912800	127.718052	0.005596	9.2
1333	-0.766588	127.664606	0.005757	12.0
1334	-1.375562	127.611220	0.002090	9.9
1335	-1.833491	127.557893	0.024294	11.2
1336	-1.979291	127.504625	0.010739	7.8
1337	-1.220161	127.451417	0.005684	9.8
1338	-1.355531	127.398268	0.016943	8.4
1339	-1.795549	127.345178	0.007731	8.0
1340	-0.307873	127.292147	0.003630	8.0
1341	-0.688033	127.239175	0.007002	8.9
1342	-1.772046	127.186261	0.017177	13.3
1343	-0.626074	127.133407	0.004190	8.9
1344	-0.898675	127.080610	0.013609	8.5
1345	-1.173293	127.027872	0.006651	8.8
1346	-1.514250	126.975193	0.010958	12.8
1347	-1.908028	126.922572	0.014945	8.5
1348	-1.503800	126.870008	0.006584	8.3
1349	-0.449273	126.817503	0.005105	7.8
1350	-1.554639	126.765056	0.014275	10.3
1351	-0.253444	126.712667	0.001358	9.3
1352	-1.761533	126.660335	0.005477	8.7
1353	-1.741437	126.608061	0.007572	8.0
1354	-0.999435	126.555844	0.003036	9.2
1355	-0.651777	126.503685	0.014601	11.3
1356	-0.495400	126.451583	0.007381	9.5
1357	-0.662198	126.399538	0.006224	7.8
1358	-1.218858	126.347550	0.006429	8.9
1359	-1.646046	126.295619	0.024345	12.7
1360	-1.848586	126.243745	0.012095	8.1
1361	-0.083838	126.191928	0.000487	7.9
1362	-0.549976	126.140168	0.004696	9.1
1363	-1.218908	126.088464	0.004492	11.5
1364	-0.735066	126.036817	0.005725	7.8
1365	-1.566360	125.985226	0.004305	8.2
1366	-1.647991	125.933691	0.026112	8.0
1367	-1.293447	125.882212	0.005632	10.5
1368	-0.513180	125.830790	0.005598	7.7
1369	-1.741879	125.779423	0.006890	8.0
1370	-1.753528	125.728113	0.018099	8.2
1371	-1.532461	125.676858	0.012381	7.7
1372	-0.205303	125.625659	0.000948	10.8
1373	-1.272780	125.574515	0.005952	8.1
1374	-0.304068	125.523427	0.001950	7.8
1375	-0.356675	125.472394	0.003042	7.6
1376	-1.085551	125.421417	0.022910	7.5
1377	-0.800902	125.370495	0.006430	10.2
1378	-1.671423	125.319628	0.004003	8.1
1379	-0.805909	125.268815	0.020359	7.5
1380	-0.291927	125.218058	0.006556	7.6
1381	-1.400182	125.167356	0.006830	7.6
1382	-1.304697	125.116708	0.010142	10.0
1383	-1.996514	125.066115	0.005104	7.6
1384	-1.263663	125.015576	0.010300	7.6
1385	-1.096763	124.965092	0.004855	7.5
1386	-1.178487	124.914662	0.010604	8.1
1387	-1.618354	124.864287	0.011128	10.2
1388	-1.697901	124.813965	0.015087	7.5
1389	-0.979631	124.763698	0.006041	8.3
1390	-1.489177	124.713485	0.008570	7.5
1391	-1.452404	124.663325	0.006749	7.7
1392	-0.602902	124.613219	0.004964	10.6
1393	-1.869594	124.563167	0.018439	7.5
1394	-1.223444	124.513168	0.013281	7.5
1395	-0.649265	124.463223	0.004131	7.9
1396	-1.565276	124.413332	0.027226	7.4
1397	-0.428006	124.363493	0.005039	10.1
1398	-0.827600	124.313708	0.005561	8.5
1399	-0.451313	124.263976	0.006645	8.3
1400	-0.442831	124.214297	0.001215	7.5
1401	-0.582817	124.164671	0.012684	7.5
1402	-1.860594	124.115097	0.011393	10.5
1403	-0.866321	124.065577	0.009694	7.5
1404	-1.162047	124.016109	0.016320	7.4
1405	-0.771879	123.966693	0.011797	7.5
1406	-1.382116	123.917330	0.005900	8.0
1407	-0.503937	123.868020	0.004504	10.1
1408	-1.027192	123.818762	0.005286	7.9
1409	-1.523952	123.769556	0.011002	10.0
1410	-1.185695	123.720402	0.009325	8.8
1411	-1.102859	123.671300	0.011589	7.7
1412	-1.018603	123.622250	0.010548	12.7
1413	-0.453315	123.573252	0.006795	7.4
1414	-1.300947	123.524305	0.010254	7.8
1415	-0.683018	123.475411	0.004292	7.4
1416	-1.735716	123.426568	0.011486	10.3
1417	-1.813787	123.377776	0.013244	7.5
1418	-1.777974	123.329036	0.016692	8.5
1419	-1.318424	123.280347	0.014037	7.6
1420	-0.529085	123.231709	0.004346	7.0
1421	-1.943626	123.183122	0.016286	10.4
1422	-0.455171	123.134587	0.006378	7.6
1423	-0.586791	123.086102	0.005545	7.5
1424	-0.505337	123.037669	0.007565	7.7
1425	-1.779514	122.989286	0.008571	7.5
1426	-1.915475	122.940954	0.010377	10.1
1427	-1.692400	122.892672	0.005382	8.1
1428	-1.900621	122.844441	0.005051	7.7
1429	-0.550067	122.796261	0.006526	7.5
1430	-1.076600	122.748130	0.009439	7.6
1431	-1.557715	122.700050	0.016265	10.3
1432	-1.747340	122.652021	0.019080	7.9
1433	-0.665046	122.604041	0.010400	7.4
1434	-0.520096	122.556111	0.006905	7.7
1435	-1.974021	122.508232	0.007586	8.2
1436	-1.952031	122.460402	0.009784	10.2
1437	-0.111148	122.412622	0.000875	10.4
1438	-0.797499	122.364891	0.005192	8.8
1439	-0.394742	122.317210	0.006512	8.1
1440	-0.514117	122.269579	0.002299	7.8
1441	-1.683615	122.221997	0.018398	9.9
1442	-1.364460	122.174465	0.005843	7.5
1443	-0.028813	122.126981	0.000433	7.2
1444	-0.507869	122.079547	0.005746	7.5
1445	-1.970674	122.032162	0.010393	8.5
1446	-1.532074	121.984826	0.012734	8.7
1447	-0.548797	121.937539	0.003496	7.4
1448	-0.534218	121.890301	0.005745	7.5
1449	-0.258051	121.843112	0.003680	7.5
1450	-0.795458	121.795971	0.005812	10.5
1451	-0.847829	121.748879	0.005985	9.1
1452	-1.499319	121.701835	0.012116	7.7
1453	-1.203773	121.654840	0.017726	7.7
1454	-1.175956	121.607893	0.011197	7.5
1455	-1.869741	121.560994	0.005818	10.4
1456	-0.505335	121.514144	0.014628	7.5
1457	-1.649213	121.467342	0.024196	7.6
1458	-1.311123	121.420588	0.014247	7.5
1459	-1.519571	121.373882	0.008570	7.4
1460	-0.625101	121.327223	0.011142	11.0
1461	-1.120760	121.280613	0.013838	7.6
1462	-1.183544	121.234050	0.016463	8.9
1463	-1.904024	121.187535	0.008453	7.9
1464	-0.220356	121.141067	0.003493	10.2
1465	-0.639659	121.094647	0.008946	10.7
1466	-0.535221	121.048274	0.001690	7.6
1467	-1.323967	121.001949	0.015974	7.7
1468	-0.930061	120.955671	0.005089	7.5
1469	-1.403797	120.909440	0.005339	10.2
1470	-0.419212	120.863256	0.001970	7.1
1471	-0.228367	120.817119	0.004544	7.6
1472	-0.255589	120.771029	0.005183	7.5
1473	-1.540184	120.724986	0.004346	7.7
1474	-0.636583	120.678990	0.008991	10.0
1475	-1.014312	120.633040	0.004873	7.7
1476	-0.848456	120.587137	0.005290	7.5
1477	-1.448251	120.541281	0.037118	7.8
1478	-2.020554	120.495471	0.017540	7.4
1479	-1.987419	120.449707	0.012818	10.1
1480	-1.639834	120.403990	0.017042	10.2
1481	-1.684948	120.358319	0.005084	15.7
1482	-0.524824	120.312694	0.003328	15.3
1483	-1.875163	120.267115	0.021719	9.4
1484	-0.311836	120.221582	0.001470	7.5
1485	-0.677392	120.176096	0.001844	8.4
1486	-0.938307	120.130655	0.009568	7.5
1487	-1.498333	120.085260	0.002875	9.6
1488	-0.250763	120.039910	0.006006	7.6
1489	-1.370484	119.994606	0.011619	7.9
1490	-0.855986	119.949348	0.012774	7.5
1491	-1.625376	119.904135	0.010891	7.6
1492	-1.096633	119.858968	0.004078	10.0
1493	-1.085554	119.813846	0.009650	8.6
1494	-0.497642	119.768769	0.007638	7.5
1495	-1.881358	119.723738	0.009890	7.7
1496	-1.785682	119.678752	0.017128	7.4
1497	-0.858818	119.633810	0.005264	10.2
1498	-1.227898	119.588914	0.012885	7.6
1499	-1.800898	119.544062	0.034817	7.6
1500	-1.844293	119.499256	0.010887	7.4
1501	-1.377814	119.454494	0.017962	7.6
1502	-0.269194	119.409777	0.005030	10.1
1503	-0.947972	119.365104	0.011496	7.9
1504	-0.381256	119.320476	0.007022	7.6
1505	-0.680098	119.275893	0.011253	7.5
1506	-0.429712	119.231353	0.002483	8.4
1507	-0.481086	119.186859	0.008542	10.8
1508	-1.397169	119.142408	0.009474	7.5
1509	-0.770899	119.098002	0.007490	8.5
1510	-0.702454	119.053639	0.002195	8.0
1511	-0.494482	119.009321	0.009542	7.6
1512	-0.309368	118.965047	0.006419	10.2
1513	-0.613672	118.920816	0.012060	7.7
1514	-0.815664	118.876630	0.005130	7.7
1515	-1.572249	118.832487	0.018239	7.7
1516	-0.614589	118.788388	0.009693	7.6
1517	-0.708425	118.744332	0.015103	11.1
1518	-1.838446	118.700320	0.012341	8.1
1519	-1.362049	118.656352	0.009096	9.0
1520	-1.961464	118.612427	0.009552	14.3
1521	-0.879809	118.568545	0.007781	22.7
1522	-0.505599	118.524706	0.004037	10.1
1523	-1.973973	118.480911	0.025137	7.5
1524	-1.781823	118.437159	0.010582	7.6
1525	-1.877581	118.393450	0.020804	7.6
1526	-1.638917	118.349784	0.017769	9.6
1527	-1.874787	118.306160	0.007273	8.2
1528	-2.021275	118.262580	0.009620	8.2
1529	-1.767546	118.219042	0.009438	8.2
1530	-1.885306	118.175548	0.021286	10.1
1531	-1.682427	118.132095	0.017214	13.7
1532	-1.509819	118.088686	0.020339	7.4
1533	-1.824467	118.045319	0.005021	7.6
1534	-1.978627	118.001994	0.022525	9.0
1535	-1.172978	117.958712	0.005043	8.1
1536	-1.608921	117.915472	0.015179	7.6
1537	-1.623613	117.872274	0.012314	7.9
1538	-0.942516	117.829118	0.003984	7.4
1539	-1.813879	117.786005	0.011195	11.4
1540	-1.255169	117.742933	0.015751	7.6
1541	-1.944487	117.699904	0.011982	7.6
1542	-1.949636	117.656916	0.008340	7.6
1543	-1.823047	117.613971	0.003379	7.8
1544	-1.904851	117.571067	0.010038	10.1
1545	-1.912703	117.528205	0.005597	8.5
1546	-1.249057	117.485384	0.009530	7.0
1547	-0.695005	117.442605	0.008334	7.8
1548	-1.445457	117.399867	0.015419	7.7
1549	-0.448787	117.357171	0.009020	10.0
1550	-0.559053	117.314517	0.008703	7.7
1551	-1.731436	117.271903	0.009947	10.6
1552	-0.332154	117.229331	0.005279	7.8
1553	-0.582958	117.186800	0.002416	9.3
1554	-1.556005	117.144311	0.008963	9.7
1555	-0.351873	117.101862	0.001603	7.4
1556	-1.729405	117.059454	0.012799	7.5
1557	-1.951085	117.017087	0.008246	7.6
1558	-0.769998	116.974762	0.009581	9.4
1559	-0.793190	116.932476	0.005414	7.9
1560	-0.277137	116.890232	0.004758	7.5
1561	-1.812661	116.848028	0.005107	7.5
1562	-1.877550	116.805865	0.019041	7.6
1563	-1.583365	116.763743	0.030617	10.2
1564	-1.834206	116.721661	0.014028	7.5
1565	-1.677671	116.679619	0.009940	7.6
1566	-0.531906	116.637618	0.008516	8.9
1567	-1.060920	116.595657	0.011532	8.1
1568	-1.829986	116.553736	0.007702	10.0
1569	-1.546518	116.511855	0.015808	10.1
1570	-1.726740	116.470015	0.016112	8.1
1571	-0.993682	116.428214	0.014314	8.2
1572	-1.304640	116.386454	0.007271	8.0
1573	-1.574109	116.344733	0.016901	9.9
1574	-1.244869	116.303052	0.014423	7.9
1575	-1.932773	116.261412	0.011341	8.5
1576	-1.072145	116.219810	0.010036	8.2
1577	-1.931455	116.178249	0.003818	10.6
1578	-0.925164	116.136727	0.002916	7.7
1579	-0.809724	116.095245	0.004181	7.5
1580	-1.357346	116.053802	0.006952	7.5
1581	-2.013557	116.012398	0.010401	7.5
1582	-1.790372	115.971034	0.012364	10.3
1583	-1.875185	115.929710	0.013139	7.8
1584	-1.557610	115.888424	0.010874	7.5
1585	-1.833816	115.847178	0.009458	7.5
1586	-1.912139	115.805970	0.010082	7.6
1587	-0.627391	115.764802	0.004888	9.8
1588	-1.145694	115.723673	0.006398	7.7
1589	-0.527361	115.682583	0.010121	7.6
1590	-1.259127	115.641532	0.006646	7.7
1591	-1.231487	115.600519	0.012733	7.6
1592	-1.743891	115.559546	0.010797	10.1
1593	-0.318705	115.518610	0.001430	7.5
1594	-1.061314	115.477714	0.007977	7.8
1595	-1.972644	115.436856	0.016651	8.7
1596	-0.561918	115.396037	0.007811	7.6
1597	-0.452390	115.355256	0.002132	10.5
1598	-1.205426	115.314514	0.010161	7.6
1599	-1.797453	115.273810	0.013307	7.6
1600	-0.694239	115.233144	0.007980	7.6
1601	-0.726535	115.192517	0.004341	7.6
1602	-1.456558	115.151927	0.007031	10.1
1603	-1.024415	115.111376	0.009665	7.5
1604	-1.714949	115.070863	0.019632	7.7
1605	-1.415250	115.030388	0.019305	7.6
1606	-0.297402	114.989951	0.002628	7.7
1607	-0.774625	114.949551	0.008624	10.0
1608	-1.829375	114.909190	0.008329	8.0
1609	-1.571438	114.868866	0.012961	7.6
1610	-2.003688	114.828580	0.008614	7.6
1611	-0.651354	114.788332	0.004378	7.4
1612	-1.847388	114.748121	0.009953	10.0
1613	-1.781917	114.707948	0.008361	7.6
1614	-1.480084	114.667812	0.013867	7.6
1615	-0.980440	114.627714	0.006195	7.4
1616	-1.712087	114.587653	0.007792	7.4
1617	-0.645677	114.547629	0.008709	10.1
1618	-0.277008	114.507643	0.003617	7.7
1619	-1.568867	114.467693	0.013056	7.5
1620	-0.158305	114.427781	0.001064	7.8
1621	-0.290647	114.387907	0.001315	8.0
1622	-1.960497	114.348069	0.009265	12.4
1623	-0.428935	114.308268	0.007510	12.0
1624	-1.221239	114.268504	0.005981	9.8
1625	-0.975509	114.228777	0.003714	8.1
1626	-0.587763	114.189086	0.014418	11.7
1627	-1.355920	114.149433	0.022203	9.8
1628	-1.224571	114.109816	0.007245	7.6
1629	-1.371132	114.070235	0.008566	8.5
1630	-1.870226	114.030692	0.010936	8.0
1631	-0.755577	113.991185	0.006891	10.3
1632	-1.371527	113.951714	0.007948	10.0
1633	-0.411621	113.912280	0.006192	10.1
1634	-1.923242	113.872882	0.016022	9.2
1635	-1.251969	113.833521	0.005062	9.9
1636	-0.768501	113.794195	0.003494	7.6
1637	-1.865420	113.754906	0.013387	7.5
1638	-1.099422	113.715653	0.010087	7.5
1639	-1.150697	113.676437	0.004681	8.8
1640	-1.924551	113.637256	0.013862	8.4
1641	-1.264414	113.598111	0.012713	7.6
1642	-1.619179	113.559002	0.011187	7.7
1643	-1.217816	113.519929	0.003080	7.7
1644	-0.228218	113.480892	0.003241	10.3
1645	-0.667637	113.441891	0.005447	7.5
1646	-0.310368	113.402925	0.006749	7.6
1647	-1.463206	113.363995	0.011119	7.8
1648	-0.348648	113.325101	0.005290	7.7
1649	-2.032321	113.286242	0.014783	10.2
1650	-1.886042	113.247419	0.007842	7.7
1651	-1.575220	113.208631	0.019945	7.4
1652	-0.755286	113.169879	0.005646	7.5
1653	-0.478666	113.131162	0.008785	7.5
1654	-1.821267	113.092480	0.013917	10.1
1655	-0.758946	113.053833	0.005247	7.9
1656	-1.934185	113.015222	0.024639	7.6
1657	-0.529417	112.976646	0.008640	7.6
1658	-0.969030	112.938105	0.002737	7.5
1659	-1.441958	112.899599	0.019962	10.2
1660	-1.937142	112.861128	0.006904	7.9
1661	-0.978335	112.822692	0.001597	7.7
1662	-1.281645	112.784291	0.003860	8.1
1663	-0.343003	112.745924	0.001941	7.5
1664	-1.966220	112.707593	0.008794	10.1
1665	-1.718348	112.669296	0.006685	7.5
1666	-1.744294	112.631034	0.007370	7.7
1667	-1.936383	112.592806	0.007735	7.6
1668	-0.823297	112.554613	0.007458	7.7
1669	-1.720853	112.516455	0.009363	10.1
1670	-1.792958	112.478331	0.012935	7.7
1671	-0.278394	112.440241	0.002695	7.5
1672	-0.992397	112.402186	0.013406	7.5
1673	-1.485568	112.364165	0.005942	7.7
1674	-0.479115	112.326179	0.002129	9.9
1675	-1.931683	112.288227	0.006507	7.5
1676	-2.009662	112.250309	0.015264	7.8
1677	-1.002068	112.212425	0.007587	7.7
1678	-2.032595	112.174575	0.018526	7.6
1679	-1.824654	112.136759	0.007877	12.0
1680	-1.448000	112.098977	0.013423	10.9
1681	-0.896350	112.061229	0.007547	7.5
1682	-0.634774	112.023515	0.006649	7.6
1683	-1.291363	111.985834	0.012458	7.5
1684	-1.133836	111.948188	0.005060	10.5
1685	-0.341587	111.910575	0.006931	9.5
1686	-1.653033	111.872996	0.006196	10.7
1687	-1.734664	111.835450	0.015638	7.8
1688	-1.504136	111.797939	0.007865	10.5
1689	-1.911945	111.760460	0.008763	7.6
1690	-0.482877	111.723015	0.003021	7.6
1691	-1.713951	111.685604	0.005004	7.7
1692	-1.514921	111.648226	0.016576	9.2
1693	-0.727559	111.610881	0.007106	7.9
1694	-0.258157	111.573570	0.005592	7.6
1695	-1.356716	111.536292	0.006395	8.2
1696	-1.489165	111.499047	0.020031	7.4
1697	-1.607804	111.461835	0.021744	10.9
1698	-1.609862	111.424656	0.019519	7.5
1699	-1.864915	111.387510	0.014074	7.5
1700	-1.488245	111.350398	0.010068	7.5
1701	-1.166688	111.313318	0.008475	8.3
1702	-1.630938	111.276271	0.008619	10.3
1703	-0.349048	111.239257	0.001845	7.7
1704	-1.417138	111.202276	0.022371	7.4
1705	-1.367494	111.165328	0.013656	7.4
1706	-1.989162	111.128412	0.012487	7.5
1707	-1.846664	111.091529	0.012226	10.2
1708	-1.193752	111.054679	0.012250	7.7
1709	-1.716338	111.017861	0.019528	7.5
1710	-0.593879	110.981076	0.008938	7.5
1711	-2.050821	110.944323	0.010150	7.5
1712	-1.517815	110.907603	0.013086	10.1
1713	-0.492491	110.870915	0.001532	7.6
1714	-0.256695	110.834259	0.003038	7.4
1715	-1.760334	110.797636	0.023433	7.6
1716	-0.476468	110.761045	0.003411	7.6
1717	-2.017200	110.724486	0.014237	10.1
1718	-1.989424	110.687959	0.021673	7.4
1719	-1.486752	110.651465	0.015348	7.5
1720	-1.494092	110.615002	0.008930	7.4
1721	-0.634836	110.578572	0.013572	7.4
1722	-2.031152	110.542173	0.018240	9.5
1723	-0.971462	110.505807	0.004985	7.6
1724	-1.479435	110.469472	0.024528	7.5
1725	-0.778207	110.433169	0.004759	7.4
1726	-1.385509	110.396898	0.017118	7.5
1727	-0.642971	110.360659	0.009050	10.0
1728	-1.513411	110.324451	0.014957	8.3
1729	-1.872611	110.288276	0.011161	7.6
1730	-0.907651	110.252131	0.003308	7.7
1731	-0.657461	110.216019	0.015694	7.9
1732	-0.752208	110.179937	0.010876	10.5
1733	-1.190769	110.143888	0.009122	7.8
1734	-0.609127	110.107869	0.009273	7.7
1735	-0.422929	110.071882	0.007845	8.0
1736	-1.762943	110.035927	0.026084	8.7
1737	-1.663583	110.000003	0.007218	10.3
1738	-0.773588	109.964110	0.003298	8.5
1739	-1.894130	109.928248	0.017934	7.9
1740	-1.934447	109.892417	0.026312	7.8
1741	-0.985393	109.856618	0.012345	7.5
1742	-1.963460	109.820850	0.016975	10.0
1743	-0.567635	109.785112	0.007281	9.5
1744	-1.993862	109.749406	0.005166	8.6
1745	-1.748000	109.713730	0.006461	7.7
1746	-1.656731	109.678086	0.019217	8.6
1747	-1.230982	109.642472	0.005030	10.0
1748	-1.741457	109.606890	0.007336	7.5
1749	-1.728815	109.571337	0.011733	7.5
1750	-0.589542	109.535816	0.008203	7.8
1751	-1.152050	109.500326	0.005192	9.1
1752	-0.503603	109.464866	0.005133	7.9
1753	-0.784421	109.429436	0.003775	7.7
1754	-0.462234	109.394038	0.002722	7.6
1755	-0.319329	109.358669	0.005780	7.6
1756	-1.408234	109.323331	0.009047	10.1
1757	-0.828837	109.288024	0.013141	7.6
1758	-1.734572	109.252747	0.011289	7.9
1759	-1.308252	109.217501	0.008340	7.6
1760	-0.614159	109.182284	0.010960	7.6
1761	-2.009203	109.147098	0.006837	10.2
1762	-1.992774	109.111942	0.007921	7.5
1763	-1.573351	109.076817	0.011729	7.7
1764	-0.535703	109.041721	0.005546	7.5
1765	-1.934559	109.006656	0.011079	7.5
1766	-1.783969	108.971620	0.018845	10.0
1767	-0.547474	108.936615	0.019694	7.8
1768	-0.629352	108.901640	0.005274	7.7
1769	-1.882881	108.866694	0.019349	7.7
1770	-2.071695	108.831779	0.024675	7.5
1771	-0.273708	108.796893	0.005058	10.3
1772	-0.327629	108.762037	0.005183	7.5
1773	-1.404354	108.727211	0.012280	8.1
1774	-0.801963	108.692415	0.006181	7.5
1775	-0.378900	108.657648	0.001665	7.9
1776	-1.020900	108.622911	0.007543	10.7
1777	-1.837942	108.588203	0.019517	8.4
1778	-0.697750	108.553525	0.012498	7.6
1779	-1.556485	108.518877	0.005889	7.7
1780	-1.089434	108.484258	0.009682	7.6
1781	-0.615593	108.449668	0.006841	10.6
1782	-0.730627	108.415108	0.005189	7.9
1783	-0.784674	108.380578	0.012097	7.7
1784	-1.918520	108.346076	0.005653	7.6
1785	-1.823578	108.311604	0.019502	7.5
1786	-0.785430	108.277161	0.008635	10.7
1787	-0.726505	108.242747	0.009392	10.1
1788	-1.487240	108.208363	0.006434	8.1
1789	-0.813189	108.174007	0.007777	7.7
1790	-1.283920	108.139681	0.005701	8.1
1791	-1.677691	108.105383	0.009553	11.7
1792	-0.901326	108.071115	0.004742	7.9
1793	-1.594624	108.036875	0.011453	8.5
1794	-0.879316	108.002665	0.002990	8.0
1795	-0.574532	107.968483	0.007325	10.3
1796	-1.398882	107.934330	0.014497	7.8
1797	-0.923776	107.900206	0.007628	7.7
1798	-1.458390	107.866111	0.004643	7.7
1799	-0.498990	107.832044	0.005756	7.5
1800	-1.565504	107.798007	0.006980	10.1
1801	-1.645911	107.763997	0.025778	7.6
1802	-0.661833	107.730017	0.008565	7.8
1803	-1.048282	107.696065	0.010592	8.5
1804	-1.629520	107.662141	0.006198	7.5
1805	-1.960886	107.628246	0.007102	10.5
1806	-0.679362	107.594379	0.011183	8.4
1807	-1.633659	107.560541	0.009293	7.4
1808	-1.716199	107.526731	0.012117	7.4
1809	-1.444994	107.492949	0.022972	7.4
1810	-1.440667	107.459196	0.009637	10.3
1811	-0.808933	107.425471	0.007942	8.3
1812	-1.203204	107.391774	0.005260	7.7
1813	-1.813741	107.358106	0.013046	7.6
1814	-1.911177	107.324465	0.009172	7.8
1815	-1.607813	107.290853	0.008682	10.3
1816	-0.933935	107.257268	0.003061	7.6
1817	-0.461219	107.223712	0.003772	7.5
1818	-0.309021	107.190184	0.006701	8.3
1819	-1.299449	107.156683	0.005723	8.1
1820	-0.861128	107.123211	0.007341	10.5
1821	-1.509551	107.089766	0.015453	7.4
1822	-0.499000	107.056349	0.005039	7.8
1823	-1.495575	107.022960	0.005159	7.4
1824	-1.617301	106.989599	0.016639	7.5
1825	-1.986076	106.956265	0.004022	10.3
1826	-1.443512	106.922960	0.010048	7.9
1827	-1.885547	106.889681	0.012893	7.4
1828	-1.638620	106.856431	0.005685	7.7
1829	-1.899289	106.823208	0.006286	7.5
1830	-1.829577	106.790012	0.013066	10.1
1831	-1.736910	106.756844	0.006579	7.6
1832	-1.885111	106.723703	0.005305	7.7
1833	-1.646747	106.690590	0.002703	7.5
1834	-0.885565	106.657505	0.009937	7.6
1835	-1.332202	106.624446	0.010712	10.1
1836	-1.915786	106.591415	0.014428	8.3
1837	-1.527157	106.558411	0.013517	7.6
1838	-0.405915	106.525435	0.001806	7.5
1839	-1.208457	106.492485	0.012537	7.5
1840	-1.850540	106.459563	0.010415	10.2
1841	-0.754753	106.426668	0.003191	7.6
1842	-0.703600	106.393800	0.005517	7.8
1843	-1.143792	106.360959	0.008935	7.5
1844	-1.797378	106.328145	0.011417	7.5
1845	-0.565110	106.295358	0.004087	10.0
1846	-1.855429	106.262598	0.011994	9.4
1847	-1.719851	106.229865	0.007019	8.7
1848	-0.615421	106.197158	0.007915	9.3
1849	-0.483085	106.164479	0.005607	9.6
1850	-0.908124	106.131826	0.006616	7.8
1851	-1.838712	106.099201	0.008279	7.5
1852	-1.121801	106.066602	0.006941	7.6
1853	-1.994861	106.034029	0.017225	7.6
1854	-1.617316	106.001483	0.008802	10.2
1855	-0.701343	105.968964	0.003318	7.5
1856	-0.772254	105.936472	0.010442	7.8
1857	-1.853549	105.904006	0.006456	7.8
1858	-1.740145	105.871566	0.006785	7.9
1859	-0.393193	105.839153	0.005691	10.0
1860	-0.298028	105.806767	0.004034	7.8
1861	-0.623980	105.774407	0.006360	7.5
1862	-1.725139	105.742073	0.006986	7.5
1863	-1.538525	105.709766	0.017626	7.5
1864	-0.678142	105.677485	0.009315	10.4
1865	-1.614576	105.645230	0.008340	7.5
1866	-1.642238	105.613001	0.019317	8.2
1867	-1.165514	105.580799	0.013272	7.5
1868	-2.007002	105.548623	0.009352	7.6
1869	-0.408025	105.516473	0.002434	10.1
1870	-0.755037	105.484349	0.007059	7.6
1871	-0.524575	105.452251	0.004815	7.5
1872	-1.622000	105.420179	0.007184	7.6
1873	-1.727611	105.388133	0.014505	7.5
1874	-0.727205	105.356113	0.007691	10.1
1875	-0.738566	105.324119	0.007788	7.7
1876	-1.277333	105.292151	0.016400	7.0
1877	-1.841884	105.260209	0.005378	7.6
1878	-0.629073	105.228293	0.008485	7.5
1879	-0.841037	105.196402	0.005029	9.6
1880	-0.804553	105.164537	0.006826	7.7
1881	-1.965799	105.132698	0.014988	7.7
1882	-1.913597	105.100885	0.008253	7.6
1883	-0.605099	105.069097	0.008948	7.4
1884	-1.285985	105.037335	0.007725	9.9
1885	-1.345330	105.005598	0.008041	7.7
1886	-1.429103	104.973887	0.014693	7.7
1887	-1.781400	104.942202	0.010320	7.7
1888	-1.432452	104.910542	0.019952	7.5
1889	-1.829920	104.878907	0.019173	10.0
1890	-0.941779	104.847298	0.006425	7.5
1891	-1.842149	104.815715	0.003997	7.6
1892	-1.670219	104.784156	0.026811	7.6
1893	-1.188533	104.752623	0.006446	7.5
1894	-1.297036	104.721116	0.007847	10.1
1895	-1.260288	104.689633	0.011172	7.6
1896	-1.459860	104.658176	0.008035	7.5
1897	-1.856227	104.626744	0.013733	9.0
1898	-1.228606	104.595337	0.006437	8.0
1899	-1.758354	104.563955	0.005206	10.2
1900	-1.944998	104.532599	0.004131	8.0
1901	-1.704462	104.501267	0.010389	7.7
1902	-1.655716	104.469960	0.030641	8.0
1903	-0.394982	104.438679	0.007127	10.1
1904	-1.427570	104.407422	0.009565	10.3
1905	-1.461040	104.376191	0.022150	12.3
1906	-1.328046	104.344984	0.019647	9.5
1907	-1.452980	104.313802	0.009921	10.4
1908	-0.569210	104.282645	0.010525	7.7
1909	-1.871651	104.251513	0.009663	8.5
1910	-0.932917	104.220405	0.006074	8.3
1911	-0.441556	104.189323	0.005292	7.7
1912	-1.328710	104.158265	0.007388	10.5
1913	-1.131969	104.127231	0.013275	8.1
1914	-0.973633	104.096222	0.006141	7.7
1915	-1.609220	104.065238	0.017045	7.9
1916	-0.657350	104.034279	0.005155	7.7
1917	-1.445057	104.003344	0.009945	11.4
1918	-1.908758	103.972433	0.014631	8.7
1919	-1.701593	103.941547	0.017714	8.0
1920	-1.916728	103.910686	0.013755	7.5
1921	-1.404720	103.879849	0.004384	7.8
1922	-1.609695	103.849036	0.006329	10.1
1923	-0.899514	103.818248	0.003024	7.8
1924	-0.348139	103.787484	0.006795	8.4
1925	-1.227160	103.756744	0.012704	10.1
1926	-2.024331	103.726029	0.011384	13.5
1927	-1.509739	103.695338	0.006559	11.2
1928	-1.829083	103.664671	0.016362	9.2
1929	-0.696120	103.634028	0.004090	8.9
1930	-1.511063	103.603409	0.013597	12.3
1931	-0.616856	103.572814	0.005010	9.3
1932	-0.285920	103.542244	0.001624	10.0
1933	-1.823146	103.511698	0.014096	10.6
1934	-0.926661	103.481175	0.005478	10.9
1935	-0.295171	103.450677	0.004100	8.9
1936	-0.975403	103.420202	0.005128	8.8
1937	-1.726541	103.389752	0.012019	9.2
1938	-1.969717	103.359325	0.014034	9.5
1939	-1.174584	103.328922	0.010930	10.5
1940	-0.088061	103.298543	0.000557	8.1
1941	-1.231169	103.268188	0.007027	9.2
1942	-1.598351	103.237857	0.006426	11.5
1943	-0.698491	103.207549	0.005705	12.7
1944	-0.704982	103.177265	0.013648	13.1
1945	-1.841318	103.147005	0.028824	9.4
1946	-1.912084	103.116768	0.010921	11.5
1947	-1.889198	103.086556	0.008991	9.2
1948	-1.132776	103.056366	0.007329	9.3
1949	-0.193775	103.026200	0.002450	9.0
1950	-0.666129	102.996058	0.006108	11.8
1951	-1.968026	102.965939	0.012798	8.5
1952	-1.108834	102.935844	0.009275	13.4
1953	-1.996199	102.905772	0.006390	8.6
1954	-1.255326	102.875724	0.007817	11.5
1955	-1.898325	102.845699	0.014216	8.8
1956	-1.033296	102.815697	0.006637	8.2
1957	-1.921244	102.785719	0.008487	8.9
1958	-1.962198	102.755764	0.008978	7.9
1959	-2.032361	102.725832	0.008784	11.9
1960	-0.734048	102.695924	0.011212	8.6
1961	-1.464348	102.666038	0.005246	8.4
1962	-0.845152	102.636176	0.007057	9.5
1963	-0.699646	102.606337	0.008581	11.2
1964	-1.230915	102.576521	0.007790	10.4
1965	-1.925219	102.546728	0.011857	10.0
1966	-1.150976	102.516959	0.009250	8.2
1967	-1.581813	102.487212	0.013786	9.6
1968	-1.913105	102.457488	0.010158	8.0
1969	-1.245375	102.427788	0.005511	7.8
1970	-1.623882	102.398110	0.005642	7.9
1971	-1.895679	102.368455	0.009204	7.9
1972	-0.453120	102.338823	0.002572	10.6
1973	-0.239149	102.309214	0.004704	8.2
1974	-1.958797	102.279628	0.010325	7.9
1975	-1.082954	102.250064	0.004289	7.8
1976	-1.565839	102.220524	0.010308	8.4
1977	-0.234847	102.191006	0.003249	10.3
1978	-1.938803	102.161511	0.010196	7.5
1979	-0.693682	102.132038	0.003109	7.7
1980	-1.701521	102.102588	0.008386	8.2
1981	-1.382401	102.073161	0.012642	8.2
1982	-1.877475	102.043757	0.015471	10.7
1983	-1.862876	102.014375	0.009247	7.8
1984	-0.839018	101.985015	0.005779	15.4
1985	-1.715368	101.955678	0.006325	12.5
1986	-0.298691	101.926364	0.002263	12.4
1987	-1.889833	101.897072	0.013883	13.1
1988	-0.324191	101.867802	0.001131	13.4
1989	-1.645414	101.838555	0.006315	12.3
1990	-0.492810	101.809330	0.009540	13.0
1991	-1.696119	101.780128	0.006555	11.9
1992	-1.951692	101.750948	0.020710	12.5
1993	-1.771117	101.721790	0.018765	13.7
1994	-0.361200	101.692654	0.002624	12.9
1995	-2.048202	101.663541	0.004637	9.0
1996	-1.973933	101.634450	0.010255	9.1
1997	-1.882901	101.605381	0.011567	10.9
1998	-0.858748	101.576335	0.007833	8.1
1999	-0.580609	101.547310	0.005283	7.8
