1:ItNr	2:Metric	3a:Time	3b:StepSize	4:||Gradient||	Time[ms]
0	-0.578907	0.000000	5.194196	0.012617	1057.2
1	-0.603177	0.000000	5.194196	0.025096	4.9
2	-0.573258	0.000000	5.194196	0.012289	4.2
3	-0.600793	0.000000	5.194196	0.017177	4.0
4	-0.582045	0.000000	5.194196	0.014214	4.2
5	-0.591884	0.722268	5.021488	0.017465	3.9
6	-0.559782	1.722249	4.800498	0.014095	4.1
7	-0.597703	0.775127	5.009299	0.013387	4.0
8	-0.604750	0.590508	5.052133	0.024373	6.2
9	-0.575830	0.000000	5.194196	0.016694	4.1
10	-0.566804	1.000000	4.958096	0.015808	3.9
11	-0.583006	1.999992	4.742529	0.015027	5.1
12	-0.546339	1.133818	4.928120	0.017753	4.0
13	-0.577598	2.123803	4.717136	0.015582	4.0
14	-0.590638	1.179163	4.918045	0.011314	3.9
15	-0.547410	0.749474	5.015207	0.018884	3.9
16	-0.583659	0.000000	5.194196	0.013892	5.3
17	-0.610319	0.999449	4.958220	0.015382	4.5
18	-0.586009	0.052334	5.181284	0.019267	5.2
19	-0.573204	1.051988	4.946408	0.018598	4.1
20	-0.559085	2.051988	4.731831	0.015425	4.0
21	-0.555572	1.105884	4.934348	0.016278	4.3
22	-0.605920	2.089921	4.724058	0.012583	4.3
23	-0.576751	3.089801	4.527979	0.010605	4.0
24	-0.618794	3.610468	4.432184	0.015909	4.0
25	-0.584476	2.677121	4.606900	0.013581	6.9
26	-0.558227	3.508654	4.450596	0.017103	4.1
27	-0.557378	4.507967	4.276237	0.017386	4.0
28	-0.560182	5.506151	4.115200	0.014560	4.0
29	-0.582089	4.614045	4.258528	0.020208	5.0
30	-0.584500	5.613805	4.098554	0.019548	3.9
31	-0.589963	6.459993	3.972256	0.011008	3.9
32	-0.608143	5.519826	4.113078	0.014187	3.9
33	-0.576314	6.134166	4.019955	0.022258	5.4
34	-0.550763	7.134146	3.877072	0.016662	4.7
35	-0.585941	6.187790	4.012026	0.012842	3.9
36	-0.583941	6.292699	3.996604	0.017043	5.4
37	-0.608740	6.121540	4.021826	0.011784	4.4
38	-0.594321	6.420209	3.978019	0.018075	3.9
39	-0.576536	5.850688	4.062396	0.019176	4.6
40	-0.564134	4.903565	4.210931	0.009185	4.0
41	-0.571850	5.015535	4.192807	0.018384	6.2
42	-0.572290	4.070191	4.350909	0.016737	4.9
43	-0.564773	3.125912	4.521202	0.015378	7.2
44	-0.578719	4.125912	4.341260	0.011827	4.1
45	-0.553809	5.125592	4.175144	0.014546	4.8
46	-0.581561	5.447818	4.124277	0.014325	3.9
47	-0.565332	6.447816	3.974018	0.012005	4.9
48	-0.561020	7.446423	3.834511	0.010295	4.2
49	-0.581767	6.543118	3.960268	0.024436	7.4
50	-0.590742	6.607338	3.951055	0.017708	5.2
51	-0.594673	7.607225	3.812957	0.009173	4.6
52	-0.566834	6.715583	3.935624	0.012097	5.1
53	-0.585785	7.262081	3.859522	0.015996	4.9
54	-0.568726	8.260835	3.727786	0.016557	3.9
55	-0.620334	7.628310	3.810149	0.024927	8.5
56	-0.557738	8.628006	3.681588	0.015589	6.4
57	-0.620590	7.682850	3.802904	0.014711	3.9
58	-0.587824	8.141685	3.743027	0.010483	6.2
59	-0.601012	9.134425	3.619718	0.014134	4.0
60	-0.590157	8.213437	3.733834	0.020946	4.8
61	-0.577377	7.266315	3.858944	0.015939	5.4
62	-0.613306	8.266188	3.727104	0.016024	4.2
63	-0.554624	9.255175	3.605271	0.018240	6.8
64	-0.544382	10.242707	3.491315	0.018660	6.3
65	-0.563074	11.149480	3.392842	0.013774	3.9
66	-0.579657	12.113888	3.294029	0.016765	5.5
67	-0.541352	13.113639	3.197493	0.022594	5.6
68	-0.585470	14.113639	3.106432	0.020019	3.9
69	-0.551804	13.166535	3.192543	0.019507	4.9
70	-0.580797	14.166535	3.101759	0.020066	5.9
71	-0.586023	15.122020	3.019713	0.017357	5.1
72	-0.575200	14.209615	3.097964	0.015861	4.7
73	-0.592914	15.209608	3.012408	0.022898	4.7
74	-0.549543	16.191372	2.932888	0.014881	5.0
75	-0.612921	15.269029	3.007473	0.030087	4.9
76	-0.605804	16.140474	2.936907	0.016118	4.0
77	-0.581261	15.193351	3.013761	0.018832	3.9
78	-0.577412	14.296132	3.090370	0.010023	6.9
79	-0.545015	13.349037	3.175580	0.015331	5.0
80	-0.596418	13.042022	3.204220	0.018422	5.3
81	-0.573295	12.962520	3.211720	0.016478	5.2
82	-0.571151	12.052524	3.300145	0.012887	5.2
83	-0.587419	11.107044	3.397327	0.018572	4.0
84	-0.595016	10.159923	3.500590	0.012225	5.1
85	-0.611909	11.152576	3.392516	0.015757	4.0
86	-0.593950	12.152478	3.290195	0.016461	7.7
87	-0.583673	11.212582	3.386196	0.015412	4.9
88	-0.574285	12.212572	3.284242	0.018096	5.0
89	-0.607758	11.348484	3.371970	0.012435	5.2
90	-0.578798	10.402489	3.473550	0.016927	5.1
91	-0.568033	9.455366	3.581573	0.017022	4.1
92	-0.563168	10.455366	3.467711	0.014257	3.9
93	-0.597146	11.455223	3.360880	0.025549	6.2
94	-0.581645	10.509775	3.461723	0.012517	5.8
95	-0.562483	11.509775	3.355241	0.013512	5.1
96	-0.581003	10.562742	3.455914	0.013956	5.9
97	-0.560920	9.616570	3.562715	0.013912	5.1
98	-0.581851	8.714957	3.670815	0.018240	4.2
99	-0.594664	7.769556	3.791443	0.016083	5.0
100	-0.595240	7.543657	3.821449	0.015820	4.0
101	-0.547206	6.620252	3.949208	0.010680	7.1
102	-0.556526	5.693652	4.086294	0.019828	5.2
103	-0.553069	4.746529	4.236615	0.010165	7.0
104	-0.589927	5.746511	4.078219	0.023173	5.4
105	-0.588839	4.870438	4.216323	0.016109	4.6
106	-0.594056	5.867146	4.059907	0.015088	4.0
107	-0.589528	5.171969	4.167746	0.020946	5.3
108	-0.572957	4.224978	4.324211	0.020661	7.4
109	-0.538521	5.224978	4.159322	0.018667	4.5
110	-0.562409	6.224978	4.006546	0.018445	4.0
111	-0.538193	7.224824	3.864616	0.012759	5.2
112	-0.550154	6.277974	3.998762	0.018635	4.3
113	-0.530077	6.107946	4.023843	0.015854	4.1
114	-0.567818	6.876309	3.912933	0.011780	4.4
115	-0.587479	7.875724	3.777503	0.014941	4.5
116	-0.573822	6.978274	3.898672	0.020318	6.0
117	-0.563444	7.970590	3.765133	0.023685	4.4
118	-0.626132	8.970590	3.639505	0.020123	4.9
119	-0.553039	8.023467	3.758273	0.011791	4.1
120	-0.577336	7.696321	3.801119	0.024933	4.0
121	-0.560690	7.716177	3.798490	0.011056	4.2
122	-0.582686	8.705492	3.671985	0.014531	3.9
123	-0.587886	9.696891	3.553393	0.016468	4.0
124	-0.566611	10.696880	3.441289	0.018810	4.6
125	-0.596451	10.403477	3.473441	0.012386	6.1
126	-0.595710	11.403162	3.366280	0.020472	4.4
127	-0.547942	11.186404	3.388950	0.015538	4.0
128	-0.599798	10.239281	3.491698	0.025502	61.0
129	-0.563249	9.292184	3.600867	0.015767	10.3
130	-0.580254	8.348346	3.716670	0.015107	9.4
131	-0.584120	9.320939	3.597452	0.016000	9.8
132	-0.570693	8.378048	3.712912	0.020209	6.3
133	-0.601250	7.591697	3.815028	0.019475	7.0
134	-0.549040	6.956841	3.901661	0.020063	4.7
135	-0.549812	6.009718	4.038477	0.015721	4.0
136	-0.579928	6.667325	3.942489	0.016239	5.0
137	-0.565369	7.517297	3.824981	0.019694	5.4
138	-0.582576	6.704667	3.937175	0.018535	6.0
139	-0.537681	7.704667	3.800013	0.015804	7.4
140	-0.556957	8.704594	3.672096	0.015870	4.8
141	-0.575747	9.704587	3.552502	0.010158	5.0
142	-0.544317	8.776628	3.663213	0.016335	3.9
143	-0.569203	9.615504	3.562839	0.014927	4.0
144	-0.564478	8.668396	3.676576	0.011879	3.9
145	-0.544525	8.410958	3.708758	0.015898	4.2
146	-0.574430	7.623355	3.810808	0.018119	7.2
147	-0.585882	8.623354	3.682166	0.024551	7.0
148	-0.544436	7.676235	3.803781	0.015475	3.9
149	-0.578859	6.729116	3.933704	0.014490	5.1
150	-0.541810	6.062647	4.030578	0.014488	4.0
151	-0.616397	5.115534	4.176752	0.013995	4.0
152	-0.568000	6.115473	4.022726	0.018384	4.4
153	-0.586302	7.115473	3.879647	0.011314	4.9
154	-0.567231	7.760412	3.792648	0.018939	5.4
155	-0.609643	8.751170	3.666347	0.018446	8.5
156	-0.616938	9.499306	3.576413	0.026801	7.8
157	-0.561116	10.499306	3.462874	0.019656	8.3
158	-0.597035	11.499305	3.356322	0.016824	6.5
159	-0.539629	10.560397	3.456171	0.016380	10.3
160	-0.565351	10.987928	3.409978	0.013109	4.8
161	-0.573156	11.839052	3.321598	0.020413	4.1
162	-0.548500	12.839045	3.223440	0.016597	6.4
163	-0.601730	11.891946	3.316256	0.016993	6.3
164	-0.583495	12.891943	3.218409	0.014688	4.4
165	-0.565525	11.945504	3.310865	0.010606	4.6
166	-0.612588	12.944247	3.213449	0.021173	5.2
167	-0.574803	13.937357	3.122106	0.011548	5.2
168	-0.560094	14.936878	3.035270	0.014174	6.2
169	-0.616518	14.655380	3.059233	0.017742	6.0
170	-0.575678	13.949896	3.120986	0.017879	4.1
171	-0.560831	14.949829	3.034176	0.016915	5.2
172	-0.579614	14.004541	3.116113	0.015725	5.7
173	-0.577533	15.001998	3.029780	0.017875	4.2
174	-0.555621	16.001980	2.947900	0.010006	6.8
175	-0.608522	16.641982	2.897778	0.019471	6.5
176	-0.568588	17.641864	2.822797	0.019833	5.1
177	-0.616316	16.694741	2.893722	0.014919	3.9
178	-0.591259	15.747627	2.968304	0.018365	7.0
179	-0.571221	14.907236	3.037775	0.011006	8.7
180	-0.579463	13.971339	3.119072	0.017104	14.7
181	-0.564454	14.214994	3.097491	0.019528	18.0
182	-0.570129	15.214773	3.011979	0.016677	24.7
183	-0.552298	16.214738	2.931046	0.014675	13.5
184	-0.564215	16.517087	2.907425	0.020467	13.0
185	-0.590707	17.320333	2.846482	0.017007	23.8
186	-0.569393	16.373210	2.918618	0.014977	12.6
187	-0.592600	17.373145	2.842564	0.022901	11.9
188	-0.576686	16.516011	2.907508	0.011788	7.7
189	-0.556921	15.570433	2.982686	0.015201	15.2
190	-0.547869	16.505292	2.908339	0.018362	10.7
191	-0.584782	17.505256	2.832811	0.016719	6.7
192	-0.591133	18.504936	2.761126	0.018026	11.3
193	-0.585770	18.936395	2.731296	0.012479	10.3
194	-0.588673	19.898699	2.667032	0.017924	5.3
195	-0.562202	20.889584	2.603944	0.025165	10.3
196	-0.605267	21.879068	2.543855	0.018359	6.8
197	-0.592791	22.874909	2.486116	0.016246	10.6
198	-0.550389	23.874868	2.430717	0.011269	6.6
199	-0.595457	23.740260	2.438031	0.015300	6.7
200	-0.544383	22.809630	2.489821	0.015716	4.4
201	-0.580822	23.006747	2.478668	0.013753	4.0
202	-0.581499	22.069268	2.532621	0.016693	5.4
203	-0.563603	21.531824	2.564624	0.024996	4.6
204	-0.584585	20.584701	2.623035	0.025305	5.3
205	-0.577134	19.637578	2.684169	0.011978	5.6
206	-0.578230	18.712596	2.746688	0.026037	4.5
207	-0.553985	17.765474	2.813796	0.018270	4.4
208	-0.572096	16.818351	2.884264	0.017111	4.2
209	-0.546266	15.913461	2.954969	0.020468	5.0
210	-0.580309	16.005222	2.947641	0.019222	4.1
211	-0.599245	15.058099	3.025066	0.016529	4.2
212	-0.592106	16.058099	2.943435	0.017376	6.0
213	-0.596517	17.054606	2.866358	0.017115	4.9
214	-0.583633	17.250380	2.851687	0.019912	4.2
215	-0.609375	18.250379	2.779034	0.016730	4.3
216	-0.538730	17.303260	2.847750	0.019964	4.9
217	-0.566556	18.303260	2.775294	0.014300	4.0
218	-0.627410	19.301738	2.706536	0.015696	4.7
219	-0.568819	20.301738	2.641006	0.015482	5.0
220	-0.571988	19.354618	2.702990	0.014768	5.9
221	-0.550207	20.354618	2.637629	0.019143	5.0
222	-0.576799	19.407501	2.699452	0.014415	4.9
223	-0.559615	18.460941	2.764205	0.024047	4.8
224	-0.577088	18.045924	2.793585	0.011746	4.1
225	-0.617897	17.100726	2.862888	0.019271	5.1
226	-0.601682	16.153604	2.935869	0.013400	5.5
227	-0.568989	17.149999	2.859191	0.018796	3.9
228	-0.568699	18.131962	2.787443	0.021272	7.2
229	-0.555109	19.131893	2.717991	0.014992	5.0
230	-0.581469	18.327217	2.773604	0.010410	4.0
231	-0.592431	19.182985	2.714535	0.014996	4.9
232	-0.580638	20.157305	2.650274	0.011865	5.7
233	-0.574789	19.258131	2.709468	0.013845	4.9
234	-0.548440	18.819851	2.739290	0.015270	4.9
235	-0.609657	19.741140	2.677346	0.018834	5.8
236	-0.576689	18.795980	2.740933	0.018807	5.9
237	-0.535429	19.795979	2.673747	0.018752	4.2
238	-0.568996	20.753085	2.612457	0.012964	5.3
239	-0.544493	19.805962	2.673093	0.014027	4.1
240	-0.560308	18.923794	2.732158	0.014432	5.1
241	-0.561269	17.980153	2.798299	0.020191	4.6
242	-0.583184	18.979615	2.728343	0.013986	4.2
243	-0.590667	18.049518	2.793328	0.020007	6.1
244	-0.582807	19.049203	2.723603	0.015225	5.2
245	-0.543726	20.043462	2.657625	0.019529	5.6
246	-0.616484	21.043140	2.594433	0.012581	7.7
247	-0.593304	20.097436	2.654134	0.018269	7.9
248	-0.605446	19.179641	2.714761	0.019361	7.7
249	-0.581346	19.527755	2.691442	0.011812	22.8
250	-0.559437	18.684920	2.748604	0.015578	8.3
251	-0.587074	18.112445	2.788834	0.012524	11.7
252	-0.565533	19.110784	2.719421	0.015402	9.4
253	-0.595926	20.064380	2.656271	0.027391	9.3
254	-0.579336	21.058595	2.593480	0.012501	5.2
255	-0.559282	20.426200	2.633071	0.016774	10.1
256	-0.561322	19.479080	2.694679	0.010606	6.5
257	-0.591970	18.561756	2.757161	0.012011	10.2
258	-0.579118	19.447714	2.696768	0.018463	5.9
259	-0.611648	19.939172	2.664395	0.018540	8.1
260	-0.569829	20.809960	2.608903	0.019220	7.1
261	-0.603447	21.807784	2.548091	0.023225	11.9
262	-0.584699	22.807783	2.489926	0.011423	9.6
263	-0.579626	23.801394	2.434704	0.017720	5.5
264	-0.569619	22.861012	2.486904	0.021657	9.2
265	-0.615077	21.913889	2.541791	0.018433	9.3
266	-0.582636	22.913881	2.483910	0.015497	12.6
267	-0.589218	23.899790	2.429368	0.018010	8.1
268	-0.583400	24.898971	2.376483	0.023251	6.6
269	-0.585435	25.898969	2.325811	0.030705	4.1
270	-0.566495	24.951855	2.373748	0.016118	4.2
271	-0.566098	24.094720	2.418867	0.013948	6.1
272	-0.581776	23.319967	2.461151	0.019695	6.1
273	-0.605658	24.319965	2.406845	0.011194	4.0
274	-0.553804	25.308346	2.355474	0.017036	4.1
275	-0.559910	25.355169	2.353095	0.015563	3.9
276	-0.559266	26.263762	2.307859	0.017065	4.0
277	-0.566983	26.578401	2.292597	0.009891	4.2
278	-0.536617	25.631483	2.339152	0.023610	4.2
279	-0.593372	26.631465	2.290043	0.017753	4.0
280	-0.562990	27.631132	2.242969	0.021442	4.5
281	-0.589558	27.934596	2.229059	0.016110	6.4
282	-0.550498	28.931865	2.184539	0.012233	4.1
283	-0.593704	28.266146	2.214058	0.018366	4.1
284	-0.567060	29.217961	2.172094	0.020674	4.0
285	-0.568397	28.278408	2.213507	0.023324	7.1
286	-0.571514	29.278130	2.169494	0.013404	4.0
287	-0.559544	28.334190	2.211005	0.012157	4.4
288	-0.578900	27.387160	2.254278	0.011083	4.7
289	-0.572490	28.384007	2.208774	0.020197	6.0
290	-0.607031	29.120577	2.176314	0.014466	5.9
291	-0.548872	28.210809	2.216548	0.009594	6.2
292	-0.569507	27.272519	2.259632	0.020388	4.0
293	-0.559038	28.270648	2.213856	0.013847	4.3
294	-0.552220	29.270409	2.169828	0.018729	4.4
295	-0.590964	28.333316	2.211044	0.014592	3.9
296	-0.604748	28.974550	2.182673	0.019624	4.6
297	-0.571298	29.383302	2.164966	0.008592	7.6
298	-0.559814	28.438184	2.206354	0.019179	3.9
299	-0.591707	28.606138	2.198884	0.020096	5.2
300	-0.604016	29.606138	2.155433	0.013859	4.0
301	-0.614662	28.659015	2.196542	0.020122	7.0
302	-0.548006	29.658722	2.153195	0.015782	18.9
303	-0.543153	30.658720	2.111514	0.015868	11.3
304	-0.574504	29.711598	2.150950	0.016107	9.4
305	-0.599255	30.711564	2.109356	0.018364	13.8
306	-0.597601	29.764441	2.148711	0.013703	13.1
307	-0.607187	28.840794	2.188531	0.013401	13.6
308	-0.573041	27.893719	2.230923	0.016741	15.5
309	-0.565210	27.488724	2.249556	0.015766	10.1
310	-0.577002	26.542604	2.294324	0.017943	8.5
311	-0.607778	27.542604	2.247060	0.011771	12.5
312	-0.559433	26.595590	2.291769	0.015335	20.3
313	-0.579981	25.690896	2.336175	0.013789	11.6
314	-0.578004	26.657507	2.288792	0.015008	8.0
315	-0.592331	25.759257	2.332760	0.023167	11.0
316	-0.617085	26.759257	2.283916	0.021545	6.3
317	-0.574812	27.759257	2.237075	0.016693	15.7
318	-0.572768	26.813343	2.281332	0.013726	10.3
319	-0.583878	27.773235	2.236434	0.015645	9.8
320	-0.568238	26.826516	2.280704	0.016736	13.5
321	-0.574066	27.826512	2.233994	0.024489	13.4
322	-0.575166	26.883540	2.277988	0.013234	10.9
323	-0.539333	25.983144	2.321644	0.019646	14.1
324	-0.592245	25.036029	2.369408	0.011531	10.2
325	-0.588730	24.142684	2.416297	0.010541	4.9
326	-0.547863	25.040301	2.369188	0.015864	9.7
327	-0.573161	25.616687	2.339894	0.025250	4.3
328	-0.572994	24.669564	2.388420	0.008702	7.7
329	-0.581549	25.176019	2.362224	0.016079	4.7
330	-0.552294	25.304554	2.355667	0.013039	3.9
331	-0.590155	26.187029	2.311612	0.014706	4.6
332	-0.596956	25.289056	2.356456	0.016312	6.1
333	-0.563928	24.962558	2.373195	0.013329	4.0
334	-0.584596	25.962552	2.322662	0.011113	4.5
335	-0.576508	26.958052	2.274449	0.014796	4.2
336	-0.596749	27.958042	2.227992	0.020044	5.8
337	-0.591720	27.394357	2.253943	0.016700	5.1
338	-0.557029	28.394357	2.208311	0.019947	4.1
339	-0.559796	27.447234	2.251483	0.014169	4.8
340	-0.593128	26.500127	2.296375	0.015039	4.0
341	-0.564087	26.117556	2.315021	0.018280	4.5
342	-0.595032	25.170433	2.362510	0.016294	4.6
343	-0.568760	26.170433	2.312426	0.016463	4.0
344	-0.577346	26.752515	2.284238	0.012125	5.4
345	-0.600181	26.226469	2.309682	0.018160	4.8
346	-0.591703	25.293872	2.356211	0.017879	4.8
347	-0.606930	26.203917	2.310785	0.013441	5.0
348	-0.555662	25.277863	2.357026	0.028476	4.0
349	-0.570478	26.277863	2.307171	0.014683	5.1
350	-0.562582	25.342230	2.353752	0.012519	4.1
351	-0.570930	26.341434	2.304073	0.016568	4.6
352	-0.594595	27.340575	2.256451	0.021531	5.7
353	-0.557997	26.438307	2.299368	0.016678	9.5
354	-0.595043	25.613521	2.340053	0.014949	7.3
355	-0.600853	25.669384	2.337252	0.019525	7.2
356	-0.593503	24.725463	2.385501	0.013945	6.9
357	-0.598365	25.725462	2.334447	0.014574	15.9
358	-0.578693	24.779910	2.382663	0.015165	9.5
359	-0.601680	25.779777	2.331737	0.018174	9.6
360	-0.543402	26.779613	2.282943	0.016381	9.4
361	-0.596398	27.779541	2.236145	0.016047	15.7
362	-0.586936	26.832421	2.280422	0.015064	12.1
363	-0.571177	25.930152	2.324265	0.013112	7.9
364	-0.548935	26.849464	2.279610	0.011357	13.0
365	-0.588219	25.916781	2.324928	0.019206	14.7
366	-0.579471	25.376395	2.352018	0.024075	10.9
367	-0.596346	24.438597	2.400561	0.015332	7.7
368	-0.567098	23.491523	2.451661	0.017465	49.4
369	-0.550750	24.491486	2.397770	0.011615	21.1
370	-0.587150	25.487004	2.346422	0.012341	6.7
371	-0.575869	24.562567	2.394029	0.017880	15.1
372	-0.563488	25.505217	2.345503	0.016022	6.6
373	-0.571500	26.505217	2.296129	0.012582	8.7
374	-0.536504	27.495131	2.249259	0.010361	5.9
375	-0.571624	27.882909	2.231416	0.031766	8.8
376	-0.595790	26.939319	2.275337	0.014802	11.5
377	-0.586744	25.994500	2.321083	0.022049	8.1
378	-0.594887	25.047377	2.368824	0.009812	6.7
379	-0.594303	26.047371	2.318474	0.013566	5.2
380	-0.570020	27.044722	2.270346	0.022031	6.3
381	-0.538860	28.044449	2.224067	0.022037	6.6
382	-0.587218	27.097335	2.267862	0.012486	9.2
383	-0.585613	26.150306	2.313413	0.023101	5.3
384	-0.584604	25.204814	2.360752	0.012137	4.7
385	-0.580737	26.204814	2.310741	0.011471	6.1
386	-0.593645	25.264075	2.357728	0.015912	5.6
387	-0.614929	26.262314	2.307930	0.011794	7.5
388	-0.555783	27.236325	2.261327	0.020694	6.8
389	-0.581301	28.236325	2.215399	0.023067	4.4
390	-0.578125	27.645318	2.242315	0.008603	4.0
391	-0.592677	28.645186	2.197154	0.009138	4.7
392	-0.545728	29.454510	2.161910	0.014701	3.9
393	-0.579124	30.434783	2.120707	0.018404	4.4
394	-0.604057	31.367028	2.082954	0.008866	3.9
395	-0.596848	30.420295	2.121305	0.015097	4.0
396	-0.590262	31.354886	2.083437	0.021835	4.0
397	-0.552374	30.407763	2.121822	0.019408	6.7
398	-0.570841	31.407763	2.081335	0.019517	3.9
399	-0.581827	30.460673	2.119640	0.014623	4.1
400	-0.604361	31.460671	2.079236	0.009859	4.1
401	-0.553530	32.224839	2.049384	0.018578	4.6
402	-0.536344	33.224832	2.011590	0.015544	4.3
403	-0.574256	34.205301	1.975863	0.013525	4.7
404	-0.563813	33.260722	2.010259	0.019562	5.0
405	-0.574002	34.260680	1.973883	0.019835	6.2
406	-0.582978	35.260680	1.938798	0.020039	4.5
407	-0.589075	35.771580	1.921351	0.014888	5.1
408	-0.581140	36.221530	1.906243	0.018642	5.6
409	-0.601977	35.275602	1.938284	0.015662	4.0
410	-0.588956	35.524453	1.929751	0.012986	4.0
411	-0.570917	34.711702	1.957903	0.021124	4.9
412	-0.546939	35.711515	1.923386	0.020520	3.9
413	-0.595812	35.436049	1.932774	0.016202	5.8
414	-0.532513	34.488928	1.965764	0.013898	4.7
415	-0.599235	35.488927	1.930965	0.018696	5.1
416	-0.559641	34.549817	1.963609	0.011770	4.9
417	-0.573504	35.125654	1.943463	0.019583	4.2
418	-0.564361	34.179014	1.976804	0.019918	4.3
419	-0.558936	33.231892	2.011328	0.013859	4.3
420	-0.540445	32.572489	2.036085	0.029914	4.1
421	-0.610310	31.900846	2.061935	0.015687	5.8
422	-0.565863	30.962685	2.099163	0.014785	4.3
423	-0.575557	30.017294	2.138062	0.019743	4.6
424	-0.582709	29.095818	2.177390	0.017240	5.3
425	-0.595216	30.095818	2.134776	0.016282	4.1
426	-0.573969	29.148822	2.175088	0.022133	4.6
427	-0.555789	30.148822	2.132564	0.013564	4.0
428	-0.564910	31.148821	2.091670	0.014551	4.6
429	-0.561847	30.312062	2.125779	0.013215	4.6
430	-0.599134	29.365198	2.165744	0.012273	6.3
431	-0.579956	29.555620	2.157586	0.013020	6.7
432	-0.583308	28.610779	2.198678	0.013925	6.9
433	-0.540521	28.181337	2.217876	0.018122	7.0
434	-0.560281	29.180371	2.173721	0.020629	7.4
435	-0.613849	28.233248	2.215538	0.017654	14.1
436	-0.574680	27.293992	2.258627	0.018559	7.8
437	-0.591026	28.293948	2.212810	0.019841	11.3
438	-0.602623	29.293948	2.168812	0.015947	7.8
439	-0.589165	30.293948	2.126530	0.010378	11.9
440	-0.593894	31.276924	2.086544	0.019396	9.4
441	-0.610394	30.329852	2.125043	0.015822	6.2
442	-0.576975	31.329601	2.084444	0.011097	10.3
443	-0.546624	30.435865	2.120663	0.013672	12.5
444	-0.590803	31.243442	2.087882	0.013391	8.0
445	-0.574931	30.307307	2.125976	0.016732	4.8
446	-0.588622	29.360243	2.165957	0.014831	4.8
447	-0.518531	28.498727	2.203655	0.012589	4.2
448	-0.585590	27.758075	2.237129	0.021067	4.9
449	-0.568088	28.758075	2.192169	0.016574	4.0
450	-0.614937	29.757954	2.148986	0.017408	5.1
451	-0.568893	28.820847	2.189407	0.019666	5.9
452	-0.580503	29.575386	2.156743	0.023896	3.9
453	-0.569545	30.575385	2.114926	0.016565	5.4
454	-0.575462	29.628262	2.154491	0.013381	4.5
455	-0.589800	30.620951	2.113059	0.016005	4.0
456	-0.573560	31.552784	2.075592	0.011581	4.7
457	-0.554161	30.605688	2.113684	0.015470	4.0
458	-0.596363	29.697128	2.151564	0.014115	6.1
459	-0.559853	28.763177	2.191944	0.017818	4.7
460	-0.594631	27.829701	2.233848	0.014699	3.9
461	-0.601835	27.964242	2.227710	0.020756	4.9
462	-0.566676	27.017412	2.271637	0.018958	4.1
463	-0.575708	28.016905	2.225316	0.012026	4.5
464	-0.587761	27.073706	2.268977	0.013456	3.9
465	-0.599239	28.072426	2.222799	0.024164	4.8
466	-0.604937	27.158961	2.264960	0.014287	4.1
467	-0.587019	26.215245	2.310231	0.016384	6.4
468	-0.610401	27.013774	2.271809	0.010219	4.8
469	-0.564067	26.067139	2.317501	0.017915	4.2
470	-0.562831	25.249708	2.358461	0.013964	4.7
471	-0.548030	26.243597	2.308845	0.018129	4.6
472	-0.571340	25.521106	2.344702	0.018910	5.1
473	-0.563124	26.520727	2.295380	0.014860	7.4
474	-0.610402	25.594703	2.340998	0.023918	9.2
475	-0.567668	24.647582	2.389571	0.016593	6.2
476	-0.573794	23.701398	2.440150	0.022405	9.4
477	-0.569644	24.701398	2.386757	0.022895	6.5
478	-0.599077	23.782861	2.435711	0.019343	5.1
479	-0.563703	22.836423	2.488299	0.020223	5.9
480	-0.549134	23.836401	2.432803	0.014340	7.1
481	-0.603402	23.568246	2.447440	0.021483	4.4
482	-0.591512	24.567507	2.393770	0.014262	6.3
483	-0.589918	23.620392	2.444580	0.016781	7.8
484	-0.610488	24.464307	2.399203	0.021544	7.5
485	-0.571445	23.517187	2.450247	0.025944	10.8
486	-0.573270	24.507155	2.396944	0.016554	7.7
487	-0.551411	25.487873	2.346378	0.016197	9.4
488	-0.589980	24.585317	2.392834	0.017534	7.5
489	-0.564277	25.302835	2.355755	0.020126	15.1
490	-0.567449	26.302833	2.305953	0.018117	10.8
491	-0.568802	27.302833	2.258214	0.008105	7.8
492	-0.543609	28.276041	2.213614	0.017414	11.0
493	-0.565907	29.182932	2.173610	0.016694	12.8
494	-0.572813	30.182931	2.131142	0.014780	7.0
495	-0.543689	29.236128	2.171308	0.016799	11.9
496	-0.571702	29.590876	2.156083	0.014178	7.5
497	-0.626924	28.687835	2.195268	0.019140	7.2
498	-0.613497	27.740713	2.237926	0.016250	5.3
499	-0.570025	28.740713	2.192934	0.018215	5.9
