1:ItNr	2:Metric	3:StepSize	4:||Gradient||	Time[ms]
0	-1.036134	627.201626	0.009459	510.2
1	-0.247074	623.504937	0.004600	7.9
2	-0.408677	619.865785	0.003228	7.8
3	-0.917182	616.282728	0.006424	9.7
4	-0.555054	612.754375	0.005457	7.8
5	-0.866991	609.279381	0.007385	8.5
6	-0.767099	605.856447	0.008648	7.7
7	-0.381432	602.484317	0.007484	7.7
8	-0.702390	599.161779	0.005828	9.9
9	-0.722086	595.887656	0.008434	8.1
10	-0.691998	592.660813	0.008035	8.1
11	-0.219655	589.480151	0.004398	8.4
12	-0.367199	586.344606	0.005425	8.0
13	-0.416398	583.253145	0.003816	11.7
14	-0.403847	580.204771	0.003852	9.2
15	-0.709983	577.198517	0.009428	8.0
16	-0.778778	574.233444	0.008302	8.5
17	-0.848578	571.308645	0.009866	10.7
18	-0.577620	568.423237	0.007114	8.1
19	-0.836611	565.576365	0.008201	7.7
20	-0.168809	562.767201	0.005084	7.8
21	-0.263011	559.994938	0.003509	8.6
22	-0.800565	557.258797	0.008194	10.0
23	-0.977434	554.558018	0.008020	7.8
24	-0.355010	551.891865	0.004046	8.1
25	-0.955057	549.259621	0.006965	7.7
26	-1.052822	546.660592	0.006990	7.7
27	-0.982023	544.094102	0.006528	10.8
28	-0.235055	541.559494	0.002990	8.5
29	-0.927837	539.056129	0.005948	10.2
30	-0.772009	536.583387	0.006293	7.9
31	-0.717501	534.140663	0.008513	9.9
32	-0.903896	531.727370	0.008827	9.0
33	-0.757916	529.342935	0.010357	8.2
34	-0.988841	526.986802	0.009222	8.3
35	-0.393381	524.658430	0.005644	8.8
36	-0.708916	522.357290	0.007268	9.8
37	-1.028534	520.082868	0.007049	8.6
38	-1.091582	517.834665	0.007597	7.7
39	-0.741202	515.612193	0.008866	9.5
40	-0.346174	513.414976	0.004697	7.4
41	-0.852524	511.242551	0.008832	9.7
42	-1.077967	509.094468	0.007773	8.2
43	-1.092315	506.970285	0.008921	7.8
44	-0.610751	504.869574	0.008391	7.7
45	-1.060913	502.791916	0.008134	9.2
46	-0.882513	500.736903	0.009384	11.9
47	-0.234635	498.704137	0.003127	7.8
48	-1.038378	496.693228	0.007418	9.5
49	-1.029399	494.703798	0.006805	8.7
50	-0.020927	492.735476	0.001254	8.5
51	-1.069586	490.787900	0.006444	10.4
52	-0.863446	488.860718	0.009344	7.7
53	-0.415593	486.953585	0.006075	7.8
54	-0.883703	485.066164	0.009025	8.6
55	-0.535416	483.198126	0.005586	11.1
56	-1.029064	481.349149	0.006923	8.7
57	-0.719742	479.518920	0.008769	8.1
58	-1.032130	477.707132	0.007602	8.6
59	-0.779045	475.913485	0.006334	7.8
60	-0.751837	474.137684	0.008678	9.9
61	-1.077137	472.379445	0.009101	8.1
62	-0.715014	470.638485	0.007975	7.8
63	-1.112905	468.914531	0.010832	10.4
64	-0.643889	467.207315	0.005482	7.9
65	-0.782160	465.516573	0.008331	11.4
66	-0.184168	463.842050	0.003170	8.3
67	-0.633825	462.183494	0.007401	7.9
68	-0.869001	460.540658	0.009441	8.8
69	-0.783337	458.913303	0.008845	10.4
70	-0.794527	457.301192	0.008893	8.0
71	-0.837465	455.704096	0.005693	8.6
72	-0.512227	454.121787	0.005781	7.7
73	-0.715219	452.554045	0.008418	7.7
74	-0.796096	451.000653	0.009975	10.3
75	-0.255346	449.461399	0.004379	7.7
76	-0.860873	447.936075	0.009423	8.1
77	-0.970322	446.424477	0.007368	8.6
78	-0.547595	444.926406	0.005271	8.1
79	-0.384295	443.441666	0.003370	9.8
80	-0.622025	441.970065	0.007062	10.2
81	-1.106123	440.511415	0.007892	9.3
82	-0.747017	439.065533	0.007517	8.7
83	-0.910038	437.632238	0.008048	9.9
84	-0.944868	436.211351	0.006552	7.8
85	-0.971578	434.802701	0.007304	8.6
86	-0.196630	433.406117	0.003205	7.7
87	-0.314172	432.021430	0.005652	7.5
88	-1.058891	430.648479	0.007060	10.6
89	-0.241539	429.287101	0.006752	8.8
90	-0.834080	427.937140	0.009384	7.9
91	-0.888808	426.598440	0.009970	8.7
92	-0.679733	425.270849	0.008544	7.8
93	-1.029534	423.954220	0.008428	10.2
94	-1.170636	422.648404	0.010051	9.3
95	-0.147641	421.353259	0.004618	8.2
96	-0.906257	420.068643	0.006932	8.5
97	-1.039699	418.794419	0.008930	10.4
98	-0.747070	417.530451	0.007927	8.8
99	-1.192207	416.276604	0.008117	7.8
100	-0.084106	415.032748	0.002318	8.1
101	-0.687144	413.798754	0.006366	7.8
102	-0.352132	412.574495	0.004026	9.5
103	-0.680834	411.359849	0.006957	7.7
104	-1.051199	410.154691	0.008412	7.8
105	-0.651899	408.958904	0.008320	7.9
106	-0.784906	407.772368	0.007124	7.8
107	-0.869694	406.594968	0.006652	10.7
108	-1.017251	405.426590	0.011416	7.9
109	-0.854422	404.267122	0.008705	7.7
110	-0.298368	403.116456	0.004561	7.7
111	-0.346975	401.974481	0.005971	7.7
112	-1.162403	400.841093	0.007119	10.6
113	-1.030873	399.716187	0.007611	7.9
114	-0.640637	398.599660	0.009073	8.1
115	-0.842619	397.491411	0.007335	8.8
116	-0.230322	396.391342	0.006600	9.1
117	-0.768652	395.299353	0.007125	10.5
118	-0.824195	394.215350	0.008729	8.3
119	-0.941644	393.139238	0.008754	7.8
120	-0.629785	392.070924	0.005985	8.0
121	-0.362759	391.010316	0.003771	9.5
122	-1.222874	389.957325	0.009365	7.8
123	-0.189928	388.911862	0.003876	6.8
124	-0.766489	387.873839	0.006132	8.8
125	-0.950568	386.843173	0.008376	7.9
126	-0.513972	385.819777	0.005152	10.7
127	-0.635978	384.803569	0.005537	8.0
128	-0.571276	383.794468	0.007143	8.6
129	-0.957658	382.792393	0.006882	7.7
130	-0.000000	381.797264	0.000000	8.4
131	-0.198262	380.809005	0.005800	11.2
132	-0.000000	379.827537	0.000000	7.9
133	-1.032231	378.852786	0.007737	8.9
134	-1.084043	377.884678	0.007370	7.8
135	-1.052831	376.923138	0.008058	7.6
136	-1.034012	375.968095	0.008348	10.6
137	-0.807267	375.019479	0.009114	7.9
138	-0.996320	374.077218	0.007196	7.7
139	-1.032304	373.141244	0.009658	7.7
140	-0.700072	372.211489	0.006451	7.7
141	-1.026510	371.287887	0.010096	10.3
142	-0.580009	370.370370	0.005292	7.8
143	-0.452810	369.458876	0.005727	7.7
144	-1.083192	368.553338	0.007475	7.9
145	-0.828795	367.653696	0.005421	7.8
146	-0.832087	366.759885	0.004809	10.4
147	-0.547587	365.871846	0.007655	8.3
148	-0.900755	364.989518	0.012320	9.5
149	-0.752750	364.112841	0.007831	8.0
150	-0.842839	363.241757	0.006620	9.8
151	-0.716015	362.376208	0.008968	9.2
152	-0.566579	361.516137	0.005678	8.2
153	-0.795921	360.661488	0.007839	8.7
154	-0.741131	359.812206	0.011027	7.8
155	-0.991225	358.968236	0.005353	10.8
156	-0.949411	358.129524	0.008704	7.9
157	-1.056133	357.296018	0.006755	7.8
158	-0.170818	356.467665	0.002857	8.9
159	-0.737875	355.644414	0.008399	7.8
160	-0.829526	354.826213	0.006778	10.0
161	-0.826959	354.013012	0.006082	7.7
162	-0.445904	353.204763	0.005736	8.8
163	-0.934917	352.401415	0.006100	8.2
164	-0.459258	351.602922	0.005538	7.2
165	-0.649820	350.809235	0.008825	11.4
166	-1.132030	350.020308	0.010917	7.7
167	-0.838012	349.236095	0.009580	8.8
168	-0.522602	348.456550	0.004974	8.8
169	-1.115123	347.681627	0.007631	8.3
170	-1.106810	346.911283	0.007286	9.7
171	-1.024460	346.145474	0.007345	7.9
172	-0.510582	345.384157	0.006396	7.8
173	-1.114828	344.627288	0.009972	7.8
174	-0.743380	343.874826	0.010345	8.7
175	-1.241520	343.126729	0.009600	9.2
176	-0.069845	342.382957	0.001246	7.9
177	-1.129368	341.643469	0.008012	7.7
178	-1.037419	340.908224	0.007217	7.7
179	-1.157615	340.177184	0.007065	10.5
180	-1.154760	339.450309	0.009266	8.1
181	-0.702124	338.727561	0.004665	13.4
182	-0.813677	338.008902	0.009997	10.6
183	-0.785549	337.294295	0.007847	10.1
184	-0.809556	336.583703	0.008220	8.7
185	-1.112471	335.877089	0.007069	8.0
186	-0.138030	335.174416	0.003458	7.8
187	-0.846693	334.475651	0.007913	7.7
188	-0.956917	333.780756	0.011134	10.2
189	-1.091751	333.089698	0.009771	7.9
190	-1.005664	332.402443	0.006253	8.6
191	-1.015200	331.718955	0.006313	7.8
192	-1.087194	331.039203	0.006919	7.7
193	-0.236584	330.363153	0.002625	9.9
194	-0.880054	329.690771	0.006871	7.7
195	-1.094545	329.022027	0.006733	7.8
196	-0.685199	328.356888	0.006751	7.7
197	-0.816731	327.695322	0.008635	7.7
198	-0.028172	327.037299	0.002047	11.6
199	-0.558861	326.382787	0.007733	10.4
200	-0.801613	325.731758	0.007345	8.7
201	-0.455850	325.084179	0.003642	9.1
202	-1.141946	324.440023	0.011197	8.8
203	-0.475371	323.799258	0.003427	9.6
204	-1.104118	323.161858	0.008267	7.9
205	-0.806060	322.527792	0.008694	7.6
206	-0.546042	321.897034	0.005383	8.1
207	-1.144651	321.269554	0.009081	14.5
208	-0.988725	320.645325	0.009398	8.2
209	-0.566199	320.024320	0.005171	8.4
210	-1.053017	319.406512	0.008963	7.1
211	-1.170143	318.791875	0.007529	7.7
212	-1.162363	318.180381	0.008160	9.8
213	-0.328405	317.572005	0.004909	7.8
214	-1.075739	316.966721	0.006598	8.2
215	-0.727414	316.364504	0.004993	7.7
216	-1.005806	315.765329	0.006114	8.0
217	-0.850328	315.169170	0.009835	11.7
218	-0.530431	314.576003	0.003908	7.8
219	-0.701060	313.985804	0.008270	7.4
220	-1.170905	313.398548	0.008765	7.9
221	-0.971066	312.814213	0.010527	7.6
222	-1.312711	312.232773	0.011277	10.3
223	-0.813019	311.654207	0.005311	7.8
224	-0.039726	311.078491	0.002645	7.7
225	-0.725494	310.505602	0.005437	7.9
226	-0.808380	309.935518	0.006929	7.7
227	-0.968791	309.368217	0.008886	12.4
228	-1.011274	308.803676	0.009297	7.7
229	-0.623094	308.241874	0.005272	8.0
230	-1.143743	307.682789	0.007942	7.8
231	-0.878790	307.126400	0.008830	7.8
232	-0.428458	306.572687	0.005959	11.2
233	-0.537624	306.021627	0.006061	9.0
234	-0.446845	305.473201	0.004605	8.0
235	-0.176696	304.927388	0.003450	8.8
236	-1.123938	304.384168	0.007129	7.7
237	-0.796158	303.843521	0.008296	11.8
238	-1.129407	303.305427	0.008361	10.0
239	-0.592971	302.769867	0.006476	8.4
240	-1.007148	302.236821	0.007573	7.8
241	-1.088714	301.706270	0.007376	10.1
242	-0.723928	301.178196	0.009328	8.0
243	-0.955287	300.652580	0.008291	7.7
244	-0.930961	300.129402	0.010579	7.6
245	-0.505144	299.608645	0.004184	8.5
246	-1.023713	299.090291	0.008363	9.0
247	-0.775185	298.574321	0.005231	7.6
248	-0.838130	298.060718	0.008187	7.8
249	-0.865090	297.549465	0.007317	7.8
250	-0.583828	297.040543	0.005277	11.5
251	-0.906075	296.533936	0.007869	7.7
252	-0.905938	296.029626	0.006632	9.4
253	-0.785125	295.527597	0.007075	7.1
254	-1.140451	295.027832	0.007060	8.1
255	-1.105335	294.530315	0.007257	10.2
256	-0.671047	294.035028	0.007399	7.7
257	-1.146623	293.541956	0.008210	7.7
258	-1.004958	293.051083	0.008945	7.8
259	-0.028882	292.562393	0.003035	7.7
260	-0.869125	292.075870	0.006032	10.2
261	-1.140108	291.591498	0.007470	7.7
262	-1.023690	291.109263	0.005957	7.8
263	-0.346865	290.629149	0.004676	7.5
264	-0.313788	290.151140	0.004544	8.0
265	-0.218915	289.675222	0.005740	10.4
266	-1.066489	289.201380	0.008332	8.0
267	-0.040237	288.729600	0.000980	8.3
268	-0.896706	288.259866	0.010128	8.6
269	-1.109394	287.792165	0.007216	8.5
270	-1.149701	287.326481	0.009690	10.3
271	-0.657417	286.862802	0.006100	8.2
272	-1.062275	286.401113	0.011592	7.8
273	-0.811699	285.941400	0.009074	7.8
274	-0.621679	285.483649	0.005135	9.6
275	-0.913678	285.027847	0.008545	8.7
276	-0.661656	284.573981	0.007456	7.8
277	-0.916907	284.122037	0.007341	8.6
278	-0.706309	283.672002	0.007060	7.9
279	-1.149470	283.223863	0.007651	9.7
280	-0.491681	282.777607	0.005188	7.7
281	-0.476309	282.333221	0.005175	7.9
282	-0.716215	281.890692	0.007676	7.7
283	-1.125715	281.450008	0.008088	8.0
284	-0.756778	281.011157	0.007059	10.7
285	-0.714579	280.574125	0.005622	10.0
286	-0.428662	280.138901	0.005162	8.2
287	-0.853380	279.705473	0.008782	7.9
288	-0.766633	279.273829	0.008645	8.5
289	-0.606049	278.843956	0.004847	9.8
290	-0.783387	278.415844	0.009617	7.9
291	-0.760981	277.989479	0.007852	8.6
292	-0.638835	277.564851	0.005481	7.8
293	-0.908870	277.141949	0.009955	10.5
294	-0.699681	276.720761	0.007562	8.0
295	-0.640773	276.301275	0.005379	6.8
296	-0.879389	275.883480	0.009185	8.2
297	-0.569891	275.467366	0.005076	7.7
298	-1.026507	275.052922	0.005307	10.5
299	-1.099189	274.640136	0.008557	7.7
300	-1.188394	274.228998	0.009362	8.8
301	-0.027315	273.819497	0.000760	7.9
302	-0.699297	273.411623	0.005663	10.1
303	-0.598097	273.005365	0.006030	10.4
304	-1.086499	272.600712	0.006131	8.1
305	-1.157081	272.197655	0.009143	8.4
306	-1.070333	271.796184	0.010258	7.8
307	-1.069521	271.396287	0.006935	10.6
308	-0.166229	270.997956	0.001207	7.9
309	-0.135751	270.601180	0.003614	8.1
310	-1.096554	270.205949	0.006339	8.6
311	-0.261614	269.812254	0.004465	7.8
312	-1.152554	269.420085	0.006788	10.8
313	-1.083952	269.029432	0.007272	8.0
314	-1.040873	268.640287	0.007617	8.1
315	-0.297486	268.252638	0.003546	7.8
316	-0.286359	267.866478	0.004021	8.3
317	-1.267371	267.481796	0.008591	10.8
318	-0.957224	267.098584	0.008835	7.8
319	-0.967862	266.716833	0.008160	10.1
320	-0.421022	266.336533	0.003290	9.4
321	-1.155331	265.957676	0.008567	8.3
322	-0.801332	265.580253	0.006572	10.4
323	-0.441822	265.204254	0.003489	8.8
324	-0.827346	264.829672	0.010866	7.8
325	-0.733110	264.456497	0.004805	8.0
326	-1.014178	264.084721	0.009289	10.7
327	-0.749596	263.714335	0.006273	7.7
328	-0.058310	263.345332	0.004836	6.7
329	-0.834176	262.977702	0.009295	8.6
330	-1.067895	262.611438	0.007033	8.1
331	-1.120772	262.246531	0.008220	10.6
332	-1.182104	261.882973	0.009872	8.7
333	-0.599276	261.520756	0.008195	6.7
334	-0.569810	261.159871	0.004931	9.0
335	-0.680914	260.800312	0.007645	7.8
336	-0.995886	260.442070	0.006284	11.4
337	-0.938260	260.085137	0.008949	8.7
338	-0.726134	259.729505	0.009469	8.4
339	-1.097566	259.375167	0.005889	8.2
340	-1.052306	259.022116	0.008171	7.8
341	-0.685754	258.670343	0.006340	9.5
342	-0.060300	258.319841	0.003458	8.3
343	-0.298114	257.970602	0.004313	8.7
344	-0.238272	257.622620	0.003374	7.8
345	-0.584060	257.275887	0.005163	8.0
346	-1.053355	256.930396	0.006024	10.9
347	-1.097118	256.586139	0.007106	8.0
348	-0.377971	256.243109	0.003645	7.8
349	-1.080211	255.901300	0.006038	7.8
350	-1.121845	255.560703	0.010257	7.7
351	-0.237414	255.221313	0.004510	8.8
352	-1.035282	254.883122	0.004854	8.4
353	-1.033705	254.546124	0.008098	10.4
354	-0.200582	254.210311	0.004216	7.8
355	-1.120850	253.875677	0.006520	10.6
356	-0.699083	253.542215	0.005837	8.2
357	-1.158204	253.209918	0.009113	8.1
358	-0.952603	252.878781	0.007091	7.9
359	-0.952814	252.548795	0.010281	7.8
360	-1.084706	252.219956	0.010005	10.8
361	-0.517353	251.892255	0.006882	7.8
362	-0.322675	251.565688	0.003527	7.8
363	-0.920315	251.240247	0.008257	7.9
364	-0.761780	250.915926	0.006557	7.8
365	-1.037980	250.592720	0.007978	10.8
366	-1.041626	250.270621	0.008234	7.9
367	-0.885546	249.949624	0.005766	7.7
368	-0.512027	249.629723	0.006854	7.9
369	-0.698197	249.310911	0.007911	8.4
370	-0.718832	248.993182	0.004926	10.6
371	-1.120788	248.676531	0.011546	7.8
372	-0.753491	248.360952	0.007212	8.9
373	-1.041857	248.046438	0.010089	8.6
374	-0.826268	247.732984	0.006503	9.1
375	-1.147633	247.420584	0.006881	10.4
376	-0.779997	247.109233	0.009716	7.7
377	-0.600345	246.798924	0.005261	8.0
378	-0.234659	246.489652	0.003116	7.8
379	-0.695852	246.181412	0.004716	9.0
380	-0.757996	245.874197	0.006040	7.8
381	-1.093626	245.568002	0.008323	7.7
382	-0.749690	245.262822	0.005019	8.1
383	-0.714499	244.958652	0.005962	8.0
384	-0.797128	244.655485	0.004953	10.3
385	-1.111133	244.353317	0.007262	7.9
386	-0.591950	244.052142	0.005818	9.2
387	-0.709677	243.751955	0.007407	9.5
388	-0.218393	243.452750	0.002752	8.0
389	-0.678620	243.154523	0.006708	12.6
390	-1.010431	242.857268	0.007055	9.3
391	-1.160447	242.560980	0.008203	8.9
392	-1.037282	242.265654	0.010140	7.9
393	-0.703832	241.971285	0.006600	11.0
394	-0.572872	241.677868	0.005313	7.9
395	-0.849964	241.385397	0.009446	8.7
396	-1.104087	241.093869	0.007508	7.8
397	-0.990620	240.803278	0.010856	10.7
398	-0.201502	240.513619	0.003088	7.9
399	-1.141936	240.224887	0.006331	7.8
400	-0.000000	239.937077	0.000000	8.7
401	-1.140712	239.650186	0.008435	8.5
402	-1.134060	239.364207	0.006159	10.4
403	-0.845038	239.079136	0.010204	7.9
404	-1.083391	238.794969	0.012486	9.7
405	-0.469178	238.511701	0.004932	8.4
406	-1.195175	238.229327	0.006950	7.9
407	-0.857032	237.947843	0.011593	10.9
408	-1.000537	237.667244	0.006252	7.8
409	-0.395842	237.387526	0.005313	8.0
410	-0.588347	237.108684	0.006157	8.5
411	-0.477435	236.830714	0.007010	10.5
412	-0.680258	236.553610	0.006801	8.7
413	-0.362965	236.277370	0.003610	7.9
414	-0.418507	236.001989	0.004882	6.9
415	-0.836299	235.727461	0.006227	8.6
416	-0.920824	235.453784	0.008409	10.5
417	-0.972144	235.180952	0.007987	7.8
418	-0.852181	234.908962	0.006239	7.7
419	-0.824277	234.637809	0.010025	8.4
420	-1.170738	234.367488	0.011836	7.8
421	-0.591501	234.097997	0.006883	11.2
422	-1.177963	233.829331	0.008958	8.6
423	-0.951460	233.561485	0.006896	7.7
424	-0.057634	233.294456	0.004294	8.2
425	-1.034148	233.028239	0.007283	7.8
426	-1.131397	232.762831	0.008950	10.3
427	-0.596895	232.498228	0.005890	8.4
428	-0.611566	232.234425	0.007396	7.8
429	-1.073595	231.971419	0.006646	7.8
430	-0.274403	231.709205	0.004662	7.8
431	-0.844248	231.447781	0.010459	10.4
432	-1.122917	231.187141	0.006188	7.8
433	-1.053023	230.927283	0.006323	7.7
434	-0.996708	230.668202	0.006860	8.3
435	-0.752615	230.409895	0.007963	7.8
436	-0.307469	230.152358	0.005588	10.7
437	-0.918400	229.895587	0.006639	7.9
438	-0.847134	229.639578	0.008917	10.6
439	-1.076686	229.384329	0.007722	8.8
440	-0.416845	229.129834	0.003839	10.1
441	-1.014373	228.876091	0.009084	9.1
442	-0.843769	228.623096	0.008092	7.8
443	-1.159798	228.370846	0.006264	8.7
444	-0.939293	228.119336	0.005271	7.7
445	-0.746567	227.868563	0.008479	10.1
446	-1.086994	227.618525	0.007475	8.0
447	-1.029824	227.369216	0.005968	7.9
448	-0.117067	227.120635	0.003023	8.6
449	-1.227744	226.872777	0.010552	7.8
450	-0.821676	226.625638	0.006865	10.2
451	-0.853825	226.379217	0.005009	8.2
452	-0.945823	226.133509	0.007062	7.8
453	-0.416821	225.888510	0.005854	7.9
454	-0.877302	225.644218	0.007369	7.7
455	-0.344511	225.400630	0.005251	10.9
456	-1.223881	225.157741	0.011326	8.7
457	-1.124027	224.915549	0.008222	8.8
458	-1.204112	224.674051	0.007572	7.9
459	-1.104694	224.433242	0.008680	7.9
460	-1.164064	224.193121	0.007738	10.1
461	-0.308533	223.953684	0.007710	7.7
462	-0.724843	223.714927	0.007399	7.8
463	-1.030846	223.476848	0.007689	7.7
464	-1.152455	223.239444	0.006733	8.6
465	-0.413969	223.002710	0.003734	10.5
466	-0.678134	222.766645	0.006602	7.9
467	-0.670133	222.531245	0.007487	8.2
468	-1.079283	222.296508	0.007438	8.2
469	-0.816943	222.062429	0.008047	8.5
470	-0.735864	221.829007	0.005980	9.8
471	-0.861756	221.596238	0.007922	8.6
472	-0.943876	221.364119	0.006252	10.4
473	-0.995039	221.132647	0.007880	8.7
474	-0.951012	220.901820	0.008244	9.6
475	-0.716135	220.671634	0.006397	8.5
476	-1.133625	220.442086	0.010043	8.3
477	-0.154854	220.213174	0.004507	7.8
478	-0.602379	219.984895	0.006049	7.8
479	-1.048801	219.757246	0.007330	10.5
480	-1.138528	219.530224	0.006988	7.9
481	-1.102312	219.303826	0.007278	7.8
482	-1.177734	219.078050	0.009663	7.9
483	-0.765634	218.852893	0.005744	7.7
484	-0.771456	218.628352	0.007393	10.7
485	-0.993761	218.404424	0.007129	7.9
486	-0.000277	218.181106	0.000245	7.8
487	-1.076594	217.958397	0.005337	7.6
488	-0.892611	217.736292	0.008386	8.3
489	-0.981825	217.514790	0.010599	11.7
490	-1.156282	217.293888	0.008233	7.7
491	-1.098470	217.073584	0.006353	8.8
492	-1.176098	216.853873	0.007211	7.7
493	-0.552781	216.634755	0.009050	8.3
494	-1.077024	216.416227	0.006658	10.0
495	-0.782374	216.198285	0.009549	7.9
496	-0.135116	215.980927	0.002425	7.4
497	-0.576256	215.764151	0.005850	8.2
498	-0.550499	215.547955	0.004478	7.8
499	-0.692063	215.332335	0.006897	10.7
500	-0.503724	215.117289	0.005304	7.0
501	-0.716415	214.902815	0.005281	7.9
502	-0.503591	214.688911	0.005518	7.7
503	-0.602754	214.475573	0.006049	8.9
504	-0.678560	214.262800	0.006310	10.7
505	-0.606321	214.050588	0.004280	8.7
506	-1.146828	213.838936	0.005510	8.6
507	-1.254162	213.627842	0.008660	8.1
508	-1.086693	213.417302	0.006107	8.6
509	-0.013590	213.207314	0.000545	8.8
510	-1.184512	212.997877	0.011838	8.3
511	-1.173562	212.788987	0.008518	7.7
512	-1.124261	212.580642	0.007561	7.8
513	-0.349995	212.372841	0.003339	9.2
514	-1.149548	212.165581	0.008444	7.5
515	-1.186272	211.958859	0.009537	7.8
516	-0.803528	211.752673	0.008965	7.7
517	-1.001588	211.547021	0.007432	8.0
518	-1.077668	211.341902	0.007153	10.4
519	-0.084974	211.137311	0.002738	9.0
520	-0.874224	210.933248	0.006677	7.9
521	-0.292200	210.729710	0.002021	8.7
522	-0.623606	210.526695	0.005611	8.8
523	-1.156408	210.324200	0.009109	15.2
524	-0.524083	210.122224	0.005031	9.1
525	-0.664577	209.920765	0.004374	10.8
526	-0.427922	209.719820	0.006074	12.2
527	-0.243227	209.519387	0.005167	9.0
528	-0.166303	209.319463	0.002359	8.0
529	-0.973776	209.120048	0.010435	7.9
530	-0.913134	208.921139	0.008530	8.0
531	-0.864465	208.722733	0.008515	9.8
532	-0.528912	208.524829	0.004286	7.8
533	-0.968093	208.327425	0.005450	7.7
534	-1.104126	208.130518	0.006986	7.7
535	-1.230886	207.934107	0.009253	7.7
536	-1.208945	207.738189	0.007653	10.3
537	-0.182325	207.542762	0.005030	7.8
538	-0.029462	207.347825	0.002032	9.4
539	-0.977898	207.153376	0.005827	7.9
540	-0.642067	206.959412	0.007724	9.7
541	-1.031407	206.765932	0.007997	11.6
542	-1.016881	206.572933	0.006558	7.9
543	-0.739679	206.380414	0.006421	8.2
544	-0.914793	206.188373	0.008848	7.7
545	-0.691866	205.996807	0.008867	10.8
546	-0.841247	205.805716	0.008679	8.1
547	-0.611871	205.615096	0.006481	8.2
548	-0.806516	205.424946	0.006714	7.0
549	-1.169847	205.235265	0.006151	7.8
550	-1.032995	205.046050	0.006941	10.6
551	-0.421936	204.857299	0.005557	7.3
552	-0.603983	204.669011	0.006229	7.7
553	-1.094859	204.481184	0.009114	7.9
554	-0.886937	204.293816	0.008587	8.0
555	-0.862294	204.106905	0.004665	10.6
556	-1.168154	203.920449	0.009945	7.7
557	-0.751530	203.734447	0.005369	10.2
558	-0.850917	203.548896	0.007877	7.7
559	-1.092437	203.363795	0.005966	9.5
560	-1.107454	203.179143	0.008370	10.4
561	-0.335893	202.994937	0.003513	7.8
562	-0.776098	202.811176	0.007436	8.0
563	-0.816054	202.627857	0.008462	7.7
564	-0.825533	202.444980	0.007553	10.1
565	-1.157122	202.262543	0.006121	8.6
566	-0.852444	202.080543	0.006981	8.4
567	-0.133044	201.898979	0.004500	9.1
568	-0.615238	201.717849	0.008559	8.4
569	-0.995844	201.537153	0.004966	10.8
570	-0.958689	201.356887	0.008535	8.2
571	-0.744161	201.177050	0.005373	8.2
572	-0.521389	200.997642	0.005951	9.1
573	-1.062280	200.818659	0.011795	13.6
574	-0.715789	200.640100	0.008577	7.9
575	-1.236907	200.461965	0.009376	12.7
576	-0.997026	200.284250	0.006973	11.7
577	-1.124583	200.106955	0.008694	13.7
578	-1.154100	199.930078	0.009178	10.0
579	-0.919180	199.753617	0.006704	15.9
580	-0.168321	199.577571	0.002901	11.8
581	-0.992634	199.401938	0.008169	10.3
582	-0.274883	199.226717	0.004312	10.9
583	-0.985732	199.051905	0.009264	10.7
584	-0.869774	198.877502	0.010273	12.4
585	-1.172159	198.703506	0.008774	12.4
586	-0.069721	198.529916	0.003111	11.7
587	-1.204633	198.356729	0.006009	10.4
588	-1.198024	198.183944	0.007583	14.0
589	-1.093979	198.011560	0.005602	10.0
590	-0.958177	197.839576	0.009297	11.6
591	-0.183777	197.667989	0.003251	11.6
592	-0.890590	197.496798	0.009228	8.4
593	-0.819681	197.326002	0.007818	8.1
594	-0.935278	197.155600	0.009339	9.4
595	-0.881809	196.985589	0.008584	10.9
596	-0.917546	196.815969	0.007973	9.7
597	-1.060414	196.646738	0.009987	7.9
598	-1.092812	196.477894	0.008503	10.4
599	-0.864869	196.309436	0.006057	8.9
600	-1.047457	196.141363	0.005175	12.4
601	-0.595243	195.973673	0.005663	8.7
602	-0.798082	195.806365	0.009528	11.9
603	-1.071298	195.639437	0.005362	10.1
604	-0.916862	195.472888	0.008663	7.8
605	-0.729799	195.306717	0.004724	7.3
606	-0.167029	195.140922	0.003640	7.3
607	-0.806766	194.975501	0.008941	7.7
608	-1.010951	194.810454	0.010449	13.4
609	-0.729155	194.645779	0.005119	8.2
610	-1.079223	194.481475	0.013474	7.9
611	-1.147759	194.317540	0.007355	7.8
612	-0.331485	194.153973	0.007419	7.8
613	-0.943003	193.990773	0.006029	10.1
614	-1.039423	193.827938	0.006642	7.7
615	-0.297293	193.665467	0.002721	8.3
616	-0.593984	193.503358	0.004898	7.8
617	-1.183298	193.341611	0.007293	10.8
618	-0.614462	193.180224	0.006222	11.1
619	-0.044876	193.019196	0.002793	7.2
620	-0.966727	192.858525	0.008408	8.0
621	-1.019410	192.698210	0.008496	7.8
622	-0.907512	192.538251	0.008620	11.0
623	-0.440808	192.378644	0.006379	8.5
624	-0.754290	192.219391	0.009416	8.3
625	-1.078052	192.060488	0.006168	7.8
626	-0.116170	191.901935	0.004230	7.9
627	-1.058913	191.743730	0.006224	10.1
628	-0.910129	191.585873	0.006066	7.4
629	-1.102573	191.428362	0.009110	7.7
630	-0.489532	191.271196	0.005768	7.9
631	-0.906114	191.114374	0.007182	7.8
632	-0.860096	190.957893	0.006992	11.5
633	-0.518965	190.801755	0.006371	13.7
634	-0.900177	190.645956	0.008888	8.6
635	-0.357438	190.490495	0.005449	9.4
636	-0.604662	190.335373	0.005471	13.0
637	-0.858201	190.180587	0.006790	8.8
638	-0.381034	190.026136	0.004689	14.8
639	-0.431351	189.872019	0.007671	12.8
640	-1.122459	189.718235	0.006042	13.3
641	-0.762637	189.564782	0.006215	11.9
642	-1.012027	189.411661	0.005348	9.8
643	-0.819118	189.258868	0.006109	11.6
644	-0.929783	189.106404	0.006584	8.7
645	-1.003579	188.954267	0.005599	8.4
646	-0.311341	188.802456	0.004736	8.2
647	-1.215233	188.650969	0.006830	13.6
648	-1.154104	188.499807	0.005496	8.4
649	-0.273486	188.348967	0.005373	8.0
650	-0.061747	188.198448	0.003037	8.5
651	-0.933020	188.048250	0.008248	8.0
652	-1.104098	187.898371	0.007454	11.1
653	-1.147113	187.748810	0.007372	9.7
654	-0.245126	187.599566	0.006707	9.4
655	-1.031400	187.450638	0.008255	8.4
656	-0.370006	187.302025	0.006695	8.9
657	-0.848898	187.153725	0.006125	10.5
658	-0.925083	187.005739	0.010081	7.8
659	-0.947184	186.858064	0.009203	7.7
660	-0.515671	186.710699	0.004050	7.8
661	-0.833945	186.563645	0.008144	11.3
662	-0.768368	186.416898	0.007831	15.4
663	-1.124506	186.270459	0.007812	15.4
664	-0.812025	186.124326	0.007883	15.4
665	-1.152146	185.978499	0.006743	7.8
666	-0.307628	185.832976	0.004327	7.2
667	-1.115741	185.687756	0.010498	7.8
668	-0.937219	185.542838	0.008372	7.8
669	-0.642970	185.398222	0.008038	10.7
670	-1.099305	185.253906	0.007757	8.2
671	-1.055429	185.109889	0.005827	7.8
672	-0.788767	184.966170	0.005202	8.1
673	-0.531227	184.822748	0.005621	8.2
674	-1.012339	184.679623	0.006001	13.0
675	-1.308540	184.536792	0.009516	12.9
676	-0.963201	184.394256	0.005823	7.5
677	-1.011331	184.252013	0.008370	8.8
678	-0.952220	184.110062	0.010445	10.1
679	-0.565075	183.968403	0.006325	8.4
680	-0.064566	183.827034	0.001508	8.3
681	-1.080622	183.685954	0.006808	7.9
682	-1.165353	183.545163	0.008430	7.7
683	-1.158825	183.404658	0.008332	9.7
684	-1.188223	183.264441	0.013739	7.7
685	-0.931345	183.124509	0.005796	7.9
686	-0.441686	182.984861	0.006748	7.1
687	-0.655665	182.845497	0.006606	7.8
688	-0.249912	182.706416	0.004153	10.5
689	-1.091647	182.567616	0.006657	8.1
690	-0.984879	182.429098	0.007885	7.7
691	-0.702059	182.290859	0.008169	7.7
692	-0.997453	182.152899	0.005919	7.8
693	-0.954492	182.015217	0.005493	12.8
694	-1.106164	181.877813	0.007030	8.5
695	-0.720020	181.740684	0.008483	9.6
696	-0.987188	181.603832	0.006524	8.4
697	-0.705975	181.467253	0.007126	9.6
698	-1.085408	181.330948	0.007425	11.7
699	-1.122913	181.194916	0.011360	9.7
700	-0.850720	181.059155	0.005368	12.1
701	-0.239949	180.923666	0.005085	11.2
702	-0.356475	180.788446	0.006219	8.7
703	-0.131038	180.653496	0.003097	7.7
704	-1.135214	180.518814	0.007195	10.3
705	-0.934461	180.384399	0.007282	10.0
706	-0.932177	180.250251	0.006928	12.2
707	-0.905044	180.116369	0.004482	11.4
708	-0.243313	179.982752	0.003846	7.2
709	-0.847102	179.849398	0.007262	11.0
710	-0.795030	179.716308	0.008673	7.8
711	-1.014604	179.583480	0.006813	10.1
712	-0.694358	179.450913	0.005693	8.0
713	-1.344068	179.318607	0.009863	9.0
714	-0.951604	179.186561	0.008254	15.2
715	-0.638965	179.054774	0.009048	8.8
716	-0.834904	178.923245	0.004852	7.8
717	-0.665131	178.791973	0.003694	8.7
718	-0.949909	178.660958	0.010874	9.0
719	-0.226900	178.530199	0.003528	7.7
720	-0.813690	178.399694	0.010000	7.8
721	-0.103328	178.269444	0.002830	7.8
722	-0.978152	178.139447	0.010036	10.6
723	-0.761940	178.009702	0.006963	7.8
724	-0.954808	177.880209	0.006347	8.1
725	-1.305204	177.750967	0.011125	9.0
726	-1.134057	177.621975	0.007277	8.1
727	-0.923094	177.493232	0.010251	10.8
728	-0.787729	177.364738	0.009449	7.9
729	-0.983276	177.236492	0.005174	8.1
730	-0.878152	177.108492	0.007282	7.9
731	-0.909248	176.980739	0.008439	7.9
732	-1.039677	176.853231	0.005379	10.9
733	-1.295060	176.725968	0.011478	7.9
734	-0.548123	176.598949	0.004341	8.2
735	-0.874368	176.472173	0.008906	9.4
736	-1.001023	176.345639	0.008266	7.7
737	-0.946907	176.219348	0.007010	10.0
738	-1.073075	176.093296	0.006202	7.7
739	-0.360482	175.967486	0.004359	9.6
740	-1.195939	175.841914	0.007616	7.9
741	-0.745366	175.716581	0.010431	7.9
742	-0.394278	175.591486	0.005003	14.4
743	-1.090571	175.466629	0.006580	7.8
744	-1.165267	175.342008	0.008127	8.2
745	-1.226769	175.217622	0.008426	8.2
746	-0.068442	175.093472	0.001771	8.4
747	-0.896422	174.969556	0.004447	10.5
748	-1.069130	174.845873	0.004924	8.1
749	-0.348342	174.722423	0.005666	8.4
750	-1.034537	174.599206	0.006587	7.9
751	-1.133900	174.476220	0.009033	11.4
752	-0.856852	174.353464	0.008019	7.8
753	-1.136960	174.230939	0.010045	7.8
754	-0.785947	174.108643	0.004624	7.5
755	-0.213439	173.986576	0.003138	7.5
756	-1.164162	173.864737	0.006263	10.7
757	-0.293969	173.743124	0.006266	8.0
758	-0.868481	173.621739	0.004513	7.7
759	-0.629708	173.500579	0.008233	10.4
760	-0.987341	173.379645	0.008252	7.9
761	-0.827951	173.258935	0.008295	11.1
762	-0.429368	173.138449	0.004515	7.8
763	-0.899761	173.018186	0.008678	9.4
764	-0.945642	172.898146	0.008692	7.8
765	-0.591321	172.778327	0.004868	10.6
766	-0.916752	172.658730	0.005594	7.7
767	-0.879389	172.539353	0.007105	7.3
768	-1.018824	172.420196	0.007141	8.3
769	-0.951950	172.301258	0.010177	8.0
770	-1.189424	172.182539	0.007674	11.1
771	-0.862242	172.064037	0.008443	7.7
772	-0.747342	171.945753	0.007377	8.1
773	-0.813132	171.827686	0.006157	7.8
774	-1.085913	171.709834	0.007363	7.9
775	-0.107916	171.592198	0.006357	10.7
776	-0.564395	171.474776	0.005211	10.6
777	-0.954792	171.357568	0.010713	7.6
778	-0.267486	171.240574	0.003930	8.1
779	-0.714921	171.123793	0.006052	7.8
780	-0.938242	171.007223	0.010724	10.9
781	-0.581293	170.890865	0.007981	7.8
782	-0.885295	170.774718	0.006764	8.3
783	-1.196417	170.658782	0.007393	7.8
784	-0.986589	170.543055	0.006634	10.5
785	-1.071295	170.427537	0.008449	7.8
786	-1.255756	170.312227	0.008165	7.8
787	-0.367392	170.197125	0.003770	9.1
788	-1.165876	170.082231	0.008343	7.7
789	-0.993154	169.967543	0.005344	10.3
790	-1.260793	169.853061	0.010982	8.7
791	-0.824899	169.738784	0.008756	8.3
792	-0.735200	169.624713	0.005860	7.7
793	-0.323905	169.510845	0.006198	10.8
794	-0.945980	169.397181	0.004809	9.8
795	-0.300112	169.283720	0.003582	8.5
796	-0.691716	169.170462	0.005794	7.7
797	-1.072323	169.057405	0.007386	7.8
798	-0.767385	168.944549	0.006306	10.7
799	-0.782887	168.831895	0.006513	7.9
800	-0.827616	168.719440	0.005947	7.6
801	-0.712587	168.607185	0.007088	7.8
802	-1.156320	168.495129	0.006802	8.7
803	-1.078651	168.383271	0.006899	9.9
804	-1.086747	168.271611	0.007833	7.8
805	-1.161973	168.160148	0.007747	7.7
806	-0.738757	168.048882	0.005273	8.0
807	-0.993594	167.937812	0.007286	7.5
808	-0.943321	167.826938	0.008295	10.2
809	-0.897274	167.716258	0.005713	11.0
810	-1.045390	167.605773	0.006768	13.3
811	-0.154225	167.495482	0.003479	13.6
812	-0.990463	167.385384	0.010248	13.0
813	-0.655494	167.275479	0.008234	11.4
814	-0.698875	167.165766	0.006851	12.6
815	-1.202937	167.056245	0.007811	15.3
816	-1.170697	166.946915	0.007450	15.4
817	-1.010737	166.837776	0.005486	12.1
818	-0.847132	166.728826	0.009001	7.9
819	-0.656671	166.620067	0.003609	8.6
820	-1.055342	166.511496	0.007117	8.7
821	-1.151072	166.403113	0.006527	13.8
822	-0.131834	166.294919	0.004670	14.5
823	-0.934241	166.186912	0.010085	9.5
824	-1.207441	166.079091	0.008248	8.2
825	-1.148580	165.971458	0.005814	10.6
826	-1.190081	165.864009	0.006787	8.3
827	-0.957710	165.756747	0.009672	7.9
828	-0.931649	165.649669	0.009159	9.8
829	-0.957769	165.542775	0.005021	20.6
830	-0.699530	165.436065	0.005248	17.0
831	-1.207592	165.329538	0.010284	8.2
832	-1.133564	165.223194	0.006562	16.4
833	-0.364244	165.117032	0.006006	13.5
834	-0.816705	165.011052	0.007196	12.3
835	-0.677023	164.905253	0.004938	8.1
836	-1.132261	164.799635	0.007406	11.2
837	-1.013714	164.694197	0.008779	8.8
838	-1.093937	164.588939	0.007678	9.5
839	-1.159246	164.483859	0.007099	8.4
840	-0.100419	164.378959	0.002150	10.0
841	-0.279446	164.274237	0.003236	7.9
842	-1.020517	164.169692	0.010299	7.8
843	-0.081788	164.065325	0.007186	6.6
844	-1.197732	163.961135	0.007860	7.8
845	-0.837359	163.857120	0.008493	10.2
846	-0.923945	163.753282	0.006879	7.7
847	-0.515450	163.649619	0.006046	7.1
848	-0.817191	163.546130	0.007487	7.8
849	-0.004301	163.442816	0.000002	8.0
850	-1.357801	163.339676	0.009518	11.6
851	-0.897326	163.236709	0.008952	8.8
852	-0.962897	163.133915	0.005322	7.7
853	-0.391267	163.031294	0.005818	8.0
854	-0.952718	162.928844	0.006861	8.0
855	-0.707040	162.826566	0.009090	9.9
856	-0.963315	162.724459	0.007755	7.7
857	-1.003838	162.622523	0.009760	8.1
858	-1.131342	162.520757	0.006170	8.0
859	-0.722504	162.419160	0.007241	7.7
860	-0.048789	162.317733	0.000855	10.9
861	-0.042474	162.216474	0.002027	7.8
862	-0.940297	162.115383	0.004824	7.7
863	-0.728861	162.014461	0.007501	8.7
864	-0.635668	161.913705	0.006500	7.8
865	-1.041361	161.813117	0.009568	10.2
866	-0.079834	161.712695	0.003097	9.5
867	-0.111094	161.612439	0.003312	9.0
868	-0.120320	161.512349	0.006177	8.8
869	-0.999888	161.412424	0.007274	7.3
870	-0.965875	161.312663	0.004459	14.1
871	-0.795165	161.213067	0.007308	12.6
872	-1.012128	161.113635	0.005309	13.1
873	-0.939781	161.014366	0.005717	18.0
874	-0.504176	160.915260	0.005739	15.0
875	-0.991712	160.816316	0.005920	11.8
876	-0.442830	160.717535	0.004010	11.0
877	-1.283514	160.618915	0.008589	11.6
878	-0.888175	160.520456	0.005302	10.0
879	-0.663589	160.422158	0.008089	13.5
880	-0.351812	160.324021	0.003202	11.5
881	-0.620587	160.226043	0.005757	6.5
882	-0.322008	160.128225	0.004812	8.2
883	-1.174072	160.030566	0.006670	7.9
884	-1.091519	159.933066	0.006112	10.4
885	-1.103033	159.835723	0.007529	7.7
886	-0.848050	159.738539	0.008346	7.9
887	-0.910439	159.641512	0.006266	6.6
888	-0.845115	159.544642	0.005185	8.8
889	-1.010905	159.447929	0.005842	8.4
890	-1.146406	159.351372	0.007882	7.9
891	-0.948815	159.254971	0.007736	8.1
892	-0.955940	159.158725	0.009127	8.6
893	-1.165228	159.062634	0.007707	10.7
894	-1.269251	158.966697	0.008020	8.0
895	-0.401560	158.870915	0.004902	7.9
896	-0.741041	158.775286	0.007682	10.2
897	-0.281157	158.679811	0.003968	9.4
898	-1.102810	158.584489	0.006779	9.8
899	-0.720354	158.489319	0.006324	8.3
900	-0.499724	158.394302	0.003923	8.3
901	-0.998184	158.299436	0.008226	7.9
902	-0.636446	158.204721	0.006736	10.6
903	-0.942391	158.110158	0.005723	7.9
904	-1.143887	158.015745	0.007459	7.9
905	-1.001578	157.921482	0.008068	7.9
906	-1.113115	157.827369	0.007754	8.6
907	-1.069422	157.733406	0.006482	10.2
908	-1.034244	157.639591	0.011234	7.8
909	-1.192741	157.545925	0.008877	8.1
910	-0.017575	157.452408	0.001138	8.0
911	-1.167852	157.359038	0.006572	7.7
912	-0.762632	157.265816	0.008763	11.1
913	-0.369834	157.172741	0.004306	8.2
914	-0.061941	157.079813	0.002330	10.6
915	-0.918552	156.987031	0.006775	7.7
916	-1.230818	156.894395	0.008366	9.8
917	-0.209354	156.801904	0.006291	8.4
918	-0.624873	156.709559	0.005670	8.2
919	-0.264204	156.617359	0.005038	7.8
920	-1.075234	156.525304	0.004685	8.5
921	-1.144010	156.433392	0.006403	10.6
922	-1.056790	156.341624	0.008753	8.9
923	-0.930919	156.250000	0.008742	7.7
924	-1.112007	156.158519	0.009865	7.8
925	-1.182379	156.067180	0.006861	8.6
926	-1.120620	155.975984	0.006563	9.6
927	-1.227174	155.884930	0.007884	7.8
928	-0.553663	155.794017	0.006459	7.7
929	-0.755077	155.703246	0.007005	7.7
930	-1.187195	155.612615	0.006204	7.7
931	-0.538930	155.522125	0.005860	12.2
932	-0.821522	155.431775	0.004879	7.7
933	-1.015107	155.341565	0.008928	8.1
934	-1.141721	155.251495	0.005114	8.0
935	-0.319194	155.161563	0.002909	7.1
936	-1.131347	155.071771	0.005836	10.9
937	-0.165450	154.982117	0.003451	7.9
938	-0.999776	154.892601	0.006716	7.8
939	-1.047052	154.803222	0.007917	7.9
940	-1.136179	154.713981	0.007655	8.4
941	-0.909953	154.624878	0.008888	10.2
942	-0.799818	154.535910	0.004854	7.8
943	-1.173344	154.447080	0.007757	7.8
944	-1.029326	154.358385	0.008278	7.7
945	-0.148742	154.269826	0.004143	6.7
946	-1.157958	154.181402	0.007207	10.3
947	-0.581363	154.093114	0.004858	7.8
948	-0.644830	154.004960	0.006133	9.4
949	-0.720572	153.916940	0.005375	9.3
950	-0.449552	153.829054	0.007710	7.9
951	-0.845521	153.741303	0.005457	11.0
952	-0.888793	153.653684	0.005730	8.5
953	-1.006489	153.566198	0.008473	8.2
954	-0.958181	153.478846	0.007635	8.8
955	-0.778748	153.391625	0.008623	12.3
956	-0.817239	153.304537	0.006860	9.6
957	-1.297662	153.217580	0.011349	9.9
958	-0.761752	153.130755	0.008350	8.9
959	-0.586249	153.044061	0.005202	11.1
960	-1.073900	152.957498	0.007688	9.1
961	-0.194336	152.871065	0.004556	9.7
962	-0.286283	152.784762	0.004756	8.2
963	-1.144742	152.698589	0.006662	8.1
964	-1.150999	152.612545	0.006144	11.2
965	-0.798077	152.526631	0.007362	8.3
966	-0.784943	152.440845	0.008535	8.7
967	-1.102600	152.355188	0.010147	7.8
968	-1.126362	152.269660	0.013038	10.3
969	-1.142684	152.184259	0.010155	10.4
970	-0.374163	152.098986	0.002444	13.5
971	-1.143345	152.013840	0.006905	9.4
972	-0.759147	151.928821	0.006571	11.0
973	-0.884695	151.843928	0.008278	8.3
974	-0.854170	151.759163	0.008317	7.8
975	-0.154876	151.674523	0.003391	8.4
976	-0.924584	151.590009	0.007428	10.4
977	-1.356431	151.505620	0.009657	7.8
978	-0.877710	151.421357	0.005919	8.6
979	-1.352822	151.337218	0.009906	7.9
980	-0.729838	151.253204	0.007944	10.7
981	-0.965875	151.169314	0.006038	9.7
982	-0.583222	151.085549	0.008509	8.2
983	-0.817996	151.001907	0.006140	7.8
984	-0.760963	150.918388	0.005210	7.7
985	-0.711287	150.834992	0.006417	9.3
986	-0.609671	150.751719	0.005734	8.1
987	-1.134161	150.668569	0.006455	7.7
988	-0.906760	150.585541	0.008128	7.8
989	-0.663512	150.502634	0.004716	7.7
990	-0.176792	150.419849	0.004605	10.8
991	-0.788449	150.337186	0.005364	7.9
992	-0.850420	150.254644	0.007114	8.8
993	-0.973873	150.172222	0.007721	8.3
994	-0.221094	150.089921	0.005207	9.5
995	-0.370704	150.007740	0.003061	11.2
996	-1.013380	149.925679	0.005672	10.5
997	-1.186240	149.843737	0.008123	9.0
998	-1.236600	149.761915	0.008066	7.9
999	-0.696256	149.680212	0.006305	11.1
1000	-0.542379	149.598627	0.008712	7.6
1001	-0.986263	149.517161	0.009206	8.4
1002	-0.286674	149.435814	0.005068	7.7
1003	-0.893049	149.354584	0.006168	10.1
1004	-1.010812	149.273472	0.006774	8.6
1005	-0.873702	149.192477	0.005343	6.8
1006	-0.399407	149.111599	0.005125	7.6
1007	-0.185325	149.030838	0.004979	8.5
1008	-0.089566	148.950194	0.005725	10.3
1009	-0.363184	148.869666	0.004185	7.0
1010	-0.788220	148.789253	0.008613	7.7
1011	-1.046761	148.708957	0.009627	7.7
1012	-0.546069	148.628776	0.006240	7.1
1013	-1.175411	148.548710	0.009902	12.6
1014	-1.335455	148.468759	0.008000	12.6
1015	-0.707260	148.388923	0.005477	12.9
1016	-0.932080	148.309201	0.009781	20.3
1017	-1.142485	148.229594	0.007052	13.3
1018	-0.732626	148.150100	0.005830	8.4
1019	-1.267553	148.070719	0.007113	8.0
1020	-1.194403	147.991452	0.007309	9.9
1021	-0.474821	147.912298	0.005688	7.8
1022	-0.553292	147.833257	0.005535	7.9
1023	-1.060256	147.754329	0.006335	8.8
1024	-0.060625	147.675512	0.002253	8.0
1025	-0.822493	147.596808	0.006483	9.9
1026	-0.000084	147.518216	0.000175	6.4
1027	-0.660365	147.439735	0.010482	8.1
1028	-1.165575	147.361365	0.007195	7.8
1029	-0.057127	147.283106	0.002355	8.3
1030	-0.000000	147.204958	0.000000	10.4
1031	-1.074289	147.126920	0.007395	8.5
1032	-0.984680	147.048993	0.006361	8.0
1033	-0.792946	146.971175	0.008355	7.7
1034	-1.177236	146.893468	0.007255	8.1
1035	-1.126427	146.815869	0.007669	10.3
1036	-1.196800	146.738380	0.010215	7.9
1037	-0.677717	146.661000	0.008390	7.4
1038	-1.109147	146.583729	0.005722	8.3
1039	-0.653434	146.506566	0.005773	7.9
1040	-0.522223	146.429511	0.006308	10.6
1041	-1.143449	146.352565	0.009753	7.7
1042	-1.046378	146.275726	0.007834	8.2
1043	-1.038320	146.198994	0.007267	7.3
1044	-0.925475	146.122370	0.008801	7.9
1045	-1.047691	146.045853	0.007348	10.2
1046	-0.652422	145.969442	0.006742	8.0
1047	-0.930092	145.893139	0.005741	7.6
1048	-1.140303	145.816941	0.006810	8.2
1049	-0.460351	145.740849	0.006336	7.7
1050	-1.024336	145.664863	0.005154	10.4
1051	-0.766424	145.588983	0.005461	7.7
1052	-1.224270	145.513208	0.006683	7.8
1053	-0.927908	145.437538	0.007898	7.9
1054	-0.222322	145.361973	0.004390	7.8
1055	-1.230376	145.286513	0.011099	10.4
1056	-0.841915	145.211157	0.005536	7.8
1057	-0.858497	145.135905	0.009617	8.6
1058	-0.581185	145.060757	0.005330	6.9
1059	-0.739671	144.985712	0.005686	8.2
1060	-0.865258	144.910771	0.005849	10.5
1061	-0.583511	144.835934	0.005682	7.7
1062	-0.311791	144.761199	0.003037	7.9
1063	-0.646512	144.686567	0.006225	8.0
1064	-1.043366	144.612037	0.006730	7.8
1065	-0.000000	144.537610	0.000000	9.8
1066	-1.024968	144.463285	0.008242	7.8
1067	-0.966248	144.389062	0.005212	7.7
1068	-1.025780	144.314940	0.007461	7.8
1069	-0.776962	144.240920	0.008216	7.6
1070	-1.138570	144.167001	0.006048	10.5
1071	-0.954090	144.093182	0.005270	7.7
1072	-1.190576	144.019465	0.010372	8.0
1073	-1.117908	143.945848	0.004953	8.0
1074	-0.380657	143.872331	0.005209	7.8
1075	-1.200553	143.798914	0.007432	10.8
1076	-0.968203	143.725597	0.010430	7.7
1077	-0.855362	143.652380	0.006450	8.1
1078	-1.072876	143.579262	0.008500	6.9
1079	-0.826919	143.506243	0.007023	7.5
1080	-1.044615	143.433323	0.006584	10.4
1081	-0.539820	143.360502	0.004808	8.6
1082	-1.069238	143.287780	0.005447	7.8
1083	-0.965981	143.215155	0.009624	7.6
1084	-0.795996	143.142629	0.007466	7.8
1085	-0.523834	143.070201	0.005242	10.6
1086	-1.046316	142.997870	0.008590	7.7
1087	-1.016537	142.925637	0.005050	7.8
1088	-1.159489	142.853501	0.007640	8.6
1089	-0.817245	142.781462	0.008629	8.7
1090	-1.120187	142.709519	0.006956	10.4
1091	-0.963418	142.637674	0.005733	8.3
1092	-0.846713	142.565924	0.008638	8.5
1093	-0.461122	142.494271	0.004629	7.6
1094	-1.101226	142.422714	0.004941	7.8
1095	-0.934006	142.351252	0.007900	10.4
1096	-0.507890	142.279886	0.006665	7.7
1097	-1.149336	142.208616	0.006993	7.9
1098	-1.092163	142.137440	0.005927	8.7
1099	-0.816598	142.066360	0.008593	7.9
1100	-1.303280	141.995374	0.009549	10.2
1101	-0.830788	141.924483	0.004287	7.8
1102	-1.201224	141.853685	0.007123	7.8
1103	-0.472286	141.782983	0.005030	8.8
1104	-0.996911	141.712373	0.005695	7.7
1105	-1.089333	141.641858	0.006348	10.5
1106	-0.495085	141.571436	0.004858	7.9
1107	-0.831935	141.501108	0.005541	7.8
1108	-0.338913	141.430872	0.005558	7.8
1109	-0.810260	141.360730	0.008487	7.7
1110	-0.456089	141.290680	0.004859	10.5
1111	-1.082104	141.220722	0.006223	8.0
1112	-1.015265	141.150857	0.008684	7.9
1113	-0.729778	141.081084	0.005912	7.8
1114	-1.139667	141.011403	0.010592	7.8
1115	-0.822179	140.941813	0.006950	10.7
1116	-0.639755	140.872315	0.005212	9.0
1117	-1.122973	140.802909	0.005641	7.9
1118	-1.203018	140.733593	0.009016	9.5
1119	-0.473314	140.664369	0.004656	7.9
1120	-0.830763	140.595235	0.007461	10.3
1121	-0.272604	140.526192	0.003693	8.8
1122	-1.072866	140.457239	0.006616	7.9
1123	-0.186023	140.388376	0.004723	7.9
1124	-1.004201	140.319603	0.009477	10.3
1125	-0.259154	140.250920	0.005544	7.6
1126	-1.136344	140.182326	0.007791	9.2
1127	-1.241372	140.113822	0.007658	7.6
1128	-0.443878	140.045407	0.007114	7.7
1129	-0.768874	139.977081	0.006411	10.5
1130	-0.373984	139.908844	0.003292	7.8
1131	-0.606389	139.840696	0.004055	7.7
1132	-1.125824	139.772635	0.006187	7.7
1133	-0.467211	139.704664	0.007390	6.9
1134	-0.936151	139.636780	0.008617	10.6
1135	-0.976944	139.568984	0.007933	7.8
1136	-0.831180	139.501276	0.005460	7.9
1137	-0.902455	139.433655	0.010705	8.7
1138	-1.172184	139.366122	0.007740	7.6
1139	-0.718872	139.298676	0.006311	10.3
1140	-0.769242	139.231317	0.009640	7.9
1141	-1.087861	139.164045	0.005865	11.2
1142	-1.112856	139.096859	0.009803	8.3
1143	-1.128185	139.029760	0.007139	8.1
1144	-1.007651	138.962747	0.005086	9.7
1145	-0.808186	138.895820	0.007121	7.8
1146	-1.129379	138.828978	0.007886	7.7
1147	-1.103603	138.762223	0.006356	9.5
1148	-0.813594	138.695553	0.005269	10.8
1149	-0.310808	138.628969	0.004030	8.5
1150	-1.098127	138.562469	0.007576	7.8
1151	-0.458166	138.496055	0.006677	9.2
1152	-1.017124	138.429725	0.009419	8.7
1153	-0.797131	138.363481	0.005305	9.9
1154	-0.079641	138.297320	0.002003	7.9
1155	-0.589593	138.231244	0.005696	8.5
1156	-0.629480	138.165252	0.004974	7.7
1157	-0.901629	138.099344	0.009203	10.6
1158	-0.754103	138.033520	0.006286	8.0
1159	-1.076949	137.967779	0.005242	7.7
1160	-0.707675	137.902122	0.004048	8.4
1161	-1.023199	137.836548	0.005673	7.7
1162	-0.254553	137.771057	0.005854	7.7
1163	-0.942082	137.705649	0.008277	9.1
1164	-1.198993	137.640324	0.007611	8.0
1165	-0.890060	137.575081	0.007590	8.6
1166	-1.024210	137.509921	0.005954	10.9
1167	-1.311833	137.444842	0.008693	12.3
1168	-1.077565	137.379846	0.006432	9.9
1169	-1.081558	137.314932	0.007125	12.5
1170	-1.169828	137.250100	0.007969	15.0
1171	-0.851265	137.185349	0.005358	14.7
1172	-1.128115	137.120680	0.010421	13.9
1173	-1.261586	137.056092	0.011256	14.2
1174	-0.745247	136.991585	0.005715	9.0
1175	-0.192130	136.927158	0.002038	10.1
1176	-1.168676	136.862813	0.007743	8.9
1177	-0.505466	136.798548	0.004300	9.7
1178	-1.172743	136.734363	0.006463	10.0
1179	-0.698676	136.670259	0.005614	11.3
1180	-1.147216	136.606235	0.006170	9.9
1181	-0.850885	136.542291	0.009178	11.0
1182	-0.931213	136.478426	0.006903	12.9
1183	-1.041310	136.414641	0.006450	11.2
1184	-0.962798	136.350936	0.006268	15.9
1185	-0.889542	136.287310	0.005177	12.8
1186	-1.067004	136.223763	0.007003	12.8
1187	-0.856805	136.160295	0.004719	12.7
1188	-1.106712	136.096905	0.007496	8.3
1189	-0.882615	136.033594	0.006641	8.6
1190	-0.927350	135.970362	0.007964	8.6
1191	-1.019633	135.907208	0.006239	8.2
1192	-0.538107	135.844133	0.005580	11.2
1193	-1.186254	135.781135	0.005692	9.4
1194	-0.408306	135.718215	0.005163	9.4
1195	-1.027300	135.655373	0.007300	8.5
1196	-1.232154	135.592608	0.008101	8.4
1197	-0.955230	135.529921	0.005905	8.2
1198	-0.950958	135.467311	0.006071	8.1
1199	-1.064026	135.404778	0.006936	8.2
1200	-0.224657	135.342322	0.005927	7.9
1201	-0.773137	135.279942	0.005790	7.7
1202	-0.176953	135.217640	0.004433	7.7
1203	-0.851385	135.155413	0.009310	7.7
1204	-0.718088	135.093263	0.006261	7.6
1205	-0.440152	135.031190	0.005398	7.7
1206	-1.304311	134.969192	0.008077	7.6
1207	-0.357670	134.907270	0.004438	7.7
1208	-0.911746	134.845424	0.005432	7.7
1209	-0.514678	134.783653	0.005056	7.8
1210	-0.017359	134.721958	0.002052	7.4
1211	-0.105619	134.660338	0.003554	7.7
1212	-1.340178	134.598793	0.008197	7.6
1213	-0.807042	134.537323	0.005024	7.9
1214	-1.146814	134.475927	0.006355	7.9
1215	-1.040029	134.414607	0.009002	7.7
1216	-1.180412	134.353361	0.007959	7.7
1217	-0.808503	134.292189	0.004227	7.7
1218	-1.090957	134.231092	0.006534	7.6
1219	-0.830230	134.170068	0.005234	7.6
1220	-0.259374	134.109119	0.005250	7.7
1221	-1.185883	134.048243	0.008562	7.6
1222	-0.367186	133.987441	0.004812	7.7
1223	-0.882804	133.926713	0.006278	8.6
1224	-1.212727	133.866057	0.008929	7.7
1225	-0.941515	133.805475	0.005693	7.6
1226	-0.301270	133.744966	0.002870	8.6
1227	-1.161150	133.684530	0.006131	8.0
1228	-0.206195	133.624167	0.002668	8.4
1229	-0.758339	133.563877	0.006242	7.9
1230	-0.979658	133.503658	0.006255	7.7
1231	-0.929826	133.443513	0.011095	7.8
1232	-0.608806	133.383439	0.004029	7.6
1233	-1.261496	133.323437	0.008343	7.8
1234	-0.894252	133.263508	0.007754	7.7
1235	-0.423192	133.203650	0.003410	7.8
1236	-1.015159	133.143864	0.008294	8.1
1237	-0.767700	133.084149	0.007520	7.7
1238	-0.176993	133.024506	0.003370	8.6
1239	-0.517921	132.964934	0.006181	7.6
1240	-0.997151	132.905433	0.006356	7.7
1241	-0.687731	132.846003	0.006449	7.9
1242	-0.210374	132.786643	0.003481	8.2
1243	-0.402737	132.727355	0.004406	7.7
1244	-0.914065	132.668137	0.007642	7.6
1245	-0.300090	132.608989	0.003806	8.0
1246	-0.666934	132.549912	0.007082	7.7
1247	-1.029204	132.490904	0.009073	7.6
1248	-0.601290	132.431967	0.003675	7.7
1249	-0.371859	132.373100	0.005016	7.7
1250	-1.048359	132.314302	0.007378	7.6
1251	-0.856830	132.255574	0.008485	7.6
1252	-0.914509	132.196916	0.008102	7.6
1253	-0.664099	132.138326	0.006018	7.7
1254	-1.035020	132.079806	0.004121	7.6
1255	-0.231130	132.021355	0.003607	7.7
1256	-1.196835	131.962973	0.007732	7.7
1257	-0.564567	131.904660	0.006430	7.7
1258	-0.126021	131.846415	0.002777	7.7
1259	-1.001748	131.788239	0.006299	8.6
1260	-0.794839	131.730131	0.008080	7.7
1261	-1.111495	131.672092	0.007768	7.9
1262	-0.603814	131.614121	0.005765	7.7
1263	-0.463568	131.556217	0.008022	8.4
1264	-1.037409	131.498382	0.008108	7.6
1265	-0.962285	131.440614	0.006970	7.6
1266	-0.421812	131.382914	0.006312	7.6
1267	-0.650620	131.325282	0.004813	7.7
1268	-0.868319	131.267717	0.004725	7.7
1269	-1.087892	131.210219	0.008780	7.6
1270	-0.464377	131.152788	0.007181	7.6
1271	-0.359259	131.095424	0.003221	7.6
1272	-0.975933	131.038127	0.006613	7.6
1273	-0.780821	130.980897	0.004971	7.7
1274	-1.049257	130.923733	0.006833	7.5
1275	-1.070100	130.866636	0.007992	7.6
1276	-0.917114	130.809605	0.006023	6.9
1277	-1.182750	130.752641	0.007518	7.7
1278	-1.189621	130.695742	0.006064	7.6
1279	-1.261130	130.638910	0.009200	7.9
1280	-1.155908	130.582143	0.007549	7.8
1281	-1.125835	130.525442	0.007389	8.0
1282	-1.003568	130.468807	0.005190	7.6
1283	-1.045120	130.412237	0.007530	6.8
1284	-0.893313	130.355733	0.005506	7.7
1285	-0.300490	130.299294	0.006977	7.3
1286	-0.655605	130.242920	0.005668	7.7
1287	-0.647006	130.186611	0.005358	8.6
1288	-0.906584	130.130366	0.007936	7.7
1289	-0.283237	130.074187	0.004314	7.7
1290	-1.238522	130.018072	0.007440	7.7
1291	-0.552689	129.962022	0.006461	7.6
1292	-0.993333	129.906036	0.011108	8.9
1293	-0.241572	129.850114	0.007145	7.4
1294	-0.312919	129.794257	0.004660	7.8
1295	-1.261089	129.738463	0.007043	7.7
1296	-0.314783	129.682734	0.002809	7.7
1297	-0.782759	129.627068	0.007401	8.5
1298	-1.138683	129.571466	0.008318	8.1
1299	-0.233653	129.515927	0.005752	7.7
1300	-1.125671	129.460452	0.007366	7.7
1301	-0.507055	129.405040	0.004245	8.5
1302	-0.353474	129.349692	0.004002	7.9
1303	-0.747058	129.294406	0.005811	8.5
1304	-0.896992	129.239183	0.005320	8.4
1305	-0.732373	129.184024	0.005506	8.2
1306	-1.167647	129.128927	0.005311	8.0
1307	-0.418036	129.073892	0.005948	7.6
1308	-1.140819	129.018921	0.007048	9.9
1309	-0.040394	128.964011	0.002800	8.1
1310	-0.184084	128.909164	0.003839	8.0
1311	-0.760553	128.854379	0.005324	8.0
1312	-0.227913	128.799656	0.003657	8.5
1313	-0.902743	128.744995	0.008142	8.1
1314	-0.650392	128.690396	0.003916	7.7
1315	-0.159329	128.635858	0.003914	7.8
1316	-1.218356	128.581382	0.006335	8.5
1317	-1.081948	128.526968	0.008320	7.9
1318	-0.664712	128.472615	0.005762	8.8
1319	-1.053857	128.418323	0.009311	9.0
1320	-0.940556	128.364092	0.006432	7.5
1321	-1.273774	128.309922	0.007317	8.0
1322	-0.529277	128.255814	0.007609	8.8
1323	-0.457545	128.201766	0.005952	9.2
1324	-1.081175	128.147778	0.006995	8.2
1325	-0.784259	128.093852	0.003888	8.3
1326	-0.228446	128.039985	0.005160	8.2
1327	-0.798048	127.986180	0.006945	8.1
1328	-1.232256	127.932434	0.011975	8.2
1329	-0.338717	127.878749	0.003558	8.5
1330	-0.416975	127.825123	0.003276	8.2
1331	-0.296190	127.771558	0.005906	8.2
1332	-1.009193	127.718052	0.008659	8.1
1333	-1.246087	127.664606	0.008290	8.1
1334	-1.030582	127.611220	0.008885	8.2
1335	-1.367622	127.557893	0.009797	8.8
1336	-1.151555	127.504625	0.006868	8.0
1337	-1.008520	127.451417	0.008900	7.8
1338	-0.983844	127.398268	0.008863	7.9
1339	-0.848235	127.345178	0.006792	7.7
1340	-0.488852	127.292147	0.004757	7.2
1341	-0.553212	127.239175	0.006094	9.2
1342	-0.834679	127.186261	0.008559	8.0
1343	-1.022476	127.133407	0.006231	7.8
1344	-1.045215	127.080610	0.007478	8.1
1345	-0.953873	127.027872	0.005204	8.7
1346	-1.017188	126.975193	0.010657	8.2
1347	-1.063215	126.922572	0.005492	8.1
1348	-0.999741	126.870008	0.008262	8.1
1349	-1.128423	126.817503	0.007274	8.0
1350	-0.712798	126.765056	0.004000	7.9
1351	-0.492967	126.712667	0.003631	7.9
1352	-0.499246	126.660335	0.005139	8.0
1353	-0.489663	126.608061	0.004995	9.0
1354	-0.848187	126.555844	0.006715	8.4
1355	-1.038017	126.503685	0.009518	8.1
1356	-0.878222	126.451583	0.008443	8.1
1357	-1.193958	126.399538	0.007246	8.3
1358	-0.608807	126.347550	0.004061	8.1
1359	-1.160841	126.295619	0.007112	14.4
1360	-0.551834	126.243745	0.004665	12.5
1361	-1.226174	126.191928	0.008906	12.5
1362	-0.985870	126.140168	0.008732	12.6
1363	-0.796673	126.088464	0.006921	13.3
1364	-0.910187	126.036817	0.009746	13.9
1365	-0.865104	125.985226	0.004983	15.2
1366	-0.887728	125.933691	0.012024	13.0
1367	-0.384337	125.882212	0.005996	13.7
1368	-1.175898	125.830790	0.006523	12.8
1369	-0.737561	125.779423	0.006624	17.4
1370	-1.004312	125.728113	0.010062	13.5
1371	-0.621379	125.676858	0.008243	12.9
1372	-0.777816	125.625659	0.004899	13.1
1373	-0.610398	125.574515	0.005481	11.7
1374	-1.196843	125.523427	0.007515	10.0
1375	-1.130163	125.472394	0.005792	9.0
1376	-0.371321	125.421417	0.007823	8.0
1377	-0.891442	125.370495	0.009835	11.7
1378	-0.386083	125.319628	0.003372	12.0
1379	-0.923106	125.268815	0.009438	11.9
1380	-0.353230	125.218058	0.004516	9.8
1381	-1.046628	125.167356	0.005955	10.8
1382	-1.200151	125.116708	0.006375	12.0
1383	-1.144327	125.066115	0.009709	9.9
1384	-0.983554	125.015576	0.010242	13.8
1385	-0.980857	124.965092	0.005488	8.6
1386	-0.848077	124.914662	0.004577	8.4
1387	-0.826337	124.864287	0.008239	8.4
1388	-1.158013	124.813965	0.006852	8.6
1389	-0.734045	124.763698	0.007162	10.4
1390	-1.212148	124.713485	0.010480	10.3
1391	-0.930694	124.663325	0.007587	10.4
1392	-1.220452	124.613219	0.008065	8.0
1393	-0.851015	124.563167	0.007170	7.8
1394	-1.261571	124.513168	0.009143	7.7
1395	-0.536011	124.463223	0.004889	7.8
1396	-1.213560	124.413332	0.007410	7.7
1397	-0.402320	124.363493	0.004957	7.8
1398	-0.395073	124.313708	0.004030	7.8
1399	-1.074306	124.263976	0.008108	7.8
1400	-0.721421	124.214297	0.003788	11.1
1401	-0.766653	124.164671	0.006097	12.6
1402	-0.398763	124.115097	0.007075	14.6
1403	-0.826401	124.065577	0.008235	14.8
1404	-1.076250	124.016109	0.005915	11.3
1405	-0.143623	123.966693	0.005132	12.0
1406	-1.023499	123.917330	0.007639	12.1
1407	-0.939917	123.868020	0.004857	12.1
1408	-0.672638	123.818762	0.006553	12.1
1409	-0.353210	123.769556	0.003499	14.0
1410	-0.200792	123.720402	0.002325	12.8
1411	-0.370554	123.671300	0.007665	12.6
1412	-1.030221	123.622250	0.005667	13.5
1413	-0.725490	123.573252	0.005914	11.0
1414	-1.032470	123.524305	0.004808	12.6
1415	-0.873260	123.475411	0.005028	13.3
1416	-1.236963	123.426568	0.006937	12.4
1417	-0.746046	123.377776	0.007728	11.8
1418	-0.453065	123.329036	0.006005	12.0
1419	-0.000001	123.280347	0.000001	12.7
1420	-1.224450	123.231709	0.008352	10.2
1421	-0.897892	123.183122	0.007154	11.3
1422	-1.271507	123.134587	0.007335	12.0
1423	-1.237135	123.086102	0.007523	10.8
1424	-0.895199	123.037669	0.005681	7.9
1425	-0.942362	122.989286	0.009104	8.1
1426	-0.842818	122.940954	0.007341	7.7
1427	-0.387841	122.892672	0.007233	7.8
1428	-0.654138	122.844441	0.008455	11.4
1429	-1.141640	122.796261	0.007800	12.4
1430	-0.370558	122.748130	0.004639	13.4
1431	-0.901827	122.700050	0.007439	13.0
1432	-0.577837	122.652021	0.004843	12.5
1433	-1.037025	122.604041	0.009422	12.1
1434	-1.157302	122.556111	0.006909	11.8
1435	-1.263770	122.508232	0.008089	12.1
1436	-0.197906	122.460402	0.008176	12.3
1437	-0.735551	122.412622	0.006527	13.5
1438	-1.103851	122.364891	0.006024	12.2
1439	-1.022353	122.317210	0.010506	12.2
1440	-0.879387	122.269579	0.008569	12.6
1441	-1.120259	122.221997	0.005588	13.7
1442	-0.752540	122.174465	0.008457	9.0
1443	-1.132861	122.126981	0.009968	11.1
1444	-0.499659	122.079547	0.005196	9.8
1445	-1.200402	122.032162	0.008268	12.2
1446	-0.418910	121.984826	0.008839	10.0
1447	-0.864086	121.937539	0.007954	11.9
1448	-0.862695	121.890301	0.005802	11.8
1449	-1.080228	121.843112	0.005784	8.4
1450	-1.084591	121.795971	0.006424	8.2
1451	-0.539218	121.748879	0.005095	11.1
1452	-0.068768	121.701835	0.002061	12.9
1453	-0.847363	121.654840	0.004800	12.1
1454	-1.170647	121.607893	0.009128	10.7
1455	-0.473278	121.560994	0.003526	8.0
1456	-0.907728	121.514144	0.005173	8.0
1457	-1.233259	121.467342	0.006707	7.8
1458	-0.999694	121.420588	0.007258	7.0
1459	-0.960122	121.373882	0.006635	7.8
1460	-0.995075	121.327223	0.006295	7.6
1461	-0.757111	121.280613	0.006104	11.4
1462	-0.649732	121.234050	0.005921	13.0
1463	-1.119744	121.187535	0.005742	12.3
1464	-0.457017	121.141067	0.004037	10.6
1465	-0.666258	121.094647	0.004869	12.0
1466	-0.586741	121.048274	0.006888	11.3
1467	-0.660100	121.001949	0.006287	8.0
1468	-1.255936	120.955671	0.006372	10.2
1469	-0.883269	120.909440	0.008820	9.8
1470	-1.087545	120.863256	0.006398	10.6
1471	-0.886666	120.817119	0.008508	13.3
1472	-0.831195	120.771029	0.007815	10.5
1473	-0.686595	120.724986	0.006368	12.0
1474	-0.669128	120.678990	0.005332	15.2
1475	-1.170113	120.633040	0.007699	9.6
1476	-0.952197	120.587137	0.006640	10.3
1477	-1.044582	120.541281	0.008637	7.7
1478	-0.994949	120.495471	0.008604	12.3
1479	-0.913577	120.449707	0.007706	11.9
1480	-1.181780	120.403990	0.009480	12.5
1481	-0.975100	120.358319	0.008291	10.1
1482	-1.177277	120.312694	0.007265	9.1
1483	-0.903379	120.267115	0.004857	14.4
1484	-0.489365	120.221582	0.004326	9.6
1485	-0.856328	120.176096	0.008641	10.4
1486	-0.059905	120.130655	0.002141	10.3
1487	-0.126718	120.085260	0.003185	12.0
1488	-0.462526	120.039910	0.004680	14.0
1489	-1.087606	119.994606	0.009620	20.7
1490	-0.053870	119.949348	0.001053	18.0
1491	-1.158865	119.904135	0.010090	14.3
1492	-1.243083	119.858968	0.010715	13.9
1493	-0.915529	119.813846	0.008803	13.5
1494	-0.870327	119.768769	0.007873	13.1
1495	-1.167969	119.723738	0.006914	12.3
1496	-1.176325	119.678752	0.006938	13.3
1497	-1.211265	119.633810	0.006280	12.8
1498	-0.505728	119.588914	0.003204	12.7
1499	-0.956954	119.544062	0.005337	13.3
1500	-0.249377	119.499256	0.005927	11.3
1501	-0.960937	119.454494	0.008480	11.3
1502	-0.369968	119.409777	0.003794	13.8
1503	-1.040005	119.365104	0.005838	13.6
1504	-0.599657	119.320476	0.006450	8.7
1505	-1.236113	119.275893	0.006504	12.3
1506	-1.136172	119.231353	0.007136	12.2
1507	-0.524033	119.186859	0.004978	11.9
1508	-0.998769	119.142408	0.005444	12.4
1509	-0.692580	119.098002	0.005827	12.2
1510	-0.299249	119.053639	0.005624	13.6
1511	-0.939000	119.009321	0.008702	11.8
1512	-0.749598	118.965047	0.005279	13.0
1513	-0.700130	118.920816	0.003856	12.3
1514	-0.722650	118.876630	0.009109	10.9
1515	-0.147385	118.832487	0.006261	7.8
1516	-0.911911	118.788388	0.005445	7.7
1517	-0.784039	118.744332	0.010099	8.6
1518	-0.113677	118.700320	0.004641	7.7
1519	-1.068230	118.656352	0.005958	7.7
1520	-1.229701	118.612427	0.008649	7.8
1521	-0.924909	118.568545	0.007892	7.7
1522	-0.763976	118.524706	0.006237	8.0
1523	-0.987533	118.480911	0.009189	7.7
1524	-0.915334	118.437159	0.005967	7.7
1525	-1.085677	118.393450	0.008962	7.7
1526	-1.058644	118.349784	0.006524	7.7
1527	-1.187511	118.306160	0.007424	7.6
1528	-0.993121	118.262580	0.008809	7.7
1529	-0.815592	118.219042	0.004170	7.7
1530	-1.091369	118.175548	0.008059	7.7
1531	-0.694052	118.132095	0.004686	7.7
1532	-0.839929	118.088686	0.007164	7.7
1533	-0.988282	118.045319	0.005374	7.7
1534	-1.194295	118.001994	0.007910	7.7
1535	-0.842379	117.958712	0.006197	7.6
1536	-0.919457	117.915472	0.008353	7.6
1537	-0.836530	117.872274	0.007492	7.7
1538	-0.550523	117.829118	0.004340	8.4
1539	-0.779503	117.786005	0.004804	7.7
1540	-0.540612	117.742933	0.005843	7.8
1541	-0.938197	117.699904	0.008144	7.7
1542	-0.322989	117.656916	0.006634	9.0
1543	-0.895568	117.613971	0.008550	7.8
1544	-1.323082	117.571067	0.008312	7.6
1545	-1.144396	117.528205	0.008167	8.5
1546	-0.418152	117.485384	0.004279	7.8
1547	-1.115496	117.442605	0.005990	7.6
1548	-1.198018	117.399867	0.010088	8.9
1549	-0.871416	117.357171	0.005842	7.7
1550	-0.747595	117.314517	0.006188	7.7
1551	-0.311132	117.271903	0.004245	7.8
1552	-1.049582	117.229331	0.009500	7.7
1553	-0.623155	117.186800	0.004701	7.6
1554	-0.803221	117.144311	0.008570	7.6
1555	-0.770335	117.101862	0.006972	9.4
1556	-0.918677	117.059454	0.008723	14.7
1557	-0.908400	117.017087	0.008382	14.9
1558	-1.104214	116.974762	0.006481	9.6
1559	-0.565857	116.932476	0.006315	7.6
1560	-0.645187	116.890232	0.005902	9.7
1561	-1.111192	116.848028	0.005548	8.9
1562	-0.438745	116.805865	0.005648	8.0
1563	-0.849313	116.763743	0.007948	9.6
1564	-0.942294	116.721661	0.005785	9.8
1565	-1.058189	116.679619	0.006459	7.7
1566	-0.751889	116.637618	0.004752	8.3
1567	-1.076157	116.595657	0.005533	7.7
1568	-1.075425	116.553736	0.007846	7.7
1569	-1.290681	116.511855	0.009727	7.9
1570	-1.129540	116.470015	0.006188	7.6
1571	-0.503045	116.428214	0.004531	7.8
1572	-0.881020	116.386454	0.008022	7.9
1573	-1.197615	116.344733	0.006784	7.8
1574	-1.182766	116.303052	0.005980	7.8
1575	-0.113285	116.261412	0.002359	7.7
1576	-1.177966	116.219810	0.007026	7.6
1577	-0.921834	116.178249	0.004483	7.6
1578	-0.309781	116.136727	0.004627	7.7
1579	-0.610884	116.095245	0.004381	7.7
1580	-1.122952	116.053802	0.006503	7.9
1581	-0.537961	116.012398	0.003656	7.7
1582	-1.247891	115.971034	0.008078	7.6
1583	-1.275179	115.929710	0.008034	7.7
1584	-0.951067	115.888424	0.005819	7.6
1585	-0.434487	115.847178	0.004079	7.6
1586	-0.794117	115.805970	0.006178	9.8
1587	-0.419050	115.764802	0.005403	8.5
1588	-1.108859	115.723673	0.008934	7.9
1589	-0.843996	115.682583	0.007364	7.7
1590	-0.626108	115.641532	0.004447	8.7
1591	-1.018085	115.600519	0.005254	7.5
1592	-0.950518	115.559546	0.007856	7.7
1593	-1.092250	115.518610	0.006497	7.7
1594	-1.162172	115.477714	0.009473	7.7
1595	-1.002341	115.436856	0.008629	8.5
1596	-0.890240	115.396037	0.008856	7.8
1597	-0.505735	115.355256	0.004182	8.1
1598	-0.317233	115.314514	0.004170	7.4
1599	-1.168879	115.273810	0.007798	8.5
1600	-1.166494	115.233144	0.007864	7.8
1601	-0.929003	115.192517	0.007221	7.6
1602	-1.236132	115.151927	0.008059	7.6
1603	-0.182455	115.111376	0.006284	6.5
1604	-0.473253	115.070863	0.004040	6.9
1605	-0.113373	115.030388	0.003630	8.6
1606	-0.919320	114.989951	0.006405	8.0
1607	-1.213630	114.949551	0.006830	7.7
1608	-0.934187	114.909190	0.005567	7.4
1609	-0.778821	114.868866	0.006929	7.8
1610	-0.653894	114.828580	0.006031	8.1
1611	-1.058423	114.788332	0.010211	7.7
1612	-1.171410	114.748121	0.007507	7.7
1613	-0.037652	114.707948	0.001000	8.6
1614	-1.254633	114.667812	0.008673	7.6
1615	-1.163849	114.627714	0.005642	7.8
1616	-0.706401	114.587653	0.009562	7.7
1617	-0.969845	114.547629	0.008681	7.9
1618	-1.193993	114.507643	0.011849	12.4
1619	-1.101458	114.467693	0.010055	12.7
1620	-0.989978	114.427781	0.006921	11.5
1621	-0.636194	114.387907	0.005743	12.7
1622	-1.170601	114.348069	0.009296	12.2
1623	-0.630985	114.308268	0.005948	12.5
1624	-1.083026	114.268504	0.009176	10.0
1625	-1.323999	114.228777	0.011251	10.3
1626	-0.120490	114.189086	0.003710	9.3
1627	-1.149701	114.149433	0.007287	9.1
1628	-1.016622	114.109816	0.010736	13.2
1629	-1.272253	114.070235	0.006567	11.1
1630	-0.892760	114.030692	0.008075	8.0
1631	-0.941324	113.991185	0.009003	8.9
1632	-1.097233	113.951714	0.006373	12.0
1633	-0.890906	113.912280	0.005462	10.7
1634	-1.015665	113.872882	0.007582	9.1
1635	-0.378981	113.833521	0.003975	10.8
1636	-1.043306	113.794195	0.008242	7.9
1637	-1.277824	113.754906	0.007873	13.1
1638	-0.978707	113.715653	0.007530	10.5
1639	-0.237725	113.676437	0.002881	11.6
1640	-1.237085	113.637256	0.006590	11.2
1641	-1.243407	113.598111	0.009371	10.6
1642	-1.175893	113.559002	0.006198	11.4
1643	-0.906422	113.519929	0.008408	10.8
1644	-1.005163	113.480892	0.008135	10.3
1645	-0.906100	113.441891	0.005581	10.7
1646	-1.109031	113.402925	0.006622	10.6
1647	-0.929395	113.363995	0.005378	7.7
1648	-0.396800	113.325101	0.003852	12.0
1649	-0.860735	113.286242	0.008099	12.7
1650	-1.085351	113.247419	0.006103	9.6
1651	-0.890001	113.208631	0.003911	9.5
1652	-0.299281	113.169879	0.004026	11.1
1653	-0.144705	113.131162	0.003282	11.1
1654	-1.059191	113.092480	0.007609	10.0
1655	-1.204453	113.053833	0.008843	12.4
1656	-1.120203	113.015222	0.008373	10.2
1657	-0.286990	112.976646	0.004242	10.3
1658	-1.111967	112.938105	0.005723	10.0
1659	-0.819659	112.899599	0.006868	11.7
1660	-1.130118	112.861128	0.009315	7.8
1661	-1.045539	112.822692	0.007277	6.9
1662	-1.212101	112.784291	0.007373	8.7
1663	-0.791655	112.745924	0.004299	7.8
1664	-1.233678	112.707593	0.007760	8.4
1665	-1.303994	112.669296	0.007225	8.7
1666	-1.085323	112.631034	0.007904	8.2
1667	-1.258893	112.592806	0.006694	8.0
1668	-0.618528	112.554613	0.004855	8.1
1669	-0.681712	112.516455	0.003975	8.6
1670	-1.247002	112.478331	0.008292	7.9
1671	-1.140839	112.440241	0.008953	7.2
1672	-1.196573	112.402186	0.007474	12.2
1673	-1.086023	112.364165	0.005501	14.7
1674	-0.866886	112.326179	0.005311	12.3
1675	-0.781093	112.288227	0.004023	11.8
1676	-0.776190	112.250309	0.007588	12.9
1677	-0.893502	112.212425	0.007077	12.3
1678	-0.547257	112.174575	0.005776	12.6
1679	-1.177145	112.136759	0.006274	8.2
1680	-0.777054	112.098977	0.006012	10.8
1681	-1.121437	112.061229	0.006422	13.8
1682	-1.038925	112.023515	0.005397	14.3
1683	-1.216357	111.985834	0.007264	17.4
1684	-1.032930	111.948188	0.010882	8.5
1685	-0.214693	111.910575	0.004302	12.0
1686	-1.055857	111.872996	0.007664	10.6
1687	-0.794278	111.835450	0.006131	10.7
1688	-1.155238	111.797939	0.005706	11.5
1689	-0.849423	111.760460	0.005765	19.0
1690	-0.581447	111.723015	0.007016	15.2
1691	-1.299078	111.685604	0.010272	10.4
1692	-0.821017	111.648226	0.008498	7.8
1693	-0.613809	111.610881	0.003692	7.9
1694	-1.154212	111.573570	0.009015	7.7
1695	-1.028020	111.536292	0.010252	8.1
1696	-0.942151	111.499047	0.008906	7.9
1697	-0.000000	111.461835	0.000000	8.1
1698	-1.067568	111.424656	0.006449	11.3
1699	-0.879446	111.387510	0.005363	11.8
1700	-1.176463	111.350398	0.008351	13.5
1701	-1.227904	111.313318	0.006983	12.8
1702	-0.526978	111.276271	0.005771	12.7
1703	-0.915064	111.239257	0.005322	13.1
1704	-0.601460	111.202276	0.006300	10.9
1705	-0.840609	111.165328	0.004900	25.2
1706	-1.178186	111.128412	0.009082	15.7
1707	-1.136315	111.091529	0.006424	17.1
1708	-0.410303	111.054679	0.005695	12.5
1709	-1.163718	111.017861	0.005218	12.9
1710	-0.813800	110.981076	0.006959	11.9
1711	-0.887726	110.944323	0.005513	12.1
1712	-0.887245	110.907603	0.007894	12.4
1713	-0.761933	110.870915	0.005124	13.5
1714	-0.774148	110.834259	0.006170	12.4
1715	-0.817842	110.797636	0.007841	13.3
1716	-1.242524	110.761045	0.006462	7.9
1717	-0.307836	110.724486	0.004965	7.7
1718	-1.223397	110.687959	0.007212	7.7
1719	-1.371982	110.651465	0.010674	7.7
1720	-0.143699	110.615002	0.004301	7.5
1721	-0.257997	110.578572	0.003697	7.9
1722	-1.088224	110.542173	0.005442	7.7
1723	-0.830102	110.505807	0.006969	7.7
1724	-1.104159	110.469472	0.006184	7.6
1725	-0.785362	110.433169	0.006655	8.6
1726	-0.356644	110.396898	0.004148	8.6
1727	-1.091333	110.360659	0.006603	9.0
1728	-0.977620	110.324451	0.005630	7.7
1729	-1.078109	110.288276	0.006626	7.7
1730	-1.221804	110.252131	0.007109	7.6
1731	-0.240578	110.216019	0.005896	6.8
1732	-0.601875	110.179937	0.007177	7.7
1733	-1.223912	110.143888	0.008937	7.7
1734	-0.580761	110.107869	0.005036	7.7
1735	-0.326272	110.071882	0.003849	7.5
1736	-1.181738	110.035927	0.005612	7.7
1737	-1.068333	110.000003	0.008168	8.7
1738	-0.695677	109.964110	0.004764	7.6
1739	-1.012659	109.928248	0.007517	7.7
1740	-0.108044	109.892417	0.001896	7.7
1741	-1.144556	109.856618	0.007690	7.7
1742	-1.097237	109.820850	0.009885	7.6
1743	-0.325622	109.785112	0.005842	7.0
1744	-1.212123	109.749406	0.007176	7.6
1745	-0.229242	109.713730	0.002565	7.8
1746	-0.116896	109.678086	0.003257	6.8
1747	-0.608200	109.642472	0.005905	7.7
1748	-0.650181	109.606890	0.005132	7.7
1749	-0.461920	109.571337	0.006271	7.6
1750	-0.574067	109.535816	0.005945	7.8
1751	-0.943491	109.500326	0.006563	7.7
1752	-0.738855	109.464866	0.009209	7.6
1753	-1.003283	109.429436	0.007541	7.7
1754	-0.652706	109.394038	0.007564	7.7
1755	-0.164193	109.358669	0.003834	7.6
1756	-0.809331	109.323331	0.004391	8.0
1757	-0.390636	109.288024	0.005101	7.6
1758	-0.931849	109.252747	0.007744	7.6
1759	-0.377518	109.217501	0.005695	7.6
1760	-0.183603	109.182284	0.003858	7.7
1761	-0.947593	109.147098	0.005627	7.9
1762	-0.546431	109.111942	0.005035	6.9
1763	-0.177926	109.076817	0.004062	8.5
1764	-0.709618	109.041721	0.006632	7.8
1765	-1.074407	109.006656	0.005381	7.7
1766	-1.330797	108.971620	0.008827	8.6
1767	-0.870811	108.936615	0.008321	7.8
1768	-0.886147	108.901640	0.007466	7.6
1769	-1.277555	108.866694	0.008062	7.8
1770	-1.187725	108.831779	0.007344	8.8
1771	-1.113787	108.796893	0.005897	8.4
1772	-0.585601	108.762037	0.006490	7.7
1773	-1.397206	108.727211	0.009385	7.8
1774	-1.208982	108.692415	0.006474	7.8
1775	-0.827149	108.657648	0.009242	8.6
1776	-1.007407	108.622911	0.006351	8.4
1777	-0.904978	108.588203	0.006483	7.7
1778	-1.253988	108.553525	0.008904	8.1
1779	-1.221405	108.518877	0.007641	7.6
1780	-0.877734	108.484258	0.005455	7.7
1781	-0.908050	108.449668	0.006019	7.7
1782	-1.012545	108.415108	0.010474	8.2
1783	-0.751907	108.380578	0.004203	7.6
1784	-0.031214	108.346076	0.001007	7.7
1785	-0.793204	108.311604	0.004077	7.7
1786	-1.130286	108.277161	0.005759	8.5
1787	-0.008600	108.242747	0.000000	8.0
1788	-1.197886	108.208363	0.007042	7.6
1789	-1.247051	108.174007	0.007089	7.8
1790	-0.275097	108.139681	0.004800	7.6
1791	-1.287395	108.105383	0.008030	8.5
1792	-0.975840	108.071115	0.006864	8.5
1793	-1.117398	108.036875	0.009559	9.9
1794	-0.277998	108.002665	0.004072	7.3
1795	-1.009756	107.968483	0.005509	7.9
1796	-0.548773	107.934330	0.007503	7.7
1797	-1.092802	107.900206	0.006613	7.8
1798	-0.161544	107.866111	0.002963	7.9
1799	-1.167118	107.832044	0.007729	7.6
1800	-0.891570	107.798007	0.008907	7.7
1801	-1.027772	107.763997	0.006721	7.9
1802	-0.439372	107.730017	0.006712	7.7
1803	-0.956758	107.696065	0.006130	7.7
1804	-1.223391	107.662141	0.006264	8.6
1805	-0.500752	107.628246	0.006743	7.6
1806	-1.133229	107.594379	0.009223	7.6
1807	-1.087175	107.560541	0.007313	7.7
1808	-0.790442	107.526731	0.005556	7.8
1809	-0.548500	107.492949	0.003914	7.5
1810	-0.835739	107.459196	0.006620	8.5
1811	-1.003845	107.425471	0.005474	7.6
1812	-0.819353	107.391774	0.007222	7.7
1813	-1.244545	107.358106	0.007961	7.6
1814	-0.764877	107.324465	0.006448	7.7
1815	-0.922071	107.290853	0.008052	7.8
1816	-1.157883	107.257268	0.006442	7.7
1817	-0.959887	107.223712	0.006117	7.7
1818	-1.175488	107.190184	0.010306	7.7
1819	-1.067059	107.156683	0.008254	8.7
1820	-0.696399	107.123211	0.005482	7.7
1821	-0.446969	107.089766	0.003415	8.8
1822	-1.300127	107.056349	0.012196	7.6
1823	-0.382103	107.022960	0.005269	7.7
1824	-1.242460	106.989599	0.006887	7.6
1825	-1.237737	106.956265	0.007205	7.6
1826	-0.973685	106.922960	0.006555	8.5
1827	-0.941399	106.889681	0.007163	7.8
1828	-1.058142	106.856431	0.010229	7.6
1829	-0.083663	106.823208	0.002788	8.5
1830	-0.910184	106.790012	0.008240	7.6
1831	-1.048500	106.756844	0.009543	7.6
1832	-1.142742	106.723703	0.007766	7.6
1833	-0.941971	106.690590	0.007295	7.9
1834	-0.478719	106.657505	0.004637	7.0
1835	-1.071833	106.624446	0.005195	7.6
1836	-0.958759	106.591415	0.007895	8.6
1837	-1.110862	106.558411	0.005825	7.6
1838	-0.679821	106.525435	0.006230	7.6
1839	-1.215872	106.492485	0.007798	7.6
1840	-1.038983	106.459563	0.008901	7.7
1841	-1.232501	106.426668	0.009021	7.8
1842	-1.147949	106.393800	0.009900	8.4
1843	-1.077627	106.360959	0.007077	9.5
1844	-1.311763	106.328145	0.007727	7.5
1845	-0.886385	106.295358	0.007836	7.7
1846	-1.189216	106.262598	0.007101	7.8
1847	-1.076418	106.229865	0.008467	7.8
1848	-0.932234	106.197158	0.006688	8.6
1849	-0.960674	106.164479	0.006284	9.0
1850	-1.242921	106.131826	0.007796	8.8
1851	-0.238882	106.099201	0.003264	7.7
1852	-0.141285	106.066602	0.002810	8.0
1853	-1.046280	106.034029	0.007023	7.7
1854	-0.991633	106.001483	0.009147	7.6
1855	-0.710425	105.968964	0.006587	7.5
1856	-1.219303	105.936472	0.008019	7.7
1857	-0.004719	105.904006	0.000399	7.7
1858	-1.306555	105.871566	0.010148	7.9
1859	-1.148582	105.839153	0.010657	7.8
1860	-0.441935	105.806767	0.005352	7.7
1861	-1.166832	105.774407	0.007457	8.6
1862	-0.325448	105.742073	0.004307	7.6
1863	-0.744877	105.709766	0.005253	7.6
1864	-0.886560	105.677485	0.008332	7.5
1865	-0.800401	105.645230	0.006272	7.8
1866	-1.198588	105.613001	0.007907	7.7
1867	-1.153661	105.580799	0.008722	7.7
1868	-0.911022	105.548623	0.009204	7.6
1869	-1.186398	105.516473	0.008863	7.7
1870	-0.878867	105.484349	0.007922	7.7
1871	-1.137235	105.452251	0.010091	7.7
1872	-0.953561	105.420179	0.007275	9.0
1873	-1.088461	105.388133	0.007141	7.1
1874	-0.359189	105.356113	0.003920	7.8
1875	-0.681483	105.324119	0.005361	7.8
1876	-0.597428	105.292151	0.006932	7.9
1877	-0.693458	105.260209	0.007163	7.8
1878	-0.658704	105.228293	0.005919	6.5
1879	-1.059795	105.196402	0.005689	7.7
1880	-1.143536	105.164537	0.007839	7.6
1881	-0.970513	105.132698	0.005338	7.8
1882	-1.110773	105.100885	0.006148	7.6
1883	-1.072304	105.069097	0.005616	7.7
1884	-0.665008	105.037335	0.006343	7.7
1885	-1.241790	105.005598	0.007970	7.7
1886	-1.239570	104.973887	0.006592	7.6
1887	-0.468952	104.942202	0.004568	7.3
1888	-0.182162	104.910542	0.003199	7.8
1889	-0.514470	104.878907	0.005736	7.6
1890	-0.614794	104.847298	0.005438	7.7
1891	-1.216290	104.815715	0.007130	7.6
1892	-0.808398	104.784156	0.008600	8.3
1893	-1.171309	104.752623	0.007972	8.3
1894	-0.912745	104.721116	0.008245	7.7
1895	-0.362261	104.689633	0.005845	7.7
1896	-1.197076	104.658176	0.006203	8.7
1897	-1.150422	104.626744	0.007795	7.9
1898	-0.883045	104.595337	0.007037	7.7
1899	-0.215065	104.563955	0.004047	7.9
1900	-0.792801	104.532599	0.007526	8.0
1901	-1.084134	104.501267	0.006552	7.6
1902	-0.937412	104.469960	0.008638	8.5
1903	-0.791967	104.438679	0.006055	7.6
1904	-0.801428	104.407422	0.008008	7.7
1905	-0.271938	104.376191	0.003779	7.7
1906	-0.567142	104.344984	0.005407	6.9
1907	-1.080394	104.313802	0.005754	7.6
1908	-0.717437	104.282645	0.005609	7.8
1909	-1.239113	104.251513	0.007352	7.7
1910	-0.670284	104.220405	0.005412	7.8
1911	-1.207267	104.189323	0.007279	7.7
1912	-1.054352	104.158265	0.007406	9.6
1913	-1.183503	104.127231	0.007687	8.4
1914	-1.002460	104.096222	0.005951	7.6
1915	-1.109102	104.065238	0.006177	7.8
1916	-1.190758	104.034279	0.006921	7.7
1917	-1.035479	104.003344	0.007945	7.6
1918	-0.649022	103.972433	0.005954	8.5
1919	-1.117515	103.941547	0.008193	7.9
1920	-1.152606	103.910686	0.007920	7.6
1921	-0.952505	103.879849	0.006591	7.9
1922	-0.233077	103.849036	0.005481	7.3
1923	-1.199901	103.818248	0.008675	7.8
1924	-1.090954	103.787484	0.005963	7.7
1925	-0.733867	103.756744	0.003862	8.7
1926	-1.258875	103.726029	0.007520	7.6
1927	-1.060106	103.695338	0.007310	7.8
1928	-0.089104	103.664671	0.002061	8.0
1929	-1.336058	103.634028	0.007119	7.9
1930	-0.267202	103.603409	0.002924	7.8
1931	-0.642736	103.572814	0.005831	7.8
1932	-0.706033	103.542244	0.005858	7.7
1933	-0.971493	103.511698	0.005446	8.2
1934	-1.062797	103.481175	0.006934	7.7
1935	-1.064371	103.450677	0.006355	7.7
1936	-1.283891	103.420202	0.007505	8.0
1937	-1.144129	103.389752	0.006948	7.6
1938	-0.022742	103.359325	0.002453	8.1
1939	-0.898828	103.328922	0.009608	9.7
1940	-1.054946	103.298543	0.006348	9.1
1941	-0.269278	103.268188	0.004544	7.9
1942	-0.991307	103.237857	0.008712	8.0
1943	-0.206641	103.207549	0.005176	7.6
1944	-0.020770	103.177265	0.002030	7.6
1945	-0.939673	103.147005	0.005449	8.8
1946	-0.524823	103.116768	0.003366	8.6
1947	-0.363559	103.086556	0.004782	7.8
1948	-1.195404	103.056366	0.006625	7.9
1949	-0.986230	103.026200	0.005211	7.6
1950	-0.856016	102.996058	0.007690	7.8
1951	-1.184643	102.965939	0.005975	7.6
1952	-1.202920	102.935844	0.008752	7.6
1953	-1.151313	102.905772	0.006581	8.0
1954	-1.336510	102.875724	0.009840	7.7
1955	-1.201171	102.845699	0.006479	7.6
1956	-0.748592	102.815697	0.004621	8.2
1957	-1.101270	102.785719	0.005464	7.6
1958	-0.265763	102.755764	0.002876	8.5
1959	-1.183611	102.725832	0.006264	7.7
1960	-0.567417	102.695924	0.006653	7.7
1961	-0.553550	102.666038	0.004354	7.8
1962	-1.171585	102.636176	0.010625	7.6
1963	-1.112531	102.606337	0.007502	7.6
1964	-0.836764	102.576521	0.008831	7.7
1965	-0.687520	102.546728	0.006345	7.7
1966	-1.161970	102.516959	0.007293	7.9
1967	-0.819149	102.487212	0.009838	7.8
1968	-0.673002	102.457488	0.004147	7.7
1969	-1.153057	102.427788	0.005237	7.6
1970	-1.024812	102.398110	0.006992	7.7
1971	-1.015978	102.368455	0.009952	7.7
1972	-1.196794	102.338823	0.008775	7.7
1973	-0.863281	102.309214	0.008758	7.8
1974	-1.152393	102.279628	0.008212	7.7
1975	-1.131488	102.250064	0.005762	7.7
1976	-0.955720	102.220524	0.007835	7.6
1977	-0.724182	102.191006	0.004111	7.7
1978	-1.179658	102.161511	0.006437	7.7
1979	-0.832033	102.132038	0.005012	8.7
1980	-1.019536	102.102588	0.009244	7.7
1981	-0.278139	102.073161	0.004511	7.7
1982	-1.293023	102.043757	0.007305	7.6
1983	-1.081453	102.014375	0.005575	8.4
1984	-1.105263	101.985015	0.006264	7.8
1985	-0.415814	101.955678	0.003328	7.7
1986	-1.143567	101.926364	0.005631	7.7
1987	-0.287349	101.897072	0.003685	7.5
1988	-1.012303	101.867802	0.005146	8.2
1989	-0.400690	101.838555	0.003078	8.6
1990	-1.173098	101.809330	0.005981	7.7
1991	-1.267552	101.780128	0.009385	8.6
1992	-0.786450	101.750948	0.004802	8.0
1993	-0.783862	101.721790	0.006912	7.5
1994	-0.817628	101.692654	0.007552	7.6
1995	-0.380470	101.663541	0.004547	6.6
1996	-1.309313	101.634450	0.008144	7.7
1997	-0.857879	101.605381	0.004830	7.6
1998	-0.715998	101.576335	0.005105	7.8
1999	-1.208724	101.547310	0.006454	7.7
