1:ItNr	2:Metric	3:StepSize	4:||Gradient||	Time[ms]
0	-1.355717	627.201626	0.019161	513.2
1	-0.336509	623.504937	0.009906	8.4
2	-1.018110	619.865785	0.008040	8.0
3	-0.638778	616.282728	0.012540	8.1
4	-0.435944	612.754375	0.002526	13.2
5	-1.487263	609.279381	0.011741	9.9
6	-0.978087	605.856447	0.021849	8.0
7	-1.336169	602.484317	0.018872	8.4
8	-1.301178	599.161779	0.012862	8.7
9	-0.001456	595.887656	0.000058	8.9
10	-0.776593	592.660813	0.015517	8.2
11	-1.451489	589.480151	0.022841	9.9
12	-0.997719	586.344606	0.020114	8.5
13	-0.558759	583.253145	0.012792	11.4
14	-1.187119	580.204771	0.023449	8.6
15	-0.560695	577.198517	0.005122	8.0
16	-0.333233	574.233444	0.008227	7.9
17	-0.873203	571.308645	0.021824	10.4
18	-0.617447	568.423237	0.005247	7.4
19	-1.264726	565.576365	0.022951	8.1
20	-0.620380	562.767201	0.008448	8.2
21	-1.310355	559.994938	0.013859	7.7
22	-0.395880	557.258797	0.009089	10.2
23	-1.096545	554.558018	0.015512	7.6
24	-1.285552	551.891865	0.017758	7.9
25	-0.431838	549.259621	0.010798	10.6
26	-0.766954	546.660592	0.011415	11.0
27	-1.146827	544.094102	0.027835	12.0
28	-1.084326	541.559494	0.014511	8.9
29	-0.695344	539.056129	0.004390	11.2
30	-0.939350	536.583387	0.011863	12.8
31	-0.601838	534.140663	0.006351	8.7
32	-1.501005	531.727370	0.010469	8.6
33	-1.532559	529.342935	0.025642	7.8
34	-0.561974	526.986802	0.009354	9.1
35	-1.459107	524.658430	0.020768	11.7
36	-0.619945	522.357290	0.010609	8.0
37	-0.719081	520.082868	0.007412	8.4
38	-1.197035	517.834665	0.019892	8.2
39	-0.362060	515.612193	0.004952	10.1
40	-1.220749	513.414976	0.011342	7.4
41	-0.605516	511.242551	0.006933	8.5
42	-1.417832	509.094468	0.024744	8.0
43	-1.237281	506.970285	0.011558	8.3
44	-0.971518	504.869574	0.008294	9.5
45	-1.281531	502.791916	0.020247	9.8
46	-0.977929	500.736903	0.020210	8.3
47	-1.430588	498.704137	0.020953	7.8
48	-0.755012	496.693228	0.007607	8.6
49	-1.045148	494.703798	0.012832	10.6
50	-1.445087	492.735476	0.015855	8.6
51	-1.030474	490.787900	0.016444	9.1
52	-1.434781	488.860718	0.022557	12.5
53	-1.429648	486.953585	0.011845	14.8
54	-1.371871	485.066164	0.018481	9.8
55	-0.634486	483.198126	0.014500	14.8
56	-1.457886	481.349149	0.012632	15.9
57	-0.872159	479.518920	0.015871	11.3
58	-1.205339	477.707132	0.017801	8.1
59	-1.322177	475.913485	0.018622	12.8
60	-0.616039	474.137684	0.003836	8.5
61	-1.523065	472.379445	0.021409	8.6
62	-0.767358	470.638485	0.007097	9.3
63	-1.130856	468.914531	0.019825	10.7
64	-1.469128	467.207315	0.018145	9.4
65	-0.579659	465.516573	0.014623	8.8
66	-0.270859	463.842050	0.002667	8.5
67	-0.736719	462.183494	0.013192	10.1
68	-1.234191	460.540658	0.010441	9.6
69	-1.003975	458.913303	0.011124	9.0
70	-1.397234	457.301192	0.016331	8.5
71	-1.119135	455.704096	0.008276	9.7
72	-0.049393	454.121787	0.001331	11.1
73	-0.290887	452.554045	0.003674	8.8
74	-0.460114	451.000653	0.006969	9.6
75	-1.076431	449.461399	0.015222	7.9
76	-0.187112	447.936075	0.001765	12.3
77	-1.134858	446.424477	0.012428	8.3
78	-1.239657	444.926406	0.016760	10.2
79	-1.494758	443.441666	0.016313	17.9
80	-0.585942	441.970065	0.005235	11.2
81	-1.094114	440.511415	0.021366	10.9
82	-1.207703	439.065533	0.019008	12.7
83	-1.383713	437.632238	0.013495	13.5
84	-1.571595	436.211351	0.020052	8.7
85	-1.452564	434.802701	0.012174	7.9
86	-1.331234	433.406117	0.025863	8.2
87	-0.329425	432.021430	0.011380	10.4
88	-1.252586	430.648479	0.010152	8.7
89	-0.356108	429.287101	0.004140	8.3
90	-0.373080	427.937140	0.008728	7.9
91	-1.558219	426.598440	0.023284	8.9
92	-0.198637	425.270849	0.004534	10.6
93	-1.532435	423.954220	0.009939	8.3
94	-1.086289	422.648404	0.016826	8.6
95	-1.437262	421.353259	0.020240	8.2
96	-1.453689	420.068643	0.033386	10.3
97	-0.927457	418.794419	0.017486	7.9
98	-0.974213	417.530451	0.007004	8.7
99	-0.420509	416.276604	0.004078	7.9
100	-1.502495	415.032748	0.011977	8.5
101	-1.190295	413.798754	0.023624	12.3
102	-1.369557	412.574495	0.013885	8.4
103	-0.159629	411.359849	0.002906	8.7
104	-0.871867	410.154691	0.016724	7.6
105	-1.545570	408.958904	0.017425	10.5
106	-0.468863	407.772368	0.011473	9.8
107	-0.475097	406.594968	0.009024	10.5
108	-0.325826	405.426590	0.006683	9.0
109	-0.428949	404.267122	0.006887	10.2
110	-0.352444	403.116456	0.003703	8.7
111	-1.394314	401.974481	0.017443	8.2
112	-1.237397	400.841093	0.016261	8.3
113	-0.601269	399.716187	0.010619	9.4
114	-1.444246	398.599660	0.015021	12.0
115	-1.528013	397.491411	0.007939	8.6
116	-1.258854	396.391342	0.008489	8.8
117	-1.154034	395.299353	0.011180	8.3
118	-1.681968	394.215350	0.011682	10.8
119	-0.893002	393.139238	0.007653	8.4
120	-0.256385	392.070924	0.003242	8.5
121	-1.095985	391.010316	0.006160	9.6
122	-0.488047	389.957325	0.011545	9.4
123	-0.510475	388.911862	0.003279	8.8
124	-1.257658	387.873839	0.005321	8.3
125	-0.884377	386.843173	0.013531	7.9
126	-0.572256	385.819777	0.009783	7.9
127	-1.365354	384.803569	0.016300	9.7
128	-1.105068	383.794468	0.013811	8.2
129	-0.287285	382.792393	0.004059	8.6
130	-0.204151	381.797264	0.002966	8.6
131	-0.269247	380.809005	0.004296	8.5
132	-0.724661	379.827537	0.005099	10.9
133	-0.372994	378.852786	0.005129	10.3
134	-1.457251	377.884678	0.012566	12.2
135	-0.634998	376.923138	0.008753	14.3
136	-0.074997	375.968095	0.001372	14.0
137	-1.001351	375.019479	0.015833	10.4
138	-0.628533	374.077218	0.008102	8.0
139	-1.597858	373.141244	0.011225	10.4
140	-0.983320	372.211489	0.005071	8.1
141	-0.377612	371.287887	0.003030	8.8
142	-0.528548	370.370370	0.007456	9.0
143	-0.802365	369.458876	0.011979	8.9
144	-1.465086	368.553338	0.018409	10.4
145	-0.551231	367.653696	0.008898	9.4
146	-1.193993	366.759885	0.013076	9.4
147	-0.314440	365.871846	0.003844	8.6
148	-1.439953	364.989518	0.007714	10.7
149	-0.564064	364.112841	0.017633	8.1
150	-1.091596	363.241757	0.014106	10.8
151	-0.998476	362.376208	0.012368	8.4
152	-1.488405	361.516137	0.015589	10.2
153	-1.404214	360.661488	0.013633	8.7
154	-0.687691	359.812206	0.015170	8.6
155	-1.374321	358.968236	0.012489	7.9
156	-0.816719	358.129524	0.005865	8.6
157	-0.547827	357.296018	0.009003	11.7
158	-1.498487	356.467665	0.023207	10.8
159	-1.398056	355.644414	0.015432	14.9
160	-1.471619	354.826213	0.009408	14.1
161	-1.538795	354.013012	0.019513	11.3
162	-0.605828	353.204763	0.007113	10.8
163	-0.285538	352.401415	0.001394	10.7
164	-1.384475	351.602922	0.018705	12.5
165	-0.961122	350.809235	0.012091	10.3
166	-1.340773	350.020308	0.010262	8.9
167	-1.344979	349.236095	0.019509	9.9
168	-0.238106	348.456550	0.003018	11.9
169	-1.507620	347.681627	0.017645	8.3
170	-0.583362	346.911283	0.004479	9.7
171	-0.810720	346.145474	0.011006	8.5
172	-1.548774	345.384157	0.019839	10.7
173	-0.839501	344.627288	0.008105	9.0
174	-0.779695	343.874826	0.011255	9.1
175	-1.402076	343.126729	0.028331	8.5
176	-0.709697	342.382957	0.008548	8.7
177	-0.993205	341.643469	0.022717	11.8
178	-1.518700	340.908224	0.017422	9.4
179	-0.109200	340.177184	0.001623	11.7
180	-0.503005	339.450309	0.006817	11.1
181	-0.705264	338.727561	0.006480	14.7
182	-0.698746	338.008902	0.007163	8.4
183	-0.986636	337.294295	0.010847	13.3
184	-1.525558	336.583703	0.017623	16.2
185	-1.392452	335.877089	0.012679	13.0
186	-1.583240	335.174416	0.013776	16.5
187	-1.484679	334.475651	0.020301	8.7
188	-0.550513	333.780756	0.007389	10.7
189	-0.720954	333.089698	0.014467	8.2
190	-1.571089	332.402443	0.011833	8.7
191	-0.016667	331.718955	0.000132	9.9
192	-1.222150	331.039203	0.006096	8.6
193	-0.308766	330.363153	0.001403	8.1
194	-0.163149	329.690771	0.002277	8.0
195	-0.818498	329.022027	0.011650	10.8
196	-1.471390	328.356888	0.019302	7.8
197	-0.720998	327.695322	0.010053	11.6
198	-1.445008	327.037299	0.020330	8.2
199	-0.423198	326.382787	0.006753	9.0
200	-0.680681	325.731758	0.007364	9.9
201	-1.146315	325.084179	0.008673	8.0
202	-1.168782	324.440023	0.011446	9.0
203	-1.485835	323.799258	0.012072	8.4
204	-0.198277	323.161858	0.003541	10.7
205	-0.403073	322.527792	0.005788	11.7
206	-1.222542	321.897034	0.011318	16.8
207	-0.509345	321.269554	0.002246	11.1
208	-1.245731	320.645325	0.011874	8.4
209	-0.644708	320.024320	0.012060	8.4
210	-1.371327	319.406512	0.006805	8.7
211	-0.788096	318.791875	0.009854	11.8
212	-1.497566	318.180381	0.011668	10.5
213	-0.609761	317.572005	0.008936	8.5
214	-0.026936	316.966721	0.000948	7.4
215	-0.765461	316.364504	0.008963	8.9
216	-0.146058	315.765329	0.001128	9.8
217	-0.357005	315.169170	0.005489	9.2
218	-0.353672	314.576003	0.004419	9.0
219	-1.403042	313.985804	0.013945	9.6
220	-0.717076	313.398548	0.011862	11.8
221	-0.380476	312.814213	0.005507	10.2
222	-1.128534	312.232773	0.008456	9.4
223	-0.662542	311.654207	0.011058	9.0
224	-1.460921	311.078491	0.012197	11.8
225	-0.804182	310.505602	0.004468	10.3
226	-0.995426	309.935518	0.004238	8.9
227	-0.072048	309.368217	0.000855	10.8
228	-1.366780	308.803676	0.008309	9.2
229	-0.345276	308.241874	0.005619	8.6
230	-1.538872	307.682789	0.018526	8.8
231	-0.947451	307.126400	0.019926	8.9
232	-1.445502	306.572687	0.016069	10.7
233	-0.751121	306.021627	0.014002	8.7
234	-1.321112	305.473201	0.015547	10.9
235	-1.378113	304.927388	0.020753	9.8
236	-1.473611	304.384168	0.022492	11.4
237	-1.588699	303.843521	0.010711	15.3
238	-1.399770	303.305427	0.013425	16.2
239	-1.134027	302.769867	0.011047	13.2
240	-0.179124	302.236821	0.001896	9.4
241	-1.318650	301.706270	0.017946	9.2
242	-1.482838	301.178196	0.012703	11.4
243	-1.252321	300.652580	0.019672	8.6
244	-1.236501	300.129402	0.012540	8.5
245	-1.200457	299.608645	0.012463	8.1
246	-0.947730	299.090291	0.016658	8.0
247	-1.453814	298.574321	0.015046	9.9
248	-1.489912	298.060718	0.014469	8.0
249	-1.094182	297.549465	0.009578	8.1
250	-1.211692	297.040543	0.008130	7.7
251	-0.504326	296.533936	0.010078	8.1
252	-0.143572	296.029626	0.001614	9.6
253	-1.444386	295.527597	0.016628	8.1
254	-0.124338	295.027832	0.001731	7.7
255	-0.530468	294.530315	0.007254	10.1
256	-1.314522	294.035028	0.012880	12.5
257	-1.529917	293.541956	0.018163	8.2
258	-0.783011	293.051083	0.011843	8.7
259	-1.599224	292.562393	0.017615	9.0
260	-0.795845	292.075870	0.011658	9.3
261	-1.403667	291.591498	0.008764	10.6
262	-1.618050	291.109263	0.021052	8.5
263	-1.428700	290.629149	0.012884	10.0
264	-0.948041	290.151140	0.007586	9.4
265	-0.886053	289.675222	0.007463	10.8
266	-0.526471	289.201380	0.015422	9.7
267	-1.095428	288.729600	0.004327	8.7
268	-0.265896	288.259866	0.004602	9.9
269	-0.987050	287.792165	0.014395	10.7
270	-0.780297	287.326481	0.014128	8.4
271	-1.439519	286.862802	0.012623	8.7
272	-1.472283	286.401113	0.013512	9.0
273	-0.985866	285.941400	0.009806	12.7
274	-0.936000	285.483649	0.004429	9.8
275	-1.069173	285.027847	0.007380	8.9
276	-1.468771	284.573981	0.018665	9.1
277	-1.179820	284.122037	0.009792	10.7
278	-0.770688	283.672002	0.007171	8.8
279	-0.673153	283.223863	0.004643	8.6
280	-0.841301	282.777607	0.010941	8.5
281	-0.384187	282.333221	0.005104	8.6
282	-1.108383	281.890692	0.018322	10.6
283	-1.340041	281.450008	0.014496	9.1
284	-0.821446	281.011157	0.008295	8.5
285	-1.556859	280.574125	0.011888	9.0
286	-0.535731	280.138901	0.011752	11.0
287	-1.130804	279.705473	0.009391	8.7
288	-1.598802	279.273829	0.018395	8.6
289	-0.422932	278.843956	0.008593	8.2
290	-1.401147	278.415844	0.016104	8.7
291	-0.413904	277.989479	0.005380	12.2
292	-1.550544	277.564851	0.016109	11.8
293	-1.171041	277.141949	0.013869	10.6
294	-0.792575	276.720761	0.005458	13.4
295	-1.441926	276.301275	0.019286	10.4
296	-0.714347	275.883480	0.009530	8.9
297	-0.993431	275.467366	0.018796	11.0
298	-1.269182	275.052922	0.010590	11.9
299	-0.489114	274.640136	0.012896	8.8
300	-1.536701	274.228998	0.014129	8.0
301	-1.472310	273.819497	0.010748	8.7
302	-0.319520	273.411623	0.007967	9.6
303	-0.248138	273.005365	0.001061	10.4
304	-0.409735	272.600712	0.007476	8.2
305	-0.225869	272.197655	0.002250	8.9
306	-0.479601	271.796184	0.005297	8.2
307	-1.326981	271.396287	0.011999	11.3
308	-0.227560	270.997956	0.002611	10.8
309	-0.633740	270.601180	0.006523	8.0
310	-1.378666	270.205949	0.012974	8.6
311	-0.777149	269.812254	0.011441	8.9
312	-1.579691	269.420085	0.010787	10.1
313	-0.374710	269.029432	0.007063	8.4
314	-1.229445	268.640287	0.010996	9.3
315	-0.669785	268.252638	0.012399	8.6
316	-0.563529	267.866478	0.003951	52.2
317	-1.420763	267.481796	0.021723	35.8
318	-1.551464	267.098584	0.010143	17.7
319	-1.030837	266.716833	0.019014	10.4
320	-1.225720	266.336533	0.012883	9.2
321	-1.076013	265.957676	0.012740	9.3
322	-1.028863	265.580253	0.013769	11.0
323	-0.642020	265.204254	0.004452	8.3
324	-0.443053	264.829672	0.011684	8.8
325	-1.264286	264.456497	0.019861	8.2
326	-1.468661	264.084721	0.012771	8.0
327	-1.530371	263.714335	0.017832	10.2
328	-0.743672	263.345332	0.004954	7.4
329	-1.222388	262.977702	0.009699	9.2
330	-1.483256	262.611438	0.018209	8.2
331	-1.321675	262.246531	0.014270	7.3
332	-0.697397	261.882973	0.024189	10.6
333	-0.652175	261.520756	0.005905	9.3
334	-0.910883	261.159871	0.017177	9.3
335	-0.432687	260.800312	0.003490	9.1
336	-1.528622	260.442070	0.015389	10.4
337	-0.614512	260.085137	0.006768	9.6
338	-1.347574	259.729505	0.014062	13.8
339	-0.486080	259.375167	0.005750	12.8
340	-0.623174	259.022116	0.006794	16.8
341	-1.438593	258.670343	0.011273	10.7
342	-1.300798	258.319841	0.013986	8.6
343	-0.865991	257.970602	0.007340	14.1
344	-1.479533	257.622620	0.022846	7.9
345	-1.375771	257.275887	0.017419	8.0
346	-0.607682	256.930396	0.007394	8.1
347	-1.349951	256.586139	0.011079	9.4
348	-0.348513	256.243109	0.007316	10.6
349	-1.213206	255.901300	0.012030	10.0
350	-0.859494	255.560703	0.008822	10.9
351	-1.114598	255.221313	0.013718	9.0
352	-1.017227	254.883122	0.014648	11.6
353	-0.926484	254.546124	0.004716	14.0
354	-1.003165	254.210311	0.007508	12.0
355	-0.638545	253.875677	0.015249	8.3
356	-0.628500	253.542215	0.013369	12.0
357	-1.249068	253.209918	0.023842	9.2
358	-0.228396	252.878781	0.002219	10.1
359	-1.201439	252.548795	0.010005	10.7
360	-0.686308	252.219956	0.008237	10.8
361	-1.382002	251.892255	0.029085	7.6
362	-0.728937	251.565688	0.020582	9.3
363	-0.525587	251.240247	0.009657	8.3
364	-1.419098	250.915926	0.014730	10.6
365	-0.853239	250.592720	0.007586	8.4
366	-0.650486	250.270621	0.005095	8.4
367	-0.620915	249.949624	0.008079	8.2
368	-1.012981	249.629723	0.009711	10.8
369	-1.393547	249.310911	0.025106	8.7
370	-0.971349	248.993182	0.011387	8.6
371	-0.591977	248.676531	0.008384	9.7
372	-0.120025	248.360952	0.001344	8.6
373	-0.221366	248.046438	0.004126	10.8
374	-1.460564	247.732984	0.010229	7.6
375	-0.962468	247.420584	0.004992	7.8
376	-1.404884	247.109233	0.008262	7.8
377	-0.049181	246.798924	0.000998	11.7
378	-0.863639	246.489652	0.013460	8.8
379	-0.395259	246.181412	0.001397	8.1
380	-1.022950	245.874197	0.005680	7.9
381	-1.518321	245.568002	0.013109	8.3
382	-0.903632	245.262822	0.016975	11.0
383	-0.569880	244.958652	0.002481	7.9
384	-1.411819	244.655485	0.024911	8.4
385	-0.753743	244.353317	0.005388	7.1
386	-0.915146	244.052142	0.012391	8.0
387	-0.519966	243.751955	0.004067	9.3
388	-0.752923	243.452750	0.010944	8.7
389	-1.571489	243.154523	0.014854	8.2
390	-1.229165	242.857268	0.014265	33.8
391	-1.248269	242.560980	0.010510	14.4
392	-1.501908	242.265654	0.030478	14.5
393	-1.559385	241.971285	0.017716	14.0
394	-1.438638	241.677868	0.017569	9.2
395	-0.479839	241.385397	0.012586	14.9
396	-0.870553	241.093869	0.013670	8.6
397	-1.100428	240.803278	0.018042	11.7
398	-1.025207	240.513619	0.009203	10.3
399	-1.266943	240.224887	0.028212	8.2
400	-0.659974	239.937077	0.008820	8.1
401	-0.835010	239.650186	0.012770	8.3
402	-0.596913	239.364207	0.012532	10.5
403	-1.335605	239.079136	0.007518	8.0
404	-0.729836	238.794969	0.007167	8.3
405	-1.425089	238.511701	0.014232	10.8
406	-0.743240	238.229327	0.009847	11.1
407	-0.364300	237.947843	0.003600	8.2
408	-0.739708	237.667244	0.004699	8.2
409	-0.691609	237.387526	0.005689	8.6
410	-1.516947	237.108684	0.014423	11.0
411	-0.456971	236.830714	0.012051	8.1
412	-1.544272	236.553610	0.013366	8.7
413	-0.540953	236.277370	0.007263	7.9
414	-1.361128	236.001989	0.009701	8.7
415	-0.310356	235.727461	0.004819	11.0
416	-0.602630	235.453784	0.011633	8.4
417	-1.199802	235.180952	0.018894	7.5
418	-0.915341	234.908962	0.006197	8.4
419	-0.134744	234.637809	0.002304	10.4
420	-0.642928	234.367488	0.007143	8.1
421	-1.566960	234.097997	0.009598	8.0
422	-1.004982	233.829331	0.009131	8.3
423	-0.154999	233.561485	0.003415	7.7
424	-1.560175	233.294456	0.016141	10.3
425	-1.438458	233.028239	0.011421	8.7
426	-0.634318	232.762831	0.005831	8.1
427	-1.197063	232.498228	0.010643	8.2
428	-0.637932	232.234425	0.007453	7.7
429	-1.240648	231.971419	0.015180	12.8
430	-1.162156	231.709205	0.010930	8.0
431	-1.541762	231.447781	0.018067	8.3
432	-1.172289	231.187141	0.009276	8.7
433	-1.083543	230.927283	0.012056	8.2
434	-1.560037	230.668202	0.013915	10.3
435	-1.397242	230.409895	0.008755	8.2
436	-0.734439	230.152358	0.011266	9.3
437	-1.420641	229.895587	0.016901	9.3
438	-1.376282	229.639578	0.020616	10.3
439	-0.518361	229.384329	0.007886	10.2
440	-1.276287	229.129834	0.008693	8.9
441	-1.391626	228.876091	0.017232	12.2
442	-1.336490	228.623096	0.014858	16.1
443	-1.207875	228.370846	0.009469	10.3
444	-0.541164	228.119336	0.008667	13.3
445	-0.291206	227.868563	0.005636	14.0
446	-1.677441	227.618525	0.016895	16.2
447	-1.303781	227.369216	0.011212	18.4
448	-0.271427	227.120635	0.002648	16.4
449	-1.165194	226.872777	0.006927	9.7
450	-1.027322	226.625638	0.005034	9.9
451	-1.534048	226.379217	0.017156	14.8
452	-1.584040	226.133509	0.016030	11.4
453	-0.402514	225.888510	0.005981	9.2
454	-0.503255	225.644218	0.007156	8.8
455	-1.334097	225.400630	0.010083	11.4
456	-0.627875	225.157741	0.005904	8.3
457	-1.424279	224.915549	0.009992	9.1
458	-0.912461	224.674051	0.013397	8.6
459	-1.373242	224.433242	0.008739	9.5
460	-0.351001	224.193121	0.001567	9.8
461	-1.534295	223.953684	0.008239	8.7
462	-0.495328	223.714927	0.011043	8.4
463	-0.516862	223.476848	0.004877	8.4
464	-0.530344	223.239444	0.005731	11.1
465	-1.496790	223.002710	0.020036	8.4
466	-1.309413	222.766645	0.012453	8.8
467	-0.679669	222.531245	0.002519	8.2
468	-0.960297	222.296508	0.008137	8.6
469	-1.584754	222.062429	0.017794	11.6
470	-0.354308	221.829007	0.007432	9.5
471	-0.458850	221.596238	0.006036	8.5
472	-0.499111	221.364119	0.009490	8.4
473	-0.728500	221.132647	0.008324	10.7
474	-1.194469	220.901820	0.012765	8.4
475	-1.435206	220.671634	0.005455	8.9
476	-1.480410	220.442086	0.006947	8.3
477	-1.431076	220.213174	0.014712	8.5
478	-1.471573	219.984895	0.010022	11.9
479	-0.733316	219.757246	0.008187	8.4
480	-0.687728	219.530224	0.008212	8.5
481	-0.984711	219.303826	0.003796	8.2
482	-1.346597	219.078050	0.008427	11.2
483	-1.483396	218.852893	0.011885	8.4
484	-0.995327	218.628352	0.005583	9.1
485	-0.337129	218.404424	0.006785	9.1
486	-1.451620	218.181106	0.011656	13.1
487	-1.246144	217.958397	0.020132	8.6
488	-1.480430	217.736292	0.016712	9.1
489	-0.626674	217.514790	0.005428	8.3
490	-0.323052	217.293888	0.001636	6.8
491	-1.457320	217.073584	0.015157	10.9
492	-1.403641	216.853873	0.016290	9.0
493	-1.336117	216.634755	0.006376	8.5
494	-0.449687	216.416227	0.003323	8.5
495	-1.531964	216.198285	0.011769	9.5
496	-0.654663	215.980927	0.011107	12.6
497	-0.792853	215.764151	0.018182	12.0
498	-0.650479	215.547955	0.003578	12.4
499	-1.601669	215.332335	0.018421	17.6
500	-1.592858	215.117289	0.011368	14.5
501	-0.260149	214.902815	0.002887	15.6
502	-0.197814	214.688911	0.001602	11.1
503	-0.727968	214.475573	0.011778	8.3
504	-0.297321	214.262800	0.007054	10.6
505	-1.135955	214.050588	0.007156	12.0
506	-1.297234	213.838936	0.010423	8.7
507	-0.118225	213.627842	0.001227	9.1
508	-1.399548	213.417302	0.024537	8.3
509	-1.067134	213.207314	0.011251	8.7
510	-0.746732	212.997877	0.010810	10.9
511	-1.077307	212.788987	0.009786	8.7
512	-0.451167	212.580642	0.006473	10.2
513	-1.489505	212.372841	0.009815	8.5
514	-0.515019	212.165581	0.004032	11.4
515	-1.020381	211.958859	0.013498	7.5
516	-1.106048	211.752673	0.007535	9.7
517	-0.882452	211.547021	0.013058	8.0
518	-1.112132	211.341902	0.013195	11.6
519	-0.789433	211.137311	0.011983	9.1
520	-0.349745	210.933248	0.003358	9.4
521	-0.988538	210.729710	0.005461	9.6
522	-0.549241	210.526695	0.010602	9.4
523	-0.848957	210.324200	0.010724	10.1
524	-1.433046	210.122224	0.017657	9.3
525	-0.593219	209.920765	0.005241	9.5
526	-1.420875	209.719820	0.007230	10.7
527	-0.684002	209.519387	0.014219	9.6
528	-1.526690	209.319463	0.009443	8.7
529	-1.309992	209.120048	0.011172	8.8
530	-1.462776	208.921139	0.018163	9.7
531	-0.941341	208.722733	0.007981	11.0
532	-0.633307	208.524829	0.003285	9.4
533	-1.506451	208.327425	0.017066	9.1
534	-0.977490	208.130518	0.007000	8.5
535	-1.232010	207.934107	0.010967	12.5
536	-1.593576	207.738189	0.011359	8.7
537	-0.757894	207.542762	0.009491	8.8
538	-1.013754	207.347825	0.011000	8.3
539	-1.422529	207.153376	0.015743	9.9
540	-0.415270	206.959412	0.003690	9.6
541	-0.992193	206.765932	0.009541	8.0
542	-0.933982	206.572933	0.007586	9.2
543	-1.042431	206.380414	0.015190	8.0
544	-0.942048	206.188373	0.010182	11.2
545	-0.435497	205.996807	0.002785	8.0
546	-0.587021	205.805716	0.009269	9.1
547	-0.769823	205.615096	0.012208	8.8
548	-1.281791	205.424946	0.011763	14.0
549	-1.334849	205.235265	0.007710	14.4
550	-1.229661	205.046050	0.016415	15.3
551	-0.782005	204.857299	0.011915	17.0
552	-0.646028	204.669011	0.008389	12.0
553	-1.341162	204.481184	0.014161	9.8
554	-0.983633	204.293816	0.003524	8.8
555	-1.382014	204.106905	0.013025	12.2
556	-1.030978	203.920449	0.016083	8.6
557	-1.199499	203.734447	0.012876	9.5
558	-1.471196	203.548896	0.012104	8.6
559	-1.090574	203.363795	0.008789	9.2
560	-1.347791	203.179143	0.005774	10.3
561	-1.529025	202.994937	0.006439	8.4
562	-1.039243	202.811176	0.011664	9.0
563	-1.029077	202.627857	0.016018	8.6
564	-0.202881	202.444980	0.001565	10.7
565	-0.988324	202.262543	0.006563	8.3
566	-0.510865	202.080543	0.008096	9.6
567	-1.509996	201.898979	0.017519	9.0
568	-1.548339	201.717849	0.026826	9.1
569	-0.336697	201.537153	0.002877	8.8
570	-0.656187	201.356887	0.013396	8.5
571	-1.504691	201.177050	0.028843	8.3
572	-0.536522	200.997642	0.006973	8.3
573	-0.411075	200.818659	0.004333	11.2
574	-0.787026	200.640100	0.006769	8.4
575	-0.553309	200.461965	0.006764	9.0
576	-0.837960	200.284250	0.013171	7.8
577	-0.000382	200.106955	0.000116	7.2
578	-1.501469	199.930078	0.013304	10.8
579	-1.174897	199.753617	0.008632	8.3
580	-1.049203	199.577571	0.008860	8.9
581	-1.214411	199.401938	0.012220	8.6
582	-1.436106	199.226717	0.019913	9.6
583	-0.382570	199.051905	0.005574	10.6
584	-1.222269	198.877502	0.007213	8.7
585	-1.361036	198.703506	0.009694	8.8
586	-1.238988	198.529916	0.010911	8.3
587	-1.337215	198.356729	0.024057	10.2
588	-1.365888	198.183944	0.016337	8.0
589	-0.393295	198.011560	0.007758	9.3
590	-1.000238	197.839576	0.006446	8.0
591	-1.357407	197.667989	0.013727	8.4
592	-1.278385	197.496798	0.016933	13.0
593	-1.153193	197.326002	0.012010	8.1
594	-1.537765	197.155600	0.013547	8.4
595	-0.517327	196.985589	0.006988	7.9
596	-0.954236	196.815969	0.003765	12.3
597	-0.267788	196.646738	0.003972	8.5
598	-1.234470	196.477894	0.007115	8.2
599	-1.141031	196.309436	0.006906	8.5
600	-0.504465	196.141363	0.007135	9.3
601	-1.493303	195.973673	0.005985	13.5
602	-1.496684	195.806365	0.014006	11.0
603	-1.566706	195.639437	0.013459	11.2
604	-1.209159	195.472888	0.013230	15.0
605	-0.857798	195.306717	0.008103	12.4
606	-0.907363	195.140922	0.017716	11.9
607	-0.523392	194.975501	0.016162	8.8
608	-0.735063	194.810454	0.010197	10.5
609	-0.934579	194.645779	0.003634	8.4
610	-0.548102	194.481475	0.013222	8.1
611	-1.404795	194.317540	0.010358	7.9
612	-0.938369	194.153973	0.005691	8.5
613	-0.604957	193.990773	0.010721	10.7
614	-1.309188	193.827938	0.012307	8.5
615	-1.531991	193.665467	0.009574	8.3
616	-0.498044	193.503358	0.003174	8.1
617	-1.377208	193.341611	0.013666	9.2
618	-1.403994	193.180224	0.011686	10.0
619	-1.608232	193.019196	0.016067	8.8
620	-1.588092	192.858525	0.012666	9.5
621	-1.437241	192.698210	0.014137	8.9
622	-1.523294	192.538251	0.008240	10.5
623	-1.523146	192.378644	0.011375	8.0
624	-1.048570	192.219391	0.009067	8.6
625	-1.533502	192.060488	0.015791	8.5
626	-1.068887	191.901935	0.017592	8.2
627	-1.148267	191.743730	0.012254	10.6
628	-1.358970	191.585873	0.017218	8.8
629	-1.480809	191.428362	0.019083	8.0
630	-1.323440	191.271196	0.009013	7.7
631	-0.951388	191.114374	0.008223	7.5
632	-1.250719	190.957893	0.011096	10.5
633	-1.385555	190.801755	0.008608	9.2
634	-1.413535	190.645956	0.027413	7.0
635	-0.889148	190.490495	0.013848	8.3
636	-1.585337	190.335373	0.015536	8.8
637	-0.939205	190.180587	0.006889	10.1
638	-0.979642	190.026136	0.004054	8.4
639	-1.434224	189.872019	0.012273	8.5
640	-1.391031	189.718235	0.016967	8.2
641	-1.461048	189.564782	0.017445	8.6
642	-1.392368	189.411661	0.006639	13.2
643	-0.319152	189.258868	0.006503	10.5
644	-1.275533	189.106404	0.009867	7.7
645	-1.132483	188.954267	0.004943	8.1
646	-0.095056	188.802456	0.001275	12.1
647	-1.003007	188.650969	0.006481	9.1
648	-0.630534	188.499807	0.007903	8.4
649	-1.178492	188.348967	0.011882	8.1
650	-1.208452	188.198448	0.013662	12.0
651	-1.479525	188.048250	0.015989	9.4
652	-1.474880	187.898371	0.011754	10.7
653	-1.518808	187.748810	0.015242	13.1
654	-0.173815	187.599566	0.002492	9.1
655	-1.525993	187.450638	0.010687	8.2
656	-0.839649	187.302025	0.005528	8.9
657	-1.376547	187.153725	0.009695	9.9
658	-1.404455	187.005739	0.016707	22.3
659	-0.430845	186.858064	0.010115	30.4
660	-1.664907	186.710699	0.020129	20.3
661	-1.458470	186.563645	0.004997	13.2
662	-1.436715	186.416898	0.019393	16.8
663	-1.261301	186.270459	0.010068	14.4
664	-0.676310	186.124326	0.008032	49.8
665	-1.503781	185.978499	0.013801	20.5
666	-1.084171	185.832976	0.006918	22.7
667	-0.927649	185.687756	0.004323	11.9
668	-1.291174	185.542838	0.007017	7.6
669	-1.591516	185.398222	0.015526	8.2
670	-0.739543	185.253906	0.010935	11.2
671	-0.267240	185.109889	0.003207	8.9
672	-1.435214	184.966170	0.011911	9.1
673	-0.175318	184.822748	0.001723	8.6
674	-0.859450	184.679623	0.009675	9.0
675	-1.233959	184.536792	0.014007	10.3
676	-0.093558	184.394256	0.001008	8.5
677	-1.643156	184.252013	0.027320	8.2
678	-1.418419	184.110062	0.010568	8.3
679	-1.248319	183.968403	0.006871	11.5
680	-0.864802	183.827034	0.014775	9.4
681	-1.513773	183.685954	0.007733	8.1
682	-1.351764	183.545163	0.011146	8.8
683	-0.504994	183.404658	0.009090	10.2
684	-1.030346	183.264441	0.010989	10.2
685	-1.409002	183.124509	0.019953	8.0
686	-0.578144	182.984861	0.005855	9.3
687	-0.773879	182.845497	0.007302	9.3
688	-1.571446	182.706416	0.011673	10.2
689	-1.018117	182.567616	0.007817	8.8
690	-0.449709	182.429098	0.011638	10.3
691	-1.456956	182.290859	0.007643	14.6
692	-1.345066	182.152899	0.018984	8.7
693	-1.209258	182.015217	0.011477	9.1
694	-1.042318	181.877813	0.006921	9.4
695	-1.430702	181.740684	0.009353	10.1
696	-0.265245	181.603832	0.002894	11.8
697	-1.588686	181.467253	0.008726	9.8
698	-0.087087	181.330948	0.001220	9.0
699	-0.613245	181.194916	0.014364	15.3
700	-0.531944	181.059155	0.003650	14.2
701	-1.225783	180.923666	0.005925	23.2
702	-0.150488	180.788446	0.002550	14.6
703	-1.500688	180.653496	0.008145	12.2
704	-0.425943	180.518814	0.009097	11.9
705	-1.202190	180.384399	0.016324	10.1
706	-1.215523	180.250251	0.008048	9.2
707	-1.004113	180.116369	0.012663	9.5
708	-0.007745	179.982752	0.000248	11.7
709	-1.470924	179.849398	0.016266	7.8
710	-0.539360	179.716308	0.004080	9.0
711	-0.818793	179.583480	0.003452	8.4
712	-1.136697	179.450913	0.026839	9.3
713	-1.224087	179.318607	0.005791	15.0
714	-0.937569	179.186561	0.008034	8.7
715	-1.156110	179.054774	0.022706	8.3
716	-1.590263	178.923245	0.013720	10.5
717	-1.402437	178.791973	0.009629	8.9
718	-1.619454	178.660958	0.006808	8.7
719	-1.411878	178.530199	0.008046	8.2
720	-1.451206	178.399694	0.018728	8.9
721	-1.358768	178.269444	0.022210	11.2
722	-1.482765	178.139447	0.009756	8.6
723	-0.495960	178.009702	0.004131	8.8
724	-0.978286	177.880209	0.004856	8.1
725	-1.424028	177.750967	0.013869	10.9
726	-1.489972	177.621975	0.014980	7.9
727	-1.250435	177.493232	0.017139	9.2
728	-1.554672	177.364738	0.011851	8.6
729	-1.068541	177.236492	0.004772	9.9
730	-1.518222	177.108492	0.017427	10.5
731	-1.241073	176.980739	0.013446	9.4
732	-0.943150	176.853231	0.006956	9.6
733	-0.594749	176.725968	0.007346	11.0
734	-0.366581	176.598949	0.007267	9.5
735	-1.383684	176.472173	0.009886	9.3
736	-1.657064	176.345639	0.010471	8.8
737	-0.408411	176.219348	0.002365	9.9
738	-0.994453	176.093296	0.006275	13.8
739	-0.445667	175.967486	0.005806	10.6
740	-0.828700	175.841914	0.008052	7.8
741	-1.495222	175.716581	0.008590	11.3
742	-0.682231	175.591486	0.008773	8.6
743	-1.422628	175.466629	0.012188	9.0
744	-1.445755	175.342008	0.013805	9.3
745	-1.485022	175.217622	0.012858	10.2
746	-0.345265	175.093472	0.001591	10.2
747	-1.008841	174.969556	0.009798	8.4
748	-1.529171	174.845873	0.008189	9.5
749	-0.093908	174.722423	0.001026	12.9
750	-1.564994	174.599206	0.011647	14.0
751	-1.198989	174.476220	0.017961	14.5
752	-1.474437	174.353464	0.017383	17.9
753	-1.515686	174.230939	0.008930	10.5
754	-1.427424	174.108643	0.009689	9.7
755	-1.556332	173.986576	0.013292	9.1
756	-0.189509	173.864737	0.002812	8.6
757	-0.625462	173.743124	0.014698	70.5
758	-1.369343	173.621739	0.015017	18.8
759	-1.584547	173.500579	0.017123	13.8
760	-1.505239	173.379645	0.019092	11.1
761	-0.455645	173.258935	0.008157	10.1
762	-0.763722	173.138449	0.018803	9.9
763	-0.622301	173.018186	0.007261	9.8
764	-1.390171	172.898146	0.011427	10.6
765	-1.414009	172.778327	0.012995	8.0
766	-0.918133	172.658730	0.004860	8.1
767	-0.552482	172.539353	0.009097	8.5
768	-0.922326	172.420196	0.008190	10.3
769	-0.899535	172.301258	0.011182	8.3
770	-1.211031	172.182539	0.017868	8.4
771	-1.339075	172.064037	0.011176	9.6
772	-1.536163	171.945753	0.010428	7.5
773	-0.955001	171.827686	0.007210	10.5
774	-0.547233	171.709834	0.006855	9.1
775	-1.292959	171.592198	0.006289	7.9
776	-1.130837	171.474776	0.016627	8.4
777	-1.168284	171.357568	0.007192	11.1
778	-1.393461	171.240574	0.009065	8.7
779	-0.821237	171.123793	0.008470	8.5
780	-1.400625	171.007223	0.008102	12.0
781	-0.436911	170.890865	0.007900	9.9
782	-0.864946	170.774718	0.013128	8.3
783	-1.002354	170.658782	0.006052	11.4
784	-1.022082	170.543055	0.004983	10.2
785	-1.514069	170.427537	0.018561	12.6
786	-0.584559	170.312227	0.010325	10.4
787	-1.494453	170.197125	0.009223	12.2
788	-1.172130	170.082231	0.005101	21.6
789	-1.226575	169.967543	0.007739	14.6
790	-1.285954	169.853061	0.010376	16.7
791	-1.539795	169.738784	0.012344	26.5
792	-0.398429	169.624713	0.003471	32.3
793	-1.579439	169.510845	0.013207	26.8
794	-1.626278	169.397181	0.007716	20.2
795	-1.002235	169.283720	0.004611	16.7
796	-1.354006	169.170462	0.013718	11.3
797	-0.478186	169.057405	0.002603	11.2
798	-0.760373	168.944549	0.005031	10.6
799	-0.538864	168.831895	0.013404	9.2
800	-1.338330	168.719440	0.006347	7.7
801	-1.519875	168.607185	0.007122	9.0
802	-1.272563	168.495129	0.008005	11.1
803	-0.591061	168.383271	0.007087	7.8
804	-0.779052	168.271611	0.004012	8.7
805	-0.189358	168.160148	0.002403	8.0
806	-0.904684	168.048882	0.002962	8.5
807	-1.273037	167.937812	0.012098	12.3
808	-1.177781	167.826938	0.005787	9.8
809	-0.725954	167.716258	0.015271	9.7
810	-1.014263	167.605773	0.011772	8.8
811	-1.146536	167.495482	0.020328	12.0
812	-0.578087	167.385384	0.008874	11.2
813	-0.702115	167.275479	0.011732	9.9
814	-1.372718	167.165766	0.018224	9.8
815	-0.781391	167.056245	0.005398	11.3
816	-1.226649	166.946915	0.012309	10.3
817	-1.355286	166.837776	0.005691	9.4
818	-0.943359	166.728826	0.006608	13.5
819	-0.904241	166.620067	0.009719	15.5
820	-0.338977	166.511496	0.005233	12.0
821	-0.412205	166.403113	0.003432	8.3
822	-0.015094	166.294919	0.000284	10.9
823	-0.708789	166.186912	0.007327	13.3
824	-1.483751	166.079091	0.008339	9.0
825	-0.502639	165.971458	0.012703	10.1
826	-0.539174	165.864009	0.009702	10.2
827	-0.503832	165.756747	0.014087	13.3
828	-1.072212	165.649669	0.005879	8.3
829	-1.169539	165.542775	0.011890	10.2
830	-1.177426	165.436065	0.007519	8.5
831	-1.096323	165.329538	0.012511	10.9
832	-1.476859	165.223194	0.012752	11.5
833	-1.599401	165.117032	0.007427	10.1
834	-1.221444	165.011052	0.010865	12.6
835	-1.078188	164.905253	0.007831	13.8
836	-0.759139	164.799635	0.005612	11.7
837	-0.940982	164.694197	0.013122	14.1
838	-1.248008	164.588939	0.005542	9.4
839	-0.549711	164.483859	0.010099	11.9
840	-1.227528	164.378959	0.011409	9.2
841	-1.620747	164.274237	0.012679	9.9
842	-0.510450	164.169692	0.004935	9.5
843	-1.527340	164.065325	0.010793	11.0
844	-0.855574	163.961135	0.008543	19.9
845	-1.515305	163.857120	0.011073	15.0
846	-1.535073	163.753282	0.006000	12.4
847	-1.513126	163.649619	0.008989	14.4
848	-1.013471	163.546130	0.005789	22.7
849	-1.351907	163.442816	0.008370	15.3
850	-1.236605	163.339676	0.010755	26.5
851	-0.704160	163.236709	0.008992	15.9
852	-1.201767	163.133915	0.021181	12.6
853	-0.474432	163.031294	0.004997	13.5
854	-1.574117	162.928844	0.006032	13.0
855	-0.356251	162.826566	0.005008	12.8
856	-0.734607	162.724459	0.011672	14.0
857	-1.053498	162.622523	0.006146	11.0
858	-1.403455	162.520757	0.010980	13.7
859	-1.594933	162.419160	0.015354	14.5
860	-1.314975	162.317733	0.007752	12.9
861	-0.866405	162.216474	0.007684	20.8
862	-1.178141	162.115383	0.006062	22.9
863	-0.637693	162.014461	0.011504	18.5
864	-1.586006	161.913705	0.014506	14.8
865	-0.565346	161.813117	0.006619	12.3
866	-1.152807	161.712695	0.007093	14.4
867	-1.444099	161.612439	0.016097	12.2
868	-0.675265	161.512349	0.010650	13.3
869	-0.529004	161.412424	0.009910	18.1
870	-1.453712	161.312663	0.012518	20.3
871	-1.116684	161.213067	0.008358	9.0
872	-1.549736	161.113635	0.013024	11.7
873	-0.110184	161.014366	0.001317	10.0
874	-1.383545	160.915260	0.012980	8.8
875	-1.221580	160.816316	0.012528	8.3
876	-1.323449	160.717535	0.013997	10.9
877	-1.489315	160.618915	0.011133	12.1
878	-1.036868	160.520456	0.016411	17.3
879	-0.784617	160.422158	0.003085	29.5
880	-1.379696	160.324021	0.015398	12.7
881	-0.879398	160.226043	0.008243	16.3
882	-1.470697	160.128225	0.018497	19.9
883	-1.487473	160.030566	0.009240	19.2
884	-0.440906	159.933066	0.003556	29.9
885	-1.235579	159.835723	0.011853	18.8
886	-1.175860	159.738539	0.014178	11.3
887	-0.470846	159.641512	0.008070	13.1
888	-1.203572	159.544642	0.006874	11.2
889	-0.483134	159.447929	0.002163	10.0
890	-1.471269	159.351372	0.013514	9.6
891	-0.310145	159.254971	0.001969	12.8
892	-0.652538	159.158725	0.013784	13.5
893	-1.489031	159.062634	0.011432	12.5
894	-0.761978	158.966697	0.008831	13.0
895	-1.275745	158.870915	0.008249	9.5
896	-1.519318	158.775286	0.018892	14.4
897	-0.521937	158.679811	0.003604	13.1
898	-1.492186	158.584489	0.005569	12.9
899	-0.532901	158.489319	0.015534	12.6
900	-0.742962	158.394302	0.007403	11.9
901	-0.655635	158.299436	0.008983	14.3
902	-1.359211	158.204721	0.020549	9.9
903	-0.835865	158.110158	0.004998	10.0
904	-0.461282	158.015745	0.003937	13.7
905	-0.588850	157.921482	0.010239	12.3
906	-1.173312	157.827369	0.010767	13.1
907	-0.513490	157.733406	0.012539	12.1
908	-1.424684	157.639591	0.012935	12.8
909	-1.035837	157.545925	0.011176	9.9
910	-0.773299	157.452408	0.013014	10.8
911	-1.429353	157.359038	0.017501	25.0
912	-1.057603	157.265816	0.007162	15.8
913	-1.334380	157.172741	0.008995	11.9
914	-1.286850	157.079813	0.018672	15.9
915	-0.820568	156.987031	0.003809	12.0
916	-0.354728	156.894395	0.007529	14.2
917	-1.438846	156.801904	0.017939	13.8
918	-0.737792	156.709559	0.008554	10.8
919	-1.527157	156.617359	0.018715	8.9
920	-1.080495	156.525304	0.006411	9.6
921	-1.371681	156.433392	0.009075	9.8
922	-0.747351	156.341624	0.006649	8.0
923	-1.578051	156.250000	0.008244	10.4
924	-1.540511	156.158519	0.022375	11.4
925	-0.772189	156.067180	0.005415	12.7
926	-1.526598	155.975984	0.008481	13.0
927	-0.794726	155.884930	0.006142	18.6
928	-1.311774	155.794017	0.006019	14.7
929	-0.576277	155.703246	0.011226	15.4
930	-0.712760	155.612615	0.011667	24.3
931	-1.341476	155.522125	0.016137	16.9
932	-1.192966	155.431775	0.005569	16.6
933	-1.288297	155.341565	0.007361	13.5
934	-0.882677	155.251495	0.011081	13.5
935	-1.565046	155.161563	0.008436	15.5
936	-1.034508	155.071771	0.015723	14.0
937	-0.801486	154.982117	0.011784	8.7
938	-1.262495	154.892601	0.009197	10.2
939	-0.550209	154.803222	0.006072	8.1
940	-0.870054	154.713981	0.007583	8.9
941	-0.598003	154.624878	0.005352	11.8
942	-0.071956	154.535910	0.000371	8.5
943	-1.520152	154.447080	0.015749	8.2
944	-0.423750	154.358385	0.001307	8.3
945	-1.409046	154.269826	0.012941	10.5
946	-1.279584	154.181402	0.013635	8.6
947	-1.120767	154.093114	0.008752	9.1
948	-0.457236	154.004960	0.007323	8.2
949	-1.578518	153.916940	0.006542	8.0
950	-1.416033	153.829054	0.010893	14.0
951	-1.569381	153.741303	0.009873	9.4
952	-1.368014	153.653684	0.015888	11.7
953	-0.992872	153.566198	0.015141	12.0
954	-1.317960	153.478846	0.009297	12.4
955	-0.522974	153.391625	0.008159	8.3
956	-1.347441	153.304537	0.012240	58.2
957	-1.451505	153.217580	0.005658	48.0
958	-0.418335	153.130755	0.002305	15.9
959	-1.495314	153.044061	0.023538	9.1
960	-1.353231	152.957498	0.008767	13.7
961	-0.763412	152.871065	0.008267	13.3
962	-0.207388	152.784762	0.002543	11.6
963	-1.515718	152.698589	0.015141	12.2
964	-1.287243	152.612545	0.021241	11.1
965	-1.197574	152.526631	0.004096	11.2
966	-0.965764	152.440845	0.014945	12.3
967	-0.766003	152.355188	0.006373	18.7
968	-1.338891	152.269660	0.006854	13.3
969	-0.900128	152.184259	0.007107	17.0
970	-1.592281	152.098986	0.008021	12.8
971	-0.854598	152.013840	0.020941	11.2
972	-0.900274	151.928821	0.007785	9.2
973	-1.516951	151.843928	0.007701	9.6
974	-0.780767	151.759163	0.005857	11.8
975	-1.254926	151.674523	0.011437	10.3
976	-1.595746	151.590009	0.010267	9.4
977	-1.480972	151.505620	0.014613	9.1
978	-1.241694	151.421357	0.014612	11.1
979	-1.436996	151.337218	0.007670	10.0
980	-0.134684	151.253204	0.001254	10.1
981	-1.573698	151.169314	0.019002	8.3
982	-1.331178	151.085549	0.012179	12.3
983	-1.568292	151.001907	0.015783	9.3
984	-1.065534	150.918388	0.007066	10.0
985	-1.206350	150.834992	0.013000	8.5
986	-1.011074	150.751719	0.007915	10.8
987	-1.218982	150.668569	0.012471	15.4
988	-0.456671	150.585541	0.003219	12.7
989	-1.327089	150.502634	0.011840	8.3
990	-0.307992	150.419849	0.005048	10.4
991	-1.496619	150.337186	0.010813	8.0
992	-1.326387	150.254644	0.013637	8.9
993	-1.291102	150.172222	0.015370	8.1
994	-1.517831	150.089921	0.007798	11.1
995	-1.375082	150.007740	0.011140	8.6
996	-1.518439	149.925679	0.011120	8.0
997	-1.364143	149.843737	0.006271	9.7
998	-0.874995	149.761915	0.013914	9.0
999	-1.469583	149.680212	0.009421	10.6
1000	-1.235781	149.598627	0.005259	9.0
1001	-1.246192	149.517161	0.010583	9.7
1002	-1.136509	149.435814	0.008469	10.2
1003	-1.466493	149.354584	0.014535	9.1
1004	-0.875627	149.273472	0.011332	10.4
1005	-0.451416	149.192477	0.004544	8.7
1006	-1.550827	149.111599	0.011098	12.2
1007	-1.280544	149.030838	0.005835	10.2
1008	-1.579915	148.950194	0.017060	8.5
1009	-1.162179	148.869666	0.010772	11.4
1010	-0.134737	148.789253	0.001963	12.8
1011	-0.565624	148.708957	0.010560	8.7
1012	-0.960693	148.628776	0.010377	11.1
1013	-1.396305	148.548710	0.005842	8.5
1014	-0.605669	148.468759	0.008106	11.0
1015	-0.868471	148.388923	0.007577	12.2
1016	-1.155098	148.309201	0.010861	9.2
1017	-1.540191	148.229594	0.007005	8.3
1018	-0.997593	148.150100	0.003924	11.2
1019	-1.457925	148.070719	0.008974	9.0
1020	-1.371461	147.991452	0.009403	10.3
1021	-1.301720	147.912298	0.005062	9.5
1022	-0.402056	147.833257	0.006141	11.3
1023	-1.148421	147.754329	0.022282	10.0
1024	-1.157250	147.675512	0.003803	9.0
1025	-0.259113	147.596808	0.004229	8.8
1026	-1.306182	147.518216	0.008358	9.3
1027	-0.740242	147.439735	0.007015	8.7
1028	-0.547732	147.361365	0.006330	8.1
1029	-1.190427	147.283106	0.017994	10.0
1030	-0.934845	147.204958	0.010038	11.4
1031	-1.584017	147.126920	0.010794	9.8
1032	-1.584701	147.048993	0.013948	9.5
1033	-0.426657	146.971175	0.009333	8.7
1034	-0.238410	146.893468	0.002862	9.1
1035	-1.422436	146.815869	0.007722	13.2
1036	-0.492983	146.738380	0.009700	8.8
1037	-0.761121	146.661000	0.012564	8.8
1038	-1.427252	146.583729	0.017403	9.4
1039	-1.535604	146.506566	0.013950	10.0
1040	-1.456896	146.429511	0.016406	9.5
1041	-1.312430	146.352565	0.008723	9.3
1042	-0.628619	146.275726	0.008895	10.1
1043	-0.743405	146.198994	0.012315	10.0
1044	-1.080671	146.122370	0.006853	9.5
1045	-1.383077	146.045853	0.007855	8.5
1046	-0.426272	145.969442	0.006185	9.0
1047	-0.922689	145.893139	0.007445	12.1
1048	-0.174806	145.816941	0.002868	9.5
1049	-1.472653	145.740849	0.012481	8.4
1050	-0.896080	145.664863	0.006676	8.9
1051	-0.592170	145.588983	0.007898	10.5
1052	-1.604941	145.513208	0.017508	11.2
1053	-1.306033	145.437538	0.012173	8.2
1054	-0.058274	145.361973	0.000354	8.4
1055	-1.154675	145.286513	0.010844	7.7
1056	-1.280771	145.211157	0.013493	10.5
1057	-0.811351	145.135905	0.007821	8.5
1058	-1.222536	145.060757	0.003174	11.2
1059	-0.491921	144.985712	0.004511	9.6
1060	-1.424092	144.910771	0.018319	9.4
1061	-1.552243	144.835934	0.015722	9.8
1062	-0.474344	144.761199	0.004602	9.0
1063	-0.096934	144.686567	0.001278	7.7
1064	-1.495058	144.612037	0.017022	13.2
1065	-1.093049	144.537610	0.008995	8.2
1066	-0.403375	144.463285	0.003111	9.3
1067	-1.273218	144.389062	0.020870	9.3
1068	-1.032947	144.314940	0.014290	10.6
1069	-1.405179	144.240920	0.012799	8.7
1070	-0.690306	144.167001	0.005821	9.1
1071	-1.297308	144.093182	0.016515	8.1
1072	-0.143100	144.019465	0.001923	13.8
1073	-1.462481	143.945848	0.015923	13.9
1074	-1.456727	143.872331	0.012230	10.6
1075	-1.069310	143.798914	0.008328	15.5
1076	-1.053839	143.725597	0.010106	13.1
1077	-0.431752	143.652380	0.007695	9.0
1078	-1.408521	143.579262	0.012081	11.5
1079	-0.403167	143.506243	0.007447	14.4
1080	-0.949777	143.433323	0.007131	10.7
1081	-1.002875	143.360502	0.007187	10.2
1082	-1.224198	143.287780	0.010450	11.5
1083	-1.366832	143.215155	0.016302	12.2
1084	-1.620473	143.142629	0.010257	9.6
1085	-0.760322	143.070201	0.007493	9.6
1086	-0.503591	142.997870	0.004997	9.7
1087	-1.385460	142.925637	0.011535	8.7
1088	-1.296074	142.853501	0.009463	9.4
1089	-1.608025	142.781462	0.017433	13.6
1090	-1.518395	142.709519	0.009523	8.9
1091	-1.246561	142.637674	0.010521	9.6
1092	-1.311187	142.565924	0.009307	9.9
1093	-0.903671	142.494271	0.013989	9.6
1094	-0.160463	142.422714	0.002495	10.0
1095	-1.586210	142.351252	0.011716	8.9
1096	-1.509061	142.279886	0.011445	8.2
1097	-1.577947	142.208616	0.012241	10.1
1098	-1.417206	142.137440	0.012162	9.5
1099	-1.491792	142.066360	0.013988	10.4
1100	-0.628151	141.995374	0.004014	8.8
1101	-1.147765	141.924483	0.013214	15.1
1102	-0.954175	141.853685	0.010091	13.7
1103	-0.558158	141.782983	0.002583	7.5
1104	-1.225102	141.712373	0.007127	8.5
1105	-1.296250	141.641858	0.014687	11.6
1106	-1.585524	141.571436	0.008875	8.8
1107	-0.927126	141.501108	0.009378	8.1
1108	-1.083334	141.430872	0.005436	8.2
1109	-1.469297	141.360730	0.008208	8.1
1110	-1.165279	141.290680	0.007837	11.6
1111	-0.850599	141.220722	0.013578	8.2
1112	-1.145567	141.150857	0.017953	8.6
1113	-1.369330	141.081084	0.032653	8.6
1114	-1.010252	141.011403	0.009983	8.4
1115	-1.436910	140.941813	0.023807	11.3
1116	-0.847802	140.872315	0.006807	9.4
1117	-0.603403	140.802909	0.004795	7.9
1118	-1.614978	140.733593	0.008314	8.9
1119	-1.270405	140.664369	0.011186	10.6
1120	-0.821972	140.595235	0.005639	8.9
1121	-1.584279	140.526192	0.013906	9.5
1122	-1.234856	140.457239	0.018627	9.1
1123	-1.583923	140.388376	0.011731	9.0
1124	-1.252733	140.319603	0.005941	9.9
1125	-0.209427	140.250920	0.005634	9.7
1126	-0.609516	140.182326	0.002747	8.1
1127	-1.546351	140.113822	0.018600	9.0
1128	-1.244166	140.045407	0.009188	12.1
1129	-0.991688	139.977081	0.007186	8.3
1130	-1.467096	139.908844	0.024475	8.8
1131	-1.533019	139.840696	0.015066	9.0
1132	-1.155760	139.772635	0.005425	11.1
1133	-0.033226	139.704664	0.000177	9.2
1134	-1.422455	139.636780	0.017398	8.1
1135	-0.807682	139.568984	0.007608	9.1
1136	-1.504938	139.501276	0.007758	10.6
1137	-1.446735	139.433655	0.006735	9.3
1138	-0.430413	139.366122	0.010066	7.9
1139	-1.413175	139.298676	0.016751	8.6
1140	-1.350553	139.231317	0.014067	8.0
1141	-1.245816	139.164045	0.011494	11.4
1142	-0.146241	139.096859	0.003027	10.0
1143	-1.546237	139.029760	0.025955	8.3
1144	-1.363491	138.962747	0.012371	9.1
1145	-1.552762	138.895820	0.009713	11.0
1146	-0.389407	138.828978	0.006208	9.0
1147	-0.958653	138.762223	0.007772	8.6
1148	-0.243908	138.695553	0.004035	8.6
1149	-0.182496	138.628969	0.002266	12.2
1150	-1.545839	138.562469	0.012693	9.1
1151	-0.614385	138.496055	0.002424	11.7
1152	-0.768071	138.429725	0.005374	11.1
1153	-0.643636	138.363481	0.002226	9.3
1154	-0.985805	138.297320	0.008547	13.1
1155	-0.866918	138.231244	0.005162	9.3
1156	-0.972992	138.165252	0.003780	10.8
1157	-0.937586	138.099344	0.005019	10.1
1158	-1.500498	138.033520	0.012351	9.1
1159	-0.809592	137.967779	0.009469	9.5
1160	-1.602805	137.902122	0.011212	9.9
1161	-1.072475	137.836548	0.007845	8.4
1162	-1.037004	137.771057	0.003000	9.7
1163	-0.768557	137.705649	0.008329	9.5
1164	-0.631216	137.640324	0.010767	10.5
1165	-1.319640	137.575081	0.013901	9.0
1166	-1.410493	137.509921	0.013256	10.8
1167	-0.562888	137.444842	0.007411	9.5
1168	-0.432523	137.379846	0.007195	10.4
1169	-1.348545	137.314932	0.014661	10.5
1170	-0.684564	137.250100	0.004549	9.2
1171	-0.160655	137.185349	0.001882	9.4
1172	-0.473556	137.120680	0.004141	10.8
1173	-0.227666	137.056092	0.002942	9.1
1174	-1.388883	136.991585	0.010638	9.4
1175	-1.355183	136.927158	0.013414	9.3
1176	-0.275879	136.862813	0.004173	10.5
1177	-0.731006	136.798548	0.009607	9.6
1178	-1.463798	136.734363	0.012609	8.2
1179	-0.499257	136.670259	0.011342	9.2
1180	-0.327003	136.606235	0.003484	9.2
1181	-0.456087	136.542291	0.008349	12.8
1182	-1.297033	136.478426	0.005669	11.1
1183	-0.335394	136.414641	0.003036	9.1
1184	-0.261693	136.350936	0.004427	11.1
1185	-1.147952	136.287310	0.008441	10.0
1186	-0.858900	136.223763	0.007509	9.1
1187	-1.517182	136.160295	0.020178	8.8
1188	-0.936086	136.096905	0.014276	11.3
1189	-0.640617	136.033594	0.005948	12.5
1190	-0.792365	135.970362	0.009829	15.6
1191	-0.706506	135.907208	0.009033	16.3
1192	-1.263132	135.844133	0.019223	13.7
1193	-0.413005	135.781135	0.001388	12.9
1194	-1.496679	135.718215	0.012940	15.9
1195	-0.621872	135.655373	0.003873	11.9
1196	-0.831064	135.592608	0.006898	13.8
1197	-1.147359	135.529921	0.006145	8.4
1198	-0.428057	135.467311	0.003613	10.4
1199	-0.726713	135.404778	0.007307	10.0
1200	-0.581193	135.342322	0.007634	8.0
1201	-1.248457	135.279942	0.018051	8.4
1202	-0.434531	135.217640	0.007040	11.2
1203	-1.436691	135.155413	0.006369	10.4
1204	-1.295649	135.093263	0.012820	9.0
1205	-1.507322	135.031190	0.010470	10.3
1206	-0.756975	134.969192	0.009892	11.0
1207	-1.614614	134.907270	0.018059	9.3
1208	-0.995343	134.845424	0.018711	9.4
1209	-1.213349	134.783653	0.010091	14.0
1210	-0.358462	134.721958	0.005763	12.4
1211	-1.520086	134.660338	0.013127	11.3
1212	-1.435961	134.598793	0.013875	8.0
1213	-1.572801	134.537323	0.017342	9.1
1214	-0.659824	134.475927	0.010199	9.1
1215	-1.248531	134.414607	0.011342	8.8
1216	-1.086465	134.353361	0.007213	10.8
1217	-0.921896	134.292189	0.006850	6.8
1218	-1.243540	134.231092	0.016179	8.4
1219	-0.695289	134.170068	0.006228	7.9
1220	-0.791376	134.109119	0.017085	11.1
1221	-1.438810	134.048243	0.017291	8.3
1222	-1.504802	133.987441	0.013546	9.4
1223	-0.649219	133.926713	0.006544	8.2
1224	-0.082468	133.866057	0.001505	8.1
1225	-1.369537	133.805475	0.015220	11.9
1226	-0.591416	133.744966	0.004456	7.5
1227	-1.359206	133.684530	0.008599	8.3
1228	-0.882769	133.624167	0.007379	8.5
1229	-1.431071	133.563877	0.007385	10.2
1230	-0.330035	133.503658	0.003380	8.3
1231	-1.424026	133.443513	0.011804	8.6
1232	-0.111186	133.383439	0.001796	8.8
1233	-1.175052	133.323437	0.007595	8.4
1234	-1.007114	133.263508	0.006767	13.3
1235	-1.390843	133.203650	0.017203	8.8
1236	-0.059559	133.143864	0.000488	8.1
1237	-0.048798	133.084149	0.000382	7.7
1238	-1.347249	133.024506	0.013125	10.2
1239	-1.627837	132.964934	0.019995	8.1
1240	-1.276993	132.905433	0.009144	12.7
1241	-0.706382	132.846003	0.002623	8.3
1242	-1.045606	132.786643	0.007331	12.0
1243	-1.263311	132.727355	0.020366	9.1
1244	-0.425399	132.668137	0.010386	8.8
1245	-0.506979	132.608989	0.011226	8.5
1246	-1.497011	132.549912	0.014785	9.9
1247	-1.172951	132.490904	0.011050	14.9
1248	-0.939354	132.431967	0.006229	15.5
1249	-1.596150	132.373100	0.019439	14.3
1250	-0.131040	132.314302	0.001105	14.6
1251	-1.501966	132.255574	0.006453	9.4
1252	-0.826074	132.196916	0.011217	7.8
1253	-1.168747	132.138326	0.004904	10.4
1254	-1.545142	132.079806	0.013624	7.9
1255	-1.598247	132.021355	0.019810	8.9
1256	-1.569647	131.962973	0.011785	8.0
1257	-1.125706	131.904660	0.016944	8.2
1258	-1.360491	131.846415	0.005013	9.7
1259	-0.330130	131.788239	0.003296	8.6
1260	-1.248187	131.730131	0.008482	9.3
1261	-0.465101	131.672092	0.003982	7.9
1262	-0.457986	131.614121	0.002579	8.0
1263	-0.480953	131.556217	0.011766	10.8
1264	-0.162238	131.498382	0.001247	8.6
1265	-0.710952	131.440614	0.007524	9.1
1266	-0.620449	131.382914	0.004754	8.8
1267	-0.495433	131.325282	0.010162	10.4
1268	-0.646151	131.267717	0.012798	9.2
1269	-0.804463	131.210219	0.019165	8.4
1270	-1.519683	131.152788	0.016504	8.0
1271	-1.440628	131.095424	0.013718	8.0
1272	-1.424532	131.038127	0.014598	11.4
1273	-1.071818	130.980897	0.007981	9.2
1274	-1.417470	130.923733	0.014073	8.3
1275	-0.906579	130.866636	0.010612	8.0
1276	-0.478443	130.809605	0.010510	10.5
1277	-1.187325	130.752641	0.003779	9.4
1278	-1.039585	130.695742	0.007352	8.0
1279	-1.336346	130.638910	0.012115	8.3
1280	-0.705282	130.582143	0.009356	7.9
1281	-0.928905	130.525442	0.008998	11.8
1282	-0.923626	130.468807	0.009364	8.2
1283	-0.769353	130.412237	0.015197	9.2
1284	-1.018035	130.355733	0.004833	8.0
1285	-1.604374	130.299294	0.024461	10.1
1286	-0.746779	130.242920	0.007561	9.7
1287	-0.452549	130.186611	0.007547	8.7
1288	-1.536907	130.130366	0.018253	8.8
1289	-0.577126	130.074187	0.016538	8.9
1290	-1.546104	130.018072	0.010986	10.1
1291	-1.018994	129.962022	0.011019	9.5
1292	-1.603060	129.906036	0.010971	7.9
1293	-0.985632	129.850114	0.006270	8.5
1294	-1.595596	129.794257	0.015154	10.8
1295	-1.278260	129.738463	0.007363	9.6
1296	-1.574283	129.682734	0.015109	8.3
1297	-0.424474	129.627068	0.004037	8.1
1298	-1.520821	129.571466	0.013415	10.7
1299	-0.756827	129.515927	0.006018	9.6
1300	-1.300476	129.460452	0.014363	9.2
1301	-1.494433	129.405040	0.012755	8.8
1302	-0.735809	129.349692	0.011121	9.2
1303	-1.435987	129.294406	0.010413	9.1
1304	-1.284919	129.239183	0.006228	9.7
1305	-0.782502	129.184024	0.004819	8.5
1306	-1.346930	129.128927	0.011101	8.6
1307	-1.451329	129.073892	0.020172	12.4
1308	-1.522759	129.018921	0.014656	12.6
1309	-1.177102	128.964011	0.007713	9.0
1310	-1.538231	128.909164	0.009340	9.2
1311	-1.204215	128.854379	0.008726	8.7
1312	-1.282773	128.799656	0.006717	10.0
1313	-1.052401	128.744995	0.012128	9.3
1314	-1.468446	128.690396	0.009050	8.9
1315	-0.542869	128.635858	0.008356	16.5
1316	-1.457758	128.581382	0.009662	44.5
1317	-1.514515	128.526968	0.007377	12.9
1318	-0.565173	128.472615	0.009456	13.1
1319	-1.223753	128.418323	0.011966	18.4
1320	-1.477279	128.364092	0.025409	10.7
1321	-1.348778	128.309922	0.009632	8.0
1322	-0.006404	128.255814	0.000141	9.5
1323	-0.574264	128.201766	0.008340	9.8
1324	-1.586237	128.147778	0.017749	10.0
1325	-1.209027	128.093852	0.008963	7.7
1326	-1.357039	128.039985	0.007459	8.3
1327	-1.235876	127.986180	0.018354	8.6
1328	-0.601983	127.932434	0.002149	12.2
1329	-1.029258	127.878749	0.003661	10.3
1330	-0.551650	127.825123	0.005061	7.8
1331	-0.561276	127.771558	0.010248	8.3
1332	-0.529829	127.718052	0.008995	14.8
1333	-0.943537	127.664606	0.007255	11.2
1334	-0.982314	127.611220	0.006588	9.9
1335	-0.898499	127.557893	0.008204	11.5
1336	-0.972059	127.504625	0.005653	8.6
1337	-0.771422	127.451417	0.006029	10.8
1338	-1.567144	127.398268	0.010764	12.2
1339	-0.950463	127.345178	0.006204	11.8
1340	-0.356224	127.292147	0.005011	7.7
1341	-0.800653	127.239175	0.008795	8.8
1342	-0.883498	127.186261	0.013518	8.3
1343	-0.355384	127.133407	0.002512	11.0
1344	-0.955211	127.080610	0.010430	11.6
1345	-0.453274	127.027872	0.009197	10.0
1346	-1.453433	126.975193	0.013417	11.0
1347	-0.739779	126.922572	0.007138	10.3
1348	-1.381845	126.870008	0.007950	10.5
1349	-0.575950	126.817503	0.005396	11.2
1350	-0.639959	126.765056	0.004938	8.9
1351	-0.498167	126.712667	0.007813	10.8
1352	-0.248385	126.660335	0.003794	9.6
1353	-0.786227	126.608061	0.009720	13.3
1354	-0.531113	126.555844	0.012116	7.9
1355	-0.950890	126.503685	0.003688	11.7
1356	-1.367577	126.451583	0.017241	14.7
1357	-1.496200	126.399538	0.018853	9.4
1358	-1.063868	126.347550	0.012014	13.7
1359	-0.391428	126.295619	0.006605	8.6
1360	-1.201658	126.243745	0.011086	9.9
1361	-0.644017	126.191928	0.007720	8.6
1362	-0.950805	126.140168	0.005276	10.2
1363	-0.313183	126.088464	0.002109	9.0
1364	-1.416760	126.036817	0.009063	9.5
1365	-0.937582	125.985226	0.012544	8.6
1366	-1.549997	125.933691	0.010444	8.2
1367	-1.395194	125.882212	0.012208	13.9
1368	-1.535586	125.830790	0.010895	9.0
1369	-0.653221	125.779423	0.004103	7.7
1370	-0.316284	125.728113	0.001301	8.8
1371	-1.167320	125.676858	0.004478	12.3
1372	-1.542358	125.625659	0.017533	9.4
1373	-1.681463	125.574515	0.016808	10.9
1374	-1.207095	125.523427	0.008964	11.5
1375	-0.986159	125.472394	0.004222	9.0
1376	-0.452865	125.421417	0.003169	10.2
1377	-1.490348	125.370495	0.010059	8.0
1378	-1.477672	125.319628	0.006253	8.9
1379	-0.629483	125.268815	0.006359	13.8
1380	-1.316703	125.218058	0.009739	8.5
1381	-0.795416	125.167356	0.006232	8.5
1382	-1.361013	125.116708	0.010677	9.3
1383	-1.403069	125.066115	0.006706	9.6
1384	-1.553037	125.015576	0.006470	8.8
1385	-1.308443	124.965092	0.010395	8.5
1386	-0.673522	124.914662	0.012177	8.7
1387	-0.626569	124.864287	0.005825	10.6
1388	-1.191811	124.813965	0.005021	10.0
1389	-0.906573	124.763698	0.010549	8.5
1390	-1.276563	124.713485	0.010616	8.6
1391	-1.278882	124.663325	0.003802	9.9
1392	-0.878600	124.613219	0.015358	8.5
1393	-0.630375	124.563167	0.006453	8.7
1394	-1.470084	124.513168	0.013599	11.9
1395	-1.451889	124.463223	0.023921	11.3
1396	-1.499285	124.413332	0.007767	9.7
1397	-0.791681	124.363493	0.004292	11.4
1398	-0.652927	124.313708	0.012141	8.4
1399	-0.782393	124.263976	0.002577	10.2
1400	-0.930772	124.214297	0.015796	10.1
1401	-1.535400	124.164671	0.015270	9.3
1402	-0.512320	124.115097	0.003541	8.3
1403	-1.500779	124.065577	0.007397	9.4
1404	-0.981344	124.016109	0.009233	13.9
1405	-0.661400	123.966693	0.006878	8.4
1406	-1.045849	123.917330	0.005644	8.6
1407	-1.117531	123.868020	0.009902	9.2
1408	-1.524862	123.818762	0.027831	9.2
1409	-0.669170	123.769556	0.003904	8.7
1410	-1.370526	123.720402	0.008513	8.5
1411	-1.443267	123.671300	0.012085	9.1
1412	-1.477048	123.622250	0.009063	10.5
1413	-0.972814	123.573252	0.011435	9.0
1414	-0.064721	123.524305	0.000592	8.3
1415	-1.456747	123.475411	0.017461	8.0
1416	-0.818429	123.426568	0.004637	10.3
1417	-0.369431	123.377776	0.007473	9.0
1418	-1.449288	123.329036	0.011992	8.2
1419	-1.491680	123.280347	0.010188	8.2
1420	-1.240004	123.231709	0.008823	8.2
1421	-1.435005	123.183122	0.006996	11.3
1422	-1.227036	123.134587	0.021763	8.6
1423	-1.245876	123.086102	0.009480	8.2
1424	-1.033128	123.037669	0.010190	8.8
1425	-1.389406	122.989286	0.019273	11.5
1426	-0.811218	122.940954	0.002560	8.9
1427	-1.316439	122.892672	0.012736	8.6
1428	-0.608792	122.844441	0.007459	8.4
1429	-0.212941	122.796261	0.001814	8.5
1430	-1.435146	122.748130	0.012174	10.8
1431	-1.508586	122.700050	0.017980	9.0
1432	-1.181370	122.652021	0.010000	10.0
1433	-0.661907	122.604041	0.008100	8.4
1434	-1.236642	122.556111	0.009079	11.0
1435	-1.074147	122.508232	0.013002	9.4
1436	-1.375418	122.460402	0.011946	8.8
1437	-1.498420	122.412622	0.012309	8.1
1438	-1.193250	122.364891	0.013507	11.6
1439	-0.946041	122.317210	0.006921	7.8
1440	-0.721369	122.269579	0.010655	7.9
1441	-1.354294	122.221997	0.008911	8.7
1442	-0.763913	122.174465	0.005094	10.3
1443	-1.589061	122.126981	0.017755	8.5
1444	-1.065505	122.079547	0.005866	9.3
1445	-1.578823	122.032162	0.008258	7.8
1446	-0.818636	121.984826	0.006984	8.3
1447	-0.693718	121.937539	0.005231	12.3
1448	-0.825202	121.890301	0.012502	7.8
1449	-0.874171	121.843112	0.006750	8.1
1450	-0.347852	121.795971	0.002995	7.9
1451	-0.799252	121.748879	0.011354	10.6
1452	-0.398076	121.701835	0.002786	7.9
1453	-0.416580	121.654840	0.006238	9.0
1454	-1.265175	121.607893	0.010513	8.4
1455	-0.388662	121.560994	0.008839	8.6
1456	-1.363899	121.514144	0.014241	15.7
1457	-0.603339	121.467342	0.004025	8.1
1458	-1.180097	121.420588	0.013432	8.4
1459	-1.577768	121.373882	0.016898	9.1
1460	-0.985323	121.327223	0.009442	10.7
1461	-1.403975	121.280613	0.009215	8.8
1462	-0.837660	121.234050	0.007783	7.7
1463	-0.750633	121.187535	0.003737	8.8
1464	-1.426277	121.141067	0.013904	10.7
1465	-1.426077	121.094647	0.015281	8.7
1466	-1.522521	121.048274	0.018026	9.4
1467	-1.624888	121.001949	0.014404	8.0
1468	-1.463298	120.955671	0.017056	10.8
1469	-1.431262	120.909440	0.006676	7.5
1470	-0.724864	120.863256	0.007381	8.1
1471	-1.456003	120.817119	0.010047	8.2
1472	-1.149570	120.771029	0.010578	9.0
1473	-1.531325	120.724986	0.009150	10.4
1474	-0.922195	120.678990	0.011111	9.3
1475	-1.017226	120.633040	0.014514	7.9
1476	-1.504428	120.587137	0.009474	8.0
1477	-0.734753	120.541281	0.011571	9.2
1478	-1.371487	120.495471	0.006825	11.1
1479	-1.393453	120.449707	0.012219	8.2
1480	-0.900581	120.403990	0.012548	8.2
1481	-0.957486	120.358319	0.004745	8.3
1482	-1.310918	120.312694	0.003991	10.6
1483	-0.711896	120.267115	0.012079	7.3
1484	-0.445866	120.221582	0.011913	9.5
1485	-1.525730	120.176096	0.007413	7.7
1486	-0.661158	120.130655	0.003434	7.8
1487	-1.558047	120.085260	0.009110	11.7
1488	-1.389955	120.039910	0.007815	8.1
1489	-1.118577	119.994606	0.010742	7.9
1490	-1.301630	119.949348	0.005992	8.1
1491	-0.586138	119.904135	0.006429	8.8
1492	-1.267128	119.858968	0.023238	9.8
1493	-1.332212	119.813846	0.018923	9.3
1494	-0.747939	119.768769	0.008351	7.6
1495	-0.374451	119.723738	0.008462	8.9
1496	-1.357701	119.678752	0.013110	8.5
1497	-0.866348	119.633810	0.006631	10.9
1498	-0.344996	119.588914	0.002521	8.4
1499	-1.434580	119.544062	0.011511	8.7
1500	-0.304403	119.499256	0.003461	8.4
1501	-1.456912	119.454494	0.009807	9.8
1502	-1.551165	119.409777	0.008264	8.9
1503	-1.135795	119.365104	0.007187	8.6
1504	-0.484896	119.320476	0.009535	9.6
1505	-1.086488	119.275893	0.008671	13.5
1506	-1.246447	119.231353	0.006040	12.7
1507	-0.874804	119.186859	0.003702	14.9
1508	-0.841965	119.142408	0.009062	12.7
1509	-1.440405	119.098002	0.007889	12.4
1510	-1.505379	119.053639	0.013191	13.3
1511	-0.722661	119.009321	0.004939	13.0
1512	-1.325376	118.965047	0.010470	13.1
1513	-1.018499	118.920816	0.004531	13.2
1514	-1.013836	118.876630	0.007990	13.7
1515	-0.446798	118.832487	0.005508	8.1
1516	-0.377647	118.788388	0.001754	8.6
1517	-0.755168	118.744332	0.009610	11.1
1518	-0.520445	118.700320	0.009122	8.5
1519	-0.639193	118.656352	0.007824	8.8
1520	-1.021638	118.612427	0.003291	7.8
1521	-0.644156	118.568545	0.008212	9.9
1522	-1.421341	118.524706	0.007200	8.3
1523	-0.671278	118.480911	0.007268	8.9
1524	-0.495466	118.437159	0.003819	8.6
1525	-1.496395	118.393450	0.009498	8.4
1526	-1.129053	118.349784	0.012148	10.7
1527	-0.424338	118.306160	0.008495	8.0
1528	-0.556865	118.262580	0.007480	7.5
1529	-1.169877	118.219042	0.009827	8.1
1530	-0.260804	118.175548	0.003755	10.3
1531	-1.482951	118.132095	0.012059	8.1
1532	-1.225046	118.088686	0.015791	8.9
1533	-0.469050	118.045319	0.002144	7.5
1534	-0.669782	118.001994	0.015103	8.6
1535	-1.258478	117.958712	0.011228	10.2
1536	-1.379776	117.915472	0.010056	8.8
1537	-1.316994	117.872274	0.005929	8.3
1538	-1.382750	117.829118	0.010763	7.7
1539	-0.287752	117.786005	0.002191	10.9
1540	-1.547194	117.742933	0.016657	8.5
1541	-1.047789	117.699904	0.009193	8.6
1542	-0.675501	117.656916	0.013262	7.7
1543	-1.151171	117.613971	0.011437	8.1
1544	-0.463093	117.571067	0.009359	9.7
1545	-0.449058	117.528205	0.008894	9.4
1546	-0.671580	117.485384	0.003444	7.6
1547	-0.934159	117.442605	0.008249	8.8
1548	-0.893282	117.399867	0.004379	8.6
1549	-0.093865	117.357171	0.001428	10.7
1550	-1.392665	117.314517	0.011472	8.0
1551	-1.570960	117.271903	0.012253	8.0
1552	-1.462970	117.229331	0.025757	7.8
1553	-0.195944	117.186800	0.002820	10.3
1554	-0.355863	117.144311	0.002943	8.0
1555	-1.075721	117.101862	0.008338	10.2
1556	-0.659376	117.059454	0.009242	8.2
1557	-0.583275	117.017087	0.008228	7.7
1558	-0.914854	116.974762	0.012981	11.0
1559	-1.398011	116.932476	0.008343	7.9
1560	-1.547145	116.890232	0.014550	8.2
1561	-1.551223	116.848028	0.005259	8.4
1562	-0.384328	116.805865	0.005690	10.6
1563	-1.278669	116.763743	0.008194	7.7
1564	-1.516639	116.721661	0.008904	8.5
1565	-1.039444	116.679619	0.015465	8.9
1566	-0.835637	116.637618	0.010950	8.3
1567	-1.315907	116.595657	0.006386	10.6
1568	-1.168236	116.553736	0.014434	8.8
1569	-0.714864	116.511855	0.007951	7.3
1570	-1.567071	116.470015	0.015638	7.6
1571	-1.163801	116.428214	0.005200	11.4
1572	-1.512378	116.386454	0.008725	9.3
1573	-0.223264	116.344733	0.002253	11.1
1574	-0.999567	116.303052	0.010959	8.2
1575	-1.509322	116.261412	0.016917	10.0
1576	-1.516332	116.219810	0.011028	8.3
1577	-1.376602	116.178249	0.011775	8.8
1578	-1.561530	116.136727	0.016181	9.2
1579	-1.294133	116.095245	0.008538	7.7
1580	-1.183711	116.053802	0.003569	12.5
1581	-1.543646	116.012398	0.022584	7.5
1582	-1.452988	115.971034	0.013137	8.5
1583	-0.592253	115.929710	0.009414	8.7
1584	-0.947846	115.888424	0.007996	10.3
1585	-0.612299	115.847178	0.006945	8.3
1586	-0.840707	115.805970	0.002864	8.1
1587	-1.448006	115.764802	0.008242	8.5
1588	-0.745295	115.723673	0.004634	7.5
1589	-0.574225	115.682583	0.009096	10.5
1590	-1.062217	115.641532	0.005734	9.0
1591	-1.419711	115.600519	0.010949	7.7
1592	-1.081287	115.559546	0.004194	7.3
1593	-1.498684	115.518610	0.009979	8.8
1594	-0.500599	115.477714	0.004319	10.3
1595	-0.856779	115.436856	0.003864	8.6
1596	-0.363608	115.396037	0.003452	8.5
1597	-1.234621	115.355256	0.006400	6.8
1598	-1.488262	115.314514	0.012670	8.1
1599	-0.517807	115.273810	0.001724	10.4
1600	-1.068347	115.233144	0.009479	8.3
1601	-0.654211	115.192517	0.006760	9.5
1602	-1.376741	115.151927	0.012241	7.7
1603	-0.715489	115.111376	0.004783	8.0
1604	-0.465082	115.070863	0.007173	11.1
1605	-0.605148	115.030388	0.009757	8.5
1606	-0.846057	114.989951	0.009315	7.7
1607	-0.995271	114.949551	0.008411	8.0
1608	-1.394909	114.909190	0.016329	10.9
1609	-1.210291	114.868866	0.004751	7.9
1610	-1.499532	114.828580	0.016888	8.5
1611	-0.831282	114.788332	0.010111	8.0
1612	-1.136997	114.748121	0.013768	8.1
1613	-0.598865	114.707948	0.002598	10.0
1614	-0.087423	114.667812	0.000756	8.6
1615	-1.524808	114.627714	0.015828	9.5
1616	-0.774483	114.587653	0.010769	8.1
1617	-0.958710	114.547629	0.004137	7.7
1618	-1.456120	114.507643	0.013021	10.3
1619	-0.834010	114.467693	0.015805	8.2
1620	-1.480447	114.427781	0.016193	8.6
1621	-0.524499	114.387907	0.006801	8.0
1622	-0.247366	114.348069	0.004547	10.4
1623	-1.550037	114.308268	0.010282	9.4
1624	-1.489698	114.268504	0.006564	7.8
1625	-0.563215	114.228777	0.008072	8.7
1626	-0.247543	114.189086	0.002582	7.7
1627	-1.508056	114.149433	0.019559	11.1
1628	-0.766640	114.109816	0.006046	7.7
1629	-1.510315	114.070235	0.012944	9.1
1630	-0.330073	114.030692	0.005395	8.6
1631	-1.427911	113.991185	0.007168	10.0
1632	-1.512144	113.951714	0.009656	9.3
1633	-1.383381	113.912280	0.010982	8.6
1634	-0.822179	113.872882	0.011009	7.9
1635	-1.273590	113.833521	0.013341	7.6
1636	-0.612318	113.794195	0.007965	10.9
1637	-1.547791	113.754906	0.009103	8.3
1638	-0.516998	113.715653	0.006404	8.0
1639	-1.577573	113.676437	0.010125	7.7
1640	-0.917704	113.637256	0.004873	8.6
1641	-0.686538	113.598111	0.006265	10.1
1642	-0.071312	113.559002	0.001103	8.6
1643	-1.338645	113.519929	0.008149	8.1
1644	-0.852680	113.480892	0.008028	9.5
1645	-0.599439	113.441891	0.004375	7.7
1646	-1.362674	113.402925	0.008105	10.7
1647	-0.863236	113.363995	0.008548	7.5
1648	-0.865253	113.325101	0.011721	9.4
1649	-0.499456	113.286242	0.012389	7.9
1650	-0.083423	113.247419	0.001101	10.5
1651	-1.492989	113.208631	0.014615	8.9
1652	-1.247748	113.169879	0.012321	7.5
1653	-1.448908	113.131162	0.013460	8.0
1654	-1.621614	113.092480	0.011471	7.8
1655	-1.270214	113.053833	0.009448	10.0
1656	-1.293828	113.015222	0.010997	8.1
1657	-1.468275	112.976646	0.025148	9.8
1658	-1.466832	112.938105	0.008301	7.6
1659	-0.790571	112.899599	0.015121	8.3
1660	-1.413692	112.861128	0.013096	10.7
1661	-1.514101	112.822692	0.024610	8.1
1662	-1.277231	112.784291	0.017278	9.0
1663	-0.000000	112.745924	0.000000	7.9
1664	-1.292175	112.707593	0.010576	11.1
1665	-0.995364	112.669296	0.007260	8.6
1666	-0.952146	112.631034	0.015092	8.2
1667	-1.288088	112.592806	0.006737	8.2
1668	-0.959321	112.554613	0.005580	9.2
1669	-1.498511	112.516455	0.008438	10.1
1670	-0.829759	112.478331	0.009974	10.0
1671	-1.556617	112.440241	0.018606	8.1
1672	-1.221291	112.402186	0.009351	7.7
1673	-1.195098	112.364165	0.008718	10.9
1674	-0.758022	112.326179	0.003483	9.2
1675	-0.927531	112.288227	0.008336	9.0
1676	-0.830517	112.250309	0.007385	8.2
1677	-1.657447	112.212425	0.011438	8.0
1678	-0.547506	112.174575	0.008768	10.8
1679	-1.190666	112.136759	0.011597	8.8
1680	-1.282323	112.098977	0.008693	8.3
1681	-0.944171	112.061229	0.004507	8.2
1682	-1.627622	112.023515	0.012211	10.9
1683	-0.169027	111.985834	0.001629	8.3
1684	-0.673515	111.948188	0.008990	8.7
1685	-0.768829	111.910575	0.008652	8.0
1686	-0.158745	111.872996	0.001153	7.8
1687	-0.380918	111.835450	0.003003	10.1
1688	-0.575072	111.797939	0.008875	9.1
1689	-0.605609	111.760460	0.010250	8.0
1690	-1.578995	111.723015	0.011705	7.9
1691	-1.233296	111.685604	0.004843	8.1
1692	-0.659526	111.648226	0.006846	10.1
1693	-1.544338	111.610881	0.008272	8.3
1694	-0.841562	111.573570	0.006716	9.3
1695	-0.379000	111.536292	0.007964	7.7
1696	-0.000018	111.499047	0.000007	8.2
1697	-1.291887	111.461835	0.013325	11.2
1698	-0.328479	111.424656	0.003134	6.8
1699	-0.273605	111.387510	0.003461	8.7
1700	-0.565392	111.350398	0.006145	8.1
1701	-1.010231	111.313318	0.014273	10.6
1702	-0.767311	111.276271	0.003452	7.9
1703	-0.474039	111.239257	0.003011	9.1
1704	-1.506769	111.202276	0.014836	7.8
1705	-1.019726	111.165328	0.012766	8.6
1706	-1.476214	111.128412	0.018566	9.6
1707	-1.540165	111.091529	0.020972	8.8
1708	-0.807124	111.054679	0.005864	7.8
1709	-1.431457	111.017861	0.015079	8.1
1710	-1.265980	110.981076	0.003994	8.2
1711	-1.608301	110.944323	0.010575	9.9
1712	-1.413089	110.907603	0.012750	8.7
1713	-1.471150	110.870915	0.008074	9.5
1714	-1.383160	110.834259	0.005307	8.1
1715	-1.318939	110.797636	0.010581	7.5
1716	-1.090576	110.761045	0.005408	12.1
1717	-1.441788	110.724486	0.011134	7.7
1718	-1.107190	110.687959	0.005404	8.2
1719	-0.693358	110.651465	0.014255	7.9
1720	-1.541674	110.615002	0.013099	10.5
1721	-0.952029	110.578572	0.009690	8.1
1722	-0.478123	110.542173	0.003832	7.7
1723	-1.041210	110.505807	0.013548	8.2
1724	-0.788175	110.469472	0.003358	9.4
1725	-1.018326	110.433169	0.006317	11.1
1726	-1.460206	110.396898	0.008091	9.0
1727	-0.562555	110.360659	0.004585	7.9
1728	-1.487024	110.324451	0.014147	7.8
1729	-1.259280	110.288276	0.010403	10.7
1730	-0.944535	110.252131	0.010093	8.3
1731	-0.633901	110.216019	0.007371	9.0
1732	-1.585166	110.179937	0.012073	8.7
1733	-0.553291	110.143888	0.009661	8.2
1734	-1.364093	110.107869	0.009464	9.3
1735	-0.407487	110.071882	0.007075	8.9
1736	-0.555654	110.035927	0.007428	8.2
1737	-0.783644	110.000003	0.007314	8.4
1738	-0.700994	109.964110	0.009508	11.0
1739	-0.527310	109.928248	0.010160	8.5
1740	-0.929558	109.892417	0.017531	7.8
1741	-1.373304	109.856618	0.010566	8.6
1742	-1.218582	109.820850	0.008238	8.4
1743	-0.174561	109.785112	0.002567	9.9
1744	-0.371921	109.749406	0.005709	9.7
1745	-0.687891	109.713730	0.005475	9.0
1746	-1.478872	109.678086	0.015799	8.4
1747	-1.618003	109.642472	0.007321	7.7
1748	-0.103710	109.606890	0.001441	10.7
1749	-1.262649	109.571337	0.011972	7.7
1750	-0.642652	109.535816	0.015007	9.0
1751	-0.921972	109.500326	0.005508	8.7
1752	-1.340999	109.464866	0.009424	10.3
1753	-1.422114	109.429436	0.009993	8.6
1754	-1.603733	109.394038	0.012489	7.4
1755	-1.234137	109.358669	0.012334	8.5
1756	-0.417168	109.323331	0.001466	7.6
1757	-1.538685	109.288024	0.011632	10.2
1758	-0.450745	109.252747	0.007392	7.9
1759	-1.545047	109.217501	0.012140	8.2
1760	-1.162954	109.182284	0.011407	8.3
1761	-0.989687	109.147098	0.007806	7.9
1762	-1.478658	109.111942	0.010699	10.4
1763	-1.406293	109.076817	0.006039	8.3
1764	-1.558821	109.041721	0.010616	7.6
1765	-0.113548	109.006656	0.000715	7.7
1766	-1.601846	108.971620	0.017938	7.9
1767	-1.370100	108.936615	0.014231	10.1
1768	-0.882479	108.901640	0.013988	7.9
1769	-0.681163	108.866694	0.007521	8.9
1770	-1.564434	108.831779	0.016086	8.4
1771	-1.387577	108.796893	0.014821	8.3
1772	-0.112673	108.762037	0.001954	10.2
1773	-0.738892	108.727211	0.011924	8.4
1774	-0.790471	108.692415	0.006978	8.1
1775	-0.008775	108.657648	0.000799	7.7
1776	-1.262504	108.622911	0.013384	11.0
1777	-0.223713	108.588203	0.002629	7.7
1778	-1.513103	108.553525	0.008957	8.8
1779	-1.509965	108.518877	0.009918	8.4
1780	-1.299371	108.484258	0.009649	7.8
1781	-1.286991	108.449668	0.016665	10.4
1782	-0.589600	108.415108	0.006755	9.1
1783	-1.392123	108.380578	0.010724	8.2
1784	-1.117254	108.346076	0.010739	8.5
1785	-1.133664	108.311604	0.007845	8.5
1786	-0.394020	108.277161	0.002516	9.8
1787	-1.521842	108.242747	0.008291	7.5
1788	-1.032188	108.208363	0.018880	9.0
1789	-0.525261	108.174007	0.009717	8.3
1790	-1.499774	108.139681	0.008202	10.8
1791	-0.941535	108.105383	0.010785	8.9
1792	-0.847643	108.071115	0.010887	8.2
1793	-0.183048	108.036875	0.002339	8.4
1794	-1.008982	108.002665	0.008547	7.5
1795	-0.761742	107.968483	0.004532	10.0
1796	-1.065203	107.934330	0.011481	8.0
1797	-0.661921	107.900206	0.006035	8.9
1798	-1.393466	107.866111	0.010394	8.1
1799	-1.354735	107.832044	0.004891	9.5
1800	-0.785694	107.798007	0.008673	7.5
1801	-0.648315	107.763997	0.011031	8.9
1802	-1.113194	107.730017	0.007672	7.9
1803	-0.766699	107.696065	0.009209	7.9
1804	-1.115941	107.662141	0.018882	10.6
1805	-0.687178	107.628246	0.011684	8.3
1806	-0.886990	107.594379	0.007302	8.3
1807	-1.261831	107.560541	0.018857	9.7
1808	-0.174333	107.526731	0.002123	9.3
1809	-1.179815	107.492949	0.007460	10.5
1810	-0.699490	107.459196	0.005548	8.5
1811	-1.255429	107.425471	0.009406	8.0
1812	-0.887041	107.391774	0.003683	7.5
1813	-0.797256	107.358106	0.003910	10.5
1814	-1.227830	107.324465	0.006409	8.6
1815	-1.008655	107.290853	0.015799	8.7
1816	-1.224338	107.257268	0.009403	7.9
1817	-1.536696	107.223712	0.011933	8.5
1818	-1.536859	107.190184	0.009033	10.2
1819	-0.645014	107.156683	0.010652	9.6
1820	-1.585953	107.123211	0.016446	8.5
1821	-1.492420	107.089766	0.008402	7.7
1822	-1.467874	107.056349	0.014914	8.1
1823	-1.579395	107.022960	0.006107	10.6
1824	-1.506473	106.989599	0.013808	8.0
1825	-0.499687	106.956265	0.003188	8.1
1826	-0.643730	106.922960	0.006991	8.8
1827	-1.327943	106.889681	0.009229	9.9
1828	-1.334102	106.856431	0.008626	8.3
1829	-1.561217	106.823208	0.028003	8.8
1830	-1.306121	106.790012	0.009643	7.4
1831	-1.435656	106.756844	0.007226	8.2
1832	-0.139813	106.723703	0.001154	9.5
1833	-1.356020	106.690590	0.009636	8.6
1834	-1.508417	106.657505	0.014688	7.6
1835	-1.444664	106.624446	0.012421	8.1
1836	-1.384820	106.591415	0.007084	7.8
1837	-1.218744	106.558411	0.011279	9.8
1838	-1.179347	106.525435	0.012457	8.1
1839	-0.810568	106.492485	0.005885	9.8
1840	-1.142272	106.459563	0.011047	8.1
1841	-1.349526	106.426668	0.007454	9.0
1842	-1.398714	106.393800	0.005766	10.8
1843	-0.417741	106.360959	0.005506	8.7
1844	-1.147210	106.328145	0.007720	8.0
1845	-0.194821	106.295358	0.001226	8.2
1846	-0.483459	106.262598	0.010888	10.5
1847	-1.606863	106.229865	0.009813	8.7
1848	-0.832859	106.197158	0.009801	8.5
1849	-0.859016	106.164479	0.003075	8.5
1850	-0.699227	106.131826	0.008339	8.7
1851	-1.280448	106.099201	0.013351	11.1
1852	-0.598592	106.066602	0.005677	6.8
1853	-0.828824	106.034029	0.006224	8.0
1854	-0.943390	106.001483	0.009181	8.5
1855	-1.216263	105.968964	0.011334	10.9
1856	-1.543421	105.936472	0.014575	8.6
1857	-1.611706	105.904006	0.015455	8.6
1858	-0.521540	105.871566	0.006019	8.3
1859	-1.314876	105.839153	0.012603	7.7
1860	-1.535614	105.806767	0.014278	10.6
1861	-1.073195	105.774407	0.005729	8.7
1862	-0.628580	105.742073	0.008737	8.5
1863	-0.713977	105.709766	0.009135	8.7
1864	-1.470707	105.677485	0.004941	10.4
1865	-1.171602	105.645230	0.007217	8.3
1866	-0.282170	105.613001	0.004275	6.9
1867	-0.145339	105.580799	0.000793	9.0
1868	-1.252433	105.548623	0.009294	8.2
1869	-1.576670	105.516473	0.019141	10.2
1870	-0.662584	105.484349	0.007929	8.8
1871	-0.804366	105.452251	0.009069	7.6
1872	-0.829419	105.420179	0.009233	7.5
1873	-1.314892	105.388133	0.016106	8.2
1874	-0.711206	105.356113	0.004117	10.8
1875	-1.419311	105.324119	0.007227	8.1
1876	-0.598390	105.292151	0.004278	8.5
1877	-1.500446	105.260209	0.014421	7.5
1878	-0.960732	105.228293	0.003405	9.0
1879	-0.707196	105.196402	0.010518	9.8
1880	-1.332425	105.164537	0.012033	9.7
1881	-1.058171	105.132698	0.016937	7.9
1882	-1.582333	105.100885	0.012779	7.7
1883	-0.715779	105.069097	0.007135	9.3
1884	-0.532620	105.037335	0.006295	10.1
1885	-0.615749	105.005598	0.007610	9.2
1886	-1.064556	104.973887	0.004796	8.1
1887	-0.492711	104.942202	0.006468	8.2
1888	-1.432324	104.910542	0.012451	10.4
1889	-1.584946	104.878907	0.015961	9.8
1890	-0.604051	104.847298	0.008976	7.9
1891	-1.562017	104.815715	0.023745	11.2
1892	-0.078973	104.784156	0.000694	9.8
1893	-0.866049	104.752623	0.011063	8.5
1894	-0.804082	104.721116	0.006557	8.4
1895	-0.579715	104.689633	0.007828	8.0
1896	-0.772038	104.658176	0.005914	7.7
1897	-0.319117	104.626744	0.005360	10.4
1898	-1.037847	104.595337	0.008234	8.3
1899	-0.711163	104.563955	0.005600	8.3
1900	-1.459019	104.532599	0.013556	8.2
1901	-0.822727	104.501267	0.003553	8.6
1902	-1.321091	104.469960	0.005441	10.5
1903	-1.083939	104.438679	0.005170	7.8
1904	-0.859696	104.407422	0.005443	8.5
1905	-0.553417	104.376191	0.007844	7.9
1906	-0.679438	104.344984	0.005083	9.2
1907	-1.615183	104.313802	0.015617	8.5
1908	-1.593305	104.282645	0.013528	8.2
1909	-1.662090	104.251513	0.013058	8.3
1910	-0.868960	104.220405	0.004224	8.8
1911	-0.727074	104.189323	0.008500	11.9
1912	-0.111770	104.158265	0.001356	8.6
1913	-1.507721	104.127231	0.009731	8.4
1914	-0.674915	104.096222	0.007169	7.5
1915	-1.405461	104.065238	0.010839	10.4
1916	-1.122537	104.034279	0.007284	7.2
1917	-1.561443	104.003344	0.025450	9.6
1918	-0.824942	103.972433	0.009538	8.3
1919	-1.117321	103.941547	0.008618	8.7
1920	-0.735061	103.910686	0.012128	13.3
1921	-1.003591	103.879849	0.010657	8.0
1922	-1.238433	103.849036	0.012795	7.8
1923	-0.081954	103.818248	0.000817	6.2
1924	-0.677176	103.787484	0.005835	9.1
1925	-0.528747	103.756744	0.003560	8.0
1926	-1.487305	103.726029	0.006336	9.7
1927	-0.881866	103.695338	0.005211	7.5
1928	-0.453985	103.664671	0.005775	8.8
1929	-1.596470	103.634028	0.007956	10.9
1930	-0.309787	103.603409	0.001766	8.9
1931	-0.260812	103.572814	0.004649	8.3
1932	-0.882834	103.542244	0.006015	8.6
1933	-1.376562	103.511698	0.017060	11.3
1934	-1.388233	103.481175	0.019325	7.5
1935	-0.975079	103.450677	0.009069	7.8
1936	-0.541767	103.420202	0.001610	7.3
1937	-1.506473	103.389752	0.010137	8.1
1938	-1.318047	103.359325	0.007994	10.1
1939	-0.605618	103.328922	0.005293	9.5
1940	-0.605059	103.298543	0.009202	8.0
1941	-1.600648	103.268188	0.011459	8.1
1942	-0.509614	103.237857	0.005852	9.3
1943	-1.169558	103.207549	0.011164	10.5
1944	-0.290696	103.177265	0.002564	8.2
1945	-0.916282	103.147005	0.005479	9.2
1946	-1.243096	103.116768	0.010328	10.2
1947	-1.537300	103.086556	0.010720	10.7
1948	-0.962478	103.056366	0.006019	7.7
1949	-0.882870	103.026200	0.010079	8.4
1950	-1.320981	102.996058	0.016759	7.7
1951	-1.033279	102.965939	0.007553	12.6
1952	-0.744411	102.935844	0.007254	9.8
1953	-0.686118	102.905772	0.003984	7.8
1954	-1.133152	102.875724	0.007908	8.7
1955	-0.994428	102.845699	0.005507	7.8
1956	-1.420670	102.815697	0.012228	10.5
1957	-1.115117	102.785719	0.007082	8.8
1958	-0.924986	102.755764	0.003478	9.0
1959	-0.584730	102.725832	0.011628	8.3
1960	-0.947780	102.695924	0.006557	10.7
1961	-1.533681	102.666038	0.009406	10.3
1962	-0.579014	102.636176	0.006081	8.0
1963	-1.494206	102.606337	0.014962	7.7
1964	-1.600048	102.576521	0.012793	8.2
1965	-0.618642	102.546728	0.004166	10.9
1966	-0.613171	102.516959	0.008890	9.3
1967	-1.565182	102.487212	0.016633	8.1
1968	-1.562401	102.457488	0.009451	7.8
1969	-1.543019	102.427788	0.007945	10.5
1970	-0.757395	102.398110	0.010538	9.5
1971	-1.562933	102.368455	0.005206	8.2
1972	-1.182935	102.338823	0.005667	8.4
1973	-1.476945	102.309214	0.016951	7.9
1974	-1.660541	102.279628	0.015646	10.5
1975	-0.550351	102.250064	0.003589	7.7
1976	-1.266148	102.220524	0.011977	8.5
1977	-1.509320	102.191006	0.009867	8.0
1978	-0.468186	102.161511	0.004702	11.4
1979	-1.134040	102.132038	0.006701	12.0
1980	-1.477737	102.102588	0.011743	8.9
1981	-0.687507	102.073161	0.002157	8.1
1982	-0.686658	102.043757	0.006343	9.2
1983	-1.491382	102.014375	0.009508	8.0
1984	-1.603363	101.985015	0.010703	7.6
1985	-1.193579	101.955678	0.006789	8.9
1986	-0.506061	101.926364	0.004163	9.4
1987	-0.571491	101.897072	0.007491	10.2
1988	-0.724679	101.867802	0.010313	9.2
1989	-1.438832	101.838555	0.008533	8.1
1990	-1.248893	101.809330	0.006280	7.8
1991	-0.857787	101.780128	0.015633	8.4
1992	-0.548695	101.750948	0.005144	10.9
1993	-1.566758	101.721790	0.007685	9.2
1994	-1.346813	101.692654	0.008740	9.7
1995	-0.782251	101.663541	0.012686	11.9
1996	-1.584079	101.634450	0.010793	9.0
1997	-0.639077	101.605381	0.012604	8.9
1998	-0.550089	101.576335	0.006830	7.8
1999	-1.357540	101.547310	0.017239	7.7
