1:ItNr	2:Metric	3:StepSize	4:||Gradient||	Time[ms]
0	-0.281167	627.201626	0.001830	673.8
1	-1.703512	623.504937	0.022207	8.1
2	-1.363467	619.865785	0.010795	10.3
3	-0.366737	616.282728	0.004499	8.8
4	-1.156572	612.754375	0.007756	8.9
5	-1.738076	609.279381	0.023619	8.5
6	-0.572925	605.856447	0.016978	7.5
7	-0.784257	602.484317	0.012460	8.5
8	-1.466203	599.161779	0.022737	8.9
9	-1.369991	595.887656	0.015384	10.8
10	-0.686653	592.660813	0.009908	11.3
11	-0.270271	589.480151	0.006066	11.7
12	-1.837106	586.344606	0.030792	11.1
13	-1.339557	583.253145	0.026684	13.8
14	-1.183902	580.204771	0.010878	10.1
15	-0.411722	577.198517	0.013331	13.8
16	-1.467763	574.233444	0.033705	15.9
17	-1.726483	571.308645	0.008749	13.1
18	-0.373457	568.423237	0.006659	13.4
19	-1.664351	565.576365	0.022475	12.3
20	-1.622139	562.767201	0.015296	17.6
21	-1.348707	559.994938	0.014064	11.2
22	-1.464875	557.258797	0.012957	9.5
23	-0.225376	554.558018	0.001464	9.4
24	-0.990951	551.891865	0.005804	10.5
25	-0.956580	549.259621	0.006940	13.8
26	-0.555568	546.660592	0.008391	12.0
27	-1.857373	544.094102	0.019024	10.3
28	-0.295850	541.559494	0.003406	15.4
29	-0.811513	539.056129	0.008957	15.9
30	-1.761637	536.583387	0.030457	14.4
31	-1.894548	534.140663	0.008183	20.1
32	-0.789548	531.727370	0.010197	11.7
33	-1.052786	529.342935	0.006875	16.1
34	-1.014211	526.986802	0.008842	21.6
35	-0.328766	524.658430	0.001350	10.9
36	-0.314353	522.357290	0.003794	8.7
37	-0.892277	520.082868	0.009368	8.3
38	-0.458243	517.834665	0.005466	8.1
39	-0.416442	515.612193	0.006833	8.9
40	-0.893500	513.414976	0.011998	9.2
41	-0.981683	511.242551	0.007550	8.6
42	-1.101245	509.094468	0.010013	7.8
43	-1.601823	506.970285	0.015497	7.4
44	-0.699715	504.869574	0.006979	8.1
45	-1.088655	502.791916	0.009059	8.3
46	-1.464214	500.736903	0.010846	8.6
47	-0.228283	498.704137	0.003089	7.9
48	-0.497582	496.693228	0.005285	9.0
49	-0.944525	494.703798	0.010523	8.0
50	-0.349119	492.735476	0.005382	8.4
51	-0.653787	490.787900	0.010793	10.2
52	-0.565230	488.860718	0.011368	10.1
53	-0.310058	486.953585	0.003449	8.3
54	-1.325699	485.066164	0.015752	13.9
55	-1.818765	483.198126	0.024810	9.3
56	-1.561508	481.349149	0.024081	16.7
57	-0.167931	479.518920	0.002844	13.8
58	-0.826908	477.707132	0.006568	14.8
59	-1.242094	475.913485	0.011103	15.6
60	-1.305583	474.137684	0.013416	10.4
61	-1.285514	472.379445	0.017747	13.9
62	-1.038349	470.638485	0.007310	14.4
63	-1.441048	468.914531	0.005277	18.9
64	-0.942909	467.207315	0.009855	15.4
65	-0.034440	465.516573	0.000329	16.0
66	-1.869912	463.842050	0.016442	13.0
67	-0.857138	462.183494	0.014406	12.9
68	-0.560680	460.540658	0.005730	8.6
69	-0.520307	458.913303	0.006762	9.9
70	-0.654808	457.301192	0.007382	8.6
71	-0.364361	455.704096	0.008416	9.2
72	-0.515221	454.121787	0.015967	8.8
73	-1.758077	452.554045	0.020035	10.2
74	-1.613509	451.000653	0.019497	11.1
75	-0.512177	449.461399	0.009629	8.8
76	-1.835539	447.936075	0.023313	11.3
77	-0.644984	446.424477	0.005300	8.7
78	-1.603270	444.926406	0.014434	9.1
79	-1.353588	443.441666	0.008224	8.9
80	-1.065644	441.970065	0.014844	9.3
81	-0.638380	440.511415	0.002691	13.3
82	-1.737158	439.065533	0.027088	13.1
83	-0.375374	437.632238	0.010473	9.4
84	-1.316098	436.211351	0.017127	9.7
85	-1.509831	434.802701	0.023504	9.4
86	-0.529783	433.406117	0.012178	9.0
87	-1.485713	432.021430	0.015518	9.5
88	-1.915349	430.648479	0.025409	9.4
89	-0.845610	429.287101	0.005912	9.5
90	-0.497744	427.937140	0.008243	9.4
91	-1.344350	426.598440	0.028732	8.4
92	-1.267208	425.270849	0.019649	13.0
93	-1.853396	423.954220	0.012476	10.8
94	-1.401033	422.648404	0.011943	8.8
95	-0.558294	421.353259	0.006639	10.4
96	-0.325519	420.068643	0.004115	8.7
97	-1.333619	418.794419	0.008112	10.0
98	-1.293928	417.530451	0.010374	15.3
99	-1.386891	416.276604	0.013842	9.5
100	-1.096699	415.032748	0.010880	8.5
101	-1.334635	413.798754	0.013983	9.0
102	-0.977979	412.574495	0.015387	9.7
103	-1.365472	411.359849	0.014379	13.9
104	-1.134836	410.154691	0.007389	15.1
105	-1.504498	408.958904	0.033969	15.9
106	-0.220549	407.772368	0.005358	10.6
107	-1.558457	406.594968	0.025595	11.9
108	-1.485156	405.426590	0.013191	8.6
109	-1.451723	404.267122	0.037716	10.6
110	-1.108650	403.116456	0.014486	9.3
111	-0.149366	401.974481	0.003320	8.7
112	-1.001293	400.841093	0.003868	9.1
113	-1.374854	399.716187	0.014444	9.2
114	-0.741885	398.599660	0.008394	8.9
115	-0.491145	397.491411	0.004307	10.5
116	-0.474255	396.391342	0.004816	11.8
117	-0.735403	395.299353	0.004907	9.6
118	-0.290004	394.215350	0.002620	9.1
119	-1.243849	393.139238	0.015625	8.8
120	-0.847180	392.070924	0.003291	9.2
121	-1.125411	391.010316	0.007914	8.3
122	-1.611553	389.957325	0.026947	16.6
123	-1.829567	388.911862	0.032628	12.8
124	-1.200760	387.873839	0.012897	13.1
125	-1.730795	386.843173	0.039076	18.3
126	-0.865658	385.819777	0.009345	21.6
127	-0.321161	384.803569	0.005244	10.8
128	-1.405151	383.794468	0.022088	16.1
129	-1.477523	382.792393	0.009176	8.3
130	-1.610474	381.797264	0.005847	8.2
131	-1.566326	380.809005	0.035517	10.3
132	-0.719648	379.827537	0.003307	9.5
133	-1.629752	378.852786	0.014003	8.4
134	-1.181267	377.884678	0.014002	9.9
135	-0.746638	376.923138	0.005578	8.7
136	-1.444462	375.968095	0.018917	8.1
137	-0.893062	375.019479	0.003074	9.6
138	-1.248349	374.077218	0.010469	8.2
139	-1.767822	373.141244	0.012329	8.3
140	-0.597401	372.211489	0.005647	8.6
141	-0.985795	371.287887	0.010438	8.8
142	-1.565670	370.370370	0.017030	8.2
143	-0.565907	369.458876	0.005472	7.9
144	-0.354127	368.553338	0.013299	14.3
145	-0.874620	367.653696	0.010786	8.3
146	-1.941892	366.759885	0.005990	8.7
147	-1.603606	365.871846	0.011577	9.9
148	-0.522214	364.989518	0.005119	10.0
149	-0.185578	364.112841	0.002459	9.2
150	-0.188957	363.241757	0.002876	9.8
151	-1.760760	362.376208	0.023032	11.3
152	-1.197186	361.516137	0.008920	11.0
153	-0.760430	360.661488	0.011013	14.6
154	-1.303957	359.812206	0.010776	13.2
155	-1.026730	358.968236	0.005375	19.0
156	-1.328904	358.129524	0.012282	13.0
157	-0.511751	357.296018	0.010131	13.5
158	-0.686386	356.467665	0.005213	14.0
159	-1.553796	355.644414	0.026751	11.4
160	-1.813155	354.826213	0.020325	16.2
161	-1.602608	354.013012	0.012025	15.5
162	-1.269915	353.204763	0.015810	14.3
163	-0.289796	352.401415	0.002157	11.5
164	-0.921130	351.602922	0.015162	12.9
165	-1.126025	350.809235	0.004244	14.6
166	-1.126778	350.020308	0.006863	11.9
167	-1.579507	349.236095	0.010293	8.9
168	-0.229492	348.456550	0.001380	7.5
169	-1.325555	347.681627	0.010783	8.7
170	-1.755063	346.911283	0.016131	13.5
171	-1.276191	346.145474	0.007614	12.4
172	-0.215893	345.384157	0.002508	12.2
173	-0.437709	344.627288	0.006471	18.3
174	-1.338405	343.874826	0.021588	11.0
175	-0.962133	343.126729	0.020379	10.0
176	-0.226958	342.382957	0.003036	17.0
177	-0.406485	341.643469	0.008773	17.3
178	-0.235265	340.908224	0.004743	14.6
179	-1.628659	340.177184	0.017871	14.2
180	-1.105633	339.450309	0.015657	17.8
181	-1.356384	338.727561	0.025897	16.4
182	-1.171000	338.008902	0.008315	10.1
183	-1.277453	337.294295	0.011705	16.8
184	-1.429880	336.583703	0.020051	14.8
185	-1.755848	335.877089	0.032789	15.3
186	-0.929104	335.174416	0.006097	10.6
187	-0.658489	334.475651	0.010656	16.6
188	-0.946029	333.780756	0.011348	12.5
189	-1.568894	333.089698	0.014215	9.8
190	-1.963944	332.402443	0.015154	8.9
191	-0.987548	331.718955	0.008842	15.1
192	-1.759314	331.039203	0.020467	24.1
193	-0.530754	330.363153	0.003378	16.7
194	-1.299178	329.690771	0.012358	11.4
195	-1.826450	329.022027	0.020244	13.1
196	-1.782318	328.356888	0.015461	15.4
197	-1.549369	327.695322	0.014125	11.3
198	-0.476064	327.037299	0.003739	9.0
199	-0.925001	326.382787	0.017905	12.0
200	-1.362256	325.731758	0.010255	14.0
201	-1.075851	325.084179	0.001625	12.4
202	-0.591978	324.440023	0.009897	10.2
203	-1.293053	323.799258	0.019047	10.1
204	-0.532274	323.161858	0.009825	10.3
205	-1.686576	322.527792	0.011780	10.0
206	-1.358001	321.897034	0.015276	11.9
207	-1.235921	321.269554	0.013135	14.1
208	-0.245767	320.645325	0.003305	8.7
209	-0.193595	320.024320	0.002498	12.8
210	-1.747370	319.406512	0.024310	10.0
211	-1.438608	318.791875	0.013993	8.8
212	-1.558786	318.180381	0.009213	10.7
213	-0.929288	317.572005	0.009969	9.9
214	-0.879468	316.966721	0.006318	9.1
215	-1.578463	316.364504	0.017978	9.0
216	-1.325547	315.765329	0.008449	14.6
217	-0.464113	315.169170	0.001857	10.6
218	-0.233629	314.576003	0.001487	12.1
219	-1.314592	313.985804	0.011490	11.8
220	-1.788955	313.398548	0.023323	9.0
221	-1.630906	312.814213	0.017355	13.2
222	-1.720497	312.232773	0.011489	8.8
223	-1.348656	311.654207	0.007010	11.3
224	-0.513119	311.078491	0.007318	10.6
225	-0.783835	310.505602	0.011842	8.2
226	-0.359796	309.935518	0.002271	8.8
227	-1.295316	309.368217	0.018474	8.2
228	-0.892467	308.803676	0.007685	8.4
229	-1.596909	308.241874	0.020194	7.8
230	-0.489457	307.682789	0.010249	7.7
231	-1.842060	307.126400	0.027281	10.7
232	-1.832436	306.572687	0.033471	7.8
233	-1.560006	306.021627	0.020564	12.8
234	-1.413392	305.473201	0.018437	10.7
235	-1.523444	304.927388	0.006056	7.8
236	-0.253482	304.384168	0.004924	10.3
237	-0.619436	303.843521	0.004598	12.8
238	-0.952056	303.305427	0.007000	14.4
239	-1.318145	302.769867	0.013802	19.0
240	-0.475279	302.236821	0.020590	17.5
241	-0.832578	301.706270	0.002356	12.9
242	-0.727907	301.178196	0.006685	13.0
243	-0.614411	300.652580	0.010266	10.5
244	-1.854945	300.129402	0.014729	9.4
245	-1.820172	299.608645	0.007545	8.6
246	-1.450619	299.090291	0.029836	12.6
247	-1.964978	298.574321	0.018482	9.7
248	-0.706066	298.060718	0.006226	9.3
249	-1.535681	297.549465	0.013238	12.6
250	-1.724758	297.040543	0.014713	16.7
251	-0.574698	296.533936	0.004025	12.0
252	-1.086698	296.029626	0.015756	15.9
253	-0.399739	295.527597	0.008606	16.8
254	-1.270934	295.027832	0.011228	10.1
255	-1.544581	294.530315	0.009512	10.2
256	-1.773988	294.035028	0.022573	9.1
257	-1.023514	293.541956	0.005289	8.2
258	-1.612912	293.051083	0.013081	10.4
259	-1.894216	292.562393	0.014193	9.0
260	-0.079505	292.075870	0.000677	9.4
261	-1.737535	291.591498	0.009548	8.3
262	-1.896222	291.109263	0.013454	9.6
263	-0.905625	290.629149	0.011710	8.8
264	-1.461495	290.151140	0.011034	8.3
265	-1.811481	289.675222	0.015099	10.1
266	-1.709182	289.201380	0.030655	8.8
267	-1.067245	288.729600	0.005870	10.2
268	-1.094091	288.259866	0.010943	20.2
269	-1.049277	287.792165	0.006403	10.8
270	-0.481094	287.326481	0.009639	9.5
271	-1.246561	286.862802	0.008640	10.1
272	-1.405751	286.401113	0.029750	9.4
273	-0.477860	285.941400	0.006758	10.9
274	-1.969989	285.483649	0.026761	8.3
275	-1.182445	285.027847	0.009717	9.3
276	-0.624325	284.573981	0.002377	8.8
277	-1.860595	284.122037	0.012625	8.7
278	-0.803238	283.672002	0.009926	8.3
279	-1.035180	283.223863	0.005220	11.8
280	-1.227709	282.777607	0.011455	13.9
281	-0.672050	282.333221	0.003216	12.4
282	-1.497596	281.890692	0.010529	11.9
283	-1.744507	281.450008	0.014347	19.4
284	-1.462531	281.011157	0.008105	41.5
285	-1.801577	280.574125	0.023640	40.4
286	-0.588656	280.138901	0.005004	16.9
287	-0.187170	279.705473	0.001495	25.9
288	-0.280706	279.273829	0.003873	15.0
289	-1.015930	278.843956	0.007734	12.9
290	-0.916255	278.415844	0.006545	19.1
291	-0.553380	277.989479	0.007444	14.2
292	-1.370357	277.564851	0.013259	9.9
293	-0.523498	277.141949	0.013515	12.2
294	-1.829490	276.720761	0.016984	10.8
295	-1.813943	276.301275	0.012500	9.1
296	-0.545536	275.883480	0.004709	8.3
297	-1.441868	275.467366	0.009251	9.4
298	-0.678740	275.052922	0.015651	9.5
299	-2.058421	274.640136	0.008734	11.2
300	-1.173094	274.228998	0.015076	8.3
301	-1.674108	273.819497	0.019950	7.8
302	-1.695032	273.411623	0.010739	9.3
303	-0.355175	273.005365	0.004258	8.7
304	-0.565442	272.600712	0.004248	8.4
305	-1.693781	272.197655	0.009792	11.5
306	-1.842847	271.796184	0.010482	10.6
307	-1.771574	271.396287	0.014988	8.3
308	-0.378884	270.997956	0.001598	9.0
309	-1.469280	270.601180	0.007170	8.5
310	-1.352630	270.205949	0.008760	9.2
311	-1.846109	269.812254	0.018436	10.5
312	-0.515154	269.420085	0.006651	8.8
313	-0.812824	269.029432	0.005766	10.4
314	-1.374641	268.640287	0.007601	16.2
315	-0.642258	268.252638	0.017493	17.7
316	-1.572942	267.866478	0.025067	17.1
317	-1.696830	267.481796	0.032626	14.8
318	-1.766492	267.098584	0.023501	11.7
319	-1.592634	266.716833	0.010944	11.7
320	-0.541152	266.336533	0.003374	7.0
321	-1.265576	265.957676	0.006145	8.1
322	-0.655112	265.580253	0.005856	8.9
323	-1.707960	265.204254	0.016722	10.0
324	-0.565958	264.829672	0.002585	11.7
325	-0.282893	264.456497	0.005993	13.0
326	-1.238790	264.084721	0.006899	13.5
327	-1.601254	263.714335	0.026083	12.5
328	-1.116303	263.345332	0.005508	9.0
329	-0.336538	262.977702	0.008379	8.4
330	-1.825721	262.611438	0.008884	7.9
331	-1.227603	262.246531	0.013790	8.4
332	-1.880454	261.882973	0.014779	7.5
333	-1.097454	261.520756	0.010937	7.9
334	-0.727847	261.159871	0.004801	7.7
335	-0.373386	260.800312	0.008577	8.3
336	-0.342206	260.442070	0.003763	7.3
337	-0.381125	260.085137	0.002837	8.0
338	-1.178939	259.729505	0.023583	8.2
339	-1.574735	259.375167	0.014403	8.0
340	-0.218425	259.022116	0.003441	7.8
341	-0.965333	258.670343	0.014990	8.5
342	-0.179732	258.319841	0.001298	10.1
343	-1.757825	257.970602	0.018488	9.0
344	-0.349053	257.622620	0.003224	9.5
345	-0.453630	257.275887	0.015066	9.4
346	-1.827589	256.930396	0.009101	9.1
347	-1.495608	256.586139	0.013364	10.5
348	-1.471871	256.243109	0.021132	9.3
349	-1.919696	255.901300	0.010241	10.5
350	-1.172837	255.560703	0.011212	9.1
351	-0.863401	255.221313	0.018189	8.8
352	-0.760878	254.883122	0.005990	11.4
353	-0.203117	254.546124	0.003455	9.6
354	-1.738860	254.210311	0.022560	15.9
355	-0.312084	253.875677	0.001835	13.4
356	-0.512090	253.542215	0.002106	10.9
357	-1.175797	253.209918	0.011486	15.6
358	-0.509859	252.878781	0.012158	9.2
359	-0.830455	252.548795	0.006435	16.4
360	-1.162193	252.219956	0.011886	12.6
361	-1.473315	251.892255	0.010669	11.3
362	-0.978703	251.565688	0.010677	15.8
363	-1.398170	251.240247	0.010601	15.4
364	-0.197288	250.915926	0.001875	20.6
365	-0.595662	250.592720	0.008324	9.9
366	-1.167904	250.270621	0.016434	10.6
367	-1.739423	249.949624	0.009954	10.1
368	-0.889500	249.629723	0.009429	9.3
369	-1.866265	249.310911	0.019384	9.9
370	-1.729800	248.993182	0.021118	8.8
371	-0.557363	248.676531	0.010841	9.6
372	-1.019417	248.360952	0.003541	9.3
373	-1.549734	248.046438	0.022592	14.5
374	-1.694699	247.732984	0.020557	13.1
375	-1.708236	247.420584	0.017798	16.7
376	-1.435982	247.109233	0.005818	9.3
377	-0.669343	246.798924	0.003851	11.4
378	-1.585100	246.489652	0.019707	10.3
379	-0.398523	246.181412	0.003497	8.8
380	-0.567447	245.874197	0.011540	8.6
381	-1.767650	245.568002	0.039090	8.8
382	-1.917857	245.262822	0.018551	8.1
383	-1.865900	244.958652	0.009119	8.7
384	-1.347277	244.655485	0.013833	8.0
385	-0.704198	244.353317	0.008063	10.4
386	-1.628295	244.052142	0.026594	8.1
387	-1.739675	243.751955	0.020856	10.6
388	-1.269764	243.452750	0.004944	9.3
389	-0.699354	243.154523	0.005009	10.1
390	-0.953446	242.857268	0.024723	9.8
391	-0.668032	242.560980	0.010076	9.6
392	-0.908797	242.265654	0.012740	9.3
393	-1.292984	241.971285	0.006831	9.1
394	-1.872223	241.677868	0.011719	9.0
395	-1.655123	241.385397	0.014528	10.5
396	-1.708982	241.093869	0.010861	8.0
397	-1.038330	240.803278	0.006521	9.9
398	-1.918725	240.513619	0.015356	9.0
399	-0.367123	240.224887	0.003919	8.5
400	-1.800717	239.937077	0.010805	13.6
401	-1.469273	239.650186	0.008215	10.0
402	-0.294284	239.364207	0.002683	9.7
403	-0.280366	239.079136	0.001816	8.6
404	-1.951264	238.794969	0.012136	7.9
405	-1.447718	238.511701	0.015058	8.9
406	-0.377664	238.229327	0.004553	9.2
407	-1.187461	237.947843	0.013598	15.2
408	-1.618592	237.667244	0.021840	16.6
409	-1.336209	237.387526	0.006508	14.2
410	-1.260993	237.108684	0.018662	10.5
411	-0.026335	236.830714	0.000528	9.6
412	-1.947578	236.553610	0.014439	8.4
413	-0.631080	236.277370	0.006273	7.4
414	-0.498688	236.001989	0.008569	8.3
415	-1.784597	235.727461	0.023286	8.1
416	-1.010404	235.453784	0.017782	8.0
417	-0.493257	235.180952	0.008712	7.7
418	-1.792073	234.908962	0.028468	8.0
419	-0.417628	234.637809	0.005145	8.0
420	-1.339315	234.367488	0.017489	7.7
421	-0.462830	234.097997	0.006830	7.5
422	-1.688650	233.829331	0.009303	7.8
423	-1.675781	233.561485	0.011763	8.4
424	-1.231242	233.294456	0.013018	8.0
425	-1.844653	233.028239	0.006238	7.4
426	-1.116824	232.762831	0.008492	7.9
427	-0.673493	232.498228	0.004119	9.5
428	-0.576562	232.234425	0.011899	11.7
429	-1.527331	231.971419	0.025328	12.0
430	-1.577956	231.709205	0.002721	13.6
431	-0.509270	231.447781	0.010343	8.1
432	-1.735292	231.187141	0.013674	9.4
433	-1.491915	230.927283	0.011457	8.2
434	-0.951742	230.668202	0.006516	8.4
435	-0.208134	230.409895	0.001690	7.7
436	-1.946265	230.152358	0.005746	7.8
437	-1.800176	229.895587	0.019088	7.9
438	-0.798612	229.639578	0.006054	7.9
439	-0.583595	229.384329	0.007834	8.9
440	-0.420126	229.129834	0.001985	6.5
441	-1.475265	228.876091	0.029712	7.9
442	-0.276508	228.623096	0.001249	7.1
443	-1.862056	228.370846	0.012655	7.3
444	-1.528508	228.119336	0.007131	7.9
445	-1.157555	227.868563	0.011226	7.8
446	-0.268590	227.618525	0.004658	7.7
447	-1.654608	227.369216	0.017856	7.4
448	-1.651606	227.120635	0.008164	9.1
449	-1.597532	226.872777	0.006759	7.8
450	-1.448643	226.625638	0.012263	7.8
451	-0.789995	226.379217	0.010612	7.4
452	-1.873562	226.133509	0.022280	8.4
453	-0.474710	225.888510	0.004587	8.0
454	-1.813693	225.644218	0.014182	8.5
455	-0.691634	225.400630	0.003857	9.4
456	-1.912360	225.157741	0.014077	10.2
457	-1.384399	224.915549	0.006485	7.8
458	-0.641098	224.674051	0.003492	8.4
459	-0.925381	224.433242	0.011156	8.8
460	-1.012918	224.193121	0.015630	8.5
461	-0.128178	223.953684	0.001763	9.0
462	-1.743670	223.714927	0.011063	7.7
463	-0.466208	223.476848	0.002988	8.8
464	-1.051608	223.239444	0.015812	8.9
465	-0.478263	223.002710	0.004719	8.8
466	-1.481342	222.766645	0.006961	8.7
467	-1.264086	222.531245	0.011539	8.1
468	-1.379218	222.296508	0.029339	9.2
469	-1.516410	222.062429	0.007436	8.3
470	-0.736776	221.829007	0.009283	8.9
471	-1.533089	221.596238	0.026854	8.6
472	-1.149284	221.364119	0.006547	8.0
473	-1.707443	221.132647	0.010349	7.8
474	-0.534838	220.901820	0.006755	8.2
475	-0.710051	220.671634	0.006245	8.9
476	-1.698293	220.442086	0.018135	8.5
477	-1.556064	220.213174	0.011307	8.0
478	-0.984536	219.984895	0.009748	7.0
479	-0.798763	219.757246	0.010847	9.6
480	-0.811786	219.530224	0.012308	11.3
481	-1.526554	219.303826	0.007047	9.6
482	-1.903516	219.078050	0.009951	8.7
483	-1.362199	218.852893	0.006686	10.3
484	-0.657360	218.628352	0.017272	8.8
485	-1.859742	218.404424	0.010218	8.3
486	-1.740657	218.181106	0.013343	9.2
487	-1.536618	217.958397	0.008949	8.4
488	-0.603810	217.736292	0.004587	9.2
489	-0.403128	217.514790	0.011363	12.6
490	-0.300018	217.293888	0.006834	11.6
491	-1.143821	217.073584	0.007134	11.2
492	-1.295942	216.853873	0.007312	11.8
493	-1.374415	216.634755	0.010230	9.4
494	-0.651974	216.416227	0.010898	9.3
495	-1.686278	216.198285	0.009859	8.1
496	-0.206580	215.980927	0.000955	9.9
497	-1.168475	215.764151	0.006384	8.5
498	-0.442999	215.547955	0.002991	8.8
499	-1.785930	215.332335	0.011972	8.4
500	-0.326330	215.117289	0.003223	8.5
501	-1.322711	214.902815	0.014381	8.8
502	-1.504832	214.688911	0.008229	10.6
503	-1.375655	214.475573	0.010038	10.5
504	-1.823804	214.262800	0.025451	8.3
505	-0.935264	214.050588	0.006383	8.4
506	-0.394452	213.838936	0.005605	8.3
507	-1.819348	213.627842	0.013767	8.8
508	-1.381514	213.417302	0.026472	8.6
509	-1.349877	213.207314	0.005730	9.2
510	-1.831126	212.997877	0.029530	13.1
511	-1.131680	212.788987	0.017714	8.8
512	-1.461457	212.580642	0.015545	9.7
513	-0.722001	212.372841	0.007175	8.5
514	-0.505912	212.165581	0.002524	7.9
515	-0.756329	211.958859	0.002874	8.8
516	-0.466254	211.752673	0.006479	9.6
517	-1.846211	211.547021	0.012044	9.1
518	-1.211744	211.341902	0.006598	8.4
519	-1.188178	211.137311	0.005799	8.4
520	-0.804938	210.933248	0.009012	8.4
521	-1.871370	210.729710	0.016986	8.6
522	-1.312819	210.526695	0.015964	8.6
523	-0.811653	210.324200	0.012877	8.9
524	-1.523173	210.122224	0.017663	8.1
525	-1.602721	209.920765	0.025310	7.8
526	-0.605551	209.719820	0.004275	7.6
527	-1.735677	209.519387	0.014757	8.4
528	-0.090679	209.319463	0.000944	8.5
529	-0.531874	209.120048	0.010574	8.0
530	-0.564358	208.921139	0.007198	7.4
531	-1.343379	208.722733	0.011639	8.9
532	-1.422797	208.524829	0.012624	7.6
533	-1.447517	208.327425	0.005579	7.8
534	-0.666594	208.130518	0.016838	7.5
535	-0.878442	207.934107	0.004400	8.5
536	-0.529941	207.738189	0.000880	8.4
537	-0.688246	207.542762	0.008511	8.2
538	-0.340148	207.347825	0.001619	9.1
539	-0.491768	207.153376	0.008065	7.5
540	-1.189711	206.959412	0.005475	8.6
541	-1.635867	206.765932	0.035387	8.5
542	-1.421036	206.572933	0.004932	7.8
543	-1.267619	206.380414	0.005492	7.9
544	-0.123994	206.188373	0.000742	7.8
545	-1.160826	205.996807	0.021529	8.5
546	-1.630025	205.805716	0.012389	7.8
547	-0.513524	205.615096	0.002274	11.1
548	-0.813201	205.424946	0.004248	11.4
549	-1.043121	205.235265	0.021385	13.0
550	-1.162005	205.046050	0.006130	10.4
551	-1.531462	204.857299	0.015067	10.0
552	-0.310916	204.669011	0.006047	9.2
553	-1.610235	204.481184	0.015118	7.7
554	-1.531635	204.293816	0.025678	7.6
555	-1.501395	204.106905	0.004908	8.1
556	-1.817995	203.920449	0.030687	8.0
557	-0.977701	203.734447	0.010125	7.8
558	-1.280031	203.548896	0.014051	7.5
559	-0.625643	203.363795	0.005072	7.8
560	-0.784966	203.179143	0.006533	8.0
561	-1.967330	202.994937	0.018371	8.2
562	-1.944672	202.811176	0.012996	7.4
563	-1.034424	202.627857	0.013095	8.2
564	-0.620346	202.444980	0.016378	8.1
565	-1.930470	202.262543	0.021408	7.6
566	-0.169094	202.080543	0.001888	7.4
567	-1.328227	201.898979	0.015928	11.6
568	-1.787386	201.717849	0.012577	8.4
569	-0.799370	201.537153	0.021031	7.8
570	-0.802459	201.356887	0.010494	8.9
571	-0.590993	201.177050	0.011211	7.3
572	-0.585567	200.997642	0.005007	6.8
573	-1.280738	200.818659	0.005200	7.9
574	-0.929053	200.640100	0.010294	8.5
575	-0.501472	200.461965	0.003567	7.7
576	-1.659381	200.284250	0.024906	8.8
577	-0.469627	200.106955	0.004071	7.7
578	-1.149070	199.930078	0.005093	7.5
579	-1.988992	199.753617	0.014204	8.2
580	-1.572786	199.577571	0.012674	7.8
581	-1.013023	199.401938	0.010888	8.5
582	-1.556922	199.226717	0.021153	7.0
583	-1.614051	199.051905	0.011512	7.6
584	-0.917306	198.877502	0.007289	14.2
585	-0.522633	198.703506	0.002111	16.2
586	-1.437591	198.529916	0.006925	13.1
587	-1.395520	198.356729	0.031461	12.8
588	-0.674424	198.183944	0.004329	7.9
589	-1.080777	198.011560	0.005821	11.7
590	-1.821571	197.839576	0.016938	12.8
591	-1.232572	197.667989	0.019224	8.1
592	-1.486738	197.496798	0.007556	12.0
593	-0.885304	197.326002	0.006144	10.9
594	-1.695549	197.155600	0.016342	9.4
595	-1.264867	196.985589	0.006445	12.3
596	-0.102380	196.815969	0.001470	11.1
597	-1.964769	196.646738	0.006372	9.6
598	-0.978620	196.477894	0.017607	13.1
599	-0.957648	196.309436	0.007408	10.8
600	-1.702703	196.141363	0.023772	9.4
601	-1.515143	195.973673	0.006170	10.4
602	-1.455488	195.806365	0.021262	10.7
603	-0.527573	195.639437	0.010841	17.3
604	-1.841424	195.472888	0.016220	18.9
605	-1.610849	195.306717	0.015769	22.8
606	-1.714550	195.140922	0.024594	16.2
607	-0.943528	194.975501	0.003343	9.8
608	-1.831265	194.810454	0.013814	9.4
609	-1.264207	194.645779	0.002371	8.1
610	-0.377669	194.481475	0.006807	8.3
611	-1.434472	194.317540	0.012798	7.5
612	-1.169079	194.153973	0.007907	13.7
613	-0.881995	193.990773	0.004926	7.9
614	-0.250052	193.827938	0.003321	12.8
615	-0.372552	193.665467	0.001416	9.1
616	-1.950243	193.503358	0.016087	8.8
617	-1.330855	193.341611	0.010150	9.2
618	-1.422871	193.180224	0.010422	8.1
619	-1.048250	193.019196	0.005261	8.1
620	-0.238751	192.858525	0.005120	12.8
621	-0.380574	192.698210	0.004768	8.1
622	-1.071356	192.538251	0.005626	8.2
623	-1.709772	192.378644	0.031214	7.6
624	-0.436660	192.219391	0.003321	12.5
625	-0.889806	192.060488	0.009793	9.2
626	-1.820824	191.901935	0.013053	13.4
627	-1.106896	191.743730	0.006492	14.6
628	-1.715822	191.585873	0.018053	15.4
629	-1.686126	191.428362	0.015582	12.9
630	-1.769526	191.271196	0.008839	10.0
631	-1.760502	191.114374	0.030631	16.1
632	-1.680865	190.957893	0.009537	15.3
633	-1.215044	190.801755	0.002843	16.3
634	-1.561620	190.645956	0.021763	15.0
635	-0.737339	190.490495	0.013482	14.2
636	-0.722050	190.335373	0.005516	14.6
637	-1.261118	190.180587	0.019056	10.3
638	-0.212696	190.026136	0.002945	14.2
639	-1.611607	189.872019	0.008204	16.0
640	-1.668964	189.718235	0.009610	14.1
641	-1.617205	189.564782	0.010152	14.0
642	-0.267175	189.411661	0.001408	14.2
643	-1.568007	189.258868	0.015936	14.4
644	-1.686519	189.106404	0.020516	12.6
645	-1.991793	188.954267	0.013569	13.7
646	-0.592528	188.802456	0.002925	12.7
647	-0.289600	188.650969	0.003770	16.6
648	-1.630417	188.499807	0.015453	12.9
649	-0.273882	188.348967	0.001988	11.5
650	-1.086464	188.198448	0.017713	9.7
651	-1.183896	188.048250	0.010460	8.8
652	-1.947192	187.898371	0.018373	11.0
653	-1.566412	187.748810	0.019165	8.6
654	-0.349771	187.599566	0.006524	13.5
655	-1.784722	187.450638	0.014490	10.6
656	-0.891839	187.302025	0.008526	13.2
657	-0.535243	187.153725	0.006671	13.9
658	-1.489790	187.005739	0.006828	16.6
659	-0.876773	186.858064	0.007503	15.9
660	-0.934206	186.710699	0.015413	14.5
661	-1.035328	186.563645	0.014201	15.2
662	-1.075946	186.416898	0.009101	14.5
663	-1.320000	186.270459	0.012717	12.9
664	-0.921811	186.124326	0.018596	14.9
665	-1.408405	185.978499	0.008065	9.0
666	-1.211551	185.832976	0.019542	8.2
667	-0.875670	185.687756	0.012069	7.5
668	-2.016901	185.542838	0.009037	8.7
669	-1.689986	185.398222	0.010798	10.5
670	-1.763267	185.253906	0.009547	8.7
671	-1.222098	185.109889	0.007242	8.3
672	-1.685232	184.966170	0.017688	7.6
673	-1.122282	184.822748	0.006607	11.7
674	-0.312350	184.679623	0.007625	8.1
675	-0.085907	184.536792	0.000624	8.4
676	-0.225181	184.394256	0.002391	8.8
677	-0.579375	184.252013	0.010472	8.4
678	-1.537452	184.110062	0.012239	12.1
679	-1.373998	183.968403	0.003212	10.9
680	-0.246020	183.827034	0.002706	8.3
681	-1.754115	183.685954	0.006698	9.7
682	-1.972063	183.545163	0.024243	13.1
683	-0.939095	183.404658	0.007450	9.5
684	-1.072238	183.264441	0.014647	9.3
685	-1.881994	183.124509	0.005969	11.2
686	-1.601653	182.984861	0.008125	9.1
687	-1.258148	182.845497	0.011502	10.8
688	-0.477678	182.706416	0.009569	12.4
689	-1.162608	182.567616	0.010299	16.7
690	-1.542161	182.429098	0.037136	14.3
691	-0.705483	182.290859	0.004409	11.7
692	-1.512492	182.152899	0.008646	10.5
693	-0.228631	182.015217	0.003181	11.9
694	-1.054388	181.877813	0.015580	13.3
695	-1.586845	181.740684	0.015740	13.0
696	-1.664523	181.603832	0.015445	10.9
697	-1.710827	181.467253	0.018960	10.0
698	-1.753221	181.330948	0.023411	7.9
699	-1.703793	181.194916	0.012150	10.7
700	-0.832420	181.059155	0.006912	8.1
701	-0.482954	180.923666	0.004551	10.9
702	-1.717656	180.788446	0.007264	8.5
703	-1.404955	180.653496	0.011069	9.6
704	-1.733245	180.518814	0.017341	10.0
705	-1.835093	180.384399	0.023104	9.0
706	-1.698252	180.250251	0.008275	7.8
707	-1.746318	180.116369	0.012726	8.9
708	-1.522384	179.982752	0.015674	10.0
709	-1.596822	179.849398	0.032516	8.9
710	-1.758269	179.716308	0.025715	9.9
711	-0.360089	179.583480	0.007459	7.8
712	-0.660271	179.450913	0.007697	10.6
713	-1.499602	179.318607	0.011062	9.9
714	-0.148823	179.186561	0.001725	10.3
715	-1.023004	179.054774	0.009765	11.0
716	-1.533588	178.923245	0.013460	11.0
717	-1.371004	178.791973	0.009821	8.9
718	-1.810311	178.660958	0.003503	8.1
719	-1.814505	178.530199	0.025580	8.3
720	-1.101313	178.399694	0.005727	11.7
721	-0.280051	178.269444	0.005990	9.0
722	-1.088628	178.139447	0.003326	9.2
723	-1.608565	178.009702	0.018685	9.2
724	-1.911024	177.880209	0.003965	9.7
725	-1.494372	177.750967	0.009177	10.4
726	-1.616111	177.621975	0.008086	8.7
727	-0.792331	177.493232	0.011926	10.7
728	-1.325087	177.364738	0.008550	10.4
729	-1.201450	177.236492	0.006818	8.5
730	-1.544143	177.108492	0.006159	8.4
731	-1.807109	176.980739	0.010793	9.6
732	-0.677298	176.853231	0.003955	10.5
733	-1.632124	176.725968	0.006431	8.0
734	-1.829882	176.598949	0.024291	11.2
735	-1.076065	176.472173	0.007878	9.5
736	-0.695842	176.345639	0.004195	8.9
737	-0.728727	176.219348	0.010115	9.7
738	-1.942506	176.093296	0.009851	8.9
739	-1.993504	175.967486	0.011491	9.2
740	-1.803515	175.841914	0.012481	15.0
741	-0.512930	175.716581	0.007462	12.9
742	-1.630553	175.591486	0.012287	18.3
743	-1.972386	175.466629	0.008050	8.9
744	-1.610654	175.342008	0.010488	10.7
745	-0.971314	175.217622	0.004756	13.4
746	-1.671965	175.093472	0.016031	10.6
747	-1.788534	174.969556	0.022567	9.4
748	-0.597859	174.845873	0.009853	10.5
749	-1.215003	174.722423	0.009133	9.9
750	-1.410998	174.599206	0.011928	11.3
751	-0.717302	174.476220	0.007237	13.9
752	-1.307252	174.353464	0.014768	12.6
753	-1.589911	174.230939	0.028649	17.2
754	-0.149491	174.108643	0.001822	9.2
755	-1.131685	173.986576	0.007534	10.9
756	-0.729610	173.864737	0.005707	13.0
757	-0.363331	173.743124	0.004221	9.2
758	-0.497515	173.621739	0.007489	13.4
759	-0.772842	173.500579	0.010600	12.6
760	-1.658773	173.379645	0.004280	12.7
761	-1.653386	173.258935	0.020355	10.8
762	-0.245391	173.138449	0.002897	10.2
763	-1.727392	173.018186	0.015061	15.8
764	-1.433717	172.898146	0.004647	11.1
765	-1.494989	172.778327	0.013414	9.3
766	-1.803547	172.658730	0.003506	11.5
767	-1.824358	172.539353	0.008010	13.3
768	-0.157558	172.420196	0.000976	9.5
769	-0.533702	172.301258	0.005518	10.3
770	-0.604308	172.182539	0.016291	12.2
771	-1.771112	172.064037	0.015568	32.7
772	-1.682707	171.945753	0.018130	17.6
773	-0.760006	171.827686	0.006029	22.4
774	-0.902865	171.709834	0.005215	19.7
775	-1.441833	171.592198	0.016212	8.3
776	-1.398624	171.474776	0.015438	10.1
777	-0.307279	171.357568	0.003308	8.3
778	-1.524159	171.240574	0.007742	8.7
779	-0.939846	171.123793	0.005448	7.8
780	-0.387520	171.007223	0.011720	8.1
781	-1.416814	170.890865	0.005261	13.2
782	-1.503638	170.774718	0.005437	12.1
783	-1.825186	170.658782	0.023555	13.9
784	-0.192290	170.543055	0.001116	14.9
785	-1.875682	170.427537	0.017329	8.2
786	-2.030617	170.312227	0.009640	7.6
787	-1.437880	170.197125	0.013223	8.4
788	-1.388106	170.082231	0.009250	8.5
789	-1.908143	169.967543	0.019900	10.1
790	-1.769944	169.853061	0.020670	8.7
791	-0.614872	169.738784	0.008372	13.4
792	-1.335875	169.624713	0.017309	9.1
793	-1.586750	169.510845	0.004949	10.7
794	-0.899355	169.397181	0.010572	8.5
795	-1.759991	169.283720	0.029551	8.9
796	-1.915164	169.170462	0.009415	8.2
797	-1.291312	169.057405	0.007892	9.4
798	-1.333199	168.944549	0.014052	10.1
799	-0.727191	168.831895	0.006084	8.8
800	-1.952849	168.719440	0.018372	9.0
801	-0.603694	168.607185	0.005046	8.9
802	-1.825916	168.495129	0.017967	10.7
803	-0.568430	168.383271	0.015712	8.6
804	-0.312354	168.271611	0.003591	9.2
805	-1.657617	168.160148	0.027079	8.9
806	-1.438637	168.048882	0.015605	11.7
807	-0.248165	167.937812	0.002858	8.5
808	-1.731382	167.826938	0.013003	8.4
809	-1.852046	167.716258	0.015191	10.3
810	-0.232068	167.605773	0.002042	17.9
811	-1.793198	167.495482	0.011433	11.1
812	-2.031839	167.385384	0.007796	8.1
813	-0.146877	167.275479	0.001130	11.1
814	-0.577893	167.165766	0.004168	9.5
815	-1.792103	167.056245	0.011528	8.2
816	-1.175536	166.946915	0.008475	9.1
817	-1.724085	166.837776	0.009495	7.4
818	-0.444353	166.728826	0.007353	11.7
819	-1.244408	166.620067	0.010151	8.7
820	-0.812245	166.511496	0.004088	7.2
821	-1.667260	166.403113	0.006086	9.2
822	-0.478556	166.294919	0.002276	10.1
823	-0.528779	166.186912	0.008876	9.3
824	-0.264097	166.079091	0.005914	7.9
825	-1.742901	165.971458	0.013634	9.3
826	-1.945088	165.864009	0.024190	8.4
827	-1.406419	165.756747	0.018019	13.7
828	-1.515737	165.649669	0.014772	10.6
829	-1.938214	165.542775	0.011256	8.2
830	-1.634088	165.436065	0.015851	10.3
831	-1.764473	165.329538	0.013409	8.4
832	-0.541612	165.223194	0.006299	9.7
833	-0.257222	165.117032	0.003360	8.3
834	-0.800655	165.011052	0.013090	14.4
835	-0.714081	164.905253	0.011741	12.8
836	-1.742175	164.799635	0.008257	14.1
837	-0.551604	164.694197	0.007453	17.4
838	-1.602225	164.588939	0.004941	11.7
839	-1.527701	164.483859	0.024281	12.0
840	-1.121443	164.378959	0.015237	8.8
841	-1.780662	164.274237	0.014807	10.4
842	-0.254040	164.169692	0.002906	8.0
843	-1.666286	164.065325	0.010833	8.3
844	-1.803787	163.961135	0.007262	7.5
845	-1.576052	163.857120	0.037499	14.7
846	-0.570855	163.753282	0.003536	13.5
847	-1.852876	163.649619	0.013421	15.1
848	-1.783844	163.546130	0.007106	16.2
849	-0.756395	163.442816	0.006153	12.6
850	-0.177908	163.339676	0.002135	9.6
851	-0.972885	163.236709	0.005670	11.7
852	-0.783954	163.133915	0.005318	13.4
853	-0.228885	163.031294	0.001416	12.9
854	-1.846136	162.928844	0.005781	12.3
855	-0.232401	162.826566	0.001642	16.3
856	-1.848093	162.724459	0.008932	13.3
857	-1.464343	162.622523	0.019327	20.1
858	-0.687955	162.520757	0.003589	13.0
859	-1.353567	162.419160	0.014121	13.8
860	-1.842501	162.317733	0.013427	8.7
861	-0.520580	162.216474	0.014448	16.1
862	-1.733610	162.115383	0.011207	7.6
863	-1.224746	162.014461	0.005976	7.8
864	-1.934257	161.913705	0.017912	9.7
865	-1.521295	161.813117	0.011634	7.6
866	-0.397631	161.712695	0.005089	8.0
867	-0.783360	161.612439	0.003728	7.6
868	-0.340912	161.512349	0.002388	8.4
869	-1.797160	161.412424	0.008928	9.8
870	-1.559013	161.312663	0.007592	7.7
871	-0.965952	161.213067	0.014468	7.4
872	-0.872780	161.113635	0.007322	7.6
873	-0.471654	161.014366	0.004444	8.0
874	-0.393988	160.915260	0.011725	10.4
875	-0.427587	160.816316	0.009818	8.4
876	-0.679977	160.717535	0.011233	9.9
877	-0.957391	160.618915	0.003714	9.2
878	-0.641786	160.520456	0.007733	12.9
879	-0.167783	160.422158	0.001213	8.2
880	-1.944095	160.324021	0.009115	7.1
881	-1.646070	160.226043	0.014063	8.4
882	-0.604835	160.128225	0.015413	7.4
883	-1.166111	160.030566	0.012178	13.2
884	-1.345276	159.933066	0.003126	12.1
885	-1.832384	159.835723	0.024318	13.5
886	-1.949144	159.738539	0.010582	9.4
887	-1.482853	159.641512	0.013004	10.8
888	-0.534378	159.544642	0.002217	6.2
889	-1.834574	159.447929	0.022996	8.0
890	-0.448269	159.351372	0.008204	7.6
891	-1.669175	159.254971	0.013662	8.8
892	-1.715295	159.158725	0.009748	7.9
893	-1.124655	159.062634	0.004748	8.0
894	-1.099233	158.966697	0.004790	7.6
895	-1.527708	158.870915	0.014555	7.8
896	-0.522242	158.775286	0.009056	10.0
897	-1.677378	158.679811	0.013108	7.8
898	-0.593280	158.584489	0.006570	7.6
899	-1.381249	158.489319	0.008257	7.4
900	-1.527751	158.394302	0.010397	7.6
901	-0.247168	158.299436	0.000943	10.3
902	-0.208583	158.204721	0.002640	7.8
903	-2.012123	158.110158	0.008697	7.7
904	-0.250971	158.015745	0.001890	6.9
905	-1.237530	157.921482	0.006762	8.1
906	-1.030829	157.827369	0.003766	10.0
907	-0.613982	157.733406	0.001812	8.0
908	-0.966963	157.639591	0.011213	8.5
909	-1.379816	157.545925	0.025804	8.1
910	-1.332897	157.452408	0.013074	7.8
911	-1.547908	157.359038	0.015976	9.9
912	-1.262309	157.265816	0.009352	7.9
913	-1.151451	157.172741	0.010837	8.2
914	-0.962276	157.079813	0.004314	8.7
915	-0.332738	156.987031	0.003140	7.9
916	-1.721211	156.894395	0.009502	10.1
917	-1.770708	156.801904	0.016374	7.5
918	-1.531211	156.709559	0.027274	7.5
919	-1.783461	156.617359	0.013541	7.7
920	-1.832003	156.525304	0.011489	8.6
921	-0.499145	156.433392	0.012196	8.9
922	-0.317901	156.341624	0.005885	7.8
923	-0.109168	156.250000	0.001211	7.5
924	-1.909620	156.158519	0.014109	7.9
925	-0.554926	156.067180	0.006885	10.4
926	-0.513457	155.975984	0.003538	7.9
927	-1.693448	155.884930	0.015997	7.9
928	-1.558060	155.794017	0.005010	7.6
929	-1.592191	155.703246	0.007761	8.3
930	-1.614034	155.612615	0.016175	9.5
931	-1.019123	155.522125	0.006197	7.8
932	-1.369993	155.431775	0.003951	8.0
933	-0.274766	155.341565	0.002504	7.9
934	-0.928540	155.251495	0.011081	7.9
935	-0.668023	155.161563	0.016689	12.1
936	-1.453678	155.071771	0.017529	8.6
937	-0.940139	154.982117	0.010292	8.3
938	-1.179864	154.892601	0.009806	8.2
939	-0.846016	154.803222	0.022835	7.9
940	-0.267825	154.713981	0.001430	10.1
941	-1.865143	154.624878	0.013150	7.0
942	-1.710461	154.535910	0.019749	11.7
943	-0.658534	154.447080	0.002663	11.6
944	-0.639320	154.358385	0.011617	12.9
945	-0.635108	154.269826	0.009517	12.4
946	-0.734674	154.181402	0.004734	9.7
947	-0.374400	154.093114	0.008339	7.7
948	-1.489303	154.004960	0.020266	10.7
949	-0.220590	153.916940	0.001941	8.0
950	-1.984870	153.829054	0.016220	8.1
951	-1.348332	153.741303	0.014637	7.9
952	-0.540244	153.653684	0.006027	8.7
953	-0.317844	153.566198	0.008025	9.6
954	-1.831636	153.478846	0.005422	7.9
955	-1.769572	153.391625	0.010567	7.8
956	-1.523473	153.304537	0.013289	7.9
957	-0.554192	153.217580	0.008909	7.7
958	-1.863785	153.130755	0.024475	10.5
959	-0.738619	153.044061	0.004136	7.9
960	-0.487278	152.957498	0.009268	7.8
961	-1.556095	152.871065	0.007271	7.8
962	-1.456973	152.784762	0.005606	7.0
963	-0.900818	152.698589	0.006370	11.1
964	-0.485093	152.612545	0.007625	8.0
965	-1.545500	152.526631	0.026093	8.7
966	-1.928228	152.440845	0.005867	8.3
967	-0.491100	152.355188	0.005648	7.8
968	-1.114960	152.269660	0.010333	11.1
969	-1.985559	152.184259	0.004893	9.1
970	-0.678213	152.098986	0.023690	8.3
971	-1.897332	152.013840	0.004468	7.7
972	-1.774950	151.928821	0.014166	8.5
973	-0.205791	151.843928	0.002255	11.3
974	-0.199324	151.759163	0.001670	8.4
975	-1.945671	151.674523	0.008573	7.4
976	-1.880764	151.590009	0.012557	7.8
977	-1.136749	151.505620	0.005302	11.9
978	-0.121480	151.421357	0.000924	8.0
979	-1.224022	151.337218	0.008727	7.9
980	-0.325737	151.253204	0.002212	7.1
981	-0.598130	151.169314	0.014478	7.7
982	-1.016714	151.085549	0.013662	10.8
983	-0.540682	151.001907	0.011131	8.3
984	-1.812281	150.918388	0.006917	8.6
985	-1.450511	150.834992	0.003755	8.8
986	-0.178446	150.751719	0.001254	8.1
987	-0.338154	150.668569	0.004130	11.1
988	-1.933638	150.585541	0.006289	8.1
989	-0.994039	150.502634	0.009898	7.9
990	-1.398019	150.419849	0.008892	11.2
991	-1.710818	150.337186	0.004688	10.9
992	-1.817361	150.254644	0.009105	9.1
993	-1.696697	150.172222	0.007511	10.2
994	-1.768392	150.089921	0.024285	8.2
995	-0.613668	150.007740	0.010612	11.6
996	-0.344301	149.925679	0.005389	8.6
997	-0.279735	149.843737	0.001270	8.0
998	-1.592737	149.761915	0.005147	8.0
999	-0.845557	149.680212	0.009493	7.5
1000	-1.287640	149.598627	0.014808	12.8
1001	-0.767536	149.517161	0.009584	13.2
1002	-1.689675	149.435814	0.021823	15.4
1003	-1.577205	149.354584	0.013330	11.9
1004	-1.715478	149.273472	0.014750	10.1
1005	-1.228019	149.192477	0.006523	8.0
1006	-1.819392	149.111599	0.007450	7.9
1007	-1.653161	149.030838	0.014202	9.3
1008	-0.276420	148.950194	0.002370	10.4
1009	-0.674042	148.869666	0.009659	8.7
1010	-1.621433	148.789253	0.006403	8.1
1011	-1.326609	148.708957	0.015856	8.0
1012	-1.304480	148.628776	0.011914	10.0
1013	-1.776756	148.548710	0.011461	7.7
1014	-1.648474	148.468759	0.010383	7.5
1015	-1.600080	148.388923	0.040570	7.5
1016	-0.991341	148.309201	0.015756	7.4
1017	-1.337689	148.229594	0.008116	10.0
1018	-1.119469	148.150100	0.011285	7.1
1019	-1.450597	148.070719	0.017896	8.4
1020	-1.026701	147.991452	0.010975	9.1
1021	-1.850210	147.912298	0.014089	7.6
1022	-0.474531	147.833257	0.005570	9.9
1023	-0.661338	147.754329	0.006440	8.0
1024	-0.715203	147.675512	0.017915	7.8
1025	-0.535584	147.596808	0.007227	10.2
1026	-0.299833	147.518216	0.008016	8.5
1027	-0.624480	147.439735	0.005223	10.9
1028	-1.748630	147.361365	0.018323	8.6
1029	-1.907504	147.283106	0.009321	9.3
1030	-0.853943	147.204958	0.006498	8.8
1031	-0.884476	147.126920	0.012729	13.7
1032	-1.247411	147.048993	0.020525	8.8
1033	-0.286614	146.971175	0.003337	8.1
1034	-1.528695	146.893468	0.012571	8.1
1035	-0.482227	146.815869	0.007732	10.0
1036	-1.180525	146.738380	0.013598	20.4
1037	-1.509439	146.661000	0.014757	32.1
1038	-1.760012	146.583729	0.012725	27.6
1039	-0.800680	146.506566	0.022877	18.9
1040	-0.915413	146.429511	0.014598	8.7
1041	-0.667879	146.352565	0.008912	10.0
1042	-0.193611	146.275726	0.000908	13.2
1043	-1.431433	146.198994	0.016265	10.9
1044	-1.328461	146.122370	0.006593	6.8
1045	-0.945350	146.045853	0.016629	7.8
1046	-0.257693	145.969442	0.005220	8.5
1047	-1.157590	145.893139	0.008898	8.0
1048	-1.835203	145.816941	0.012916	12.7
1049	-1.002352	145.740849	0.011410	13.7
1050	-0.876009	145.664863	0.007135	12.8
1051	-1.827168	145.588983	0.006692	15.8
1052	-0.394424	145.513208	0.007010	9.5
1053	-1.607684	145.437538	0.012565	12.6
1054	-1.788650	145.361973	0.019513	7.5
1055	-1.150405	145.286513	0.006828	11.5
1056	-1.389280	145.211157	0.013901	8.2
1057	-1.232600	145.135905	0.019533	8.5
1058	-1.624775	145.060757	0.013917	8.1
1059	-1.733629	144.985712	0.018724	8.3
1060	-1.868661	144.910771	0.016332	10.7
1061	-1.881438	144.835934	0.025330	8.7
1062	-0.808906	144.761199	0.007899	8.4
1063	-1.456936	144.686567	0.012410	8.4
1064	-0.746547	144.612037	0.010604	9.4
1065	-0.667047	144.537610	0.009161	9.7
1066	-1.372756	144.463285	0.012074	8.0
1067	-1.732774	144.389062	0.016379	8.8
1068	-1.184162	144.314940	0.005433	7.5
1069	-1.839689	144.240920	0.021295	10.3
1070	-1.526225	144.167001	0.018701	8.5
1071	-0.641690	144.093182	0.009166	8.0
1072	-0.499408	144.019465	0.003546	8.1
1073	-1.947878	143.945848	0.005052	7.8
1074	-1.828136	143.872331	0.009929	10.5
1075	-1.227138	143.798914	0.005080	9.4
1076	-1.635761	143.725597	0.016489	8.6
1077	-0.633523	143.652380	0.007636	9.3
1078	-1.327575	143.579262	0.005019	10.2
1079	-0.475427	143.506243	0.003888	14.2
1080	-1.039683	143.433323	0.012005	8.2
1081	-1.977649	143.360502	0.009587	8.9
1082	-1.717174	143.287780	0.013686	14.3
1083	-1.726947	143.215155	0.011622	9.4
1084	-1.730443	143.142629	0.004242	7.9
1085	-1.716584	143.070201	0.005003	8.7
1086	-0.109822	142.997870	0.000667	7.9
1087	-1.116385	142.925637	0.013232	14.8
1088	-1.086322	142.853501	0.006788	8.0
1089	-1.910524	142.781462	0.006602	7.6
1090	-1.059622	142.709519	0.007058	8.1
1091	-1.773114	142.637674	0.009121	10.3
1092	-0.776275	142.565924	0.009524	7.8
1093	-1.527424	142.494271	0.009446	7.5
1094	-1.492554	142.422714	0.011337	7.4
1095	-1.717220	142.351252	0.008843	9.3
1096	-1.645974	142.279886	0.035242	8.0
1097	-0.519374	142.208616	0.003093	7.5
1098	-0.599259	142.137440	0.006661	7.7
1099	-1.743525	142.066360	0.006635	10.1
1100	-1.114687	141.995374	0.006353	10.0
1101	-1.873030	141.924483	0.013569	7.6
1102	-1.570191	141.853685	0.003369	8.0
1103	-1.301012	141.782983	0.006719	7.7
1104	-0.436254	141.712373	0.007808	10.1
1105	-2.051689	141.641858	0.006228	22.1
1106	-1.312115	141.571436	0.008267	24.8
1107	-1.768285	141.501108	0.009100	15.5
1108	-1.696762	141.430872	0.008307	8.9
1109	-1.309818	141.360730	0.006029	7.4
1110	-1.286746	141.290680	0.004797	10.1
1111	-0.519176	141.220722	0.013435	8.1
1112	-0.135933	141.150857	0.000901	8.1
1113	-1.573863	141.081084	0.011101	8.0
1114	-1.497592	141.011403	0.021501	8.2
1115	-1.764004	140.941813	0.011099	10.3
1116	-1.078031	140.872315	0.004355	8.0
1117	-1.368282	140.802909	0.016747	7.6
1118	-1.730144	140.733593	0.013942	9.0
1119	-1.895792	140.664369	0.012037	8.1
1120	-1.890740	140.595235	0.005642	9.8
1121	-2.010098	140.526192	0.010664	8.2
1122	-0.540783	140.457239	0.002290	8.2
1123	-1.817091	140.388376	0.008574	7.7
1124	-1.651503	140.319603	0.008305	8.5
1125	-1.332598	140.250920	0.011455	10.0
1126	-0.959007	140.182326	0.005518	7.8
1127	-0.344321	140.113822	0.002291	8.2
1128	-1.807369	140.045407	0.007607	7.5
1129	-0.627217	139.977081	0.006135	8.5
1130	-1.400135	139.908844	0.011218	10.3
1131	-1.786379	139.840696	0.011979	9.0
1132	-0.545925	139.772635	0.008727	8.0
1133	-1.068566	139.704664	0.005604	8.4
1134	-1.430207	139.636780	0.006241	7.7
1135	-0.151698	139.568984	0.001654	9.8
1136	-1.508853	139.501276	0.007190	8.0
1137	-1.736613	139.433655	0.010018	7.1
1138	-1.499401	139.366122	0.013731	7.6
1139	-1.356232	139.298676	0.016066	9.0
1140	-0.771879	139.231317	0.008608	11.0
1141	-0.687847	139.164045	0.010620	9.7
1142	-0.629130	139.096859	0.010233	8.1
1143	-0.376752	139.029760	0.006858	8.8
1144	-1.291848	138.962747	0.011110	7.4
1145	-0.721508	138.895820	0.013836	10.8
1146	-0.398542	138.828978	0.008542	8.8
1147	-1.866817	138.762223	0.020998	8.4
1148	-1.847387	138.695553	0.013483	8.5
1149	-1.712959	138.628969	0.017677	10.2
1150	-0.772724	138.562469	0.005472	8.1
1151	-0.910394	138.496055	0.012956	7.5
1152	-1.871825	138.429725	0.014794	8.6
1153	-1.763866	138.363481	0.011215	7.6
1154	-1.550919	138.297320	0.009461	9.7
1155	-0.589328	138.231244	0.003889	7.7
1156	-0.258041	138.165252	0.002210	8.1
1157	-1.783251	138.099344	0.015931	8.2
1158	-1.991535	138.033520	0.008156	8.2
1159	-0.541690	137.967779	0.005629	8.7
1160	-1.350846	137.902122	0.009628	8.2
1161	-1.730274	137.836548	0.003480	11.8
1162	-1.117049	137.771057	0.026054	10.1
1163	-1.827784	137.705649	0.006409	14.5
1164	-0.367696	137.640324	0.005977	14.0
1165	-1.920572	137.575081	0.007440	8.1
1166	-1.852712	137.509921	0.006368	8.2
1167	-0.157953	137.444842	0.001126	10.2
1168	-0.179249	137.379846	0.003011	8.1
1169	-1.896662	137.314932	0.007273	8.2
1170	-1.133384	137.250100	0.008763	7.9
1171	-1.420348	137.185349	0.026128	8.0
1172	-1.599971	137.120680	0.023112	9.8
1173	-1.760547	137.056092	0.011724	8.1
1174	-1.283725	136.991585	0.019266	7.5
1175	-1.598305	136.927158	0.021991	9.0
1176	-2.034988	136.862813	0.008769	7.8
1177	-0.613569	136.798548	0.007143	10.0
1178	-1.811212	136.734363	0.010255	7.8
1179	-1.779453	136.670259	0.005708	7.7
1180	-0.251602	136.606235	0.002617	9.3
1181	-0.617422	136.542291	0.003438	8.7
1182	-0.897068	136.478426	0.002329	10.3
1183	-1.701709	136.414641	0.007700	7.9
1184	-1.830497	136.350936	0.006804	8.0
1185	-1.552333	136.287310	0.012068	7.6
1186	-0.859635	136.223763	0.009171	10.6
1187	-0.223327	136.160295	0.003154	8.3
1188	-1.903641	136.096905	0.025570	8.1
1189	-0.675966	136.033594	0.003681	8.8
1190	-0.575292	135.970362	0.007575	7.4
1191	-0.994918	135.907208	0.008721	9.9
1192	-0.410224	135.844133	0.004974	8.6
1193	-1.841857	135.781135	0.006588	8.4
1194	-1.590291	135.718215	0.007901	9.0
1195	-0.267611	135.655373	0.004719	11.4
1196	-1.258373	135.592608	0.006202	10.3
1197	-1.574281	135.529921	0.010184	7.7
1198	-0.391974	135.467311	0.002742	8.7
1199	-0.123497	135.404778	0.001346	8.1
1200	-0.869238	135.342322	0.012876	10.4
1201	-1.677601	135.279942	0.015586	8.1
1202	-0.506192	135.217640	0.007744	8.5
1203	-0.411035	135.155413	0.003586	7.9
1204	-1.006374	135.093263	0.008687	8.9
1205	-0.599362	135.031190	0.009812	9.9
1206	-1.399835	134.969192	0.002715	8.2
1207	-0.483008	134.907270	0.005806	8.4
1208	-1.719002	134.845424	0.014098	7.8
1209	-1.914930	134.783653	0.008371	8.0
1210	-1.556618	134.721958	0.006003	9.6
1211	-0.468123	134.660338	0.008472	8.6
1212	-0.715873	134.598793	0.003745	7.0
1213	-1.399507	134.537323	0.004440	8.1
1214	-1.797568	134.475927	0.008868	7.7
1215	-1.739496	134.414607	0.009615	10.5
1216	-1.557178	134.353361	0.009902	8.0
1217	-1.456871	134.292189	0.011124	8.9
1218	-0.840665	134.231092	0.017844	8.6
1219	-1.600198	134.170068	0.009084	13.9
1220	-1.410852	134.109119	0.009587	12.1
1221	-0.930347	134.048243	0.012710	10.5
1222	-0.629498	133.987441	0.010641	10.6
1223	-1.264910	133.926713	0.010825	14.0
1224	-1.215434	133.866057	0.020376	8.5
1225	-1.690956	133.805475	0.018044	7.6
1226	-1.230035	133.744966	0.002834	8.8
1227	-1.542013	133.684530	0.005185	9.1
1228	-1.512720	133.624167	0.003856	7.7
1229	-0.702735	133.563877	0.006404	7.9
1230	-0.678938	133.503658	0.006177	9.0
1231	-0.890261	133.443513	0.017962	8.4
1232	-0.167889	133.383439	0.001309	9.8
1233	-1.183323	133.323437	0.017294	8.3
1234	-1.356301	133.263508	0.008311	7.5
1235	-1.746152	133.203650	0.023101	7.8
1236	-1.759774	133.143864	0.014071	7.8
1237	-1.863657	133.084149	0.022595	10.3
1238	-1.025367	133.024506	0.006498	7.8
1239	-0.382213	132.964934	0.003489	8.1
1240	-0.945819	132.905433	0.009046	8.3
1241	-1.398238	132.846003	0.007767	8.2
1242	-0.816489	132.786643	0.012535	9.7
1243	-0.320481	132.727355	0.002138	7.8
1244	-1.334631	132.668137	0.025379	8.2
1245	-1.787455	132.608989	0.020271	7.5
1246	-0.530097	132.549912	0.006781	8.9
1247	-1.280244	132.490904	0.007769	9.6
1248	-0.832145	132.431967	0.002751	8.4
1249	-1.911933	132.373100	0.010875	7.4
1250	-1.580503	132.314302	0.019822	14.0
1251	-1.106790	132.255574	0.007193	15.2
1252	-1.921346	132.196916	0.025885	8.9
1253	-1.445301	132.138326	0.013377	7.6
1254	-1.836744	132.079806	0.006060	8.8
1255	-1.389685	132.021355	0.019565	7.4
1256	-1.268647	131.962973	0.018184	12.1
1257	-1.683657	131.904660	0.021965	7.3
1258	-1.905463	131.846415	0.007445	8.1
1259	-1.271191	131.788239	0.019381	8.7
1260	-1.519810	131.730131	0.009852	7.4
1261	-1.250236	131.672092	0.018820	10.5
1262	-0.776644	131.614121	0.003692	7.6
1263	-1.303000	131.556217	0.005953	8.8
1264	-0.998852	131.498382	0.024535	8.3
1265	-0.483325	131.440614	0.011867	8.3
1266	-1.026826	131.382914	0.010578	9.7
1267	-1.777838	131.325282	0.018599	8.0
1268	-1.149148	131.267717	0.007055	7.8
1269	-1.661132	131.210219	0.011974	8.2
1270	-1.041966	131.152788	0.006473	8.1
1271	-0.134663	131.095424	0.001457	10.2
1272	-1.481188	131.038127	0.024817	7.7
1273	-1.608877	130.980897	0.010935	8.3
1274	-1.476584	130.923733	0.007549	7.9
1275	-1.498121	130.866636	0.005994	7.9
1276	-1.072709	130.809605	0.010854	10.4
1277	-1.615854	130.752641	0.014178	12.5
1278	-1.933026	130.695742	0.005538	13.3
1279	-0.368241	130.638910	0.002552	15.8
1280	-1.936247	130.582143	0.005904	8.6
1281	-1.834128	130.525442	0.006459	10.7
1282	-1.887748	130.468807	0.021694	20.6
1283	-1.825606	130.412237	0.009434	17.2
1284	-1.078982	130.355733	0.005360	10.4
1285	-1.848810	130.299294	0.007053	10.0
1286	-0.690329	130.242920	0.007817	9.6
1287	-1.078375	130.186611	0.010137	9.0
1288	-0.804500	130.130366	0.004820	9.0
1289	-1.902379	130.074187	0.013747	10.3
1290	-0.337174	130.018072	0.002387	9.3
1291	-1.003905	129.962022	0.011574	8.5
1292	-1.054409	129.906036	0.003524	8.5
1293	-0.317114	129.850114	0.006972	9.3
1294	-1.133766	129.794257	0.004574	12.1
1295	-1.010123	129.738463	0.011365	8.4
1296	-1.122213	129.682734	0.005822	9.0
1297	-1.909882	129.627068	0.019581	9.0
1298	-0.858604	129.571466	0.008876	12.5
1299	-0.682155	129.515927	0.009115	9.4
1300	-1.684517	129.460452	0.011491	11.9
1301	-0.469577	129.405040	0.009185	11.4
1302	-1.856454	129.349692	0.013344	9.8
1303	-0.698129	129.294406	0.004486	8.8
1304	-0.616412	129.239183	0.001430	9.0
1305	-1.103549	129.184024	0.010003	11.0
1306	-0.329419	129.128927	0.002700	9.4
1307	-1.377687	129.073892	0.006791	9.4
1308	-1.291601	129.018921	0.013267	8.1
1309	-1.802776	128.964011	0.024008	8.2
1310	-1.043883	128.909164	0.015422	10.7
1311	-0.346592	128.854379	0.005637	8.0
1312	-1.460792	128.799656	0.014840	8.2
1313	-0.743138	128.744995	0.007737	7.4
1314	-1.955748	128.690396	0.018509	10.6
1315	-1.734037	128.635858	0.009009	8.7
1316	-1.276436	128.581382	0.013061	8.0
1317	-1.526715	128.526968	0.006505	8.1
1318	-1.625351	128.472615	0.009187	7.1
1319	-1.322072	128.418323	0.012005	10.0
1320	-1.075574	128.364092	0.006763	8.2
1321	-0.031391	128.309922	0.000557	8.2
1322	-1.699470	128.255814	0.017623	7.9
1323	-0.843594	128.201766	0.016095	7.8
1324	-1.855249	128.147778	0.019740	10.0
1325	-1.125537	128.093852	0.007597	8.3
1326	-1.925115	128.039985	0.026294	7.6
1327	-0.975066	127.986180	0.009851	7.9
1328	-1.634241	127.932434	0.009587	7.7
1329	-0.452773	127.878749	0.003091	10.9
1330	-0.369517	127.825123	0.007342	12.9
1331	-0.853678	127.771558	0.005686	12.6
1332	-0.901383	127.718052	0.006069	13.9
1333	-0.569939	127.664606	0.007893	9.6
1334	-1.322597	127.611220	0.008773	8.4
1335	-1.771305	127.557893	0.023327	7.8
1336	-1.964515	127.504625	0.009805	8.0
1337	-1.114942	127.451417	0.008955	10.4
1338	-1.332527	127.398268	0.013113	8.9
1339	-1.741288	127.345178	0.006983	8.2
1340	-0.331432	127.292147	0.003137	8.7
1341	-0.793089	127.239175	0.010799	7.8
1342	-1.762539	127.186261	0.017399	11.7
1343	-0.530990	127.133407	0.004127	8.9
1344	-0.812781	127.080610	0.008404	8.4
1345	-1.254007	127.027872	0.009293	9.7
1346	-1.565953	126.975193	0.022520	12.2
1347	-1.955623	126.922572	0.012266	8.1
1348	-1.532780	126.870008	0.005871	8.7
1349	-0.468360	126.817503	0.007444	9.6
1350	-1.478704	126.765056	0.015639	12.4
1351	-0.238413	126.712667	0.002760	9.0
1352	-1.737912	126.660335	0.009292	10.9
1353	-1.633696	126.608061	0.014745	13.2
1354	-0.974513	126.555844	0.004918	9.1
1355	-0.432972	126.503685	0.008821	9.0
1356	-0.582199	126.451583	0.021256	9.4
1357	-0.363685	126.399538	0.006308	11.0
1358	-1.212480	126.347550	0.005458	10.1
1359	-1.684687	126.295619	0.024606	8.6
1360	-1.851044	126.243745	0.016465	8.6
1361	-0.083515	126.191928	0.000526	9.3
1362	-0.549176	126.140168	0.003297	9.4
1363	-1.164809	126.088464	0.022209	8.6
1364	-0.670653	126.036817	0.005037	8.5
1365	-1.490654	125.985226	0.007468	8.4
1366	-1.806122	125.933691	0.017633	11.5
1367	-1.248878	125.882212	0.006202	8.1
1368	-0.671352	125.830790	0.009172	8.4
1369	-1.758138	125.779423	0.014930	8.0
1370	-1.671039	125.728113	0.018869	10.6
1371	-1.500888	125.676858	0.005912	8.9
1372	-0.200122	125.625659	0.001299	8.2
1373	-1.263208	125.574515	0.008368	8.3
1374	-0.296540	125.523427	0.002862	7.4
1375	-0.382157	125.472394	0.004229	10.0
1376	-1.356396	125.421417	0.015963	7.9
1377	-0.687582	125.370495	0.013617	8.8
1378	-1.646155	125.319628	0.005844	8.0
1379	-0.573142	125.268815	0.011338	7.9
1380	-0.301735	125.218058	0.002963	9.6
1381	-1.408976	125.167356	0.004668	7.8
1382	-1.354778	125.116708	0.013300	8.4
1383	-1.953985	125.066115	0.013042	7.9
1384	-1.179983	125.015576	0.013008	7.7
1385	-0.979853	124.965092	0.009372	11.0
1386	-1.244683	124.914662	0.013108	12.3
1387	-1.609074	124.864287	0.002809	12.5
1388	-1.665607	124.813965	0.022057	15.2
1389	-0.901932	124.763698	0.008948	10.0
1390	-1.481612	124.713485	0.008760	8.4
1391	-1.380957	124.663325	0.010010	8.8
1392	-0.671757	124.613219	0.007887	8.3
1393	-1.776023	124.563167	0.022338	10.4
1394	-1.259341	124.513168	0.006286	8.1
1395	-0.633145	124.463223	0.001973	8.9
1396	-1.748840	124.413332	0.011232	8.7
1397	-0.411415	124.363493	0.003580	10.8
1398	-1.005734	124.313708	0.019901	9.1
1399	-0.364288	124.263976	0.007668	8.7
1400	-0.432549	124.214297	0.002473	8.7
1401	-0.408844	124.164671	0.008831	9.0
1402	-1.835058	124.115097	0.018523	11.6
1403	-1.197270	124.065577	0.008541	8.4
1404	-1.332918	124.016109	0.018429	8.4
1405	-0.902601	123.966693	0.012056	12.7
1406	-1.349361	123.917330	0.009780	11.9
1407	-0.520422	123.868020	0.005296	8.0
1408	-0.943009	123.818762	0.010388	9.5
1409	-1.494333	123.769556	0.022527	9.3
1410	-1.201465	123.720402	0.011843	10.3
1411	-1.188019	123.671300	0.013995	9.0
1412	-1.259201	123.622250	0.012834	8.7
1413	-0.392238	123.573252	0.003794	9.8
1414	-1.352715	123.524305	0.011908	11.0
1415	-0.445629	123.475411	0.005941	8.4
1416	-1.747833	123.426568	0.009900	8.5
1417	-1.655008	123.377776	0.020620	9.2
1418	-1.783445	123.329036	0.015957	11.2
1419	-1.323992	123.280347	0.015381	8.5
1420	-0.477829	123.231709	0.003634	8.5
1421	-1.877131	123.183122	0.015775	8.4
1422	-0.713933	123.134587	0.008165	10.1
1423	-0.583726	123.086102	0.006471	8.3
1424	-0.784719	123.037669	0.009304	7.9
1425	-1.759571	122.989286	0.014192	8.9
1426	-1.878441	122.940954	0.015090	8.3
1427	-1.658648	122.892672	0.005103	10.6
1428	-1.889783	122.844441	0.004976	8.7
1429	-0.651182	122.796261	0.010916	7.9
1430	-1.065969	122.748130	0.008944	7.8
1431	-1.661972	122.700050	0.021713	8.2
1432	-1.758831	122.652021	0.008753	10.9
1433	-0.548101	122.604041	0.009126	9.3
1434	-0.534023	122.556111	0.004687	9.0
1435	-1.876754	122.508232	0.008697	9.3
1436	-2.016303	122.460402	0.017223	10.1
1437	-0.107440	122.412622	0.001162	9.7
1438	-0.800410	122.364891	0.006962	8.2
1439	-0.349093	122.317210	0.007702	9.4
1440	-0.579692	122.269579	0.004225	11.4
1441	-1.649617	122.221997	0.010894	13.1
1442	-1.328515	122.174465	0.007372	13.1
1443	-0.033662	122.126981	0.000657	12.2
1444	-0.481045	122.079547	0.007075	11.1
1445	-1.889870	122.032162	0.013536	8.5
1446	-1.610273	121.984826	0.021889	8.8
1447	-0.538671	121.937539	0.003314	8.3
1448	-0.543750	121.890301	0.005798	11.6
1449	-0.284730	121.843112	0.003289	8.1
1450	-0.813756	121.795971	0.006221	8.7
1451	-0.821464	121.748879	0.003309	8.8
1452	-1.538932	121.701835	0.013036	10.1
1453	-1.524464	121.654840	0.016993	8.8
1454	-1.141595	121.607893	0.012911	8.2
1455	-1.901937	121.560994	0.021108	8.4
1456	-0.467331	121.514144	0.010370	9.6
1457	-1.706375	121.467342	0.023148	14.1
1458	-1.220656	121.420588	0.015793	8.7
1459	-1.495198	121.373882	0.007923	8.3
1460	-0.747552	121.327223	0.012960	10.1
1461	-1.260995	121.280613	0.019938	9.5
1462	-1.049450	121.234050	0.012339	8.3
1463	-1.789403	121.187535	0.011221	9.6
1464	-0.240996	121.141067	0.002648	8.7
1465	-0.460127	121.094647	0.006945	10.0
1466	-0.532445	121.048274	0.002217	7.9
1467	-1.333582	121.001949	0.012186	8.4
1468	-0.986515	120.955671	0.009987	8.3
1469	-1.345501	120.909440	0.012668	10.9
1470	-0.532454	120.863256	0.002122	7.8
1471	-0.361330	120.817119	0.007723	8.1
1472	-0.326949	120.771029	0.005851	8.4
1473	-1.471648	120.724986	0.004999	8.0
1474	-0.848408	120.678990	0.012079	10.2
1475	-1.002757	120.633040	0.006608	9.3
1476	-0.801080	120.587137	0.006313	8.3
1477	-1.539314	120.541281	0.022501	8.3
1478	-1.974113	120.495471	0.015052	7.9
1479	-1.995901	120.449707	0.010954	11.0
1480	-1.573130	120.403990	0.016401	8.3
1481	-1.595196	120.358319	0.006950	8.2
1482	-0.522508	120.312694	0.002772	8.3
1483	-1.847785	120.267115	0.013604	10.2
1484	-0.302215	120.221582	0.002009	8.6
1485	-0.784354	120.176096	0.005488	6.5
1486	-1.010111	120.130655	0.011784	8.4
1487	-1.487620	120.085260	0.006551	7.9
1488	-0.260116	120.039910	0.004680	11.1
1489	-1.382199	119.994606	0.019999	7.8
1490	-0.763980	119.949348	0.008726	8.4
1491	-1.639545	119.904135	0.007600	8.2
1492	-1.016016	119.858968	0.005177	9.3
1493	-1.085201	119.813846	0.002967	11.5
1494	-0.466252	119.768769	0.007270	8.3
1495	-1.814121	119.723738	0.021913	8.4
1496	-1.677424	119.678752	0.015464	7.6
1497	-0.864465	119.633810	0.004655	12.9
1498	-1.413692	119.588914	0.011815	12.9
1499	-1.889221	119.544062	0.020423	13.2
1500	-1.793628	119.499256	0.010034	12.1
1501	-1.323222	119.454494	0.011116	10.6
1502	-0.273312	119.409777	0.004386	8.5
1503	-0.733361	119.365104	0.008835	8.5
1504	-0.375294	119.320476	0.005466	8.9
1505	-0.461261	119.275893	0.008935	9.4
1506	-0.399086	119.231353	0.002719	8.5
1507	-0.700153	119.186859	0.014837	8.2
1508	-1.390398	119.142408	0.009533	8.4
1509	-0.895127	119.098002	0.011039	10.7
1510	-0.694562	119.053639	0.002702	12.7
1511	-0.594637	119.009321	0.012521	8.4
1512	-0.321564	118.965047	0.005888	9.4
1513	-0.456867	118.920816	0.005814	10.7
1514	-0.789773	118.876630	0.005461	9.5
1515	-1.519591	118.832487	0.019008	8.3
1516	-0.638498	118.788388	0.008605	8.1
1517	-0.522867	118.744332	0.004888	8.2
1518	-1.813321	118.700320	0.010809	11.0
1519	-1.360241	118.656352	0.008762	8.2
1520	-1.828616	118.612427	0.007883	7.7
1521	-0.787116	118.568545	0.014888	8.3
1522	-0.500234	118.524706	0.002956	10.0
1523	-1.948092	118.480911	0.019171	8.0
1524	-1.728030	118.437159	0.007478	8.4
1525	-1.889394	118.393450	0.015179	8.1
1526	-1.674203	118.349784	0.022198	8.3
1527	-1.844689	118.306160	0.008813	10.2
1528	-2.038452	118.262580	0.011014	8.8
1529	-1.769805	118.219042	0.015097	7.5
1530	-1.943343	118.175548	0.018153	9.0
1531	-1.689612	118.132095	0.007711	8.1
1532	-1.565959	118.088686	0.008566	10.7
1533	-1.738252	118.045319	0.007163	9.1
1534	-1.924794	118.001994	0.013557	8.1
1535	-1.058519	117.958712	0.007029	7.9
1536	-1.638666	117.915472	0.015768	10.7
1537	-1.632435	117.872274	0.011677	8.8
1538	-1.073991	117.829118	0.007755	6.9
1539	-1.802369	117.786005	0.019109	8.0
1540	-1.252958	117.742933	0.011756	7.4
1541	-1.902216	117.699904	0.006130	10.6
1542	-1.925072	117.656916	0.012251	8.4
1543	-1.830928	117.613971	0.008482	8.9
1544	-1.873234	117.571067	0.004960	9.0
1545	-1.891518	117.528205	0.003355	8.4
1546	-1.392395	117.485384	0.007734	9.0
1547	-0.765957	117.442605	0.006665	10.0
1548	-1.451621	117.399867	0.017015	8.3
1549	-0.434673	117.357171	0.006833	7.9
1550	-0.484649	117.314517	0.008474	10.5
1551	-1.575254	117.271903	0.015237	8.3
1552	-0.425794	117.229331	0.008446	7.8
1553	-0.604794	117.186800	0.004150	9.3
1554	-1.714836	117.144311	0.012735	12.3
1555	-0.436040	117.101862	0.003500	10.7
1556	-1.646762	117.059454	0.009065	14.3
1557	-1.910192	117.017087	0.009642	9.2
1558	-0.996436	116.974762	0.012999	11.5
1559	-0.771737	116.932476	0.005075	8.6
1560	-0.360216	116.890232	0.005104	8.2
1561	-1.760685	116.848028	0.008607	7.9
1562	-1.829049	116.805865	0.015316	8.5
1563	-1.624229	116.763743	0.022216	10.0
1564	-1.760465	116.721661	0.013461	12.9
1565	-1.650960	116.679619	0.004776	8.7
1566	-0.818204	116.637618	0.010701	8.6
1567	-0.899312	116.595657	0.014962	10.9
1568	-1.785091	116.553736	0.010616	8.2
1569	-1.821199	116.511855	0.015788	8.6
1570	-1.745209	116.470015	0.020830	8.9
1571	-1.001379	116.428214	0.014104	10.1
1572	-1.145031	116.386454	0.013219	9.8
1573	-1.567540	116.344733	0.015927	8.5
1574	-1.425982	116.303052	0.015841	9.0
1575	-1.888719	116.261412	0.011343	8.1
1576	-1.074084	116.219810	0.007423	10.2
1577	-1.890583	116.178249	0.011685	8.0
1578	-0.919257	116.136727	0.002923	8.0
1579	-0.787330	116.095245	0.004320	8.0
1580	-1.425511	116.053802	0.006854	8.3
1581	-1.981347	116.012398	0.006649	10.6
1582	-1.618510	115.971034	0.030522	8.0
1583	-1.829297	115.929710	0.015219	9.3
1584	-1.668533	115.888424	0.006032	8.2
1585	-1.724206	115.847178	0.014473	9.2
1586	-1.966611	115.805970	0.009156	9.6
1587	-0.587033	115.764802	0.005656	9.1
1588	-1.119929	115.723673	0.006439	8.1
1589	-0.602976	115.682583	0.009284	8.4
1590	-1.222079	115.641532	0.004653	10.4
1591	-1.252579	115.600519	0.004686	8.5
1592	-1.558013	115.559546	0.011145	8.6
1593	-0.307656	115.518610	0.002058	8.2
1594	-0.931650	115.477714	0.008286	9.7
1595	-1.998618	115.436856	0.012845	10.1
1596	-0.792224	115.396037	0.008943	8.5
1597	-0.438712	115.355256	0.002961	8.3
1598	-1.171280	115.314514	0.003038	9.2
1599	-1.721172	115.273810	0.012863	11.4
1600	-0.669137	115.233144	0.007825	9.1
1601	-0.711510	115.192517	0.004918	9.2
1602	-1.436008	115.151927	0.010858	9.5
1603	-0.968960	115.111376	0.009347	9.6
1604	-1.711009	115.070863	0.021037	10.5
1605	-1.475688	115.030388	0.016390	8.7
1606	-0.311725	114.989951	0.002562	8.7
1607	-0.700735	114.949551	0.006999	8.9
1608	-1.779828	114.909190	0.013314	11.1
1609	-1.390131	114.868866	0.018314	13.2
1610	-1.966980	114.828580	0.009130	14.1
1611	-0.660863	114.788332	0.008322	16.2
1612	-1.756334	114.748121	0.017841	12.3
1613	-1.752291	114.707948	0.006957	7.8
1614	-1.454714	114.667812	0.017180	11.1
1615	-0.957300	114.627714	0.004712	10.3
1616	-1.655339	114.587653	0.015286	10.2
1617	-0.760963	114.547629	0.013176	9.0
1618	-0.306956	114.507643	0.003134	12.5
1619	-1.487187	114.467693	0.042611	7.5
1620	-0.152036	114.427781	0.001534	9.4
1621	-0.283556	114.387907	0.001716	8.0
1622	-1.913849	114.348069	0.008857	10.4
1623	-0.426369	114.308268	0.007149	11.2
1624	-1.140769	114.268504	0.007070	8.2
1625	-0.963176	114.228777	0.004657	9.8
1626	-0.506833	114.189086	0.008767	8.0
1627	-1.520916	114.149433	0.012413	12.3
1628	-1.421464	114.109816	0.006995	7.1
1629	-1.367946	114.070235	0.004508	8.5
1630	-1.752538	114.030692	0.013478	9.9
1631	-0.707379	113.991185	0.005683	10.1
1632	-1.298774	113.951714	0.004908	9.2
1633	-0.392535	113.912280	0.007806	8.6
1634	-1.902723	113.872882	0.008666	9.1
1635	-1.236804	113.833521	0.006332	8.6
1636	-0.863919	113.794195	0.005649	8.6
1637	-1.938388	113.754906	0.014889	9.3
1638	-1.407370	113.715653	0.010454	8.3
1639	-0.997562	113.676437	0.018550	8.9
1640	-1.830617	113.637256	0.013245	10.5
1641	-1.291118	113.598111	0.024458	8.7
1642	-1.617612	113.559002	0.016073	8.3
1643	-1.208831	113.519929	0.004635	8.6
1644	-0.269405	113.480892	0.003485	9.8
1645	-0.659362	113.441891	0.013742	10.0
1646	-0.315504	113.402925	0.004054	8.6
1647	-1.364031	113.363995	0.012365	8.2
1648	-0.401420	113.325101	0.004132	7.7
1649	-2.012043	113.286242	0.015026	11.1
1650	-1.789742	113.247419	0.013675	13.2
1651	-1.685527	113.208631	0.020197	10.7
1652	-0.736565	113.169879	0.012793	13.5
1653	-0.633155	113.131162	0.009640	9.1
1654	-1.863996	113.092480	0.006168	8.0
1655	-0.688849	113.053833	0.012823	9.2
1656	-1.910750	113.015222	0.020755	10.0
1657	-0.385885	112.976646	0.007642	10.3
1658	-0.993517	112.938105	0.004709	24.2
1659	-1.655986	112.899599	0.018962	26.7
1660	-1.856129	112.861128	0.012670	63.3
1661	-0.928131	112.822692	0.004677	11.3
1662	-1.255069	112.784291	0.004146	10.9
1663	-0.337465	112.745924	0.002138	11.3
1664	-1.926535	112.707593	0.010079	13.4
1665	-1.739500	112.669296	0.014938	11.2
1666	-1.695418	112.631034	0.007703	9.7
1667	-1.859579	112.592806	0.011821	11.7
1668	-0.898278	112.554613	0.024630	12.8
1669	-1.736699	112.516455	0.009232	11.5
1670	-1.868799	112.478331	0.005181	13.6
1671	-0.305023	112.440241	0.002670	13.4
1672	-1.305473	112.402186	0.013558	13.8
1673	-1.457607	112.364165	0.015985	15.6
1674	-0.460546	112.326179	0.003420	20.1
1675	-1.837810	112.288227	0.012006	20.2
1676	-1.918179	112.250309	0.018582	18.9
1677	-1.235327	112.212425	0.008553	11.1
1678	-2.044560	112.174575	0.015071	15.0
1679	-1.743141	112.136759	0.011536	9.7
1680	-1.434412	112.098977	0.015552	8.2
1681	-1.048327	112.061229	0.012883	10.9
1682	-0.775076	112.023515	0.008685	11.6
1683	-1.279142	111.985834	0.018252	8.5
1684	-1.105621	111.948188	0.005139	9.6
1685	-0.353428	111.910575	0.003449	9.6
1686	-1.613422	111.872996	0.009699	12.2
1687	-1.753575	111.835450	0.016777	9.7
1688	-1.429062	111.797939	0.004529	16.1
1689	-1.936629	111.760460	0.007451	9.8
1690	-0.481371	111.723015	0.003232	12.1
1691	-1.645128	111.685604	0.011247	10.0
1692	-1.527835	111.648226	0.024130	8.3
1693	-0.728495	111.610881	0.005775	10.7
1694	-0.243784	111.573570	0.003422	13.2
1695	-1.305602	111.536292	0.002939	12.5
1696	-1.440969	111.499047	0.015320	14.8
1697	-1.612800	111.461835	0.020139	15.0
1698	-1.594663	111.424656	0.033482	13.6
1699	-1.849557	111.387510	0.009562	18.8
1700	-1.516309	111.350398	0.004406	13.0
1701	-1.355071	111.313318	0.007337	10.3
1702	-1.550721	111.276271	0.013891	8.3
1703	-0.337813	111.239257	0.002334	10.5
1704	-1.506652	111.202276	0.020770	9.3
1705	-1.653366	111.165328	0.013492	10.1
1706	-1.957855	111.128412	0.012001	7.5
1707	-1.887636	111.091529	0.010798	9.2
1708	-1.074812	111.054679	0.010303	9.9
1709	-1.746774	111.017861	0.009009	8.4
1710	-0.665675	110.981076	0.013110	7.9
1711	-1.998020	110.944323	0.018944	9.0
1712	-1.507262	110.907603	0.024164	11.0
1713	-0.482662	110.870915	0.002687	7.8
1714	-0.251106	110.834259	0.002746	8.9
1715	-1.858559	110.797636	0.019952	7.8
1716	-0.444755	110.761045	0.003335	8.4
1717	-1.943659	110.724486	0.015203	10.4
1718	-2.009214	110.687959	0.012937	8.0
1719	-1.296358	110.651465	0.012165	8.0
1720	-1.463051	110.615002	0.009149	8.1
1721	-0.373965	110.578572	0.002160	8.6
1722	-1.992648	110.542173	0.012716	11.0
1723	-0.956340	110.505807	0.004895	9.5
1724	-1.513908	110.469472	0.017385	8.1
1725	-0.830954	110.433169	0.003620	9.4
1726	-1.610426	110.396898	0.006777	10.3
1727	-0.360797	110.360659	0.006119	9.9
1728	-1.503915	110.324451	0.019474	9.5
1729	-1.859775	110.288276	0.017780	7.6
1730	-0.877860	110.252131	0.004923	10.0
1731	-0.507524	110.216019	0.006183	10.7
1732	-0.509473	110.179937	0.007003	10.4
1733	-1.307969	110.143888	0.007130	9.7
1734	-0.893157	110.107869	0.013428	10.8
1735	-0.501174	110.071882	0.008725	9.5
1736	-1.783743	110.035927	0.009212	8.2
1737	-1.703257	110.000003	0.011191	9.6
1738	-0.808789	109.964110	0.005088	9.7
1739	-1.909517	109.928248	0.022397	9.3
1740	-1.981168	109.892417	0.011594	9.4
1741	-1.219279	109.856618	0.011748	8.7
1742	-1.997023	109.820850	0.009723	10.4
1743	-0.792474	109.785112	0.008820	9.6
1744	-1.969724	109.749406	0.006990	9.0
1745	-1.743728	109.713730	0.010129	8.3
1746	-1.709289	109.678086	0.025880	9.2
1747	-1.200831	109.642472	0.008528	11.1
1748	-1.723111	109.606890	0.007202	8.4
1749	-1.681622	109.571337	0.016832	11.0
1750	-0.740614	109.535816	0.017243	11.7
1751	-1.143996	109.500326	0.007693	12.6
1752	-0.634647	109.464866	0.009087	13.0
1753	-0.760346	109.429436	0.004712	17.0
1754	-0.452470	109.394038	0.002362	11.5
1755	-0.336390	109.358669	0.004521	7.9
1756	-1.404490	109.323331	0.002428	8.8
1757	-0.650535	109.288024	0.005535	9.4
1758	-1.744317	109.252747	0.011529	10.2
1759	-1.294333	109.217501	0.007797	8.7
1760	-0.432268	109.182284	0.005337	8.1
1761	-1.980226	109.147098	0.009132	8.4
1762	-1.949950	109.111942	0.013034	10.9
1763	-1.592476	109.076817	0.015091	8.5
1764	-0.497805	109.041721	0.007764	8.2
1765	-1.848848	109.006656	0.012970	8.1
1766	-1.702316	108.971620	0.023635	12.8
1767	-0.361901	108.936615	0.009767	10.0
1768	-0.720141	108.901640	0.009725	9.5
1769	-1.878233	108.866694	0.017399	8.6
1770	-2.059563	108.831779	0.019098	10.3
1771	-0.284635	108.796893	0.004336	8.7
1772	-0.346242	108.762037	0.004929	8.0
1773	-1.385587	108.727211	0.010296	8.6
1774	-0.793902	108.692415	0.003589	8.5
1775	-0.390739	108.657648	0.002685	10.8
1776	-1.027236	108.622911	0.005062	9.7
1777	-1.834233	108.588203	0.022223	9.5
1778	-0.556442	108.553525	0.007517	8.2
1779	-1.498316	108.518877	0.010246	10.9
1780	-1.062886	108.484258	0.011330	8.3
1781	-0.863837	108.449668	0.010415	9.3
1782	-0.689384	108.415108	0.011796	8.0
1783	-0.837896	108.380578	0.027650	10.5
1784	-1.888923	108.346076	0.016914	8.5
1785	-1.777224	108.311604	0.011172	8.8
1786	-0.659238	108.277161	0.007049	8.3
1787	-0.883796	108.242747	0.011569	8.1
1788	-1.412224	108.208363	0.008631	12.1
1789	-0.951499	108.174007	0.009742	8.0
1790	-1.267674	108.139681	0.007579	8.4
1791	-1.696279	108.105383	0.008394	8.9
1792	-0.735304	108.071115	0.009807	9.8
1793	-1.570561	108.036875	0.004327	8.4
1794	-0.863291	108.002665	0.004261	7.8
1795	-0.454123	107.968483	0.005985	8.5
1796	-1.317625	107.934330	0.014172	7.9
1797	-0.865305	107.900206	0.005173	10.3
1798	-1.424868	107.866111	0.005819	8.4
1799	-0.517351	107.832044	0.006522	8.6
1800	-1.506826	107.798007	0.010816	8.2
1801	-1.586028	107.763997	0.021039	13.4
1802	-0.462134	107.730017	0.004250	9.1
1803	-1.041338	107.696065	0.007771	8.6
1804	-1.663783	107.662141	0.005303	9.3
1805	-1.907494	107.628246	0.016580	8.3
1806	-0.781670	107.594379	0.005064	15.7
1807	-1.541931	107.560541	0.014051	13.8
1808	-1.789180	107.526731	0.022612	15.7
1809	-1.407416	107.492949	0.017496	11.9
1810	-1.404566	107.459196	0.010304	7.9
1811	-0.823012	107.425471	0.011398	9.2
1812	-1.175039	107.391774	0.007562	11.0
1813	-1.757848	107.358106	0.018519	8.2
1814	-1.964482	107.324465	0.007641	8.0
1815	-1.540465	107.290853	0.007443	8.5
1816	-0.909060	107.257268	0.005371	8.0
1817	-0.499075	107.223712	0.004185	9.8
1818	-0.321076	107.190184	0.005701	8.2
1819	-1.308878	107.156683	0.006271	8.4
1820	-0.840323	107.123211	0.002378	7.9
1821	-1.480135	107.089766	0.007262	8.1
1822	-0.484191	107.056349	0.005359	9.7
1823	-1.323876	107.022960	0.009117	8.6
1824	-1.570905	106.989599	0.016189	8.6
1825	-2.015232	106.956265	0.014129	8.5
1826	-1.461975	106.922960	0.012304	7.5
1827	-1.870929	106.889681	0.009317	11.1
1828	-1.623473	106.856431	0.004073	8.2
1829	-1.829592	106.823208	0.018683	8.2
1830	-1.758195	106.790012	0.011585	8.3
1831	-1.791120	106.756844	0.014106	10.6
1832	-1.852357	106.723703	0.015248	8.5
1833	-1.663962	106.690590	0.007199	7.6
1834	-0.907932	106.657505	0.009576	9.0
1835	-1.257751	106.624446	0.010144	8.3
1836	-1.857516	106.591415	0.011988	11.2
1837	-1.387604	106.558411	0.007313	8.8
1838	-0.395353	106.525435	0.002566	8.2
1839	-1.292443	106.492485	0.025997	8.0
1840	-1.664510	106.459563	0.020465	11.5
1841	-0.735957	106.426668	0.004260	7.8
1842	-0.415193	106.393800	0.006718	8.7
1843	-1.200194	106.360959	0.012428	8.6
1844	-1.832043	106.328145	0.012939	7.9
1845	-0.572655	106.295358	0.005292	10.4
1846	-1.758302	106.262598	0.015134	8.8
1847	-1.711852	106.229865	0.008075	8.6
1848	-0.345174	106.197158	0.005334	8.5
1849	-0.413135	106.164479	0.005489	7.9
1850	-1.137364	106.131826	0.010390	10.8
1851	-1.866346	106.099201	0.006315	7.9
1852	-0.957092	106.066602	0.006861	8.2
1853	-1.960910	106.034029	0.009283	7.9
1854	-1.580848	106.001483	0.007957	13.1
1855	-0.770233	105.968964	0.003727	7.8
1856	-0.800902	105.936472	0.012721	7.7
1857	-1.871658	105.904006	0.013471	8.8
1858	-1.610390	105.871566	0.007984	7.4
1859	-0.424864	105.839153	0.003439	10.4
1860	-0.325501	105.806767	0.003723	8.0
1861	-0.449106	105.774407	0.005348	10.3
1862	-1.607990	105.742073	0.011219	11.1
1863	-1.818402	105.709766	0.023924	13.1
1864	-0.978089	105.677485	0.016017	10.3
1865	-1.766078	105.645230	0.006083	12.7
1866	-1.700960	105.613001	0.013911	10.4
1867	-1.179869	105.580799	0.014957	12.9
1868	-1.952494	105.548623	0.019981	8.5
1869	-0.382383	105.516473	0.002316	8.3
1870	-0.666083	105.484349	0.004515	7.8
1871	-0.738888	105.452251	0.005879	10.3
1872	-1.588459	105.420179	0.005701	8.8
1873	-1.721359	105.388133	0.014014	9.3
1874	-0.837388	105.356113	0.012816	9.5
1875	-0.597491	105.324119	0.005744	9.0
1876	-1.206525	105.292151	0.013976	8.7
1877	-1.806796	105.260209	0.010819	7.7
1878	-0.890536	105.228293	0.009506	8.4
1879	-0.851479	105.196402	0.005982	8.0
1880	-0.814015	105.164537	0.007067	10.4
1881	-1.942456	105.132698	0.012749	8.4
1882	-1.881893	105.100885	0.016758	7.7
1883	-0.467173	105.069097	0.008893	8.9
1884	-1.273764	105.037335	0.009306	8.1
1885	-1.351260	105.005598	0.006185	10.9
1886	-1.454711	104.973887	0.019113	8.6
1887	-1.718176	104.942202	0.010064	8.2
1888	-1.464608	104.910542	0.018864	8.3
1889	-1.775737	104.878907	0.010393	10.3
1890	-0.884520	104.847298	0.009998	7.6
1891	-1.810836	104.815715	0.008163	8.1
1892	-1.710707	104.784156	0.029101	8.6
1893	-1.099231	104.752623	0.012309	8.4
1894	-1.295189	104.721116	0.003417	9.9
1895	-1.277196	104.689633	0.007454	7.9
1896	-1.470070	104.658176	0.004212	9.2
1897	-1.828941	104.626744	0.015838	8.3
1898	-1.211506	104.595337	0.005236	9.5
1899	-1.754138	104.563955	0.012454	10.9
1900	-1.911517	104.532599	0.009497	8.7
1901	-1.805133	104.501267	0.010856	7.8
1902	-1.675761	104.469960	0.015844	8.2
1903	-0.597958	104.438679	0.010256	10.7
1904	-1.281447	104.407422	0.011477	8.4
1905	-1.488673	104.376191	0.014465	9.4
1906	-1.480013	104.344984	0.017605	8.4
1907	-1.651001	104.313802	0.010888	8.3
1908	-0.356040	104.282645	0.001574	13.4
1909	-1.782595	104.251513	0.016972	8.1
1910	-0.995699	104.220405	0.015535	8.0
1911	-0.334403	104.189323	0.005086	8.6
1912	-1.304096	104.158265	0.004150	10.0
1913	-1.135999	104.127231	0.015965	8.4
1914	-0.950348	104.096222	0.010967	8.5
1915	-1.577572	104.065238	0.021747	8.5
1916	-0.778737	104.034279	0.008812	8.1
1917	-1.452226	104.003344	0.005767	10.7
1918	-1.816088	103.972433	0.008745	10.4
1919	-1.597188	103.941547	0.015932	12.9
1920	-1.848804	103.910686	0.018037	13.5
1921	-1.375908	103.879849	0.009214	12.7
1922	-1.756622	103.849036	0.009519	8.5
1923	-0.922347	103.818248	0.003192	8.0
1924	-0.355381	103.787484	0.006202	8.6
1925	-1.308257	103.756744	0.013641	9.7
1926	-1.908757	103.726029	0.023587	8.2
1927	-1.332018	103.695338	0.015185	8.2
1928	-1.898041	103.664671	0.008872	9.0
1929	-0.702004	103.634028	0.003027	10.5
1930	-1.481665	103.603409	0.006006	8.3
1931	-0.717323	103.572814	0.006392	8.4
1932	-0.289523	103.542244	0.001588	7.8
1933	-1.758903	103.511698	0.014492	8.0
1934	-0.973263	103.481175	0.006850	9.7
1935	-0.296184	103.450677	0.003177	8.1
1936	-0.973993	103.420202	0.002855	8.0
1937	-1.714152	103.389752	0.004789	9.0
1938	-1.928315	103.359325	0.012072	8.5
1939	-1.258036	103.328922	0.013110	11.5
1940	-0.086265	103.298543	0.000552	8.2
1941	-1.420475	103.268188	0.005705	7.5
1942	-1.468626	103.237857	0.008276	8.3
1943	-0.648547	103.207549	0.008214	14.6
1944	-0.523897	103.177265	0.006988	12.8
1945	-1.842700	103.147005	0.010411	11.2
1946	-1.896221	103.116768	0.012989	8.7
1947	-1.866297	103.086556	0.004242	17.0
1948	-1.108549	103.056366	0.013045	12.3
1949	-0.277665	103.026200	0.004620	8.5
1950	-0.473206	102.996058	0.004705	11.8
1951	-1.922590	102.965939	0.016906	14.5
1952	-1.184329	102.935844	0.009679	11.0
1953	-1.985352	102.905772	0.009737	8.5
1954	-1.248021	102.875724	0.006332	11.3
1955	-1.886476	102.845699	0.005708	12.7
1956	-0.916107	102.815697	0.011388	8.3
1957	-1.867514	102.785719	0.013465	15.7
1958	-1.937785	102.755764	0.016721	11.2
1959	-1.942422	102.725832	0.015979	13.8
1960	-0.611403	102.695924	0.007304	8.8
1961	-1.443778	102.666038	0.008277	13.0
1962	-0.939919	102.636176	0.008472	19.0
1963	-0.922551	102.606337	0.008908	13.8
1964	-1.111498	102.576521	0.010738	7.8
1965	-1.992699	102.546728	0.010304	8.7
1966	-1.204760	102.516959	0.013051	10.8
1967	-1.547578	102.487212	0.012271	8.8
1968	-1.860552	102.457488	0.010368	12.9
1969	-1.268852	102.427788	0.007060	13.6
1970	-1.549493	102.398110	0.009985	16.6
1971	-1.882351	102.368455	0.008116	11.5
1972	-0.442506	102.338823	0.002862	9.4
1973	-0.234813	102.309214	0.003892	11.3
1974	-1.986295	102.279628	0.025744	8.8
1975	-1.032079	102.250064	0.004778	8.2
1976	-1.558416	102.220524	0.009087	8.7
1977	-0.209258	102.191006	0.002141	11.4
1978	-1.852054	102.161511	0.010837	8.5
1979	-0.676156	102.132038	0.004645	8.2
1980	-1.661538	102.102588	0.007485	7.8
1981	-1.268859	102.073161	0.012545	10.6
1982	-1.892983	102.043757	0.003763	7.9
1983	-1.916356	102.014375	0.020340	8.6
1984	-0.783030	101.985015	0.007595	7.8
1985	-1.692249	101.955678	0.011082	8.5
1986	-0.292615	101.926364	0.002249	10.3
1987	-1.912237	101.897072	0.011808	7.5
1988	-0.318342	101.867802	0.001816	8.9
1989	-1.632552	101.838555	0.005896	8.2
1990	-0.579698	101.809330	0.008537	8.7
1991	-1.668042	101.780128	0.006703	10.9
1992	-1.977928	101.750948	0.008152	8.7
1993	-1.721865	101.721790	0.016660	8.8
1994	-0.397672	101.692654	0.003151	8.3
1995	-1.989645	101.663541	0.011562	9.8
1996	-1.919784	101.634450	0.017764	9.5
1997	-1.828818	101.605381	0.011862	9.3
1998	-0.742779	101.576335	0.016224	8.9
1999	-0.761471	101.547310	0.006202	21.5
