1:ItNr	2:Metric	3:StepSize	4:||Gradient||	Time[ms]
0	-0.906243	627.201626	0.008743	498.8
1	-0.239033	623.504937	0.003654	9.0
2	-0.420702	619.865785	0.004919	8.6
3	-0.947625	616.282728	0.005794	8.9
4	-0.526378	612.754375	0.004410	10.4
5	-0.919538	609.279381	0.007896	9.2
6	-0.723625	605.856447	0.008812	8.3
7	-0.400102	602.484317	0.003420	7.9
8	-0.704118	599.161779	0.006139	10.5
9	-0.706758	595.887656	0.008563	9.0
10	-0.699277	592.660813	0.005817	8.2
11	-0.191200	589.480151	0.002723	8.4
12	-0.333407	586.344606	0.005316	10.3
13	-0.406055	583.253145	0.004607	8.3
14	-0.428474	580.204771	0.002455	8.7
15	-0.653743	577.198517	0.008782	8.2
16	-0.720816	574.233444	0.007729	7.9
17	-0.829410	571.308645	0.010073	10.1
18	-0.474608	568.423237	0.007304	9.8
19	-0.846323	565.576365	0.007369	9.1
20	-0.163748	562.767201	0.001649	8.1
21	-0.271482	559.994938	0.004612	8.5
22	-0.743538	557.258797	0.008739	10.1
23	-0.899792	554.558018	0.008122	9.1
24	-0.301748	551.891865	0.003668	10.7
25	-0.903866	549.259621	0.004572	8.8
26	-1.092740	546.660592	0.009027	9.9
27	-1.048391	544.094102	0.006798	9.5
28	-0.239013	541.559494	0.003796	8.2
29	-0.887490	539.056129	0.005164	8.3
30	-0.743065	536.583387	0.006385	11.0
31	-0.620379	534.140663	0.008468	7.8
32	-0.916980	531.727370	0.008358	8.4
33	-0.679541	529.342935	0.009853	8.4
34	-1.014094	526.986802	0.009779	8.2
35	-0.349552	524.658430	0.004137	9.8
36	-0.687864	522.357290	0.006248	9.2
37	-1.004333	520.082868	0.007975	8.5
38	-0.999735	517.834665	0.007133	8.3
39	-0.772405	515.612193	0.009855	9.7
40	-0.365294	513.414976	0.005339	10.3
41	-0.802693	511.242551	0.007879	9.0
42	-1.106910	509.094468	0.008480	7.7
43	-1.055221	506.970285	0.009300	8.4
44	-0.561140	504.869574	0.007897	10.5
45	-1.022469	502.791916	0.006629	9.1
46	-0.907125	500.736903	0.008413	8.2
47	-0.263805	498.704137	0.005003	8.5
48	-1.014881	496.693228	0.007954	8.1
49	-1.032531	494.703798	0.007081	10.4
50	-0.020113	492.735476	0.001002	8.8
51	-1.016871	490.787900	0.005914	9.0
52	-0.910218	488.860718	0.007909	8.2
53	-0.430035	486.953585	0.003716	10.5
54	-0.836015	485.066164	0.007701	8.8
55	-0.562589	483.198126	0.004210	8.2
56	-0.971067	481.349149	0.006205	7.8
57	-0.717459	479.518920	0.008274	7.9
58	-1.038619	477.707132	0.008443	10.0
59	-0.786377	475.913485	0.005261	8.2
60	-0.685495	474.137684	0.009595	9.5
61	-1.061073	472.379445	0.008484	7.8
62	-0.687302	470.638485	0.007926	7.8
63	-1.156273	468.914531	0.008711	9.9
64	-0.620783	467.207315	0.004701	9.3
65	-0.765768	465.516573	0.009411	8.6
66	-0.178702	463.842050	0.002719	8.4
67	-0.573135	462.183494	0.005591	7.4
68	-0.744589	460.540658	0.008478	10.9
69	-0.859304	458.913303	0.008932	8.6
70	-0.701220	457.301192	0.008566	8.4
71	-0.851364	455.704096	0.005067	8.8
72	-0.496344	454.121787	0.005206	9.8
73	-0.768957	452.554045	0.008256	9.5
74	-0.685665	451.000653	0.010910	8.0
75	-0.241860	449.461399	0.003442	8.6
76	-0.894456	447.936075	0.007819	9.5
77	-0.974031	446.424477	0.007474	10.3
78	-0.559853	444.926406	0.005266	9.4
79	-0.370632	443.441666	0.004637	8.7
80	-0.532235	441.970065	0.006391	8.9
81	-0.964406	440.511415	0.007400	12.3
82	-0.717811	439.065533	0.008852	8.3
83	-0.862513	437.632238	0.006707	9.0
84	-0.899328	436.211351	0.005797	8.5
85	-0.996019	434.802701	0.007602	10.4
86	-0.203114	433.406117	0.003092	8.6
87	-0.317520	432.021430	0.004257	8.0
88	-1.092920	430.648479	0.005918	9.0
89	-0.238449	429.287101	0.004817	10.8
90	-0.843307	427.937140	0.010309	9.0
91	-0.728084	426.598440	0.008031	8.1
92	-0.654234	425.270849	0.008744	8.1
93	-0.996008	423.954220	0.008510	7.5
94	-1.113888	422.648404	0.010291	9.9
95	-0.124414	421.353259	0.004383	8.6
96	-0.926810	420.068643	0.007815	9.8
97	-1.046671	418.794419	0.010250	9.1
98	-0.613260	417.530451	0.007266	8.7
99	-1.169529	416.276604	0.008173	10.1
100	-0.071670	415.032748	0.002757	8.4
101	-0.658766	413.798754	0.004024	7.8
102	-0.360543	412.574495	0.002989	8.1
103	-0.729260	411.359849	0.007534	10.0
104	-1.072416	410.154691	0.008730	8.4
105	-0.715371	408.958904	0.008789	8.5
106	-0.746511	407.772368	0.006998	8.2
107	-0.872712	406.594968	0.006723	8.8
108	-0.964765	405.426590	0.009832	10.2
109	-0.811730	404.267122	0.007033	9.3
110	-0.281715	403.116456	0.004225	8.7
111	-0.303042	401.974481	0.004455	8.9
112	-1.074833	400.841093	0.006155	8.2
113	-1.071446	399.716187	0.007354	10.6
114	-0.672090	398.599660	0.007420	9.0
115	-0.726045	397.491411	0.006997	8.7
116	-0.225731	396.391342	0.005906	8.8
117	-0.734280	395.299353	0.005227	9.7
118	-0.771765	394.215350	0.011674	9.7
119	-0.883263	393.139238	0.008493	8.3
120	-0.551030	392.070924	0.005556	8.2
121	-0.353408	391.010316	0.003047	7.2
122	-1.179864	389.957325	0.006523	11.7
123	-0.195836	388.911862	0.004101	8.4
124	-0.805328	387.873839	0.006575	8.6
125	-0.939253	386.843173	0.006183	8.8
126	-0.531066	385.819777	0.004311	10.5
127	-0.618731	384.803569	0.004740	8.8
128	-0.539852	383.794468	0.005336	7.8
129	-0.972742	382.792393	0.006034	8.4
130	-0.000000	381.797264	0.000000	9.5
131	-0.189851	380.809005	0.003842	10.0
132	-0.000000	379.827537	0.000000	9.5
133	-0.963312	378.852786	0.007526	7.7
134	-0.994307	377.884678	0.006656	8.3
135	-1.044233	376.923138	0.008717	10.7
136	-1.043033	375.968095	0.006529	9.5
137	-0.838976	375.019479	0.008036	8.7
138	-1.003438	374.077218	0.007034	8.6
139	-1.047009	373.141244	0.008246	8.7
140	-0.581559	372.211489	0.008332	9.7
141	-1.064565	371.287887	0.009507	7.9
142	-0.583886	370.370370	0.005154	9.2
143	-0.459709	369.458876	0.004429	9.1
144	-1.093499	368.553338	0.007364	10.3
145	-0.811724	367.653696	0.006618	8.9
146	-0.859893	366.759885	0.006935	8.9
147	-0.569029	365.871846	0.005258	8.0
148	-0.869338	364.989518	0.012828	10.1
149	-0.762078	364.112841	0.008246	10.1
150	-0.889083	363.241757	0.005256	7.8
151	-0.628297	362.376208	0.008474	9.7
152	-0.472387	361.516137	0.005101	8.1
153	-0.767677	360.661488	0.009778	10.6
154	-0.798257	359.812206	0.009505	9.1
155	-1.039462	358.968236	0.005927	8.2
156	-0.999897	358.129524	0.008378	8.3
157	-1.025370	357.296018	0.005800	8.9
158	-0.183697	356.467665	0.002125	10.3
159	-0.658062	355.644414	0.009198	8.2
160	-0.888128	354.826213	0.006806	9.0
161	-0.866785	354.013012	0.005591	8.0
162	-0.446669	353.204763	0.005130	11.1
163	-0.915004	352.401415	0.005896	9.9
164	-0.439586	351.602922	0.004312	6.9
165	-0.720295	350.809235	0.008453	8.7
166	-1.136002	350.020308	0.008632	8.7
167	-0.775530	349.236095	0.008978	10.6
168	-0.436230	348.456550	0.004905	8.4
169	-1.126873	347.681627	0.006683	8.7
170	-1.080101	346.911283	0.006514	7.1
171	-1.039652	346.145474	0.007517	10.8
172	-0.527887	345.384157	0.007365	9.6
173	-1.061964	344.627288	0.010560	8.0
174	-0.679834	343.874826	0.009929	8.4
175	-1.235622	343.126729	0.009006	7.7
176	-0.066243	342.382957	0.001751	11.6
177	-1.038213	341.643469	0.006669	9.2
178	-1.041309	340.908224	0.008269	8.4
179	-1.065772	340.177184	0.006849	8.8
180	-1.165293	339.450309	0.008103	10.0
181	-0.740213	338.727561	0.007081	9.9
182	-0.660005	338.008902	0.010061	8.4
183	-0.754421	337.294295	0.006503	8.1
184	-0.692110	336.583703	0.007937	8.8
185	-1.086263	335.877089	0.005840	11.0
186	-0.142398	335.174416	0.002109	8.1
187	-0.905119	334.475651	0.007423	8.3
188	-0.973839	333.780756	0.011630	8.9
189	-0.991503	333.089698	0.008266	10.2
190	-1.019078	332.402443	0.006752	7.9
191	-1.051889	331.718955	0.005812	9.0
192	-0.992996	331.039203	0.007684	8.5
193	-0.245999	330.363153	0.004150	8.1
194	-0.901020	329.690771	0.006619	12.4
195	-1.043182	329.022027	0.005696	8.0
196	-0.722742	328.356888	0.005281	9.2
197	-0.765305	327.695322	0.008070	8.6
198	-0.031257	327.037299	0.001276	10.8
199	-0.555962	326.382787	0.007309	7.6
200	-0.738730	325.731758	0.007864	9.7
201	-0.451647	325.084179	0.003292	8.9
202	-1.073915	324.440023	0.010113	8.9
203	-0.471137	323.799258	0.003620	10.9
204	-0.969678	323.161858	0.006897	8.9
205	-0.814828	322.527792	0.009319	8.5
206	-0.534418	321.897034	0.006801	7.6
207	-1.146496	321.269554	0.008865	10.4
208	-0.925148	320.645325	0.008956	8.1
209	-0.571415	320.024320	0.006503	9.0
210	-1.001974	319.406512	0.007310	7.5
211	-1.142609	318.791875	0.007217	7.8
212	-1.140594	318.180381	0.005989	11.5
213	-0.292184	317.572005	0.003753	7.7
214	-1.072228	316.966721	0.007697	8.5
215	-0.756563	316.364504	0.004622	7.9
216	-1.011403	315.765329	0.006276	8.5
217	-0.818520	315.169170	0.011215	10.2
218	-0.552672	314.576003	0.007132	8.8
219	-0.650719	313.985804	0.005880	7.2
220	-1.217707	313.398548	0.007125	8.5
221	-0.951132	312.814213	0.012194	8.9
222	-1.227816	312.232773	0.010895	11.2
223	-0.809319	311.654207	0.005526	9.6
224	-0.041338	311.078491	0.001054	9.1
225	-0.659275	310.505602	0.006280	7.9
226	-0.745108	309.935518	0.008042	10.3
227	-0.955727	309.368217	0.006450	8.5
228	-1.036488	308.803676	0.009854	8.7
229	-0.620699	308.241874	0.006340	8.5
230	-1.109544	307.682789	0.007082	9.0
231	-0.840480	307.126400	0.008386	10.2
232	-0.393533	306.572687	0.007026	8.4
233	-0.569573	306.021627	0.006948	8.8
234	-0.452019	305.473201	0.003484	8.5
235	-0.175221	304.927388	0.003447	10.5
236	-1.121965	304.384168	0.005705	8.8
237	-0.774951	303.843521	0.009510	8.8
238	-1.184651	303.305427	0.009515	8.0
239	-0.527909	302.769867	0.006141	8.0
240	-0.967548	302.236821	0.007217	11.9
241	-1.042521	301.706270	0.006038	7.7
242	-0.659067	301.178196	0.007948	9.2
243	-0.893505	300.652580	0.004804	8.5
244	-0.901030	300.129402	0.010329	10.3
245	-0.476440	299.608645	0.004905	9.7
246	-0.956228	299.090291	0.007715	7.9
247	-0.746004	298.574321	0.004213	8.0
248	-0.839865	298.060718	0.008063	9.2
249	-0.767762	297.549465	0.007857	13.0
250	-0.604419	297.040543	0.005432	8.7
251	-0.829756	296.533936	0.008948	9.0
252	-0.888785	296.029626	0.005679	9.5
253	-0.792648	295.527597	0.006102	10.1
254	-1.127068	295.027832	0.006667	10.2
255	-1.089282	294.530315	0.008651	9.0
256	-0.671558	294.035028	0.005411	9.2
257	-1.137783	293.541956	0.007854	11.1
258	-0.955747	293.051083	0.007468	7.8
259	-0.030882	292.562393	0.001572	8.5
260	-0.825451	292.075870	0.004633	8.0
261	-1.060168	291.591498	0.006438	10.4
262	-1.002184	291.109263	0.005854	9.4
263	-0.345222	290.629149	0.004562	9.0
264	-0.323318	290.151140	0.003762	8.4
265	-0.170387	289.675222	0.004581	8.3
266	-0.959163	289.201380	0.007446	11.5
267	-0.036039	288.729600	0.001827	7.8
268	-0.881952	288.259866	0.011643	8.2
269	-1.165862	287.792165	0.007139	9.0
270	-1.149689	287.326481	0.006782	10.4
271	-0.662536	286.862802	0.004905	8.3
272	-1.002302	286.401113	0.010679	9.1
273	-0.743824	285.941400	0.007024	8.2
274	-0.613671	285.483649	0.005497	8.6
275	-0.787645	285.027847	0.008496	11.1
276	-0.611861	284.573981	0.006164	9.5
277	-0.857254	284.122037	0.006666	8.7
278	-0.626958	283.672002	0.006586	8.3
279	-1.082297	283.223863	0.006382	10.3
280	-0.415625	282.777607	0.004250	7.9
281	-0.437321	282.333221	0.003789	9.1
282	-0.673772	281.890692	0.007793	8.3
283	-1.108482	281.450008	0.006815	9.5
284	-0.619746	281.011157	0.005904	11.7
285	-0.737333	280.574125	0.004313	8.7
286	-0.393543	280.138901	0.004385	8.8
287	-0.827845	279.705473	0.008032	9.1
288	-0.732703	279.273829	0.007176	11.1
289	-0.605488	278.843956	0.005189	7.8
290	-0.678664	278.415844	0.009430	9.1
291	-0.724704	277.989479	0.006990	9.0
292	-0.642062	277.564851	0.003941	10.7
293	-0.862525	277.141949	0.008890	9.2
294	-0.695033	276.720761	0.010017	9.4
295	-0.624583	276.301275	0.005359	8.3
296	-0.876372	275.883480	0.010426	8.3
297	-0.591481	275.467366	0.006864	10.5
298	-1.040222	275.052922	0.005600	7.7
299	-1.009363	274.640136	0.007834	8.9
300	-1.161701	274.228998	0.008241	9.3
301	-0.027799	273.819497	0.001961	10.5
302	-0.686922	273.411623	0.005062	9.6
303	-0.575749	273.005365	0.005668	7.8
304	-1.062758	272.600712	0.006929	8.1
305	-1.122797	272.197655	0.007387	8.7
306	-1.008554	271.796184	0.007379	11.1
307	-1.027710	271.396287	0.006718	9.1
308	-0.163038	270.997956	0.003246	8.8
309	-0.140755	270.601180	0.002822	8.8
310	-1.061042	270.205949	0.005396	11.1
311	-0.228662	269.812254	0.003405	9.5
312	-1.072524	269.420085	0.007579	8.3
313	-1.009489	269.029432	0.006166	8.5
314	-1.060549	268.640287	0.006386	8.8
315	-0.289113	268.252638	0.002596	10.2
316	-0.267919	267.866478	0.004239	7.8
317	-1.217782	267.481796	0.008121	9.9
318	-0.993296	267.098584	0.009327	8.3
319	-0.956487	266.716833	0.007831	10.6
320	-0.402506	266.336533	0.003509	8.7
321	-1.102523	265.957676	0.006081	8.1
322	-0.789026	265.580253	0.005484	8.4
323	-0.376125	265.204254	0.003498	8.6
324	-0.725613	264.829672	0.011880	11.1
325	-0.739094	264.456497	0.005340	8.3
326	-0.919782	264.084721	0.009550	9.5
327	-0.731687	263.714335	0.006459	8.2
328	-0.062929	263.345332	0.002035	9.4
329	-0.717119	262.977702	0.007394	9.2
330	-1.031067	262.611438	0.006606	8.5
331	-1.124668	262.246531	0.007915	8.3
332	-1.139005	261.882973	0.008214	7.7
333	-0.545640	261.520756	0.005199	11.2
334	-0.504014	261.159871	0.004192	7.9
335	-0.692350	260.800312	0.004826	8.8
336	-0.991907	260.442070	0.006363	7.8
337	-0.837918	260.085137	0.007642	10.7
338	-0.629934	259.729505	0.008565	8.2
339	-1.107651	259.375167	0.005885	9.0
340	-0.961975	259.022116	0.008497	7.8
341	-0.763798	258.670343	0.008064	7.5
342	-0.068967	258.319841	0.000982	9.9
343	-0.268261	257.970602	0.003514	9.3
344	-0.238863	257.622620	0.006773	9.0
345	-0.539802	257.275887	0.005556	7.7
346	-1.044910	256.930396	0.005362	9.5
347	-1.077802	256.586139	0.006526	10.7
348	-0.405323	256.243109	0.004911	11.3
349	-1.081481	255.901300	0.005669	9.9
350	-1.213674	255.560703	0.010059	11.8
351	-0.217885	255.221313	0.005015	9.1
352	-1.057716	254.883122	0.005926	8.5
353	-0.969341	254.546124	0.007367	8.2
354	-0.186741	254.210311	0.003167	8.7
355	-1.087512	253.875677	0.006485	10.6
356	-0.697506	253.542215	0.004457	7.9
357	-1.143772	253.209918	0.007727	9.0
358	-0.972092	252.878781	0.007071	8.7
359	-0.939981	252.548795	0.008108	9.9
360	-1.150422	252.219956	0.008652	9.3
361	-0.476842	251.892255	0.004919	9.5
362	-0.281885	251.565688	0.003257	8.1
363	-0.837846	251.240247	0.009479	9.0
364	-0.789945	250.915926	0.005760	9.8
365	-0.963242	250.592720	0.006844	7.8
366	-0.965903	250.270621	0.008952	9.3
367	-0.823261	249.949624	0.004267	8.3
368	-0.484669	249.629723	0.006478	10.3
369	-0.708870	249.310911	0.005859	8.5
370	-0.734081	248.993182	0.004942	6.8
371	-1.027168	248.676531	0.010680	8.4
372	-0.745475	248.360952	0.007445	8.7
373	-1.055685	248.046438	0.007163	10.1
374	-0.795020	247.732984	0.005319	8.3
375	-1.108604	247.420584	0.006664	10.0
376	-0.654349	247.109233	0.009760	8.5
377	-0.606687	246.798924	0.006128	9.2
378	-0.222937	246.489652	0.003531	9.6
379	-0.678354	246.181412	0.004878	9.8
380	-0.729198	245.874197	0.004613	8.6
381	-1.086949	245.568002	0.007934	9.0
382	-0.768173	245.262822	0.005492	10.8
383	-0.714045	244.958652	0.006220	8.4
384	-0.747288	244.655485	0.004568	7.5
385	-1.066246	244.353317	0.006432	8.0
386	-0.575371	244.052142	0.005527	11.0
387	-0.644633	243.751955	0.007621	8.6
388	-0.228594	243.452750	0.002334	8.5
389	-0.607877	243.154523	0.007128	8.5
390	-0.941249	242.857268	0.005696	7.7
391	-1.114740	242.560980	0.007031	11.4
392	-1.020115	242.265654	0.009354	8.0
393	-0.721848	241.971285	0.006379	8.5
394	-0.622754	241.677868	0.004199	8.4
395	-0.758919	241.385397	0.009460	8.0
396	-1.093181	241.093869	0.007839	10.5
397	-0.957930	240.803278	0.010460	8.9
398	-0.210869	240.513619	0.003664	8.0
399	-1.079090	240.224887	0.006416	8.4
400	-0.000000	239.937077	0.000000	9.4
401	-1.036790	239.650186	0.008098	10.4
402	-1.089443	239.364207	0.006371	9.2
403	-0.842435	239.079136	0.008960	8.4
404	-1.043906	238.794969	0.011773	7.8
405	-0.447601	238.511701	0.004426	10.3
406	-1.082878	238.229327	0.006185	9.3
407	-0.778380	237.947843	0.009448	8.2
408	-0.930598	237.667244	0.007403	8.5
409	-0.378838	237.387526	0.003203	8.7
410	-0.588873	237.108684	0.004981	10.7
411	-0.417243	236.830714	0.007534	8.0
412	-0.677044	236.553610	0.004587	8.3
413	-0.340703	236.277370	0.004230	8.1
414	-0.442728	236.001989	0.004707	9.8
415	-0.845087	235.727461	0.005074	9.2
416	-0.970671	235.453784	0.009273	8.0
417	-0.968326	235.180952	0.008052	8.0
418	-0.747985	234.908962	0.007147	8.6
419	-0.716573	234.637809	0.009175	10.7
420	-1.156159	234.367488	0.009530	8.1
421	-0.512408	234.097997	0.006290	10.2
422	-1.158973	233.829331	0.007926	8.2
423	-0.935732	233.561485	0.007574	10.5
424	-0.047479	233.294456	0.002336	9.1
425	-1.060724	233.028239	0.007940	7.7
426	-1.121833	232.762831	0.007312	8.6
427	-0.599981	232.498228	0.004936	7.7
428	-0.605933	232.234425	0.006651	10.8
429	-1.042551	231.971419	0.007193	8.0
430	-0.275948	231.709205	0.005000	9.2
431	-0.681256	231.447781	0.009144	8.1
432	-1.085399	231.187141	0.006446	8.6
433	-1.060267	230.927283	0.006376	11.9
434	-0.951813	230.668202	0.005668	8.3
435	-0.686305	230.409895	0.007517	9.1
436	-0.295865	230.152358	0.004237	8.1
437	-0.916421	229.895587	0.006345	10.9
438	-0.727062	229.639578	0.007810	8.4
439	-1.007908	229.384329	0.005698	8.2
440	-0.424408	229.129834	0.003274	9.0
441	-0.977471	228.876091	0.009106	9.8
442	-0.795502	228.623096	0.008069	11.5
443	-1.160767	228.370846	0.007286	8.5
444	-0.912482	228.119336	0.006634	8.2
445	-0.635873	227.868563	0.007644	8.4
446	-1.057857	227.618525	0.005954	9.7
447	-1.063138	227.369216	0.006811	8.2
448	-0.106652	227.120635	0.005284	9.5
449	-1.097054	226.872777	0.008783	8.2
450	-0.808059	226.625638	0.005645	8.9
451	-0.869499	226.379217	0.005625	11.9
452	-0.954846	226.133509	0.005974	8.3
453	-0.409445	225.888510	0.004461	7.7
454	-0.908139	225.644218	0.007513	8.0
455	-0.401444	225.400630	0.006523	10.2
456	-1.222930	225.157741	0.008334	8.7
457	-1.084718	224.915549	0.006212	9.0
458	-1.138031	224.674051	0.008111	8.2
459	-1.097717	224.433242	0.007805	8.7
460	-1.124627	224.193121	0.006972	10.1
461	-0.290492	223.953684	0.006704	9.1
462	-0.741420	223.714927	0.008744	8.3
463	-0.987210	223.476848	0.006438	8.3
464	-1.114997	223.239444	0.006319	10.8
465	-0.440796	223.002710	0.003541	9.2
466	-0.667012	222.766645	0.004847	9.2
467	-0.585211	222.531245	0.008064	7.8
468	-1.082527	222.296508	0.007277	8.0
469	-0.781233	222.062429	0.007765	10.4
470	-0.709331	221.829007	0.005267	9.0
471	-0.861693	221.596238	0.007624	8.7
472	-0.995663	221.364119	0.006338	8.0
473	-0.993915	221.132647	0.007517	11.5
474	-0.918405	220.901820	0.007292	8.8
475	-0.646546	220.671634	0.006781	8.2
476	-1.049340	220.442086	0.008387	8.3
477	-0.137584	220.213174	0.004711	8.8
478	-0.554057	219.984895	0.006404	11.4
479	-1.017107	219.757246	0.004765	9.4
480	-1.126325	219.530224	0.007863	8.6
481	-1.042916	219.303826	0.005041	7.9
482	-1.154620	219.078050	0.008248	11.5
483	-0.668402	218.852893	0.006119	7.8
484	-0.775343	218.628352	0.007530	8.5
485	-0.971371	218.404424	0.004435	8.2
486	-0.000337	218.181106	0.000275	8.4
487	-1.096331	217.958397	0.005579	10.2
488	-0.891665	217.736292	0.007595	8.7
489	-0.896485	217.514790	0.011096	8.2
490	-1.200766	217.293888	0.007510	7.9
491	-1.099511	217.073584	0.008059	9.1
492	-1.143146	216.853873	0.007631	11.1
493	-0.616212	216.634755	0.010063	8.8
494	-1.073654	216.416227	0.004864	8.6
495	-0.796171	216.198285	0.008610	7.8
496	-0.126177	215.980927	0.001147	10.6
497	-0.572910	215.764151	0.008028	9.8
498	-0.508944	215.547955	0.004185	8.7
499	-0.613296	215.332335	0.007196	8.2
500	-0.544510	215.117289	0.004947	7.7
501	-0.735077	214.902815	0.003774	10.7
502	-0.496638	214.688911	0.004314	7.6
503	-0.555516	214.475573	0.005517	9.5
504	-0.579690	214.262800	0.006434	9.0
505	-0.596381	214.050588	0.003328	10.1
506	-1.114917	213.838936	0.006976	9.8
507	-1.134939	213.627842	0.007650	8.4
508	-1.084437	213.417302	0.006628	7.3
509	-0.013488	213.207314	0.000723	7.6
510	-1.128318	212.997877	0.011186	11.1
511	-1.164807	212.788987	0.008825	8.2
512	-1.031038	212.580642	0.006494	9.3
513	-0.348927	212.372841	0.003610	9.2
514	-1.079552	212.165581	0.007540	7.8
515	-1.181976	211.958859	0.008921	11.5
516	-0.716769	211.752673	0.007809	7.7
517	-0.898979	211.547021	0.006561	8.2
518	-1.051365	211.341902	0.007568	8.0
519	-0.091813	211.137311	0.001489	10.4
520	-0.888364	210.933248	0.006719	8.2
521	-0.291418	210.729710	0.003022	9.2
522	-0.632540	210.526695	0.005829	7.9
523	-1.059277	210.324200	0.010758	9.2
524	-0.493107	210.122224	0.005273	12.7
525	-0.678244	209.920765	0.003630	7.8
526	-0.388696	209.719820	0.006454	8.9
527	-0.265916	209.519387	0.005574	8.5
528	-0.148819	209.319463	0.003369	11.0
529	-0.989344	209.120048	0.010034	8.9
530	-0.885315	208.921139	0.007427	7.9
531	-0.777502	208.722733	0.006975	8.2
532	-0.499648	208.524829	0.004573	8.2
533	-0.994508	208.327425	0.006006	12.9
534	-1.094380	208.130518	0.007053	8.4
535	-1.172310	207.934107	0.008540	8.5
536	-1.178222	207.738189	0.005877	8.4
537	-0.171644	207.542762	0.004427	10.4
538	-0.037069	207.347825	0.001828	7.9
539	-0.992804	207.153376	0.006419	8.8
540	-0.637738	206.959412	0.007731	8.4
541	-1.019847	206.765932	0.006933	9.3
542	-1.032369	206.572933	0.005376	10.2
543	-0.693382	206.380414	0.006517	9.6
544	-0.818896	206.188373	0.010850	8.7
545	-0.750520	205.996807	0.008381	8.0
546	-0.841647	205.805716	0.006165	10.5
547	-0.552178	205.615096	0.007312	7.8
548	-0.782701	205.424946	0.005512	8.0
549	-1.096844	205.235265	0.006945	8.3
550	-1.002232	205.046050	0.008553	8.0
551	-0.411883	204.857299	0.003491	9.9
552	-0.600861	204.669011	0.005355	9.4
553	-1.104414	204.481184	0.008942	8.4
554	-0.914029	204.293816	0.007800	8.4
555	-0.886066	204.106905	0.004773	7.8
556	-1.051428	203.920449	0.008758	11.1
557	-0.708949	203.734447	0.005598	9.3
558	-0.745932	203.548896	0.006576	7.8
559	-1.018848	203.363795	0.005274	8.9
560	-1.074463	203.179143	0.007942	10.7
561	-0.344339	202.994937	0.003188	9.1
562	-0.667308	202.811176	0.007695	8.9
563	-0.857224	202.627857	0.007756	8.4
564	-0.706283	202.444980	0.007562	8.2
565	-1.134988	202.262543	0.007399	10.5
566	-0.842057	202.080543	0.007723	7.9
567	-0.126800	201.898979	0.003129	9.6
568	-0.604318	201.717849	0.004255	8.2
569	-1.012471	201.537153	0.006020	10.5
570	-0.979315	201.356887	0.008585	9.8
571	-0.731386	201.177050	0.004064	11.8
572	-0.440241	200.997642	0.004320	8.6
573	-1.031359	200.818659	0.010117	10.5
574	-0.606559	200.640100	0.008382	8.3
575	-1.154937	200.461965	0.007852	8.8
576	-0.990549	200.284250	0.008113	8.2
577	-1.045620	200.106955	0.007404	9.4
578	-1.137739	199.930078	0.009471	10.7
579	-0.833756	199.753617	0.006457	9.6
580	-0.170923	199.577571	0.001991	8.6
581	-0.995375	199.401938	0.007098	8.2
582	-0.248708	199.226717	0.004610	11.2
583	-0.997949	199.051905	0.008828	8.7
584	-0.766028	198.877502	0.009066	9.2
585	-1.194770	198.703506	0.009266	8.6
586	-0.070666	198.529916	0.002314	9.6
587	-1.127833	198.356729	0.005823	13.3
588	-1.152182	198.183944	0.005735	8.5
589	-1.048670	198.011560	0.005147	8.9
590	-0.845692	197.839576	0.007035	9.1
591	-0.176030	197.667989	0.002361	9.0
592	-0.873648	197.496798	0.005942	7.8
593	-0.757198	197.326002	0.006818	8.7
594	-0.923610	197.155600	0.010908	8.0
595	-0.762038	196.985589	0.007878	10.8
596	-0.815762	196.815969	0.006955	9.7
597	-1.031279	196.646738	0.008356	8.4
598	-0.960095	196.477894	0.008876	8.3
599	-0.889417	196.309436	0.006313	7.9
600	-1.063419	196.141363	0.006377	11.0
601	-0.505581	195.973673	0.005606	8.8
602	-0.705955	195.806365	0.007652	8.4
603	-1.067128	195.639437	0.005121	8.7
604	-0.862221	195.472888	0.008284	10.3
605	-0.755007	195.306717	0.004403	8.1
606	-0.178345	195.140922	0.002559	8.3
607	-0.673965	194.975501	0.008561	9.3
608	-0.946375	194.810454	0.009081	8.7
609	-0.704604	194.645779	0.004039	10.8
610	-1.049413	194.481475	0.013010	9.0
611	-1.126244	194.317540	0.008050	8.6
612	-0.349196	194.153973	0.007464	8.4
613	-0.919903	193.990773	0.005284	9.7
614	-1.060320	193.827938	0.007584	9.0
615	-0.274172	193.665467	0.003972	9.4
616	-0.605210	193.503358	0.003613	8.2
617	-1.169391	193.341611	0.007581	9.4
618	-0.522597	193.180224	0.006051	10.3
619	-0.052486	193.019196	0.003193	7.9
620	-0.875569	192.858525	0.007635	7.7
621	-0.957043	192.698210	0.008749	8.6
622	-0.833981	192.538251	0.010070	9.9
623	-0.424170	192.378644	0.004148	8.1
624	-0.648761	192.219391	0.007906	8.8
625	-1.078034	192.060488	0.005505	7.6
626	-0.117394	191.901935	0.002440	8.0
627	-1.030023	191.743730	0.005445	10.0
628	-0.935855	191.585873	0.006344	8.4
629	-1.002444	191.428362	0.008979	8.3
630	-0.487068	191.271196	0.003619	8.3
631	-0.913233	191.114374	0.008304	6.8
632	-0.790963	190.957893	0.006607	10.8
633	-0.480773	190.801755	0.004393	7.8
634	-0.777582	190.645956	0.007517	10.2
635	-0.343901	190.490495	0.004274	8.5
636	-0.588928	190.335373	0.004162	8.0
637	-0.756157	190.180587	0.007065	11.8
638	-0.325493	190.026136	0.004304	8.0
639	-0.433879	189.872019	0.007512	7.3
640	-1.075010	189.718235	0.006291	8.6
641	-0.745164	189.564782	0.005501	10.6
642	-0.951773	189.411661	0.004711	8.2
643	-0.783785	189.258868	0.005148	9.3
644	-0.912240	189.106404	0.006943	8.0
645	-0.973985	188.954267	0.005229	8.8
646	-0.313947	188.802456	0.005122	10.9
647	-1.213447	188.650969	0.007988	8.0
648	-1.147047	188.499807	0.006727	8.4
649	-0.281460	188.348967	0.003633	8.6
650	-0.069890	188.198448	0.002088	10.2
651	-0.883488	188.048250	0.009244	8.7
652	-1.071833	187.898371	0.005655	9.4
653	-1.126115	187.748810	0.007113	8.3
654	-0.261044	187.599566	0.007468	8.7
655	-0.986723	187.450638	0.008251	10.7
656	-0.321821	187.302025	0.005562	9.6
657	-0.885622	187.153725	0.005537	8.1
658	-0.837738	187.005739	0.010055	8.1
659	-0.879511	186.858064	0.007889	11.0
660	-0.491765	186.710699	0.003255	8.0
661	-0.742014	186.563645	0.007313	8.2
662	-0.791379	186.416898	0.005251	8.6
663	-1.042130	186.270459	0.005970	7.7
664	-0.866711	186.124326	0.009613	10.2
665	-1.150057	185.978499	0.008688	9.2
666	-0.329192	185.832976	0.005075	7.6
667	-1.088121	185.687756	0.010661	9.1
668	-0.825959	185.542838	0.008496	9.6
669	-0.611088	185.398222	0.006363	11.3
670	-1.105788	185.253906	0.007309	8.8
671	-1.030803	185.109889	0.005675	7.8
672	-0.757404	184.966170	0.005538	7.9
673	-0.569450	184.822748	0.005418	10.8
674	-0.925056	184.679623	0.007265	9.1
675	-1.202432	184.536792	0.007474	8.6
676	-0.952389	184.394256	0.006350	7.7
677	-0.960278	184.252013	0.008773	8.4
678	-0.904509	184.110062	0.009267	11.4
679	-0.574780	183.968403	0.005237	8.9
680	-0.051497	183.827034	0.004572	7.7
681	-1.076801	183.685954	0.005672	8.2
682	-1.110272	183.545163	0.006279	10.5
683	-1.080952	183.404658	0.006560	9.1
684	-1.075072	183.264441	0.011229	7.9
685	-0.943369	183.124509	0.006667	8.2
686	-0.431012	182.984861	0.005257	7.1
687	-0.581772	182.845497	0.007405	10.3
688	-0.253660	182.706416	0.005029	8.2
689	-1.095937	182.567616	0.005099	9.1
690	-0.983521	182.429098	0.007896	8.3
691	-0.713587	182.290859	0.007972	9.5
692	-0.963203	182.152899	0.004900	10.9
693	-0.996516	182.015217	0.005949	8.7
694	-1.026114	181.877813	0.006355	8.3
695	-0.659535	181.740684	0.009595	8.6
696	-0.886647	181.603832	0.004671	10.1
697	-0.744267	181.467253	0.006439	12.7
698	-1.009883	181.330948	0.005305	15.3
699	-1.164285	181.194916	0.009527	12.8
700	-0.814356	181.059155	0.004520	13.7
701	-0.208858	180.923666	0.003770	14.2
702	-0.304027	180.788446	0.005573	14.7
703	-0.140198	180.653496	0.004146	11.3
704	-1.121064	180.518814	0.007035	13.9
705	-0.854893	180.384399	0.005687	13.2
706	-0.950399	180.250251	0.007137	12.5
707	-0.966526	180.116369	0.005326	10.1
708	-0.247522	179.982752	0.002599	8.4
709	-0.776908	179.849398	0.007282	8.8
710	-0.699154	179.716308	0.008456	7.9
711	-1.025641	179.583480	0.007602	8.0
712	-0.672137	179.450913	0.004974	10.6
713	-1.260639	179.318607	0.007740	9.3
714	-0.926486	179.186561	0.008915	7.8
715	-0.731743	179.054774	0.007954	8.7
716	-0.797050	178.923245	0.005945	11.9
717	-0.670293	178.791973	0.004111	8.2
718	-0.997500	178.660958	0.011239	8.3
719	-0.226041	178.530199	0.004361	8.2
720	-0.707588	178.399694	0.008464	8.3
721	-0.097858	178.269444	0.001380	11.3
722	-0.909628	178.139447	0.008865	9.2
723	-0.708574	178.009702	0.005450	8.5
724	-0.907931	177.880209	0.005401	8.4
725	-1.271687	177.750967	0.008063	11.2
726	-1.087904	177.621975	0.007098	7.7
727	-0.868339	177.493232	0.009764	8.8
728	-0.734230	177.364738	0.009275	8.4
729	-0.962908	177.236492	0.005325	9.0
730	-0.787125	177.108492	0.007966	11.3
731	-0.858044	176.980739	0.008950	9.0
732	-1.055188	176.853231	0.006100	8.6
733	-1.268991	176.725968	0.006970	8.0
734	-0.532049	176.598949	0.004069	11.5
735	-0.786494	176.472173	0.008405	7.9
736	-0.930469	176.345639	0.005798	8.3
737	-0.998473	176.219348	0.006552	8.7
738	-1.052187	176.093296	0.005721	8.4
739	-0.368386	175.967486	0.006173	10.5
740	-1.195379	175.841914	0.006515	8.6
741	-0.780657	175.716581	0.010459	8.6
742	-0.380108	175.591486	0.004825	9.1
743	-1.071626	175.466629	0.005855	9.2
744	-1.102103	175.342008	0.007823	10.6
745	-1.138318	175.217622	0.009696	8.9
746	-0.063871	175.093472	0.002743	9.6
747	-0.851100	174.969556	0.004301	10.0
748	-1.105397	174.845873	0.006196	9.5
749	-0.353292	174.722423	0.006486	9.4
750	-1.067306	174.599206	0.006952	7.7
751	-1.145961	174.476220	0.007735	8.7
752	-0.833213	174.353464	0.008685	12.3
753	-1.069350	174.230939	0.010749	8.5
754	-0.778008	174.108643	0.004392	7.8
755	-0.213023	173.986576	0.001570	7.7
756	-1.085508	173.864737	0.006878	10.9
757	-0.331879	173.743124	0.004005	7.6
758	-0.806706	173.621739	0.004778	9.2
759	-0.573759	173.500579	0.008054	8.4
760	-0.971418	173.379645	0.008185	8.9
761	-0.751400	173.258935	0.007280	12.0
762	-0.426441	173.138449	0.003360	8.6
763	-0.811911	173.018186	0.006326	8.4
764	-0.929241	172.898146	0.007389	8.6
765	-0.607290	172.778327	0.005651	10.7
766	-0.959989	172.658730	0.005620	7.9
767	-0.858981	172.539353	0.006455	8.4
768	-1.033065	172.420196	0.005447	9.1
769	-0.927795	172.301258	0.010967	8.6
770	-1.238504	172.182539	0.008460	11.6
771	-0.787902	172.064037	0.007503	8.1
772	-0.692927	171.945753	0.009518	7.8
773	-0.838938	171.827686	0.006048	8.1
774	-1.116847	171.709834	0.005671	11.1
775	-0.114318	171.592198	0.001788	8.3
776	-0.542943	171.474776	0.005053	8.8
777	-0.977588	171.357568	0.010602	8.4
778	-0.267760	171.240574	0.003915	8.7
779	-0.732200	171.123793	0.004382	11.9
780	-0.865693	171.007223	0.009966	7.9
781	-0.602198	170.890865	0.004650	8.3
782	-0.827285	170.774718	0.005062	8.4
783	-1.079842	170.658782	0.005928	10.4
784	-0.881016	170.543055	0.006699	8.7
785	-0.979508	170.427537	0.006389	9.0
786	-1.125633	170.312227	0.007396	8.0
787	-0.375777	170.197125	0.002217	7.9
788	-1.112552	170.082231	0.007901	10.4
789	-1.042868	169.967543	0.005672	9.4
790	-1.179944	169.853061	0.009296	8.6
791	-0.797555	169.738784	0.009643	8.3
792	-0.694253	169.624713	0.004360	7.0
793	-0.319481	169.510845	0.003486	11.6
794	-0.960659	169.397181	0.005169	9.4
795	-0.288281	169.283720	0.005955	9.4
796	-0.643555	169.170462	0.006200	8.9
797	-1.094732	169.057405	0.007822	9.3
798	-0.718939	168.944549	0.006159	9.8
799	-0.713512	168.831895	0.006385	9.4
800	-0.800134	168.719440	0.004791	8.4
801	-0.606279	168.607185	0.005837	8.7
802	-1.138614	168.495129	0.006544	9.7
803	-1.034697	168.383271	0.006179	9.3
804	-1.106839	168.271611	0.006383	8.2
805	-1.159946	168.160148	0.008326	9.4
806	-0.772831	168.048882	0.005531	11.9
807	-0.942330	167.937812	0.007452	7.8
808	-0.836027	167.826938	0.008690	8.4
809	-0.926817	167.716258	0.005193	7.7
810	-0.958452	167.605773	0.005739	11.2
811	-0.155254	167.495482	0.002731	7.8
812	-0.881991	167.385384	0.007790	9.3
813	-0.597005	167.275479	0.005940	7.6
814	-0.686663	167.165766	0.008208	7.0
815	-1.087692	167.056245	0.006535	10.7
816	-1.147130	166.946915	0.007595	9.3
817	-0.971700	166.837776	0.005587	8.5
818	-0.772687	166.728826	0.007455	8.2
819	-0.677168	166.620067	0.005263	9.2
820	-1.073476	166.511496	0.006693	9.9
821	-1.140466	166.403113	0.007486	10.3
822	-0.128974	166.294919	0.004645	10.9
823	-0.819993	166.186912	0.007764	10.3
824	-1.123952	166.079091	0.006734	10.3
825	-1.116457	165.971458	0.006412	8.7
826	-1.225663	165.864009	0.005909	7.9
827	-0.848517	165.756747	0.008074	9.7
828	-0.866565	165.649669	0.010149	9.6
829	-0.922717	165.542775	0.005084	8.1
830	-0.723577	165.436065	0.004761	10.3
831	-1.189810	165.329538	0.009591	8.3
832	-1.136478	165.223194	0.006178	10.4
833	-0.345283	165.117032	0.004378	9.1
834	-0.717596	165.011052	0.007354	8.2
835	-0.690644	164.905253	0.004759	8.9
836	-1.197486	164.799635	0.008035	9.2
837	-0.944254	164.694197	0.007139	10.7
838	-0.979310	164.588939	0.007520	8.6
839	-1.120838	164.483859	0.005891	8.7
840	-0.090732	164.378959	0.003152	8.0
841	-0.279592	164.274237	0.003671	10.2
842	-1.001351	164.169692	0.010946	9.1
843	-0.088232	164.065325	0.004234	7.4
844	-1.179637	163.961135	0.007092	9.1
845	-0.780561	163.857120	0.008561	8.2
846	-0.907151	163.753282	0.005608	11.4
847	-0.491349	163.649619	0.004619	7.7
848	-0.720728	163.546130	0.007406	9.1
849	-0.004301	163.442816	0.000000	7.8
850	-1.271592	163.339676	0.008695	11.3
851	-0.798911	163.236709	0.009423	9.4
852	-0.885330	163.133915	0.005794	8.1
853	-0.382792	163.031294	0.006134	8.3
854	-0.929639	162.928844	0.005297	7.6
855	-0.752002	162.826566	0.008391	11.4
856	-0.887564	162.724459	0.007985	7.7
857	-1.009679	162.622523	0.010696	8.1
858	-1.130995	162.520757	0.009507	8.6
859	-0.680597	162.419160	0.007275	8.3
860	-0.052797	162.317733	0.001414	10.1
861	-0.041503	162.216474	0.001392	8.6
862	-0.958436	162.115383	0.006224	8.8
863	-0.711348	162.014461	0.007278	8.3
864	-0.618222	161.913705	0.006315	9.2
865	-0.881797	161.813117	0.006777	10.8
866	-0.073025	161.712695	0.001855	8.8
867	-0.118267	161.612439	0.001886	8.2
868	-0.102675	161.512349	0.004037	7.7
869	-0.963713	161.412424	0.006573	10.2
870	-0.988187	161.312663	0.005838	8.9
871	-0.828492	161.213067	0.005573	8.4
872	-1.032153	161.113635	0.006579	8.6
873	-0.886802	161.014366	0.005106	8.5
874	-0.497419	160.915260	0.004738	10.6
875	-0.935810	160.816316	0.004882	7.2
876	-0.418208	160.717535	0.002948	9.2
877	-1.266111	160.618915	0.007952	8.1
878	-0.963432	160.520456	0.005008	10.5
879	-0.616176	160.422158	0.006692	8.9
880	-0.343973	160.324021	0.004565	8.0
881	-0.631127	160.226043	0.007033	6.8
882	-0.333732	160.128225	0.004282	8.2
883	-1.164319	160.030566	0.006733	11.8
884	-1.006761	159.933066	0.008595	8.6
885	-1.109331	159.835723	0.008766	10.7
886	-0.788528	159.738539	0.008055	8.5
887	-0.853360	159.641512	0.006724	7.4
888	-0.800412	159.544642	0.005264	11.1
889	-0.943156	159.447929	0.005434	7.7
890	-1.146013	159.351372	0.007513	9.7
891	-0.841734	159.254971	0.007445	8.0
892	-0.809627	159.158725	0.006864	10.3
893	-1.133342	159.062634	0.008415	8.1
894	-1.219939	158.966697	0.007783	8.7
895	-0.378899	158.870915	0.004151	7.9
896	-0.616210	158.775286	0.006919	8.3
897	-0.266305	158.679811	0.003025	11.7
898	-1.076225	158.584489	0.005888	8.1
899	-0.749658	158.489319	0.006401	8.3
900	-0.483029	158.394302	0.004066	7.7
901	-0.883343	158.299436	0.008261	8.1
902	-0.597283	158.204721	0.005270	10.5
903	-0.918826	158.110158	0.004891	9.3
904	-1.143335	158.015745	0.006835	9.0
905	-1.025741	157.921482	0.009717	8.7
906	-1.043669	157.827369	0.006710	8.6
907	-1.091244	157.733406	0.008258	9.5
908	-0.914597	157.639591	0.010587	8.3
909	-1.178199	157.545925	0.008686	8.8
910	-0.013610	157.452408	0.000896	8.9
911	-1.113377	157.359038	0.007222	10.6
912	-0.732032	157.265816	0.008851	9.2
913	-0.371382	157.172741	0.005366	8.8
914	-0.060288	157.079813	0.001730	8.0
915	-0.920180	156.987031	0.007343	10.3
916	-1.116605	156.894395	0.007449	9.3
917	-0.228932	156.801904	0.004980	7.7
918	-0.629067	156.709559	0.003977	8.3
919	-0.212928	156.617359	0.006039	7.9
920	-1.010075	156.525304	0.005203	11.2
921	-1.101056	156.433392	0.006246	8.9
922	-0.978784	156.341624	0.008178	8.3
923	-0.848174	156.250000	0.010136	8.6
924	-1.136834	156.158519	0.007249	10.7
925	-1.171702	156.067180	0.005584	9.4
926	-1.103737	155.975984	0.005743	9.1
927	-1.267779	155.884930	0.007306	9.1
928	-0.549984	155.794017	0.004677	8.6
929	-0.745539	155.703246	0.006526	9.7
930	-1.120794	155.612615	0.006551	9.0
931	-0.552537	155.522125	0.006494	7.7
932	-0.832932	155.431775	0.004640	8.6
933	-1.000523	155.341565	0.010350	10.7
934	-1.147771	155.251495	0.007468	9.3
935	-0.321984	155.161563	0.003927	7.4
936	-1.190923	155.071771	0.006176	8.6
937	-0.163217	154.982117	0.003213	8.4
938	-1.001329	154.892601	0.006539	11.8
939	-1.042919	154.803222	0.010171	9.9
940	-1.054502	154.713981	0.005250	8.4
941	-0.865736	154.624878	0.010571	9.3
942	-0.806133	154.535910	0.004683	10.3
943	-1.202528	154.447080	0.008138	9.8
944	-0.984371	154.358385	0.007388	8.3
945	-0.147887	154.269826	0.005154	6.8
946	-1.129139	154.181402	0.006738	11.1
947	-0.560736	154.093114	0.004230	7.7
948	-0.646636	154.004960	0.005039	8.1
949	-0.681592	153.916940	0.005337	8.5
950	-0.433381	153.829054	0.006258	8.0
951	-0.850066	153.741303	0.005203	10.5
952	-0.907145	153.653684	0.005549	8.7
953	-1.007708	153.566198	0.008872	7.8
954	-0.890657	153.478846	0.007754	8.2
955	-0.721945	153.391625	0.007363	8.3
956	-0.725604	153.304537	0.006723	10.4
957	-1.294111	153.217580	0.011111	8.3
958	-0.705463	153.130755	0.007969	9.2
959	-0.513216	153.044061	0.004863	8.6
960	-0.995599	152.957498	0.009179	8.7
961	-0.193497	152.871065	0.003743	10.9
962	-0.285954	152.784762	0.004075	8.9
963	-1.121809	152.698589	0.008397	8.1
964	-1.074848	152.612545	0.005036	8.1
965	-0.761068	152.526631	0.008771	10.6
966	-0.722814	152.440845	0.008583	7.8
967	-1.085670	152.355188	0.010162	10.2
968	-1.086477	152.269660	0.010271	7.8
969	-1.106937	152.184259	0.011295	8.5
970	-0.362008	152.098986	0.002796	11.8
971	-1.174189	152.013840	0.008237	8.9
972	-0.769733	151.928821	0.004624	8.3
973	-0.769019	151.843928	0.007472	7.7
974	-0.789825	151.759163	0.008380	10.4
975	-0.133191	151.674523	0.003899	8.1
976	-0.869821	151.590009	0.007730	10.4
977	-1.318368	151.505620	0.006905	8.0
978	-0.829376	151.421357	0.006785	7.9
979	-1.325229	151.337218	0.007714	11.5
980	-0.680719	151.253204	0.006811	7.8
981	-0.906508	151.169314	0.006455	9.2
982	-0.545335	151.085549	0.007406	8.8
983	-0.695685	151.001907	0.005920	10.2
984	-0.742000	150.918388	0.005086	8.7
985	-0.737565	150.834992	0.007100	9.9
986	-0.618329	150.751719	0.004620	8.4
987	-1.105872	150.668569	0.005508	8.0
988	-0.756712	150.585541	0.007785	12.0
989	-0.678180	150.502634	0.004474	7.6
990	-0.183587	150.419849	0.002314	8.2
991	-0.715144	150.337186	0.005286	7.7
992	-0.761112	150.254644	0.009119	11.0
993	-0.988595	150.172222	0.006338	8.3
994	-0.227311	150.089921	0.004852	8.7
995	-0.364083	150.007740	0.003953	7.9
996	-1.064216	149.925679	0.005193	8.6
997	-1.177713	149.843737	0.007820	10.6
998	-1.223396	149.761915	0.006558	9.6
999	-0.683039	149.680212	0.006280	8.2
1000	-0.591526	149.598627	0.010379	8.4
1001	-0.857538	149.517161	0.007146	10.6
1002	-0.295127	149.435814	0.004005	8.2
1003	-0.882437	149.354584	0.006260	9.1
1004	-0.973838	149.273472	0.006884	8.2
1005	-0.807840	149.192477	0.004538	7.5
1006	-0.371915	149.111599	0.004775	10.3
1007	-0.182726	149.030838	0.004687	8.7
1008	-0.103898	148.950194	0.003795	7.8
1009	-0.385670	148.869666	0.002728	8.7
1010	-0.772992	148.789253	0.004887	9.1
1011	-1.000218	148.708957	0.007833	10.7
1012	-0.525799	148.628776	0.004529	8.1
1013	-1.093638	148.548710	0.009942	8.3
1014	-1.245117	148.468759	0.008255	8.7
1015	-0.697663	148.388923	0.006807	10.9
1016	-0.835464	148.309201	0.009796	9.2
1017	-1.056258	148.229594	0.007289	8.3
1018	-0.747200	148.150100	0.006254	9.2
1019	-1.219247	148.070719	0.006492	8.7
1020	-1.203498	147.991452	0.007355	10.4
1021	-0.488967	147.912298	0.005326	9.3
1022	-0.509856	147.833257	0.005579	7.8
1023	-1.020520	147.754329	0.007319	8.7
1024	-0.063600	147.675512	0.002323	11.2
1025	-0.838285	147.596808	0.006091	8.7
1026	-0.000004	147.518216	0.000005	6.8
1027	-0.673412	147.439735	0.009660	7.9
1028	-1.141385	147.361365	0.006432	9.7
1029	-0.059011	147.283106	0.002496	8.8
1030	-0.000000	147.204958	0.000000	9.5
1031	-0.970859	147.126920	0.005074	9.1
1032	-1.017057	147.048993	0.005691	10.0
1033	-0.685032	146.971175	0.012592	8.7
1034	-1.163442	146.893468	0.010102	8.6
1035	-1.064103	146.815869	0.006677	8.1
1036	-1.195664	146.738380	0.011543	8.7
1037	-0.704914	146.661000	0.006603	10.1
1038	-1.090349	146.583729	0.005291	8.7
1039	-0.604919	146.506566	0.005040	9.2
1040	-0.524440	146.429511	0.004810	8.3
1041	-1.156804	146.352565	0.009637	11.4
1042	-1.041243	146.275726	0.006204	8.2
1043	-0.965304	146.198994	0.007119	7.5
1044	-0.858579	146.122370	0.008581	8.4
1045	-1.039351	146.045853	0.006537	8.8
1046	-0.595137	145.969442	0.007242	10.1
1047	-0.918532	145.893139	0.005402	9.4
1048	-1.041966	145.816941	0.006242	7.7
1049	-0.493649	145.740849	0.005729	7.8
1050	-1.008326	145.664863	0.005852	8.3
1051	-0.690871	145.588983	0.004717	11.0
1052	-1.125607	145.513208	0.006474	8.8
1053	-0.888173	145.437538	0.009495	9.4
1054	-0.211214	145.361973	0.002885	8.2
1055	-1.305753	145.286513	0.007617	10.2
1056	-0.797333	145.211157	0.004753	9.1
1057	-0.731733	145.135905	0.006845	8.2
1058	-0.561123	145.060757	0.004159	7.0
1059	-0.733714	144.985712	0.003746	8.0
1060	-0.880061	144.910771	0.005903	10.3
1061	-0.591991	144.835934	0.003611	7.7
1062	-0.285474	144.761199	0.004249	9.3
1063	-0.578858	144.686567	0.005939	8.3
1064	-1.024621	144.612037	0.005730	9.8
1065	-0.000000	144.537610	0.000000	10.5
1066	-0.983880	144.463285	0.007274	8.0
1067	-0.972825	144.389062	0.004529	8.6
1068	-0.953669	144.314940	0.007706	7.9
1069	-0.794933	144.240920	0.007080	10.2
1070	-1.187299	144.167001	0.006487	8.2
1071	-1.022535	144.093182	0.005103	9.7
1072	-1.163724	144.019465	0.008970	8.4
1073	-1.053103	143.945848	0.005989	8.4
1074	-0.350869	143.872331	0.004555	10.2
1075	-1.118054	143.798914	0.005921	9.4
1076	-0.902717	143.725597	0.010902	8.1
1077	-0.719178	143.652380	0.006773	8.2
1078	-1.018760	143.579262	0.006032	10.2
1079	-0.763696	143.506243	0.004296	8.4
1080	-1.004359	143.433323	0.005256	7.8
1081	-0.506716	143.360502	0.005719	7.8
1082	-0.987139	143.287780	0.005056	8.3
1083	-0.978126	143.215155	0.010501	10.6
1084	-0.733073	143.142629	0.007504	8.7
1085	-0.538209	143.070201	0.006072	8.4
1086	-0.970378	142.997870	0.008599	8.0
1087	-1.026671	142.925637	0.005951	8.1
1088	-1.113172	142.853501	0.007313	11.0
1089	-0.692096	142.781462	0.008125	9.1
1090	-1.108429	142.709519	0.006437	9.2
1091	-0.915806	142.637674	0.005805	8.6
1092	-0.760604	142.565924	0.006458	10.7
1093	-0.401657	142.494271	0.004751	8.9
1094	-1.106390	142.422714	0.004891	8.3
1095	-0.945073	142.351252	0.008270	7.8
1096	-0.527736	142.279886	0.005025	11.2
1097	-1.150033	142.208616	0.008101	9.0
1098	-1.069847	142.137440	0.005467	8.1
1099	-0.742143	142.066360	0.007976	9.0
1100	-1.238623	141.995374	0.010023	8.8
1101	-0.794759	141.924483	0.004908	10.3
1102	-1.157968	141.853685	0.006621	9.2
1103	-0.453519	141.782983	0.005282	8.2
1104	-1.018783	141.712373	0.005395	8.7
1105	-1.028731	141.641858	0.006428	10.0
1106	-0.508736	141.571436	0.003364	8.9
1107	-0.852030	141.501108	0.004493	8.0
1108	-0.304953	141.430872	0.003157	8.6
1109	-0.747130	141.360730	0.008527	7.8
1110	-0.480863	141.290680	0.005041	12.2
1111	-1.111631	141.220722	0.006029	8.7
1112	-0.942911	141.150857	0.008534	8.6
1113	-0.733599	141.081084	0.005959	8.5
1114	-1.097756	141.011403	0.009465	11.2
1115	-0.734995	140.941813	0.007278	9.6
1116	-0.633786	140.872315	0.004566	8.5
1117	-1.166218	140.802909	0.006607	8.1
1118	-1.142752	140.733593	0.009167	8.1
1119	-0.467445	140.664369	0.003481	10.6
1120	-0.779712	140.595235	0.006640	9.8
1121	-0.284643	140.526192	0.003736	8.4
1122	-1.001290	140.457239	0.005470	8.6
1123	-0.176536	140.388376	0.005086	11.0
1124	-0.879435	140.319603	0.007605	9.3
1125	-0.255916	140.250920	0.005590	8.5
1126	-1.083338	140.182326	0.008328	8.0
1127	-1.238715	140.113822	0.007638	8.5
1128	-0.409023	140.045407	0.005387	10.9
1129	-0.713477	139.977081	0.007646	8.8
1130	-0.380184	139.908844	0.003276	9.0
1131	-0.581040	139.840696	0.004525	8.4
1132	-1.088741	139.772635	0.006347	10.3
1133	-0.462881	139.704664	0.004189	8.6
1134	-0.949989	139.636780	0.007996	8.5
1135	-0.913878	139.568984	0.007465	8.8
1136	-0.835079	139.501276	0.006301	9.7
1137	-0.896925	139.433655	0.010072	9.2
1138	-1.117566	139.366122	0.005672	8.7
1139	-0.633520	139.298676	0.005875	8.7
1140	-0.645410	139.231317	0.008439	8.0
1141	-1.170344	139.164045	0.007201	9.9
1142	-1.003365	139.096859	0.008555	8.9
1143	-1.102228	139.029760	0.005990	8.6
1144	-1.009114	138.962747	0.005728	8.5
1145	-0.670065	138.895820	0.007209	7.9
1146	-1.134151	138.828978	0.007121	10.4
1147	-1.096887	138.762223	0.005726	9.2
1148	-0.835662	138.695553	0.006457	8.6
1149	-0.299915	138.628969	0.003226	8.5
1150	-1.059417	138.562469	0.006089	10.0
1151	-0.474127	138.496055	0.003982	9.8
1152	-0.906512	138.429725	0.009481	8.1
1153	-0.712386	138.363481	0.004592	8.0
1154	-0.072640	138.297320	0.001948	8.8
1155	-0.595721	138.231244	0.004608	10.3
1156	-0.593675	138.165252	0.003520	8.5
1157	-0.817929	138.099344	0.009061	9.6
1158	-0.742777	138.033520	0.006211	9.3
1159	-1.062204	137.967779	0.005807	10.7
1160	-0.679443	137.902122	0.003914	9.1
1161	-1.101969	137.836548	0.005485	8.0
1162	-0.265514	137.771057	0.005234	8.1
1163	-0.877285	137.705649	0.007563	9.2
1164	-1.160694	137.640324	0.007293	10.4
1165	-0.849568	137.575081	0.008287	10.3
1166	-0.969524	137.509921	0.005201	7.7
1167	-1.232262	137.444842	0.008221	8.0
1168	-1.085728	137.379846	0.006557	11.4
1169	-1.020816	137.314932	0.006007	8.6
1170	-1.070825	137.250100	0.007005	8.1
1171	-0.833887	137.185349	0.006873	8.2
1172	-1.041008	137.120680	0.008467	9.7
1173	-1.217692	137.056092	0.009333	11.1
1174	-0.640073	136.991585	0.006534	9.1
1175	-0.182114	136.927158	0.004116	8.4
1176	-1.148198	136.862813	0.006422	7.9
1177	-0.514575	136.798548	0.005808	11.7
1178	-1.115550	136.734363	0.006266	9.0
1179	-0.744058	136.670259	0.004916	7.9
1180	-1.093718	136.606235	0.005913	8.8
1181	-0.775089	136.542291	0.008203	8.6
1182	-0.863536	136.478426	0.007364	10.8
1183	-1.088489	136.414641	0.007379	9.6
1184	-0.944795	136.350936	0.005128	8.6
1185	-0.907860	136.287310	0.004101	8.8
1186	-1.042820	136.223763	0.007223	11.2
1187	-0.869538	136.160295	0.004825	9.6
1188	-1.103005	136.096905	0.007684	7.7
1189	-0.874345	136.033594	0.007091	9.2
1190	-0.859189	135.970362	0.008468	11.5
1191	-1.004945	135.907208	0.007123	8.4
1192	-0.545839	135.844133	0.004382	8.3
1193	-1.180235	135.781135	0.006498	8.0
1194	-0.414270	135.718215	0.004775	9.0
1195	-1.022678	135.655373	0.007450	10.8
1196	-1.212056	135.592608	0.008540	9.1
1197	-1.040667	135.529921	0.005413	9.1
1198	-0.928959	135.467311	0.005491	8.5
1199	-1.055085	135.404778	0.007287	12.1
1200	-0.226734	135.342322	0.007024	8.4
1201	-0.774533	135.279942	0.004412	8.1
1202	-0.172566	135.217640	0.003153	7.9
1203	-0.853258	135.155413	0.010786	10.3
1204	-0.649750	135.093263	0.005526	8.7
1205	-0.450439	135.031190	0.004708	8.9
1206	-1.266392	134.969192	0.008567	8.5
1207	-0.342012	134.907270	0.002820	8.2
1208	-0.895417	134.845424	0.005984	11.9
1209	-0.510745	134.783653	0.004715	8.1
1210	-0.025366	134.721958	0.001495	7.4
1211	-0.100238	134.660338	0.002503	8.9
1212	-1.302491	134.598793	0.008422	10.9
1213	-0.792242	134.537323	0.004712	9.2
1214	-1.180587	134.475927	0.005499	9.1
1215	-0.986203	134.414607	0.009531	7.8
1216	-1.135063	134.353361	0.007484	8.0
1217	-0.791131	134.292189	0.005837	12.6
1218	-1.069481	134.231092	0.005987	8.0
1219	-0.841465	134.170068	0.005877	8.1
1220	-0.247842	134.109119	0.007113	8.6
1221	-1.237123	134.048243	0.007990	10.4
1222	-0.361246	133.987441	0.005266	7.9
1223	-0.864508	133.926713	0.007399	9.3
1224	-1.059326	133.866057	0.006652	7.8
1225	-0.889482	133.805475	0.005006	8.7
1226	-0.302591	133.744966	0.002079	10.5
1227	-1.142064	133.684530	0.005714	9.8
1228	-0.186292	133.624167	0.003034	8.6
1229	-0.694091	133.563877	0.006342	7.8
1230	-0.996496	133.503658	0.006442	10.7
1231	-0.917386	133.443513	0.011358	8.8
1232	-0.631228	133.383439	0.005172	9.5
1233	-1.224967	133.323437	0.007362	8.2
1234	-0.787709	133.263508	0.009343	8.9
1235	-0.394753	133.203650	0.003047	11.7
1236	-0.977925	133.143864	0.007049	8.6
1237	-0.748628	133.084149	0.008599	8.2
1238	-0.165826	133.024506	0.004985	7.8
1239	-0.507584	132.964934	0.006697	10.6
1240	-0.909506	132.905433	0.006724	8.2
1241	-0.640148	132.846003	0.006600	9.1
1242	-0.204598	132.786643	0.004227	7.9
1243	-0.395185	132.727355	0.002528	7.7
1244	-0.800217	132.668137	0.008944	10.0
1245	-0.293511	132.608989	0.003233	8.9
1246	-0.632649	132.549912	0.006716	8.9
1247	-0.956884	132.490904	0.007225	8.5
1248	-0.584920	132.431967	0.004835	9.2
1249	-0.351896	132.373100	0.004765	10.0
1250	-0.923155	132.314302	0.006713	8.9
1251	-0.770134	132.255574	0.008695	8.3
1252	-0.899531	132.196916	0.009263	8.7
1253	-0.659674	132.138326	0.005123	10.0
1254	-1.026648	132.079806	0.005636	9.0
1255	-0.228183	132.021355	0.002115	8.9
1256	-1.117774	131.962973	0.005806	8.5
1257	-0.581175	131.904660	0.006387	9.6
1258	-0.120657	131.846415	0.001552	10.3
1259	-1.033129	131.788239	0.006270	8.7
1260	-0.753772	131.730131	0.006719	8.7
1261	-1.074764	131.672092	0.008210	8.7
1262	-0.604209	131.614121	0.003937	11.0
1263	-0.479175	131.556217	0.009989	8.7
1264	-0.944884	131.498382	0.007498	8.8
1265	-0.849139	131.440614	0.007504	8.3
1266	-0.401055	131.382914	0.004222	11.4
1267	-0.658815	131.325282	0.004700	8.5
1268	-0.880024	131.267717	0.004836	7.9
1269	-1.007548	131.210219	0.009229	8.4
1270	-0.452393	131.152788	0.007206	8.3
1271	-0.364332	131.095424	0.003771	10.4
1272	-0.939391	131.038127	0.007375	9.4
1273	-0.766942	130.980897	0.005760	7.8
1274	-1.017471	130.923733	0.007874	7.6
1275	-0.981570	130.866636	0.006996	7.8
1276	-0.897371	130.809605	0.005030	9.9
1277	-1.220599	130.752641	0.007009	8.7
1278	-1.207446	130.695742	0.005552	8.6
1279	-1.257117	130.638910	0.008885	8.7
1280	-1.179741	130.582143	0.007396	8.5
1281	-1.122195	130.525442	0.005788	12.6
1282	-1.040798	130.468807	0.004885	8.2
1283	-1.024624	130.412237	0.006468	8.0
1284	-0.888900	130.355733	0.004013	8.0
1285	-0.290571	130.299294	0.005439	9.8
1286	-0.626012	130.242920	0.006546	9.0
1287	-0.620951	130.186611	0.005029	9.5
1288	-0.821506	130.130366	0.009154	9.2
1289	-0.283101	130.074187	0.004138	8.6
1290	-1.209167	130.018072	0.006584	10.5
1291	-0.555456	129.962022	0.004009	8.7
1292	-0.908118	129.906036	0.011298	9.1
1293	-0.240787	129.850114	0.005338	7.7
1294	-0.290562	129.794257	0.004146	11.3
1295	-1.107869	129.738463	0.005650	8.0
1296	-0.303381	129.682734	0.003948	9.3
1297	-0.740373	129.627068	0.007944	8.3
1298	-1.078527	129.571466	0.008207	8.1
1299	-0.240445	129.515927	0.005423	11.3
1300	-1.157601	129.460452	0.008103	9.0
1301	-0.485146	129.405040	0.003582	8.0
1302	-0.340419	129.349692	0.004267	8.5
1303	-0.699174	129.294406	0.004509	8.0
1304	-0.895133	129.239183	0.005238	11.2
1305	-0.752455	129.184024	0.004457	10.1
1306	-1.192278	129.128927	0.007442	9.3
1307	-0.393134	129.073892	0.006075	7.7
1308	-1.058239	129.018921	0.006762	12.2
1309	-0.043428	128.964011	0.001837	7.8
1310	-0.169748	128.909164	0.003143	7.9
1311	-0.793226	128.854379	0.004970	8.5
1312	-0.227199	128.799656	0.004026	10.7
1313	-0.893506	128.744995	0.007935	8.7
1314	-0.688610	128.690396	0.004017	9.8
1315	-0.157257	128.635858	0.004530	8.2
1316	-1.229344	128.581382	0.006746	8.8
1317	-1.043003	128.526968	0.007435	11.3
1318	-0.638720	128.472615	0.004985	7.8
1319	-0.897392	128.418323	0.007649	8.7
1320	-0.921398	128.364092	0.006799	7.8
1321	-1.301785	128.309922	0.007966	11.2
1322	-0.512105	128.255814	0.008276	8.2
1323	-0.436797	128.201766	0.003770	9.0
1324	-0.950066	128.147778	0.006840	9.0
1325	-0.776732	128.093852	0.004889	8.6
1326	-0.208493	128.039985	0.005004	11.9
1327	-0.701063	127.986180	0.004518	8.3
1328	-1.142304	127.932434	0.008499	8.4
1329	-0.340675	127.878749	0.004012	8.4
1330	-0.409983	127.825123	0.002539	14.3
1331	-0.314065	127.771558	0.003765	14.7
1332	-0.948260	127.718052	0.007436	8.0
1333	-1.191408	127.664606	0.009030	8.0
1334	-0.972285	127.611220	0.005451	10.6
1335	-1.316230	127.557893	0.007903	8.6
1336	-1.146044	127.504625	0.006860	9.9
1337	-1.004637	127.451417	0.006454	8.3
1338	-0.894515	127.398268	0.008981	8.1
1339	-0.853663	127.345178	0.008117	10.7
1340	-0.431204	127.292147	0.005405	8.4
1341	-0.598374	127.239175	0.006087	8.3
1342	-0.739171	127.186261	0.006508	8.4
1343	-1.052921	127.133407	0.005388	10.7
1344	-1.002609	127.080610	0.007802	8.1
1345	-0.913653	127.027872	0.004953	9.1
1346	-0.987263	126.975193	0.009464	8.7
1347	-1.125784	126.922572	0.005183	7.6
1348	-0.956440	126.870008	0.006714	11.5
1349	-1.072108	126.817503	0.005771	9.1
1350	-0.696655	126.765056	0.003930	7.9
1351	-0.513777	126.712667	0.004269	8.3
1352	-0.433573	126.660335	0.005592	10.9
1353	-0.474373	126.608061	0.006089	9.0
1354	-0.771014	126.555844	0.006009	8.2
1355	-1.100796	126.503685	0.009748	9.1
1356	-0.850140	126.451583	0.008313	8.8
1357	-1.140748	126.399538	0.006522	10.8
1358	-0.582167	126.347550	0.004817	9.1
1359	-1.171895	126.295619	0.006602	7.8
1360	-0.500386	126.243745	0.003254	8.4
1361	-1.250724	126.191928	0.008528	10.5
1362	-0.866533	126.140168	0.010976	13.7
1363	-0.744790	126.088464	0.007856	13.0
1364	-0.877965	126.036817	0.007877	14.5
1365	-0.840606	125.985226	0.005550	9.1
1366	-0.850097	125.933691	0.012710	8.9
1367	-0.402626	125.882212	0.006495	8.7
1368	-1.178694	125.830790	0.006648	9.5
1369	-0.715110	125.779423	0.005146	11.6
1370	-0.959491	125.728113	0.010081	8.2
1371	-0.622601	125.676858	0.008187	8.6
1372	-0.768095	125.625659	0.004369	8.6
1373	-0.581339	125.574515	0.005673	9.3
1374	-1.222019	125.523427	0.008003	10.1
1375	-1.115609	125.472394	0.005443	8.5
1376	-0.374509	125.421417	0.008119	7.9
1377	-0.861112	125.370495	0.008079	7.9
1378	-0.366840	125.319628	0.004273	10.9
1379	-0.862476	125.268815	0.010010	8.7
1380	-0.375969	125.218058	0.003255	8.9
1381	-1.000244	125.167356	0.005682	8.7
1382	-1.122427	125.116708	0.006406	11.0
1383	-1.117782	125.066115	0.006226	7.9
1384	-1.018984	125.015576	0.008448	9.1
1385	-0.980760	124.965092	0.005820	7.9
1386	-0.847468	124.914662	0.004439	8.5
1387	-0.794534	124.864287	0.008211	10.7
1388	-1.139471	124.813965	0.006060	8.9
1389	-0.733943	124.763698	0.006215	8.1
1390	-1.117870	124.713485	0.008105	8.2
1391	-0.930632	124.663325	0.008557	8.8
1392	-1.219696	124.613219	0.007157	11.9
1393	-0.846664	124.563167	0.006116	9.8
1394	-1.206648	124.513168	0.007838	8.4
1395	-0.546220	124.463223	0.004375	8.9
1396	-1.169266	124.413332	0.006137	11.1
1397	-0.409408	124.363493	0.004816	8.4
1398	-0.349306	124.313708	0.003902	9.2
1399	-1.056363	124.263976	0.004693	7.8
1400	-0.746702	124.214297	0.005107	11.8
1401	-0.780083	124.164671	0.005202	8.9
1402	-0.383328	124.115097	0.006455	9.4
1403	-0.776302	124.065577	0.007983	8.8
1404	-1.065875	124.016109	0.007429	8.8
1405	-0.144973	123.966693	0.003291	10.6
1406	-1.042141	123.917330	0.008406	8.3
1407	-0.888389	123.868020	0.005035	9.6
1408	-0.662938	123.818762	0.005492	8.4
1409	-0.331349	123.769556	0.003041	10.0
1410	-0.190852	123.720402	0.002073	10.1
1411	-0.324639	123.671300	0.004948	8.6
1412	-0.946123	123.622250	0.004575	8.4
1413	-0.699575	123.573252	0.005017	8.9
1414	-1.087453	123.524305	0.006385	9.5
1415	-0.842090	123.475411	0.004997	8.2
1416	-1.203595	123.426568	0.007610	8.7
1417	-0.649900	123.377776	0.007184	8.8
1418	-0.459347	123.329036	0.005390	10.3
1419	-0.000044	123.280347	0.000067	9.3
1420	-1.200788	123.231709	0.006593	8.4
1421	-0.847387	123.183122	0.006845	7.9
1422	-1.134388	123.134587	0.006099	8.2
1423	-1.142175	123.086102	0.006723	11.7
1424	-0.872298	123.037669	0.005844	8.2
1425	-0.882886	122.989286	0.007198	8.1
1426	-0.849661	122.940954	0.006279	8.9
1427	-0.326228	122.892672	0.006581	11.9
1428	-0.613033	122.844441	0.004861	11.9
1429	-1.065094	122.796261	0.005454	8.7
1430	-0.356577	122.748130	0.004814	8.7
1431	-0.851549	122.700050	0.007295	10.0
1432	-0.589932	122.652021	0.004158	8.2
1433	-1.021001	122.604041	0.009359	7.9
1434	-1.077305	122.556111	0.005309	9.3
1435	-1.213043	122.508232	0.007848	8.9
1436	-0.217216	122.460402	0.004274	11.3
1437	-0.742168	122.412622	0.005679	9.2
1438	-1.117523	122.364891	0.005741	8.1
1439	-0.912276	122.317210	0.008770	7.9
1440	-0.780220	122.269579	0.007458	10.8
1441	-1.140259	122.221997	0.005394	9.5
1442	-0.660255	122.174465	0.007090	8.6
1443	-0.983012	122.126981	0.006634	8.1
1444	-0.502226	122.079547	0.003845	9.0
1445	-1.156227	122.032162	0.007411	10.7
1446	-0.385034	121.984826	0.005909	9.1
1447	-0.795220	121.937539	0.007886	8.5
1448	-0.820366	121.890301	0.004922	8.3
1449	-1.106866	121.843112	0.008387	10.5
1450	-1.091478	121.795971	0.006041	9.5
1451	-0.511448	121.748879	0.004662	9.4
1452	-0.061731	121.701835	0.001443	8.5
1453	-0.848457	121.654840	0.003832	9.1
1454	-1.073121	121.607893	0.007338	9.4
1455	-0.449793	121.560994	0.004643	9.6
1456	-0.899367	121.514144	0.005147	7.8
1457	-1.136719	121.467342	0.006394	8.7
1458	-0.937421	121.420588	0.006134	10.5
1459	-0.917292	121.373882	0.004265	8.6
1460	-0.951509	121.327223	0.007887	8.2
1461	-0.726082	121.280613	0.008093	7.8
1462	-0.615015	121.234050	0.007316	11.4
1463	-1.082512	121.187535	0.005145	8.7
1464	-0.429495	121.141067	0.004440	7.9
1465	-0.640441	121.094647	0.004385	8.5
1466	-0.565499	121.048274	0.005727	8.3
1467	-0.608007	121.001949	0.008024	10.7
1468	-1.240901	120.955671	0.006731	9.3
1469	-0.852858	120.909440	0.009133	8.1
1470	-1.013444	120.863256	0.005298	8.1
1471	-0.877886	120.817119	0.008453	12.0
1472	-0.751343	120.771029	0.007983	9.0
1473	-0.617894	120.724986	0.005333	7.9
1474	-0.648496	120.678990	0.004128	8.3
1475	-1.111249	120.633040	0.006727	7.8
1476	-0.949556	120.587137	0.006330	10.4
1477	-0.919131	120.541281	0.008184	9.8
1478	-0.925107	120.495471	0.007006	8.4
1479	-0.879971	120.449707	0.007416	8.2
1480	-1.078023	120.403990	0.007034	8.3
1481	-0.815662	120.358319	0.007912	10.7
1482	-1.102568	120.312694	0.006419	8.6
1483	-0.893321	120.267115	0.005880	8.9
1484	-0.473258	120.221582	0.003982	7.9
1485	-0.803390	120.176096	0.007020	10.0
1486	-0.061148	120.130655	0.003436	8.9
1487	-0.133487	120.085260	0.003079	8.5
1488	-0.444207	120.039910	0.004558	8.4
1489	-1.056787	119.994606	0.010144	8.8
1490	-0.058257	119.949348	0.001891	10.3
1491	-1.145046	119.904135	0.009018	8.4
1492	-1.141339	119.858968	0.010365	9.2
1493	-0.877833	119.813846	0.007735	9.2
1494	-0.838720	119.768769	0.007626	10.8
1495	-1.146426	119.723738	0.007900	9.5
1496	-1.109678	119.678752	0.005528	8.0
1497	-1.211590	119.633810	0.004856	8.4
1498	-0.499631	119.588914	0.004966	10.7
1499	-0.941828	119.544062	0.007021	9.4
1500	-0.246504	119.499256	0.005193	8.3
1501	-0.960822	119.454494	0.010369	7.8
1502	-0.354090	119.409777	0.005174	8.5
1503	-0.963737	119.365104	0.005593	11.3
1504	-0.627703	119.320476	0.008273	8.9
1505	-1.163622	119.275893	0.005966	8.0
1506	-1.157482	119.231353	0.005691	9.1
1507	-0.482990	119.186859	0.004961	10.4
1508	-1.022619	119.142408	0.004838	8.8
1509	-0.650237	119.098002	0.003855	8.8
1510	-0.320100	119.053639	0.004305	7.9
1511	-0.879440	119.009321	0.009941	8.4
1512	-0.808761	118.965047	0.005408	11.3
1513	-0.693582	118.920816	0.004679	8.9
1514	-0.771709	118.876630	0.007688	8.6
1515	-0.159992	118.832487	0.004315	8.1
1516	-0.948942	118.788388	0.004819	10.4
1517	-0.771605	118.744332	0.009422	9.5
1518	-0.114686	118.700320	0.003325	7.0
1519	-1.032574	118.656352	0.005110	8.0
1520	-1.200584	118.612427	0.007821	8.3
1521	-0.874193	118.568545	0.008047	10.4
1522	-0.761699	118.524706	0.004687	8.1
1523	-0.890054	118.480911	0.007747	9.3
1524	-0.918727	118.437159	0.006297	7.7
1525	-1.057772	118.393450	0.009329	8.1
1526	-1.022032	118.349784	0.007269	10.9
1527	-1.092425	118.306160	0.006511	8.4
1528	-0.903020	118.262580	0.010508	8.1
1529	-0.819451	118.219042	0.004147	7.9
1530	-1.073882	118.175548	0.007728	11.0
1531	-0.699629	118.132095	0.004333	7.7
1532	-0.769999	118.088686	0.006987	9.7
1533	-0.998952	118.045319	0.004502	8.2
1534	-1.127980	118.001994	0.007108	9.3
1535	-0.813247	117.958712	0.005364	12.0
1536	-0.901592	117.915472	0.007284	8.6
1537	-0.798795	117.872274	0.007298	9.4
1538	-0.561475	117.829118	0.004053	7.9
1539	-0.759192	117.786005	0.004464	11.1
1540	-0.565364	117.742933	0.004692	8.2
1541	-0.882741	117.699904	0.005000	8.5
1542	-0.290382	117.656916	0.004847	9.2
1543	-0.805607	117.613971	0.010549	10.6
1544	-1.300508	117.571067	0.008935	9.9
1545	-0.997032	117.528205	0.006792	8.3
1546	-0.423011	117.485384	0.005882	8.1
1547	-1.170249	117.442605	0.005891	8.6
1548	-1.195703	117.399867	0.009351	10.0
1549	-0.833005	117.357171	0.004258	8.9
1550	-0.698173	117.314517	0.005183	8.7
1551	-0.316399	117.271903	0.003780	9.1
1552	-1.030151	117.229331	0.006995	10.3
1553	-0.610717	117.186800	0.004310	9.3
1554	-0.791932	117.144311	0.008779	8.5
1555	-0.753491	117.101862	0.008328	7.9
1556	-0.852452	117.059454	0.007367	9.1
1557	-0.827471	117.017087	0.008173	11.4
1558	-1.085703	116.974762	0.005814	8.3
1559	-0.555240	116.932476	0.004538	9.0
1560	-0.642783	116.890232	0.005383	8.0
1561	-1.124011	116.848028	0.005056	10.3
1562	-0.467351	116.805865	0.006197	8.3
1563	-0.800038	116.763743	0.007348	8.8
1564	-0.964299	116.721661	0.005235	9.2
1565	-1.062988	116.679619	0.005778	8.8
1566	-0.761253	116.637618	0.004820	10.8
1567	-1.046628	116.595657	0.006319	9.4
1568	-1.117497	116.553736	0.007685	9.5
1569	-1.232599	116.511855	0.008262	8.3
1570	-1.160506	116.470015	0.007613	10.5
1571	-0.456543	116.428214	0.005822	9.9
1572	-0.766875	116.386454	0.006172	7.7
1573	-1.149952	116.344733	0.007045	9.5
1574	-1.176721	116.303052	0.005784	10.9
1575	-0.116475	116.261412	0.002142	9.4
1576	-1.115885	116.219810	0.006335	9.3
1577	-0.880677	116.178249	0.004635	10.2
1578	-0.336985	116.136727	0.004054	11.0
1579	-0.616761	116.095245	0.004536	8.7
1580	-1.111029	116.053802	0.006234	9.2
1581	-0.491732	116.012398	0.003876	8.3
1582	-1.213152	115.971034	0.006652	9.9
1583	-1.275689	115.929710	0.009267	8.9
1584	-0.953759	115.888424	0.005184	9.0
1585	-0.425360	115.847178	0.003191	8.6
1586	-0.850248	115.805970	0.009093	10.2
1587	-0.407202	115.764802	0.006094	9.5
1588	-1.008681	115.723673	0.008918	8.2
1589	-0.831188	115.682583	0.007489	9.0
1590	-0.646204	115.641532	0.004364	8.3
1591	-1.020948	115.600519	0.005841	9.6
1592	-0.945903	115.559546	0.005545	9.3
1593	-1.091160	115.518610	0.005540	11.7
1594	-1.182892	115.477714	0.008992	9.3
1595	-0.898729	115.436856	0.006805	12.8
1596	-0.888341	115.396037	0.007995	13.0
1597	-0.483025	115.355256	0.004193	9.4
1598	-0.299118	115.314514	0.005290	10.2
1599	-1.120480	115.273810	0.009557	8.1
1600	-1.136443	115.233144	0.008282	8.7
1601	-0.854999	115.192517	0.005512	8.8
1602	-1.200315	115.151927	0.008321	8.1
1603	-0.181157	115.111376	0.002309	9.5
1604	-0.503942	115.070863	0.003451	8.1
1605	-0.107435	115.030388	0.002284	8.3
1606	-0.852737	114.989951	0.006396	8.8
1607	-1.110180	114.949551	0.005689	10.1
1608	-0.885752	114.909190	0.005375	9.2
1609	-0.737007	114.868866	0.006137	6.8
1610	-0.593287	114.828580	0.006123	9.0
1611	-1.000279	114.788332	0.012564	8.4
1612	-1.081293	114.748121	0.005780	11.4
1613	-0.036577	114.707948	0.001619	10.3
1614	-1.187121	114.667812	0.007509	8.1
1615	-1.112292	114.627714	0.006114	8.6
1616	-0.763403	114.587653	0.009509	10.2
1617	-0.837400	114.547629	0.008928	9.0
1618	-1.105122	114.507643	0.008796	7.8
1619	-1.070059	114.467693	0.009516	8.4
1620	-0.901930	114.427781	0.005183	8.3
1621	-0.620554	114.387907	0.004229	11.4
1622	-1.125580	114.348069	0.008896	9.1
1623	-0.590064	114.308268	0.005995	7.7
1624	-1.008901	114.268504	0.009181	8.1
1625	-1.318722	114.228777	0.009933	10.0
1626	-0.118599	114.189086	0.002547	8.8
1627	-1.076713	114.149433	0.005347	8.8
1628	-1.001997	114.109816	0.010411	9.6
1629	-1.250249	114.070235	0.006439	9.7
1630	-0.769664	114.030692	0.006728	10.1
1631	-0.791370	113.991185	0.008313	8.8
1632	-1.018337	113.951714	0.008914	8.0
1633	-0.838094	113.912280	0.005513	8.4
1634	-1.000644	113.872882	0.008051	10.3
1635	-0.352678	113.833521	0.002456	9.0
1636	-0.970447	113.794195	0.008047	8.5
1637	-1.188261	113.754906	0.007195	7.8
1638	-0.841304	113.715653	0.008347	8.0
1639	-0.238147	113.676437	0.004135	9.8
1640	-1.188286	113.637256	0.006431	8.3
1641	-1.149893	113.598111	0.008939	9.6
1642	-1.099272	113.559002	0.006640	8.0
1643	-0.901899	113.519929	0.009049	8.1
1644	-1.008090	113.480892	0.006451	12.1
1645	-0.891793	113.441891	0.003916	8.9
1646	-1.148391	113.402925	0.006381	8.7
1647	-0.941916	113.363995	0.004409	8.2
1648	-0.389490	113.325101	0.003986	10.9
1649	-0.873587	113.286242	0.008149	9.4
1650	-1.099880	113.247419	0.005478	9.8
1651	-0.894764	113.208631	0.005234	8.0
1652	-0.313973	113.169879	0.004505	10.9
1653	-0.144893	113.131162	0.002117	9.3
1654	-1.037684	113.092480	0.005560	7.6
1655	-1.086712	113.053833	0.006135	8.6
1656	-1.098335	113.015222	0.008060	10.1
1657	-0.283804	112.976646	0.002147	8.9
1658	-1.153331	112.938105	0.006339	8.2
1659	-0.727155	112.899599	0.006219	7.9
1660	-1.056934	112.861128	0.007046	8.8
1661	-1.034728	112.822692	0.009251	10.7
1662	-1.170304	112.784291	0.006609	10.8
1663	-0.776497	112.745924	0.004586	9.1
1664	-1.201104	112.707593	0.006766	10.3
1665	-1.294679	112.669296	0.007538	11.8
1666	-1.061692	112.631034	0.008573	8.5
1667	-1.146155	112.592806	0.006037	9.1
1668	-0.551906	112.554613	0.004793	8.6
1669	-0.693099	112.516455	0.004716	10.7
1670	-1.241538	112.478331	0.007094	8.7
1671	-1.119293	112.440241	0.008014	9.5
1672	-1.147127	112.402186	0.007244	8.4
1673	-1.092049	112.364165	0.004971	11.2
1674	-0.843549	112.326179	0.005315	9.0
1675	-0.776091	112.288227	0.005615	9.1
1676	-0.718183	112.250309	0.006931	8.2
1677	-0.810908	112.212425	0.007051	10.4
1678	-0.519802	112.174575	0.004405	9.5
1679	-1.146261	112.136759	0.005947	7.9
1680	-0.747151	112.098977	0.005398	7.8
1681	-1.087837	112.061229	0.007922	8.4
1682	-1.083684	112.023515	0.005762	11.6
1683	-1.103635	111.985834	0.006120	8.6
1684	-0.958701	111.948188	0.009648	8.5
1685	-0.220933	111.910575	0.005208	7.1
1686	-1.026960	111.872996	0.008000	13.2
1687	-0.757909	111.835450	0.004911	8.8
1688	-1.155994	111.797939	0.006686	7.8
1689	-0.821635	111.760460	0.004470	8.3
1690	-0.595709	111.723015	0.007857	9.1
1691	-1.261788	111.685604	0.007856	11.1
1692	-0.706836	111.648226	0.007756	10.0
1693	-0.597421	111.610881	0.003477	9.2
1694	-1.146938	111.573570	0.007203	9.0
1695	-0.949254	111.536292	0.008245	12.8
1696	-0.915789	111.499047	0.010071	8.2
1697	-0.000000	111.461835	0.000000	8.8
1698	-1.087822	111.424656	0.007273	8.7
1699	-0.891836	111.387510	0.004209	10.3
1700	-1.074365	111.350398	0.006124	8.3
1701	-1.241700	111.313318	0.007193	9.4
1702	-0.476386	111.276271	0.002805	8.4
1703	-0.879024	111.239257	0.005084	10.6
1704	-0.581061	111.202276	0.008001	9.4
1705	-0.824406	111.165328	0.005230	9.2
1706	-1.083283	111.128412	0.008026	8.3
1707	-1.057689	111.091529	0.005758	9.6
1708	-0.426272	111.054679	0.007088	9.8
1709	-1.164629	111.017861	0.005981	8.5
1710	-0.747184	110.981076	0.006871	8.9
1711	-0.854798	110.944323	0.004706	8.1
1712	-0.753180	110.907603	0.007202	10.2
1713	-0.702186	110.870915	0.004858	9.1
1714	-0.719475	110.834259	0.004537	7.6
1715	-0.733366	110.797636	0.007708	8.1
1716	-1.111491	110.761045	0.005487	8.5
1717	-0.266272	110.724486	0.002820	11.5
1718	-1.182571	110.687959	0.006576	9.3
1719	-1.374741	110.651465	0.009868	7.9
1720	-0.134529	110.615002	0.003256	8.2
1721	-0.253576	110.578572	0.005323	10.6
1722	-1.016102	110.542173	0.004421	9.8
1723	-0.747063	110.505807	0.006977	9.0
1724	-1.091106	110.469472	0.004917	9.1
1725	-0.721324	110.433169	0.005828	10.6
1726	-0.358092	110.396898	0.003549	10.0
1727	-1.067393	110.360659	0.005280	8.3
1728	-0.916425	110.324451	0.003695	8.6
1729	-1.063687	110.288276	0.005376	8.5
1730	-1.258735	110.252131	0.006462	10.8
1731	-0.239393	110.216019	0.003783	8.5
1732	-0.566595	110.179937	0.006310	8.3
1733	-1.200514	110.143888	0.007816	9.4
1734	-0.566081	110.107869	0.003954	11.5
1735	-0.313001	110.071882	0.003474	9.9
1736	-1.146009	110.035927	0.006183	8.6
1737	-0.916293	110.000003	0.008004	7.7
1738	-0.685432	109.964110	0.003590	8.2
1739	-0.922468	109.928248	0.007813	11.2
1740	-0.126592	109.892417	0.003494	9.4
1741	-1.161681	109.856618	0.006760	8.1
1742	-1.112043	109.820850	0.007198	8.5
1743	-0.338842	109.785112	0.005985	9.8
1744	-1.214559	109.749406	0.007533	8.7
1745	-0.229122	109.713730	0.003104	8.7
1746	-0.110755	109.678086	0.002935	7.4
1747	-0.586798	109.642472	0.005298	8.7
1748	-0.677424	109.606890	0.004416	10.7
1749	-0.438176	109.571337	0.004618	9.8
1750	-0.561660	109.535816	0.005480	8.9
1751	-0.892191	109.500326	0.008099	8.1
1752	-0.760496	109.464866	0.009378	10.9
1753	-0.972000	109.429436	0.007344	8.9
1754	-0.679465	109.394038	0.006606	8.7
1755	-0.156745	109.358669	0.003515	8.1
1756	-0.728395	109.323331	0.004866	9.8
1757	-0.406391	109.288024	0.006626	9.9
1758	-0.933003	109.252747	0.006453	10.6
1759	-0.337338	109.217501	0.006074	8.2
1760	-0.187665	109.182284	0.003748	9.3
1761	-0.929541	109.147098	0.004792	11.3
1762	-0.553456	109.111942	0.005039	7.3
1763	-0.169197	109.076817	0.002598	8.4
1764	-0.701832	109.041721	0.006696	8.8
1765	-1.092015	109.006656	0.004747	10.2
1766	-1.324603	108.971620	0.007650	8.7
1767	-0.833178	108.936615	0.006600	8.8
1768	-0.805629	108.901640	0.007156	8.8
1769	-1.257206	108.866694	0.008858	9.5
1770	-1.165497	108.831779	0.007471	9.3
1771	-1.157986	108.796893	0.006297	9.5
1772	-0.574307	108.762037	0.005495	9.0
1773	-1.314028	108.727211	0.008741	8.9
1774	-1.241475	108.692415	0.005823	11.7
1775	-0.761054	108.657648	0.009178	8.1
1776	-0.906857	108.622911	0.004925	9.7
1777	-0.883573	108.588203	0.004104	7.7
1778	-1.249093	108.553525	0.009336	11.0
1779	-1.146860	108.518877	0.007908	10.5
1780	-0.883932	108.484258	0.004716	8.5
1781	-0.879587	108.449668	0.005801	8.4
1782	-0.958274	108.415108	0.011035	8.9
1783	-0.724386	108.380578	0.004201	9.6
1784	-0.031302	108.346076	0.002023	8.0
1785	-0.781656	108.311604	0.005255	8.9
1786	-1.160583	108.277161	0.005737	8.3
1787	-0.008267	108.242747	0.000121	10.2
1788	-1.106914	108.208363	0.006199	9.5
1789	-1.235193	108.174007	0.006713	8.3
1790	-0.284343	108.139681	0.003081	8.2
1791	-1.247545	108.105383	0.009307	7.9
1792	-0.913917	108.071115	0.005639	11.7
1793	-1.006650	108.036875	0.007206	7.7
1794	-0.277065	108.002665	0.004442	8.0
1795	-0.981684	107.968483	0.005417	8.3
1796	-0.495660	107.934330	0.005654	11.1
1797	-1.087076	107.900206	0.007398	9.1
1798	-0.160354	107.866111	0.002095	8.9
1799	-1.100359	107.832044	0.007099	8.0
1800	-0.813407	107.798007	0.008585	8.6
1801	-0.989944	107.763997	0.005822	11.5
1802	-0.369086	107.730017	0.004977	8.3
1803	-0.932860	107.696065	0.006644	8.1
1804	-1.166473	107.662141	0.005516	8.2
1805	-0.484228	107.628246	0.006532	10.7
1806	-1.060046	107.594379	0.006952	8.8
1807	-1.009696	107.560541	0.006923	8.8
1808	-0.849250	107.526731	0.006237	8.2
1809	-0.565488	107.492949	0.004700	8.7
1810	-0.791961	107.459196	0.005563	11.7
1811	-1.002078	107.425471	0.005229	8.6
1812	-0.732085	107.391774	0.007138	7.8
1813	-1.229044	107.358106	0.006721	8.0
1814	-0.717554	107.324465	0.007184	11.0
1815	-0.840298	107.290853	0.008327	8.3
1816	-1.170976	107.257268	0.005982	8.8
1817	-0.876066	107.223712	0.005735	8.3
1818	-1.168747	107.190184	0.010535	8.4
1819	-0.976864	107.156683	0.007409	10.7
1820	-0.638676	107.123211	0.005560	8.8
1821	-0.453286	107.089766	0.002970	8.6
1822	-1.243537	107.056349	0.010402	7.9
1823	-0.435959	107.022960	0.004047	10.1
1824	-1.218202	106.989599	0.008775	8.2
1825	-1.196633	106.956265	0.005455	10.0
1826	-0.943081	106.922960	0.007005	7.7
1827	-0.865554	106.889681	0.006892	8.7
1828	-1.012316	106.856431	0.009428	11.3
1829	-0.077089	106.823208	0.002345	9.2
1830	-0.818554	106.790012	0.007538	8.8
1831	-1.024068	106.756844	0.008440	9.5
1832	-1.157010	106.723703	0.008382	10.0
1833	-0.881565	106.690590	0.007616	8.4
1834	-0.461772	106.657505	0.004466	8.2
1835	-1.097229	106.624446	0.006723	7.5
1836	-0.956111	106.591415	0.007842	10.9
1837	-1.144326	106.558411	0.005652	9.9
1838	-0.607148	106.525435	0.005832	8.2
1839	-1.108605	106.492485	0.008667	8.5
1840	-0.930883	106.459563	0.007360	8.6
1841	-1.229634	106.426668	0.009758	12.0
1842	-1.104523	106.393800	0.009218	8.6
1843	-1.007385	106.360959	0.005704	8.1
1844	-1.202697	106.328145	0.007441	8.9
1845	-0.825524	106.295358	0.008930	11.6
1846	-1.137448	106.262598	0.007498	9.5
1847	-1.075718	106.229865	0.009027	8.6
1848	-0.905739	106.197158	0.005440	8.0
1849	-0.987913	106.164479	0.008000	9.9
1850	-1.185669	106.131826	0.006550	9.6
1851	-0.213047	106.099201	0.002200	8.1
1852	-0.131435	106.066602	0.002427	8.8
1853	-1.052152	106.034029	0.008639	8.7
1854	-0.934570	106.001483	0.006616	10.6
1855	-0.709130	105.968964	0.007550	9.2
1856	-1.204940	105.936472	0.007638	8.6
1857	-0.004590	105.904006	0.000253	8.9
1858	-1.248885	105.871566	0.010096	11.8
1859	-1.129482	105.839153	0.008181	9.3
1860	-0.451366	105.806767	0.004813	8.6
1861	-1.210211	105.774407	0.008872	8.4
1862	-0.330358	105.742073	0.003410	11.4
1863	-0.760153	105.709766	0.005925	8.5
1864	-0.788614	105.677485	0.006880	8.2
1865	-0.697694	105.645230	0.005700	8.6
1866	-1.211579	105.613001	0.007491	9.4
1867	-1.068798	105.580799	0.007188	10.3
1868	-0.902013	105.548623	0.009648	9.3
1869	-1.179712	105.516473	0.008486	8.2
1870	-0.852942	105.484349	0.008119	9.3
1871	-1.144901	105.452251	0.009517	10.8
1872	-0.938052	105.420179	0.004987	8.3
1873	-1.089602	105.388133	0.007135	8.7
1874	-0.374343	105.356113	0.003328	8.1
1875	-0.721557	105.324119	0.005603	8.2
1876	-0.633556	105.292151	0.006306	12.0
1877	-0.672400	105.260209	0.006362	8.8
1878	-0.633878	105.228293	0.004662	8.1
1879	-1.077238	105.196402	0.004745	9.0
1880	-1.060054	105.164537	0.006826	10.3
1881	-1.005703	105.132698	0.004922	8.9
1882	-1.113750	105.100885	0.006736	9.2
1883	-1.038507	105.069097	0.006190	8.7
1884	-0.649675	105.037335	0.004012	8.1
1885	-1.186076	105.005598	0.009104	11.0
1886	-1.173967	104.973887	0.005357	9.2
1887	-0.440103	104.942202	0.005214	8.7
1888	-0.170950	104.910542	0.001962	8.8
1889	-0.509762	104.878907	0.004461	11.0
1890	-0.609522	104.847298	0.004633	8.3
1891	-1.214964	104.815715	0.008063	8.7
1892	-0.726424	104.784156	0.007187	8.2
1893	-1.154136	104.752623	0.008942	8.1
1894	-0.914310	104.721116	0.008137	12.5
1895	-0.366048	104.689633	0.004705	8.7
1896	-1.135389	104.658176	0.005672	8.5
1897	-1.107179	104.626744	0.008619	8.3
1898	-0.890202	104.595337	0.006970	10.1
1899	-0.244274	104.563955	0.005306	8.4
1900	-0.888354	104.532599	0.006436	8.4
1901	-1.110082	104.501267	0.007411	8.3
1902	-0.878259	104.469960	0.007853	8.8
1903	-0.715296	104.438679	0.004981	10.8
1904	-0.767963	104.407422	0.007585	9.5
1905	-0.256610	104.376191	0.003212	8.7
1906	-0.529298	104.344984	0.004459	8.4
1907	-1.031026	104.313802	0.004565	11.2
1908	-0.702942	104.282645	0.003607	8.1
1909	-1.101932	104.251513	0.006771	9.5
1910	-0.679235	104.220405	0.004347	8.3
1911	-1.050885	104.189323	0.008208	9.1
1912	-1.051284	104.158265	0.006899	11.9
1913	-1.094801	104.127231	0.005801	8.3
1914	-0.913731	104.096222	0.008102	8.6
1915	-1.180869	104.065238	0.006453	7.8
1916	-1.163692	104.034279	0.006222	10.2
1917	-1.040729	104.003344	0.006304	8.2
1918	-0.632691	103.972433	0.004103	9.3
1919	-1.055312	103.941547	0.006942	8.0
1920	-1.090707	103.910686	0.007542	8.5
1921	-0.942282	103.879849	0.005953	12.3
1922	-0.252944	103.849036	0.007496	7.5
1923	-1.090079	103.818248	0.008885	8.9
1924	-0.983528	103.787484	0.005626	8.3
1925	-0.748674	103.756744	0.003856	11.3
1926	-1.200515	103.726029	0.005920	8.8
1927	-1.040104	103.695338	0.006991	10.1
1928	-0.091563	103.664671	0.002165	8.5
1929	-1.316325	103.634028	0.006342	8.7
1930	-0.267641	103.603409	0.003095	11.8
1931	-0.605124	103.572814	0.005200	8.3
1932	-0.676662	103.542244	0.004996	8.9
1933	-0.957422	103.511698	0.004921	9.1
1934	-1.005882	103.481175	0.004739	9.9
1935	-0.965617	103.450677	0.005020	9.2
1936	-1.291214	103.420202	0.006984	9.3
1937	-1.054782	103.389752	0.006775	8.2
1938	-0.018528	103.359325	0.002213	10.8
1939	-0.884934	103.328922	0.010442	8.4
1940	-1.020206	103.298543	0.004594	8.1
1941	-0.246168	103.268188	0.003558	8.3
1942	-0.939987	103.237857	0.008169	10.5
1943	-0.206234	103.207549	0.004955	10.0
1944	-0.026213	103.177265	0.000913	7.7
1945	-0.892369	103.147005	0.005085	8.3
1946	-0.531853	103.116768	0.003212	8.0
1947	-0.376094	103.086556	0.003537	11.2
1948	-1.242722	103.056366	0.006821	9.8
1949	-1.002690	103.026200	0.006612	8.3
1950	-0.779999	102.996058	0.009822	8.4
1951	-1.195977	102.965939	0.006305	10.2
1952	-1.197457	102.935844	0.008087	9.4
1953	-1.062893	102.905772	0.005204	7.6
1954	-1.350571	102.875724	0.008760	8.4
1955	-1.157071	102.845699	0.008475	10.9
1956	-0.761228	102.815697	0.007041	9.2
1957	-1.118031	102.785719	0.006168	9.0
1958	-0.232549	102.755764	0.002578	7.8
1959	-1.178379	102.725832	0.006288	8.7
1960	-0.526325	102.695924	0.007029	10.2
1961	-0.554941	102.666038	0.005031	9.0
1962	-1.118374	102.636176	0.009697	8.5
1963	-1.026899	102.606337	0.005513	8.4
1964	-0.673544	102.576521	0.009944	13.0
1965	-0.630994	102.546728	0.005645	8.4
1966	-1.091147	102.516959	0.005856	8.9
1967	-0.834509	102.487212	0.007790	8.6
1968	-0.655285	102.457488	0.004592	8.4
1969	-1.172723	102.427788	0.007488	11.3
1970	-1.020933	102.398110	0.004773	8.8
1971	-0.906691	102.368455	0.009551	8.7
1972	-1.164234	102.338823	0.008803	8.0
1973	-0.852069	102.309214	0.007428	11.1
1974	-1.162893	102.279628	0.007357	8.8
1975	-1.146883	102.250064	0.005632	8.0
1976	-0.888007	102.220524	0.009461	8.2
1977	-0.677691	102.191006	0.003975	7.7
1978	-1.115781	102.161511	0.005118	10.3
1979	-0.850840	102.132038	0.004376	9.2
1980	-0.966473	102.102588	0.010584	9.1
1981	-0.261636	102.073161	0.004127	8.0
1982	-1.291032	102.043757	0.006511	9.2
1983	-1.117847	102.014375	0.006178	9.7
1984	-1.048535	101.985015	0.006047	9.8
1985	-0.434115	101.955678	0.003989	8.5
1986	-1.166909	101.926364	0.006868	7.9
1987	-0.286969	101.897072	0.003278	10.1
1988	-1.003365	101.867802	0.004805	9.0
1989	-0.375504	101.838555	0.004838	7.9
1990	-1.203856	101.809330	0.007317	7.8
1991	-1.245626	101.780128	0.009637	11.0
1992	-0.771622	101.750948	0.004155	9.0
1993	-0.735422	101.721790	0.006327	8.5
1994	-0.787635	101.692654	0.007922	8.3
1995	-0.367802	101.663541	0.004188	6.5
1996	-1.248091	101.634450	0.006708	10.7
1997	-0.817801	101.605381	0.004366	10.8
1998	-0.682896	101.576335	0.003644	7.7
1999	-1.196466	101.547310	0.006690	8.4
