1:ItNr	2:Metric	3:StepSize	4:||Gradient||	Time[ms]
0	-1.060425	627.201626	0.007606	496.7
1	-1.109709	623.504937	0.007583	10.3
2	-1.130950	619.865785	0.008698	11.3
3	-0.722708	616.282728	0.005794	10.1
4	-0.886461	612.754375	0.009659	9.8
5	-1.107606	609.279381	0.007820	11.2
6	-0.149544	605.856447	0.003143	10.5
7	-1.061120	602.484317	0.009171	10.0
8	-0.973127	599.161779	0.007755	9.4
9	-0.960107	595.887656	0.005882	12.7
10	-0.594922	592.660813	0.007874	9.7
11	-0.111616	589.480151	0.003193	9.9
12	-0.693332	586.344606	0.006565	9.3
13	-0.295635	583.253145	0.005021	12.6
14	-0.807875	580.204771	0.008237	10.6
15	-0.384454	577.198517	0.004539	8.9
16	-1.159275	574.233444	0.007983	10.1
17	-0.840207	571.308645	0.006183	11.5
18	-0.700639	568.423237	0.005854	9.5
19	-0.692416	565.576365	0.006147	11.1
20	-0.827001	562.767201	0.007712	9.6
21	-1.054401	559.994938	0.007558	12.4
22	-0.971061	557.258797	0.006945	11.2
23	-0.659199	554.558018	0.007849	10.4
24	-0.923764	551.891865	0.009179	9.7
25	-0.964532	549.259621	0.007577	11.6
26	-0.873630	546.660592	0.007884	9.8
27	-0.390602	544.094102	0.004298	10.8
28	-0.675818	541.559494	0.007696	9.8
29	-0.510393	539.056129	0.008239	10.8
30	-0.562004	536.583387	0.004721	10.8
31	-0.979104	534.140663	0.007122	9.9
32	-0.153330	531.727370	0.003822	10.3
33	-0.265482	529.342935	0.004167	11.2
34	-0.597176	526.986802	0.008271	11.2
35	-0.796949	524.658430	0.007946	10.0
36	-0.854128	522.357290	0.006156	9.2
37	-0.572756	520.082868	0.006001	13.7
38	-0.739374	517.834665	0.007506	9.0
39	-0.779329	515.612193	0.008419	9.4
40	-0.917202	513.414976	0.005553	9.9
41	-0.855727	511.242551	0.009787	11.3
42	-0.798533	509.094468	0.008722	11.0
43	-0.503250	506.970285	0.005081	9.8
44	-1.041667	504.869574	0.009982	10.0
45	-0.938404	502.791916	0.007352	11.8
46	-0.942422	500.736903	0.008339	10.0
47	-0.733622	498.704137	0.007329	11.1
48	-0.785628	496.693228	0.011414	9.4
49	-1.038487	494.703798	0.007026	12.5
50	-0.762962	492.735476	0.005575	11.0
51	-0.461201	490.787900	0.005324	9.5
52	-0.364894	488.860718	0.005122	9.7
53	-0.669336	486.953585	0.007954	12.4
54	-0.646549	485.066164	0.007815	9.5
55	-0.959160	483.198126	0.007385	10.9
56	-0.495073	481.349149	0.004802	10.4
57	-0.707292	479.518920	0.006264	13.0
58	-0.069630	477.707132	0.001830	10.8
59	-0.720513	475.913485	0.009602	10.1
60	-0.879380	474.137684	0.006197	11.1
61	-0.416575	472.379445	0.005998	13.3
62	-0.899568	470.638485	0.006515	10.7
63	-0.394377	468.914531	0.005786	10.2
64	-0.920031	467.207315	0.008104	10.4
65	-0.380097	465.516573	0.004787	13.1
66	-0.845527	463.842050	0.005766	11.1
67	-0.780766	462.183494	0.007722	9.9
68	-1.124453	460.540658	0.007716	10.4
69	-0.228312	458.913303	0.003326	13.5
70	-0.256923	457.301192	0.004875	10.0
71	-0.311503	455.704096	0.004183	10.0
72	-0.886079	454.121787	0.006091	10.0
73	-0.408298	452.554045	0.006155	10.6
74	-0.794567	451.000653	0.008887	10.7
75	-0.827904	449.461399	0.007667	9.4
76	-0.833572	447.936075	0.005739	9.9
77	-0.961943	446.424477	0.006972	12.0
78	-0.692912	444.926406	0.005757	9.3
79	-0.826223	443.441666	0.008016	11.4
80	-0.699422	441.970065	0.006585	9.7
81	-0.935781	440.511415	0.005413	12.5
82	-0.901500	439.065533	0.005811	10.7
83	-0.868650	437.632238	0.007000	9.8
84	-1.159976	436.211351	0.008464	9.5
85	-0.369488	434.802701	0.003662	12.3
86	-0.751721	433.406117	0.006130	11.2
87	-0.868694	432.021430	0.005740	9.9
88	-0.440171	430.648479	0.004186	9.7
89	-0.781246	429.287101	0.006506	13.8
90	-0.971918	427.937140	0.008473	9.5
91	-0.751974	426.598440	0.004710	10.5
92	-0.706197	425.270849	0.005742	10.3
93	-0.527554	423.954220	0.005743	12.1
94	-0.027993	422.648404	0.001446	11.0
95	-1.050240	421.353259	0.008146	10.3
96	-0.098738	420.068643	0.004060	9.4
97	-0.236958	418.794419	0.004191	12.8
98	-0.863416	417.530451	0.010397	12.0
99	-0.695391	416.276604	0.006005	10.9
100	-0.486139	415.032748	0.003350	9.8
101	-0.807848	413.798754	0.008860	13.0
102	-1.029032	412.574495	0.011049	9.8
103	-1.018336	411.359849	0.007226	9.5
104	-0.707152	410.154691	0.005261	9.6
105	-0.162177	408.958904	0.002814	12.7
106	-0.881533	407.772368	0.005858	11.1
107	-1.064326	406.594968	0.006803	10.4
108	-0.989679	405.426590	0.008323	10.5
109	-0.602085	404.267122	0.005471	12.5
110	-0.736254	403.116456	0.005660	10.0
111	-0.840122	401.974481	0.007014	10.8
112	-0.859161	400.841093	0.006922	9.6
113	-1.046132	399.716187	0.007068	14.1
114	-0.994929	398.599660	0.006651	10.5
115	-0.939556	397.491411	0.006757	9.9
116	-0.759113	396.391342	0.006884	10.1
117	-0.977202	395.299353	0.007919	12.3
118	-0.357340	394.215350	0.005425	11.3
119	-0.609635	393.139238	0.008736	9.9
120	-1.066209	392.070924	0.007380	9.8
121	-0.666174	391.010316	0.004311	12.8
122	-1.013023	389.957325	0.006709	9.8
123	-0.778608	388.911862	0.005443	10.9
124	-0.081270	387.873839	0.002171	10.7
125	-0.511213	386.843173	0.004453	13.6
126	-0.673807	385.819777	0.005611	9.6
127	-0.351043	384.803569	0.006540	8.6
128	-0.861243	383.794468	0.010768	9.8
129	-1.044521	382.792393	0.006362	11.5
130	-0.611949	381.797264	0.005384	11.4
131	-0.847760	380.809005	0.006957	10.0
132	-0.850661	379.827537	0.006223	9.9
133	-0.585272	378.852786	0.006150	13.0
134	-1.081415	377.884678	0.007174	9.4
135	-0.872080	376.923138	0.006756	10.1
136	-0.986017	375.968095	0.005561	10.3
137	-0.858707	375.019479	0.011124	12.2
138	-0.841866	374.077218	0.008996	10.8
139	-0.637154	373.141244	0.006536	9.9
140	-0.802563	372.211489	0.009013	9.6
141	-0.466933	371.287887	0.004994	13.2
142	-0.398445	370.370370	0.005385	10.8
143	-1.143646	369.458876	0.009777	10.4
144	-0.111146	368.553338	0.003572	9.3
145	-0.866342	367.653696	0.009035	13.5
146	-1.045723	366.759885	0.007324	10.4
147	-0.721587	365.871846	0.005643	10.4
148	-1.011096	364.989518	0.007686	9.6
149	-0.686837	364.112841	0.007379	12.5
150	-0.782719	363.241757	0.007464	10.5
151	-1.021589	362.376208	0.007519	10.6
152	-0.858131	361.516137	0.010519	10.3
153	-1.094579	360.661488	0.006478	13.6
154	-0.405136	359.812206	0.004583	11.1
155	-0.681705	358.968236	0.005998	10.0
156	-0.890227	358.129524	0.004899	9.9
157	-0.317086	357.296018	0.005535	14.2
158	-1.108940	356.467665	0.010255	9.4
159	-1.075188	355.644414	0.007299	10.4
160	-0.545637	354.826213	0.006819	11.1
161	-0.405343	354.013012	0.005383	12.4
162	-1.128234	353.204763	0.009592	10.7
163	-0.112020	352.401415	0.002154	10.1
164	-0.200116	351.602922	0.003177	9.3
165	-0.897870	350.809235	0.005988	13.3
166	-1.036092	350.020308	0.005949	10.8
167	-1.049378	349.236095	0.007873	9.6
168	-0.201444	348.456550	0.007425	8.7
169	-0.363344	347.681627	0.004912	11.8
170	-0.946872	346.911283	0.005647	11.7
171	-0.020894	346.145474	0.001796	9.8
172	-1.014573	345.384157	0.006994	9.9
173	-0.283068	344.627288	0.003464	13.2
174	-1.002320	343.874826	0.009288	10.8
175	-0.297038	343.126729	0.003818	9.9
176	-0.508467	342.382957	0.005393	10.2
177	-1.091062	341.643469	0.009058	12.2
178	-0.930002	340.908224	0.006177	9.9
179	-0.789346	340.177184	0.006383	10.7
180	-0.899167	339.450309	0.006238	9.7
181	-0.926898	338.727561	0.011306	11.8
182	-0.517075	338.008902	0.006407	11.1
183	-0.197854	337.294295	0.004782	10.2
184	-0.966788	336.583703	0.007736	10.5
185	-1.001460	335.877089	0.006422	12.4
186	-0.945209	335.174416	0.009852	11.6
187	-0.848015	334.475651	0.008990	9.8
188	-1.013264	333.780756	0.007025	10.6
189	-1.031401	333.089698	0.007378	13.3
190	-0.205138	332.402443	0.004273	10.8
191	-1.044756	331.718955	0.007112	10.2
192	-0.649607	331.039203	0.005054	10.2
193	-1.042416	330.363153	0.007491	12.2
194	-0.745734	329.690771	0.005342	10.3
195	-0.715855	329.022027	0.007826	10.0
196	-0.886395	328.356888	0.007652	10.1
197	-0.639790	327.695322	0.006267	13.0
198	-1.019421	327.037299	0.007411	10.2
199	-0.867021	326.382787	0.008778	10.4
200	-0.917346	325.731758	0.007356	10.0
201	-0.907846	325.084179	0.006887	13.7
202	-1.116470	324.440023	0.007483	9.4
203	-0.610936	323.799258	0.007411	10.1
204	-0.514047	323.161858	0.005152	11.5
205	-0.984438	322.527792	0.006393	12.9
206	-0.992928	321.897034	0.007482	11.8
207	-0.775116	321.269554	0.005702	10.6
208	-0.948868	320.645325	0.007323	10.4
209	-0.736224	320.024320	0.008439	11.3
210	-0.684752	319.406512	0.007824	11.0
211	-1.172422	318.791875	0.007989	9.9
212	-0.809056	318.180381	0.006450	9.7
213	-0.394068	317.572005	0.003461	13.7
214	-0.387247	316.966721	0.004343	9.6
215	-0.790600	316.364504	0.005558	9.9
216	-0.576116	315.765329	0.008643	9.1
217	-1.185648	315.169170	0.008275	11.9
218	-1.074929	314.576003	0.006543	10.7
219	-0.784251	313.985804	0.008552	9.9
220	-1.076551	313.398548	0.006064	10.2
221	-0.699272	312.814213	0.007653	12.9
222	-0.550092	312.232773	0.006830	8.7
223	-0.599620	311.654207	0.005480	10.9
224	-1.075056	311.078491	0.007511	9.8
225	-0.364752	310.505602	0.004084	11.7
226	-0.270671	309.935518	0.005350	10.6
227	-0.004029	309.368217	0.000508	9.8
228	-0.368020	308.803676	0.004866	9.5
229	-0.228192	308.241874	0.002491	12.6
230	-0.781495	307.682789	0.006233	10.2
231	-0.909747	307.126400	0.006537	10.8
232	-0.645372	306.572687	0.007977	10.3
233	-0.900924	306.021627	0.008946	11.7
234	-0.858457	305.473201	0.008384	10.5
235	-1.116272	304.927388	0.007077	10.4
236	-1.084048	304.384168	0.008356	8.9
237	-0.164942	303.843521	0.005523	12.8
238	-0.985890	303.305427	0.005952	10.8
239	-0.951451	302.769867	0.008314	9.8
240	-1.131838	302.236821	0.006953	10.6
241	-0.799497	301.706270	0.007654	14.0
242	-1.060821	301.178196	0.007520	9.9
243	-1.037846	300.652580	0.005782	9.3
244	-0.004291	300.129402	0.000000	9.9
245	-1.084664	299.608645	0.009107	11.2
246	-1.224574	299.090291	0.008076	10.4
247	-0.789368	298.574321	0.010213	10.5
248	-1.076123	298.060718	0.008840	9.6
249	-1.046780	297.549465	0.007155	12.4
250	-0.840830	297.040543	0.007336	10.5
251	-1.039379	296.533936	0.007095	10.4
252	-0.669063	296.029626	0.004828	9.1
253	-0.965243	295.527597	0.006045	14.3
254	-0.836957	295.027832	0.009010	10.2
255	-0.238445	294.530315	0.003388	9.7
256	-1.033831	294.035028	0.006526	9.2
257	-0.968296	293.541956	0.006782	11.3
258	-0.139389	293.051083	0.006377	9.4
259	-0.967740	292.562393	0.006339	9.9
260	-1.083995	292.075870	0.007447	9.7
261	-0.878334	291.591498	0.008471	11.3
262	-1.031119	291.109263	0.005523	9.6
263	-0.982399	290.629149	0.006641	10.8
264	-1.113372	290.151140	0.007216	9.3
265	-0.119631	289.675222	0.004406	11.1
266	-1.003320	289.201380	0.008201	11.9
267	-1.109466	288.729600	0.006221	9.3
268	-0.741160	288.259866	0.009034	10.1
269	-1.178415	287.792165	0.008153	13.7
270	-0.885537	287.326481	0.006912	9.3
271	-0.516329	286.862802	0.005571	9.9
272	-0.658825	286.401113	0.008276	9.5
273	-1.021609	285.941400	0.006688	13.0
274	-0.308424	285.483649	0.005757	10.8
275	-1.042251	285.027847	0.008153	10.2
276	-0.633100	284.573981	0.006140	9.7
277	-0.795167	284.122037	0.007684	12.7
278	-0.648640	283.672002	0.004568	10.5
279	-0.703524	283.223863	0.006971	10.1
280	-0.975140	282.777607	0.006162	9.4
281	-0.447449	282.333221	0.007482	12.5
282	-0.998559	281.890692	0.007751	10.9
283	-1.093093	281.450008	0.006478	9.3
284	-1.104013	281.011157	0.009117	9.5
285	-0.801628	280.574125	0.008618	14.1
286	-0.954844	280.138901	0.006462	10.8
287	-0.782655	279.705473	0.007606	14.1
288	-1.018950	279.273829	0.007684	16.8
289	-0.402096	278.843956	0.005505	10.8
290	-0.408522	278.415844	0.004224	11.2
291	-0.857939	277.989479	0.009579	9.7
292	-1.059086	277.564851	0.007268	13.6
293	-0.999568	277.141949	0.007228	13.2
294	-0.667942	276.720761	0.006969	9.7
295	-0.000001	276.301275	0.000004	10.4
296	-0.536717	275.883480	0.005449	12.4
297	-1.015653	275.467366	0.010199	11.0
298	-0.230365	275.052922	0.004468	9.9
299	-1.132418	274.640136	0.010059	11.8
300	-0.985720	274.228998	0.007999	10.8
301	-0.254186	273.819497	0.004012	8.3
302	-0.250887	273.411623	0.003879	10.4
303	-0.819756	273.005365	0.006153	10.5
304	-0.926897	272.600712	0.010916	10.0
305	-0.906142	272.197655	0.004858	10.9
306	-1.042152	271.796184	0.009987	10.0
307	-1.242911	271.396287	0.010237	12.6
308	-1.095778	270.997956	0.006380	10.8
309	-1.006401	270.601180	0.006853	10.1
310	-0.783325	270.205949	0.005527	9.3
311	-0.891170	269.812254	0.006749	13.2
312	-0.705561	269.420085	0.005724	10.8
313	-1.004414	269.029432	0.009604	9.9
314	-1.068854	268.640287	0.008585	9.6
315	-1.082424	268.252638	0.006838	12.7
316	-1.061296	267.866478	0.006480	10.7
317	-0.247169	267.481796	0.003232	9.6
318	-0.535280	267.098584	0.007643	9.9
319	-0.318882	266.716833	0.004536	12.3
320	-0.995355	266.336533	0.007911	10.4
321	-0.974370	265.957676	0.006843	10.3
322	-0.988994	265.580253	0.005654	9.5
323	-0.815744	265.204254	0.009132	12.2
324	-1.207857	264.829672	0.009397	9.9
325	-0.426216	264.456497	0.006157	11.0
326	-1.134727	264.084721	0.008211	10.0
327	-0.407005	263.714335	0.004665	11.9
328	-1.003196	263.345332	0.005787	11.5
329	-0.876292	262.977702	0.005266	9.6
330	-0.981681	262.611438	0.010088	10.4
331	-1.240332	262.246531	0.008780	13.3
332	-0.375019	261.882973	0.004604	10.7
333	-0.148886	261.520756	0.003695	9.8
334	-0.728917	261.159871	0.008226	10.1
335	-1.242033	260.800312	0.009929	13.4
336	-0.917396	260.442070	0.009240	9.9
337	-1.265196	260.085137	0.007805	10.1
338	-1.048857	259.729505	0.007306	9.8
339	-1.065016	259.375167	0.008467	12.4
340	-0.639344	259.022116	0.007393	11.1
341	-0.295710	258.670343	0.004484	9.8
342	-0.148888	258.319841	0.003368	10.5
343	-0.774439	257.970602	0.008433	13.0
344	-0.760556	257.622620	0.006357	10.7
345	-0.192963	257.275887	0.003344	9.8
346	-0.949833	256.930396	0.006351	9.9
347	-0.415711	256.586139	0.004629	13.8
348	-0.946373	256.243109	0.005793	9.7
349	-0.830215	255.901300	0.009478	9.8
350	-1.094443	255.560703	0.007084	11.3
351	-0.298971	255.221313	0.003142	12.2
352	-1.106725	254.883122	0.008780	10.6
353	-0.635377	254.546124	0.004510	10.5
354	-1.119637	254.210311	0.006730	9.9
355	-0.751045	253.875677	0.005127	12.4
356	-0.798592	253.542215	0.009032	12.0
357	-0.425608	253.209918	0.005308	10.8
358	-0.799329	252.878781	0.009096	9.8
359	-0.705610	252.548795	0.006508	13.1
360	-1.043669	252.219956	0.006154	10.1
361	-0.801272	251.892255	0.006087	9.9
362	-0.359377	251.565688	0.004160	10.0
363	-0.685573	251.240247	0.005987	12.6
364	-0.742544	250.915926	0.009354	10.8
365	-0.920130	250.592720	0.007968	10.6
366	-0.377517	250.270621	0.005260	9.7
367	-0.774551	249.949624	0.007317	12.8
368	-0.919925	249.629723	0.005857	9.6
369	-0.341535	249.310911	0.004009	10.8
370	-0.767667	248.993182	0.008818	9.4
371	-0.853110	248.676531	0.006345	14.2
372	-1.049339	248.360952	0.008535	9.1
373	-0.783880	248.046438	0.008878	9.7
374	-0.762920	247.732984	0.005760	9.3
375	-0.701423	247.420584	0.006548	11.4
376	-0.543887	247.109233	0.007358	10.9
377	-1.017716	246.798924	0.006841	9.9
378	-0.478478	246.489652	0.006071	9.8
379	-1.113556	246.181412	0.008144	13.8
380	-0.466323	245.874197	0.006777	9.7
381	-1.085751	245.568002	0.010546	10.3
382	-0.092044	245.262822	0.004709	9.9
383	-0.850594	244.958652	0.009706	12.1
384	-0.319186	244.655485	0.008006	10.7
385	-1.042687	244.353317	0.007947	9.9
386	-0.721815	244.052142	0.006270	9.4
387	-0.891129	243.751955	0.008718	13.5
388	-0.691142	243.452750	0.007371	9.9
389	-0.494812	243.154523	0.004560	11.4
390	-1.058194	242.857268	0.007076	9.8
391	-0.607749	242.560980	0.005340	13.8
392	-0.405243	242.265654	0.006392	10.0
393	-1.103826	241.971285	0.007337	10.1
394	-1.106036	241.677868	0.007159	10.5
395	-1.053245	241.385397	0.007569	12.1
396	-1.115501	241.093869	0.007016	10.8
397	-0.597782	240.803278	0.005845	9.9
398	-0.752217	240.513619	0.009362	9.6
399	-1.060144	240.224887	0.011037	12.3
400	-1.043182	239.937077	0.007593	9.6
401	-1.147444	239.650186	0.007546	10.7
402	-1.039400	239.364207	0.006709	10.5
403	-0.123183	239.079136	0.004010	11.3
404	-0.410679	238.794969	0.006642	11.0
405	-0.324231	238.511701	0.004852	10.0
406	-0.568455	238.229327	0.004398	9.8
407	-1.140312	237.947843	0.007937	12.9
408	-0.944070	237.667244	0.006812	11.6
409	-0.827449	237.387526	0.008811	9.3
410	-0.004521	237.108684	0.000199	10.5
411	-1.094158	236.830714	0.007304	13.9
412	-0.428417	236.553610	0.004867	9.7
413	-1.112688	236.277370	0.006874	10.1
414	-0.154801	236.001989	0.002648	8.4
415	-0.847074	235.727461	0.005269	11.8
416	-0.879917	235.453784	0.009016	11.9
417	-1.155495	235.180952	0.007855	9.7
418	-1.076630	234.908962	0.007368	9.2
419	-0.987916	234.637809	0.007204	13.3
420	-0.291427	234.367488	0.004495	9.0
421	-0.879415	234.097997	0.005935	10.0
422	-0.705749	233.829331	0.004363	9.6
423	-0.401681	233.561485	0.005092	12.7
424	-1.033801	233.294456	0.006786	10.5
425	-0.923543	233.028239	0.009392	9.6
426	-0.859044	232.762831	0.007700	9.8
427	-0.846347	232.498228	0.009937	12.5
428	-0.044310	232.234425	0.000978	10.8
429	-0.780026	231.971419	0.007799	10.3
430	-0.671497	231.709205	0.004613	9.8
431	-0.670925	231.447781	0.007842	14.6
432	-0.290588	231.187141	0.004863	10.0
433	-0.000000	230.927283	0.000000	8.8
434	-0.850972	230.668202	0.006064	9.7
435	-0.969139	230.409895	0.007318	11.9
436	-1.018599	230.152358	0.006377	11.5
437	-0.871754	229.895587	0.007558	10.9
438	-0.559298	229.639578	0.005582	10.0
439	-0.761308	229.384329	0.006969	12.0
440	-0.916404	229.129834	0.006863	11.9
441	-0.132936	228.876091	0.002589	10.3
442	-1.132613	228.623096	0.006942	10.3
443	-0.876182	228.370846	0.006642	13.5
444	-0.973272	228.119336	0.010193	10.0
445	-0.755297	227.868563	0.008982	10.3
446	-0.966426	227.618525	0.008984	9.7
447	-0.987397	227.369216	0.006596	12.8
448	-0.813103	227.120635	0.008292	11.1
449	-0.116559	226.872777	0.003962	9.6
450	-0.567031	226.625638	0.005598	10.3
451	-0.378291	226.379217	0.004974	13.0
452	-0.864133	226.133509	0.005410	10.9
453	-0.401063	225.888510	0.004657	9.8
454	-1.150281	225.644218	0.008878	10.1
455	-0.863605	225.400630	0.007044	13.5
456	-0.933379	225.157741	0.009649	9.7
457	-0.888029	224.915549	0.006335	9.4
458	-0.168432	224.674051	0.005403	9.9
459	-1.060974	224.433242	0.007297	11.3
460	-0.814816	224.193121	0.007628	10.5
461	-1.114090	223.953684	0.007865	9.7
462	-0.860238	223.714927	0.006412	10.3
463	-0.545501	223.476848	0.004629	13.7
464	-1.096664	223.239444	0.008022	10.0
465	-1.065840	223.002710	0.006749	9.7
466	-0.945371	222.766645	0.009650	9.7
467	-1.177056	222.531245	0.010932	11.6
468	-1.180030	222.296508	0.010395	10.7
469	-1.034004	222.062429	0.007076	9.6
470	-1.227279	221.829007	0.008789	9.7
471	-0.635107	221.596238	0.007814	12.7
472	-1.178196	221.364119	0.008848	9.3
473	-0.990432	221.132647	0.010654	10.9
474	-1.058354	220.901820	0.007778	10.3
475	-0.320221	220.671634	0.005721	10.7
476	-0.854497	220.442086	0.009811	11.1
477	-0.904704	220.213174	0.006490	9.6
478	-0.714321	219.984895	0.006585	10.1
479	-0.986993	219.757246	0.009354	12.9
480	-0.830316	219.530224	0.009804	11.2
481	-0.587684	219.303826	0.008374	9.6
482	-1.019648	219.078050	0.009669	10.2
483	-0.010770	218.852893	0.000994	12.7
484	-1.084665	218.628352	0.006605	9.8
485	-0.417191	218.404424	0.004832	11.1
486	-0.652486	218.181106	0.005933	10.0
487	-0.525064	217.958397	0.007042	12.6
488	-0.928686	217.736292	0.007118	11.2
489	-1.066468	217.514790	0.006671	10.1
490	-1.138412	217.293888	0.007598	9.8
491	-1.017007	217.073584	0.006261	13.1
492	-0.542238	216.853873	0.007598	11.4
493	-0.484729	216.634755	0.004807	10.2
494	-0.731060	216.416227	0.005401	9.7
495	-0.485416	216.198285	0.005587	13.2
496	-1.010301	215.980927	0.005409	9.5
497	-1.077454	215.764151	0.007860	9.0
498	-0.621196	215.547955	0.005715	10.6
499	-1.180086	215.332335	0.009270	13.0
500	-0.792917	215.117289	0.008495	10.6
501	-1.075197	214.902815	0.007850	10.1
502	-0.408871	214.688911	0.004002	9.6
503	-1.162213	214.475573	0.008173	12.8
504	-0.797772	214.262800	0.008654	9.9
505	-0.615865	214.050588	0.005440	11.3
506	-0.689011	213.838936	0.006999	9.2
507	-1.042125	213.627842	0.006931	14.0
508	-1.030881	213.417302	0.008932	10.5
509	-0.908875	213.207314	0.008883	10.9
510	-1.018809	212.997877	0.007934	10.0
511	-0.710936	212.788987	0.007775	12.6
512	-0.763725	212.580642	0.007506	11.1
513	-0.293672	212.372841	0.003818	10.3
514	-1.053925	212.165581	0.007288	10.9
515	-1.121716	211.958859	0.009433	12.2
516	-0.906775	211.752673	0.010490	8.8
517	-1.123179	211.547021	0.007595	10.8
518	-0.252336	211.341902	0.005370	10.1
519	-0.247532	211.137311	0.004018	11.6
520	-0.725274	210.933248	0.005389	10.6
521	-0.995454	210.729710	0.008247	9.9
522	-0.486919	210.526695	0.005909	9.9
523	-0.802241	210.324200	0.008393	11.8
524	-1.191919	210.122224	0.008732	11.0
525	-1.001890	209.920765	0.007908	9.4
526	-0.930798	209.719820	0.006995	10.8
527	-0.982905	209.519387	0.006449	13.4
528	-0.777299	209.319463	0.006636	10.1
529	-1.202459	209.120048	0.007265	10.2
530	-0.754361	208.921139	0.006649	10.5
531	-0.930087	208.722733	0.006008	12.9
532	-1.127624	208.524829	0.008087	10.5
533	-0.874353	208.327425	0.006674	9.8
534	-0.693246	208.130518	0.005758	9.7
535	-1.031873	207.934107	0.007601	13.1
536	-0.511507	207.738189	0.004852	11.6
537	-0.020203	207.542762	0.000227	10.0
538	-1.142366	207.347825	0.008160	9.7
539	-0.905932	207.153376	0.007851	13.2
540	-0.885237	206.959412	0.009700	10.2
541	-1.194914	206.765932	0.009518	9.9
542	-0.962026	206.572933	0.006935	9.4
543	-0.845207	206.380414	0.007891	11.6
544	-0.063464	206.188373	0.004954	10.2
545	-1.096984	205.996807	0.006718	9.4
546	-0.918687	205.805716	0.010957	10.3
547	-0.687179	205.615096	0.009209	10.3
548	-0.205505	205.424946	0.003343	9.1
549	-0.878646	205.235265	0.009136	10.8
550	-1.004990	205.046050	0.009438	9.5
551	-0.985598	204.857299	0.006302	13.1
552	-1.154968	204.669011	0.010039	10.6
553	-0.544835	204.481184	0.006576	9.5
554	-1.035231	204.293816	0.007764	9.8
555	-1.023774	204.106905	0.010052	12.3
556	-1.203511	203.920449	0.007811	9.9
557	-1.134290	203.734447	0.008497	10.5
558	-0.576167	203.548896	0.005607	10.0
559	-1.051555	203.363795	0.007961	12.3
560	-0.988486	203.179143	0.007280	10.9
561	-0.925409	202.994937	0.007347	10.4
562	-0.928921	202.811176	0.007688	9.6
563	-0.787059	202.627857	0.009193	12.6
564	-0.623363	202.444980	0.004524	11.2
565	-1.045340	202.262543	0.007269	10.7
566	-0.588277	202.080543	0.005707	10.1
567	-1.144688	201.898979	0.006960	13.2
568	-1.052780	201.717849	0.007390	10.4
569	-0.977922	201.537153	0.007583	9.6
570	-0.853420	201.356887	0.009170	10.8
571	-0.640203	201.177050	0.006281	11.8
572	-0.008338	200.997642	0.000308	10.2
573	-1.158738	200.818659	0.007306	10.9
574	-0.822603	200.640100	0.007208	10.8
575	-0.796939	200.461965	0.006722	12.1
576	-0.419893	200.284250	0.007090	11.2
577	-0.834420	200.106955	0.009043	10.3
578	-1.135221	199.930078	0.007376	9.6
579	-0.566656	199.753617	0.004825	13.8
580	-0.497919	199.577571	0.005335	9.7
581	-0.643819	199.401938	0.005608	10.2
582	-0.993799	199.226717	0.007303	9.6
583	-0.954029	199.051905	0.007592	13.3
584	-0.731663	198.877502	0.005856	11.3
585	-0.332541	198.703506	0.004609	9.7
586	-1.130697	198.529916	0.006954	10.0
587	-0.952335	198.356729	0.007709	12.1
588	-0.821494	198.183944	0.008881	11.1
589	-1.072310	198.011560	0.008082	9.7
590	-0.534704	197.839576	0.004411	9.9
591	-0.378003	197.667989	0.004460	13.8
592	-0.202975	197.496798	0.005186	10.0
593	-0.900772	197.326002	0.008465	10.1
594	-0.160645	197.155600	0.002535	9.5
595	-0.951551	196.985589	0.008904	12.6
596	-0.715106	196.815969	0.004803	11.0
597	-1.009649	196.646738	0.008219	10.2
598	-1.207260	196.477894	0.010980	10.2
599	-0.830440	196.309436	0.006759	12.9
600	-0.678882	196.141363	0.005049	11.3
601	-0.818771	195.973673	0.007360	9.9
602	-0.848000	195.806365	0.008438	9.6
603	-0.403609	195.639437	0.003033	12.2
604	-0.954730	195.472888	0.010141	10.6
605	-0.982316	195.306717	0.006583	11.1
606	-0.484025	195.140922	0.006419	10.5
607	-0.262807	194.975501	0.004262	12.1
608	-0.424769	194.810454	0.004282	10.7
609	-1.106683	194.645779	0.006245	9.9
610	-0.731429	194.481475	0.007765	9.5
611	-0.865222	194.317540	0.009766	13.2
612	-1.004209	194.153973	0.006482	10.0
613	-0.490036	193.990773	0.005102	10.7
614	-0.530798	193.827938	0.005812	9.5
615	-0.869093	193.665467	0.005627	12.5
616	-0.425321	193.503358	0.004990	10.6
617	-1.093247	193.341611	0.006481	9.5
618	-0.235942	193.180224	0.004481	9.6
619	-0.584180	193.019196	0.008779	12.2
620	-1.218607	192.858525	0.007356	10.9
621	-1.084498	192.698210	0.009528	9.8
622	-1.160077	192.538251	0.007321	9.9
623	-0.360699	192.378644	0.004619	12.2
624	-0.810750	192.219391	0.008558	9.7
625	-1.145978	192.060488	0.007988	11.3
626	-1.016412	191.901935	0.006785	9.4
627	-0.970387	191.743730	0.006963	12.5
628	-0.469375	191.585873	0.005443	11.0
629	-1.154665	191.428362	0.007591	10.1
630	-0.847119	191.271196	0.008775	10.1
631	-0.453585	191.114374	0.005029	13.1
632	-0.767329	190.957893	0.008605	10.3
633	-1.100284	190.801755	0.008275	10.9
634	-0.582557	190.645956	0.007381	10.1
635	-1.041031	190.490495	0.006366	11.7
636	-0.405962	190.335373	0.004241	10.6
637	-1.109092	190.180587	0.007568	9.9
638	-0.874254	190.026136	0.006742	10.2
639	-0.540291	189.872019	0.005689	12.3
640	-0.291107	189.718235	0.005017	10.7
641	-1.143064	189.564782	0.009214	9.9
642	-0.918152	189.411661	0.005604	10.2
643	-0.992037	189.258868	0.010275	13.7
644	-1.046992	189.106404	0.006356	10.4
645	-1.062170	188.954267	0.006863	10.4
646	-0.817591	188.802456	0.010398	10.3
647	-1.050037	188.650969	0.006347	14.1
648	-1.127404	188.499807	0.007402	10.1
649	-0.486440	188.348967	0.005801	9.6
650	-1.077471	188.198448	0.010405	9.6
651	-0.362837	188.048250	0.003972	11.5
652	-0.270504	187.898371	0.004123	10.8
653	-0.932101	187.748810	0.006406	9.5
654	-1.028056	187.599566	0.009542	9.7
655	-0.974940	187.450638	0.007045	13.0
656	-0.505762	187.302025	0.005383	10.0
657	-0.535642	187.153725	0.005047	9.8
658	-1.171827	187.005739	0.008544	9.5
659	-0.858536	186.858064	0.006479	12.6
660	-0.807428	186.710699	0.007299	10.6
661	-0.674906	186.563645	0.008258	10.1
662	-0.004121	186.416898	0.000380	9.9
663	-0.004398	186.270459	0.000206	12.3
664	-1.076058	186.124326	0.009279	9.3
665	-0.879533	185.978499	0.008580	10.7
666	-0.548148	185.832976	0.005345	9.9
667	-1.106106	185.687756	0.008694	12.0
668	-0.993911	185.542838	0.007846	10.6
669	-0.928106	185.398222	0.007243	9.8
670	-1.008402	185.253906	0.006788	9.5
671	-1.132699	185.109889	0.008414	12.1
672	-1.033925	184.966170	0.008194	11.3
673	-0.437397	184.822748	0.005789	9.7
674	-1.007945	184.679623	0.009032	10.0
675	-0.854815	184.536792	0.008302	14.0
676	-0.978681	184.394256	0.010539	10.7
677	-0.939493	184.252013	0.008560	9.9
678	-0.160777	184.110062	0.004566	10.3
679	-1.052730	183.968403	0.006526	11.8
680	-1.051630	183.827034	0.007076	10.3
681	-0.968426	183.685954	0.007043	10.4
682	-1.030885	183.545163	0.006540	10.1
683	-0.576579	183.404658	0.005126	12.4
684	-0.487914	183.264441	0.004889	11.6
685	-0.900546	183.124509	0.009293	10.4
686	-0.856612	182.984861	0.006115	9.8
687	-0.784008	182.845497	0.008605	14.0
688	-0.491449	182.706416	0.005185	10.0
689	-0.486293	182.567616	0.005102	10.2
690	-0.695214	182.429098	0.006160	10.3
691	-0.564354	182.290859	0.005206	12.9
692	-0.859386	182.152899	0.005821	10.7
693	-0.833573	182.015217	0.007538	9.6
694	-1.036295	181.877813	0.006911	9.6
695	-0.028347	181.740684	0.001630	13.3
696	-0.884657	181.603832	0.007605	10.3
697	-0.384866	181.467253	0.005191	9.9
698	-0.671793	181.330948	0.005274	10.0
699	-1.111206	181.194916	0.009626	13.4
700	-0.797118	181.059155	0.005666	10.2
701	-0.287911	180.923666	0.003987	10.0
702	-1.029190	180.788446	0.007212	9.3
703	-0.899377	180.653496	0.007668	13.0
704	-1.157073	180.518814	0.007952	11.3
705	-0.584487	180.384399	0.005316	10.3
706	-0.357413	180.250251	0.006361	9.1
707	-0.864434	180.116369	0.006698	11.4
708	-0.403257	179.982752	0.005956	9.8
709	-1.029543	179.849398	0.008917	10.2
710	-1.108768	179.716308	0.008952	10.1
711	-0.750370	179.583480	0.007030	13.3
712	-1.122674	179.450913	0.008209	10.8
713	-0.732659	179.318607	0.008994	10.3
714	-0.958885	179.186561	0.007030	9.8
715	-1.203149	179.054774	0.007964	12.0
716	-0.681302	178.923245	0.007167	11.9
717	-1.019584	178.791973	0.005806	10.1
718	-1.056086	178.660958	0.007280	10.2
719	-0.788417	178.530199	0.005936	12.6
720	-1.000864	178.399694	0.008958	10.2
721	-1.087973	178.269444	0.007906	9.8
722	-0.964785	178.139447	0.006873	10.6
723	-0.667286	178.009702	0.007391	12.6
724	-0.887823	177.880209	0.006601	10.8
725	-0.710496	177.750967	0.008804	10.4
726	-0.919542	177.621975	0.008135	10.4
727	-1.062807	177.493232	0.007650	12.3
728	-1.130823	177.364738	0.007458	10.1
729	-1.123532	177.236492	0.008311	10.2
730	-0.799123	177.108492	0.009005	9.3
731	-0.940120	176.980739	0.007398	14.4
732	-1.084973	176.853231	0.006664	9.4
733	-0.905815	176.725968	0.008822	9.8
734	-0.876306	176.598949	0.009207	9.7
735	-0.776881	176.472173	0.005827	11.9
736	-0.711001	176.345639	0.009641	10.5
737	-0.684375	176.219348	0.008708	9.5
738	-1.130900	176.093296	0.008410	9.9
739	-0.873731	175.967486	0.010021	12.1
740	-1.121746	175.841914	0.006951	9.5
741	-1.076759	175.716581	0.006280	10.9
742	-0.437506	175.591486	0.004238	9.7
743	-0.883503	175.466629	0.010526	12.2
744	-1.038235	175.342008	0.006757	11.0
745	-1.059046	175.217622	0.008210	10.8
746	-0.788043	175.093472	0.007761	9.5
747	-1.032706	174.969556	0.006059	12.0
748	-1.160658	174.845873	0.006932	13.1
749	-1.022816	174.722423	0.006701	10.0
750	-1.159292	174.599206	0.006947	10.1
751	-1.164274	174.476220	0.008094	13.2
752	-0.623554	174.353464	0.005619	10.0
753	-1.145554	174.230939	0.007062	10.4
754	-1.081002	174.108643	0.007494	10.8
755	-1.052804	173.986576	0.007748	12.1
756	-1.107044	173.864737	0.006686	10.3
757	-0.404821	173.743124	0.005234	10.3
758	-0.932357	173.621739	0.010794	10.4
759	-0.548231	173.500579	0.005113	12.6
760	-0.772914	173.379645	0.006564	11.8
761	-0.374521	173.258935	0.004881	10.0
762	-0.713341	173.138449	0.008260	10.0
763	-0.572257	173.018186	0.005718	12.9
764	-0.998299	172.898146	0.009196	10.1
765	-0.450153	172.778327	0.005654	10.2
766	-1.088702	172.658730	0.006873	10.0
767	-0.293088	172.539353	0.004500	12.9
768	-0.666495	172.420196	0.004923	10.9
769	-0.034836	172.301258	0.000946	9.7
770	-1.095938	172.182539	0.010083	9.7
771	-0.759383	172.064037	0.005919	12.8
772	-1.046809	171.945753	0.007669	8.7
773	-0.259390	171.827686	0.009925	10.5
774	-0.921316	171.709834	0.007112	9.8
775	-0.084142	171.592198	0.004487	9.5
776	-1.163269	171.474776	0.009364	10.7
777	-0.851655	171.357568	0.006261	9.7
778	-0.792579	171.240574	0.008217	10.3
779	-0.729398	171.123793	0.005993	12.8
780	-1.090406	171.007223	0.011179	11.6
781	-0.971852	170.890865	0.007396	9.8
782	-0.405450	170.774718	0.005532	10.4
783	-1.193660	170.658782	0.008361	13.3
784	-0.932512	170.543055	0.009003	10.1
785	-1.170217	170.427537	0.007722	10.1
786	-0.307583	170.312227	0.005111	10.6
787	-0.883741	170.197125	0.008318	12.4
788	-0.661495	170.082231	0.004649	11.0
789	-1.027795	169.967543	0.007452	10.4
790	-1.157820	169.853061	0.007785	10.4
791	-1.161532	169.738784	0.009253	12.2
792	-1.026390	169.624713	0.007084	10.9
793	-0.886104	169.510845	0.006123	11.1
794	-1.076213	169.397181	0.008538	11.3
795	-0.447672	169.283720	0.004480	15.9
796	-0.906232	169.170462	0.007218	10.2
797	-0.828824	169.057405	0.007173	10.1
798	-1.056373	168.944549	0.006552	12.4
799	-0.080065	168.831895	0.001332	8.3
800	-1.060242	168.719440	0.007953	11.0
801	-0.777328	168.607185	0.007630	10.4
802	-0.483877	168.495129	0.004935	12.5
803	-0.845016	168.383271	0.008608	11.1
804	-0.131120	168.271611	0.001649	9.2
805	-1.060537	168.160148	0.007131	10.0
806	-1.006106	168.048882	0.007212	12.1
807	-0.940502	167.937812	0.006577	11.3
808	-1.056741	167.826938	0.008710	9.6
809	-1.060330	167.716258	0.007499	10.1
810	-0.565904	167.605773	0.004152	13.2
811	-1.154063	167.495482	0.007722	11.7
812	-1.003458	167.385384	0.009503	10.2
813	-0.714623	167.275479	0.006451	10.7
814	-1.169559	167.165766	0.007070	12.3
815	-1.067007	167.056245	0.006807	10.0
816	-0.196206	166.946915	0.005204	9.8
817	-0.287693	166.837776	0.004866	10.1
818	-0.892861	166.728826	0.008274	11.6
819	-0.609943	166.620067	0.006794	11.5
820	-1.117014	166.511496	0.007648	9.5
821	-0.437609	166.403113	0.005243	9.6
822	-0.732139	166.294919	0.006096	13.8
823	-0.564426	166.186912	0.006311	9.8
824	-0.880737	166.079091	0.009787	9.4
825	-0.847838	165.971458	0.005509	9.8
826	-0.856674	165.864009	0.007997	12.7
827	-0.763294	165.756747	0.006579	11.4
828	-1.200636	165.649669	0.008256	11.9
829	-0.334171	165.542775	0.007480	9.2
830	-0.095712	165.436065	0.006269	12.0
831	-0.924145	165.329538	0.009254	10.0
832	-1.101233	165.223194	0.008288	10.2
833	-0.371376	165.117032	0.004133	9.6
834	-1.069015	165.011052	0.012029	12.9
835	-0.883808	164.905253	0.006186	10.8
836	-0.084129	164.799635	0.001095	10.8
837	-0.778993	164.694197	0.007301	9.8
838	-0.867339	164.588939	0.008149	12.3
839	-1.205028	164.483859	0.008624	10.8
840	-0.473801	164.378959	0.004410	9.5
841	-0.944640	164.274237	0.008944	10.3
842	-1.116064	164.169692	0.005934	12.9
843	-1.029328	164.065325	0.007276	9.5
844	-1.061846	163.961135	0.007415	10.4
845	-1.116056	163.857120	0.008902	9.6
846	-1.078978	163.753282	0.007359	11.3
847	-1.037983	163.649619	0.005581	11.0
848	-0.409399	163.546130	0.003909	10.8
849	-0.911671	163.442816	0.008330	10.4
850	-1.109551	163.339676	0.008831	11.6
851	-1.103564	163.236709	0.008752	11.5
852	-0.804443	163.133915	0.009310	10.1
853	-0.374263	163.031294	0.007590	10.1
854	-1.179379	162.928844	0.009097	12.7
855	-1.155826	162.826566	0.010741	10.1
856	-0.049252	162.724459	0.004710	10.9
857	-0.000000	162.622523	0.000000	10.3
858	-1.181569	162.520757	0.008863	12.9
859	-0.676711	162.419160	0.005045	10.7
860	-0.979995	162.317733	0.006626	9.9
861	-1.142701	162.216474	0.007884	9.7
862	-1.163217	162.115383	0.008558	12.3
863	-0.980940	162.014461	0.006670	11.0
864	-0.348265	161.913705	0.005397	9.7
865	-1.202357	161.813117	0.009995	9.5
866	-0.915517	161.712695	0.006811	12.9
867	-1.068517	161.612439	0.007831	10.2
868	-1.191074	161.512349	0.007719	9.5
869	-1.083101	161.412424	0.008545	9.8
870	-0.787177	161.312663	0.006401	11.6
871	-0.639441	161.213067	0.006103	10.9
872	-0.837143	161.113635	0.007798	9.4
873	-1.009317	161.014366	0.008626	10.1
874	-1.053996	160.915260	0.006100	13.3
875	-0.000000	160.816316	0.000000	9.5
876	-0.918003	160.717535	0.006992	10.0
877	-1.175612	160.618915	0.008824	9.5
878	-0.591347	160.520456	0.007661	13.2
879	-1.014377	160.422158	0.008774	11.2
880	-1.028676	160.324021	0.007413	10.0
881	-1.043805	160.226043	0.008240	9.6
882	-0.726463	160.128225	0.008108	12.5
883	-0.208283	160.030566	0.003877	11.1
884	-0.804153	159.933066	0.006129	10.3
885	-0.813418	159.835723	0.006009	9.9
886	-0.277362	159.738539	0.005080	13.5
887	-1.107072	159.641512	0.007102	9.7
888	-1.093404	159.544642	0.007474	10.9
889	-1.173502	159.447929	0.007608	10.5
890	-1.024119	159.351372	0.006210	12.3
891	-0.535250	159.254971	0.004996	11.0
892	-0.261836	159.158725	0.003945	10.1
893	-0.496550	159.062634	0.004982	9.5
894	-1.147805	158.966697	0.007012	12.7
895	-0.583482	158.870915	0.005762	11.4
896	-0.616420	158.775286	0.006368	9.3
897	-1.201021	158.679811	0.009482	10.2
898	-0.234417	158.584489	0.004387	13.9
899	-1.080610	158.489319	0.006548	9.8
900	-1.042641	158.394302	0.007997	9.6
901	-0.860427	158.299436	0.006049	9.8
902	-0.879102	158.204721	0.008208	11.6
903	-1.082454	158.110158	0.006942	10.7
904	-1.111446	158.015745	0.006876	9.9
905	-0.967135	157.921482	0.008249	10.3
906	-0.435999	157.827369	0.005502	12.0
907	-1.183115	157.733406	0.007466	9.7
908	-0.411363	157.639591	0.004933	11.0
909	-1.005112	157.545925	0.010885	9.6
910	-0.859092	157.452408	0.008269	12.4
911	-0.889491	157.359038	0.007525	10.8
912	-0.704142	157.265816	0.010494	9.7
913	-1.132652	157.172741	0.006010	10.1
914	-0.868350	157.079813	0.008922	12.5
915	-0.625628	156.987031	0.005432	10.1
916	-1.003788	156.894395	0.010252	10.1
917	-0.819117	156.801904	0.009271	10.1
918	-0.648986	156.709559	0.007097	12.7
919	-0.170354	156.617359	0.003016	10.3
920	-0.188461	156.525304	0.005168	10.0
921	-1.173226	156.433392	0.007057	9.7
922	-1.134346	156.341624	0.009704	12.1
923	-0.597688	156.250000	0.006633	11.2
924	-1.021332	156.158519	0.006751	9.8
925	-0.730565	156.067180	0.006017	9.7
926	-1.098804	155.975984	0.009345	12.3
927	-0.419199	155.884930	0.006078	9.0
928	-1.183006	155.794017	0.008399	10.9
929	-0.607452	155.703246	0.006808	10.4
930	-1.151421	155.612615	0.007410	12.4
931	-0.907017	155.522125	0.008535	11.0
932	-0.891786	155.431775	0.005539	11.1
933	-0.956142	155.341565	0.009724	9.8
934	-1.205475	155.251495	0.009316	12.8
935	-1.143222	155.161563	0.010409	11.4
936	-0.925014	155.071771	0.005798	9.9
937	-1.002420	154.982117	0.006340	10.1
938	-1.016714	154.892601	0.007930	13.1
939	-1.144170	154.803222	0.007036	9.5
940	-0.857830	154.713981	0.007909	10.0
941	-0.971053	154.624878	0.007417	10.2
942	-1.214160	154.535910	0.008584	13.4
943	-1.143419	154.447080	0.009320	10.9
944	-0.680131	154.358385	0.006030	9.5
945	-1.043336	154.269826	0.008483	10.1
946	-0.921747	154.181402	0.007063	12.2
947	-0.582961	154.093114	0.006210	9.5
948	-0.126689	154.004960	0.004023	10.5
949	-0.898013	153.916940	0.006674	9.8
950	-0.006280	153.829054	0.004541	13.6
951	0.000000	153.741303	0.000000	8.7
952	-0.758132	153.653684	0.005184	10.2
953	-1.195910	153.566198	0.007549	9.3
954	-0.210960	153.478846	0.004712	10.3
955	-0.962008	153.391625	0.007851	10.9
956	-0.801998	153.304537	0.007359	9.5
957	-1.183357	153.217580	0.009036	10.6
958	-0.136705	153.130755	0.002669	13.6
959	-1.102932	153.044061	0.007510	9.5
960	-0.276350	152.957498	0.005507	10.1
961	-1.182309	152.871065	0.007379	10.0
962	-0.300264	152.784762	0.004372	11.6
963	-1.168512	152.698589	0.008967	11.3
964	-1.081714	152.612545	0.006173	10.5
965	-1.080263	152.526631	0.009668	9.3
966	-1.101736	152.440845	0.007021	12.7
967	-0.554165	152.355188	0.005907	10.1
968	-0.982798	152.269660	0.009703	10.4
969	-0.959288	152.184259	0.008904	9.5
970	-0.925043	152.098986	0.007791	12.0
971	-0.449969	152.013840	0.005807	10.6
972	-0.718523	151.928821	0.007363	9.5
973	-0.588930	151.843928	0.007019	10.1
974	-0.971810	151.759163	0.008418	12.0
975	-0.797162	151.674523	0.006168	10.4
976	-0.956306	151.590009	0.008023	10.4
977	-0.960980	151.505620	0.008663	9.3
978	-1.091345	151.421357	0.006047	14.3
979	-1.043487	151.337218	0.007828	10.5
980	-1.116730	151.253204	0.007291	10.4
981	-0.431787	151.169314	0.004432	9.8
982	-0.523212	151.085549	0.004879	12.2
983	-0.753845	151.001907	0.005857	11.3
984	-1.149527	150.918388	0.008109	10.1
985	-0.938529	150.834992	0.008858	10.8
986	-0.411329	150.751719	0.004609	11.7
987	-0.915326	150.668569	0.008251	10.5
988	-0.758861	150.585541	0.008291	10.8
989	-1.194992	150.502634	0.009027	10.4
990	-0.967823	150.419849	0.008593	13.6
991	-0.910480	150.337186	0.006786	9.5
992	-0.836791	150.254644	0.005852	10.1
993	-1.200630	150.172222	0.009418	10.4
994	-1.110960	150.089921	0.010042	13.0
995	-0.902853	150.007740	0.008804	10.8
996	-1.003999	149.925679	0.006064	10.2
997	-1.226385	149.843737	0.008540	9.7
998	-0.905809	149.761915	0.007453	12.9
999	-0.972740	149.680212	0.007075	9.4
1000	-1.141643	149.598627	0.010668	10.1
1001	-0.992238	149.517161	0.006293	10.1
1002	-0.225206	149.435814	0.007260	9.5
1003	-0.990981	149.354584	0.007390	10.2
1004	-0.644367	149.273472	0.004978	9.9
1005	-1.144015	149.192477	0.008716	10.5
1006	-1.170659	149.111599	0.008120	12.4
1007	-1.169654	149.030838	0.007056	10.4
1008	-1.149542	148.950194	0.008221	10.3
1009	-1.209514	148.869666	0.007045	9.4
1010	-1.213659	148.789253	0.008321	12.4
1011	-1.164367	148.708957	0.008722	10.5
1012	-1.163409	148.628776	0.009493	9.8
1013	-1.068258	148.548710	0.006782	11.1
1014	-0.758289	148.468759	0.007966	12.0
1015	-1.125265	148.388923	0.007516	10.7
1016	-0.051586	148.309201	0.000887	9.7
1017	-1.016193	148.229594	0.010037	9.8
1018	-1.185573	148.150100	0.007143	12.4
1019	-0.373810	148.070719	0.006075	9.7
1020	-1.163576	147.991452	0.008235	10.7
1021	-0.586348	147.912298	0.004967	9.9
1022	-0.609448	147.833257	0.006323	12.3
1023	-1.264758	147.754329	0.009728	11.0
1024	-0.307927	147.675512	0.005494	9.9
1025	-0.508765	147.596808	0.006419	9.7
1026	-1.054139	147.518216	0.010825	11.6
1027	-0.972463	147.439735	0.010469	10.0
1028	-1.098471	147.361365	0.008402	10.9
1029	-1.024554	147.283106	0.006199	10.0
1030	-1.089098	147.204958	0.007825	12.4
1031	-0.189446	147.126920	0.004794	9.5
1032	-0.466426	147.048993	0.004492	10.2
1033	-0.614014	146.971175	0.005509	9.7
1034	-1.088095	146.893468	0.005794	11.3
1035	-0.737070	146.815869	0.005857	11.3
1036	-0.752124	146.738380	0.011778	9.7
1037	-0.945300	146.661000	0.005400	9.6
1038	-0.995748	146.583729	0.008791	13.6
1039	-1.130860	146.506566	0.010164	10.2
1040	-0.349644	146.429511	0.004127	10.1
1041	-1.106367	146.352565	0.010667	10.0
1042	-0.964309	146.275726	0.008540	12.4
1043	-1.042101	146.198994	0.009797	11.3
1044	-0.887987	146.122370	0.007501	9.9
1045	-0.226491	146.045853	0.004662	10.8
1046	-1.070447	145.969442	0.006712	12.2
1047	-0.666610	145.893139	0.005920	10.3
1048	-0.575031	145.816941	0.006561	10.7
1049	-1.239230	145.740849	0.009078	10.1
1050	-0.639678	145.664863	0.005478	14.1
1051	-0.495922	145.588983	0.004759	9.8
1052	-0.661557	145.513208	0.007548	9.9
1053	-1.196141	145.437538	0.008155	10.3
1054	-0.364661	145.361973	0.004639	12.5
1055	-0.214968	145.286513	0.004316	10.9
1056	-0.745670	145.211157	0.006315	9.8
1057	-1.057480	145.135905	0.007317	9.9
1058	-0.875857	145.060757	0.009773	12.5
1059	-0.866310	144.985712	0.007182	9.5
1060	-1.114025	144.910771	0.008718	10.5
1061	-0.890798	144.835934	0.008280	9.6
1062	-0.655378	144.761199	0.007374	12.2
1063	-1.261275	144.686567	0.008021	10.8
1064	-1.107762	144.612037	0.010154	9.9
1065	-1.113271	144.537610	0.007566	9.4
1066	-1.073667	144.463285	0.006603	12.6
1067	-1.153261	144.389062	0.007222	11.9
1068	-0.954222	144.314940	0.008126	9.6
1069	-0.998755	144.240920	0.010889	9.6
1070	-1.198610	144.167001	0.009437	13.2
1071	-1.108677	144.093182	0.008329	9.8
1072	-0.644379	144.019465	0.008465	9.6
1073	-1.023196	143.945848	0.007906	10.0
1074	-0.325451	143.872331	0.005433	12.2
1075	-0.659416	143.798914	0.004228	10.2
1076	-1.081176	143.725597	0.006993	10.0
1077	-1.079866	143.652380	0.006726	9.7
1078	-0.045885	143.579262	0.003964	12.9
1079	-1.000028	143.506243	0.010946	10.2
1080	-1.186370	143.433323	0.010238	11.1
1081	-0.757219	143.360502	0.005670	9.9
1082	-1.132502	143.287780	0.009015	12.3
1083	-0.610288	143.215155	0.006679	10.9
1084	-1.188477	143.142629	0.007256	9.5
1085	-1.275667	143.070201	0.008423	9.6
1086	-0.704886	142.997870	0.008567	11.7
1087	-0.318639	142.925637	0.006012	9.4
1088	-0.967753	142.853501	0.005599	11.1
1089	-0.774727	142.781462	0.009044	10.5
1090	-0.475821	142.709519	0.004429	12.4
1091	-0.554402	142.637674	0.005726	10.8
1092	-0.645043	142.565924	0.004565	10.9
1093	-1.154595	142.494271	0.008479	10.3
1094	-0.247105	142.422714	0.003801	11.8
1095	-1.217033	142.351252	0.009671	10.9
1096	-0.430377	142.279886	0.004855	8.7
1097	-0.884097	142.208616	0.006980	9.8
1098	-0.745785	142.137440	0.005148	11.6
1099	-0.954032	142.066360	0.008047	10.3
1100	-0.826500	141.995374	0.007791	10.5
1101	-0.741237	141.924483	0.007937	10.6
1102	-1.121660	141.853685	0.007151	12.4
1103	-1.125010	141.782983	0.006784	10.7
1104	-1.083579	141.712373	0.007425	10.2
1105	-0.378208	141.641858	0.005458	9.8
1106	-0.950592	141.571436	0.011302	12.3
1107	-0.633872	141.501108	0.006393	11.1
1108	-0.652484	141.430872	0.007078	10.5
1109	-0.257731	141.360730	0.005804	9.0
1110	-0.477734	141.290680	0.003879	13.4
1111	-0.862619	141.220722	0.008304	9.4
1112	-1.059832	141.150857	0.007921	10.3
1113	-1.157982	141.081084	0.009069	10.5
1114	-0.867057	141.011403	0.008682	13.1
1115	-0.598078	140.941813	0.005847	10.4
1116	-0.446822	140.872315	0.004288	10.2
1117	-0.868427	140.802909	0.007470	9.9
1118	-0.733976	140.733593	0.007409	14.1
1119	-1.198678	140.664369	0.007073	12.2
1120	-1.215975	140.595235	0.007981	10.8
1121	-0.689734	140.526192	0.004793	10.4
1122	-1.153338	140.457239	0.007192	12.7
1123	-0.315333	140.388376	0.003504	9.4
1124	-0.287613	140.319603	0.003829	10.1
1125	-0.835237	140.250920	0.006995	9.9
1126	-0.754664	140.182326	0.006999	12.4
1127	-0.786987	140.113822	0.006985	10.6
1128	-0.455912	140.045407	0.006966	10.1
1129	-0.910125	139.977081	0.010052	10.2
1130	-0.453695	139.908844	0.006291	12.1
1131	-1.137571	139.840696	0.009905	11.3
1132	-0.323736	139.772635	0.003353	10.0
1133	-0.559661	139.704664	0.007044	10.4
1134	-1.174306	139.636780	0.007487	13.3
1135	-1.137996	139.568984	0.009096	10.1
1136	-0.761337	139.501276	0.007381	9.9
1137	-0.931505	139.433655	0.005780	9.8
1138	-0.784131	139.366122	0.008555	12.9
1139	-0.695241	139.298676	0.006721	10.8
1140	-1.138986	139.231317	0.007951	10.0
1141	-1.067780	139.164045	0.007303	9.4
1142	-0.879012	139.096859	0.008028	11.4
1143	-0.559098	139.029760	0.006834	9.5
1144	-0.952176	138.962747	0.007560	10.4
1145	-1.165853	138.895820	0.007905	9.8
1146	-0.780472	138.828978	0.008428	13.0
1147	-0.357658	138.762223	0.005809	11.3
1148	-0.302015	138.695553	0.004460	9.8
1149	-0.515414	138.628969	0.004191	9.8
1150	-0.853770	138.562469	0.005808	12.2
1151	-1.005409	138.496055	0.006378	10.6
1152	-0.959466	138.429725	0.010847	9.8
1153	-1.062441	138.363481	0.008309	9.2
1154	-1.052930	138.297320	0.006634	12.5
1155	-1.157935	138.231244	0.007796	10.0
1156	-0.964026	138.165252	0.008091	10.6
1157	-1.071093	138.099344	0.007305	10.0
1158	-0.805769	138.033520	0.005963	12.6
1159	-1.007027	137.967779	0.008167	11.2
1160	-1.042610	137.902122	0.006123	9.6
1161	-0.440986	137.836548	0.006291	9.9
1162	-1.190720	137.771057	0.007399	12.4
1163	-1.009943	137.705649	0.010702	9.6
1164	-1.099687	137.640324	0.011780	10.8
1165	-1.193079	137.575081	0.008886	10.0
1166	-0.964029	137.509921	0.007022	11.3
1167	-0.389830	137.444842	0.004324	10.9
1168	-1.149194	137.379846	0.007022	9.8
1169	-0.838012	137.314932	0.005467	17.1
1170	-0.848141	137.250100	0.007872	10.7
1171	-0.923009	137.185349	0.008960	11.3
1172	-0.918246	137.120680	0.008582	9.6
1173	-0.549896	137.056092	0.005164	11.0
1174	-0.808838	136.991585	0.007581	10.8
1175	-0.475696	136.927158	0.007057	9.5
1176	-0.885778	136.862813	0.008110	9.9
1177	-1.190298	136.798548	0.007463	13.4
1178	-1.182435	136.734363	0.010154	10.0
1179	-1.105904	136.670259	0.007097	10.4
1180	-1.026275	136.606235	0.006321	10.8
1181	-1.091787	136.542291	0.007426	13.4
1182	-0.894334	136.478426	0.005739	10.8
1183	-1.139370	136.414641	0.007759	10.0
1184	-1.139156	136.350936	0.009061	10.0
1185	-1.248903	136.287310	0.009970	12.7
1186	-0.961474	136.223763	0.008501	10.4
1187	-0.881651	136.160295	0.010590	10.6
1188	-0.879727	136.096905	0.004983	9.7
1189	-1.136796	136.033594	0.009633	12.2
1190	-0.932742	135.970362	0.006015	10.6
1191	-1.014966	135.907208	0.007030	11.8
1192	-1.158296	135.844133	0.008569	9.7
1193	-1.033822	135.781135	0.006980	13.1
1194	-1.241608	135.718215	0.007824	10.5
1195	-1.135462	135.655373	0.010184	9.7
1196	-0.928964	135.592608	0.006436	9.4
1197	-1.066023	135.529921	0.007220	12.6
1198	-0.070305	135.467311	0.005398	11.2
1199	-1.102853	135.404778	0.006310	10.7
1200	-1.154444	135.342322	0.006700	10.7
1201	-0.676540	135.279942	0.006044	18.0
1202	-0.349492	135.217640	0.004179	12.4
1203	-0.391597	135.155413	0.004844	10.2
1204	-0.931777	135.093263	0.008043	10.2
1205	-0.097525	135.031190	0.004366	12.0
1206	-1.113407	134.969192	0.007010	11.7
1207	-1.196560	134.907270	0.007473	9.6
1208	-0.747047	134.845424	0.006108	10.8
1209	-0.829227	134.783653	0.006416	13.5
1210	-1.188344	134.721958	0.007083	9.5
1211	-0.483730	134.660338	0.005728	10.0
1212	-1.114226	134.598793	0.007738	9.7
1213	-1.026845	134.537323	0.006239	11.5
1214	-1.100356	134.475927	0.008390	11.0
1215	-1.004632	134.414607	0.008783	10.0
1216	-1.155464	134.353361	0.008284	9.4
1217	-0.710073	134.292189	0.007453	12.4
1218	-1.127426	134.231092	0.006859	9.7
1219	-1.095933	134.170068	0.008065	10.5
1220	-1.092150	134.109119	0.007095	9.8
1221	-1.145507	134.048243	0.009497	12.5
1222	-1.032284	133.987441	0.006401	10.9
1223	-1.123366	133.926713	0.006906	9.4
1224	-0.943300	133.866057	0.005970	10.3
1225	-0.285229	133.805475	0.005323	12.2
1226	-0.419605	133.744966	0.008201	9.6
1227	-0.007996	133.684530	0.000292	10.3
1228	-0.807691	133.624167	0.007353	9.6
1229	-0.864814	133.563877	0.005995	12.7
1230	-1.112641	133.503658	0.008184	10.5
1231	-0.469350	133.443513	0.006010	9.6
1232	-1.197199	133.383439	0.009044	9.5
1233	-0.907624	133.323437	0.009470	13.3
1234	-1.095108	133.263508	0.006708	10.8
1235	-0.299406	133.203650	0.004893	10.1
1236	-0.943152	133.143864	0.009213	10.2
1237	-1.311537	133.084149	0.010534	12.2
1238	-0.411945	133.024506	0.004935	10.1
1239	-1.061346	132.964934	0.007183	11.6
1240	-1.216037	132.905433	0.007690	10.0
1241	-1.226549	132.846003	0.007962	13.2
1242	-0.920341	132.786643	0.008168	10.5
1243	-1.106371	132.727355	0.007108	10.4
1244	-0.347142	132.668137	0.005831	9.7
1245	-1.132597	132.608989	0.006676	13.0
1246	-0.897209	132.549912	0.009049	11.1
1247	-0.766087	132.490904	0.004642	9.8
1248	-1.193561	132.431967	0.008750	10.0
1249	-1.102406	132.373100	0.007473	13.1
1250	-1.080393	132.314302	0.006759	10.3
1251	-0.432119	132.255574	0.005046	10.9
1252	-0.266505	132.196916	0.005683	10.0
1253	-1.151289	132.138326	0.008215	13.4
1254	-0.951828	132.079806	0.008664	10.1
1255	-0.538562	132.021355	0.006807	8.8
1256	-0.333933	131.962973	0.003536	9.8
1257	-0.613458	131.904660	0.005046	11.3
1258	-0.662678	131.846415	0.007161	9.4
1259	-1.082234	131.788239	0.006667	10.3
1260	-0.709816	131.730131	0.006753	9.7
1261	-0.685543	131.672092	0.005301	13.6
1262	-1.101139	131.614121	0.010088	10.2
1263	-0.793905	131.556217	0.008426	9.6
1264	-0.716557	131.498382	0.004112	9.9
1265	-0.585179	131.440614	0.008668	12.9
1266	-1.080255	131.382914	0.008834	10.8
1267	-0.360755	131.325282	0.005891	9.5
1268	-0.548094	131.267717	0.005358	10.0
1269	-0.855120	131.210219	0.008571	11.3
1270	-1.052673	131.152788	0.007736	9.6
1271	-1.005313	131.095424	0.006351	10.7
1272	-1.207653	131.038127	0.008982	9.5
1273	-0.219334	130.980897	0.004652	11.4
1274	-0.938145	130.923733	0.006511	10.9
1275	-0.985856	130.866636	0.006677	9.3
1276	-0.633743	130.809605	0.004080	9.9
1277	-0.597773	130.752641	0.006006	12.3
1278	-1.162527	130.695742	0.008066	10.3
1279	-0.165463	130.638910	0.003671	10.8
1280	-1.022107	130.582143	0.011896	9.8
1281	-0.876113	130.525442	0.008394	11.7
1282	-1.149860	130.468807	0.009613	10.7
1283	-1.135681	130.412237	0.007076	9.7
1284	-0.712493	130.355733	0.005609	9.5
1285	-0.246411	130.299294	0.007091	13.0
1286	-0.844196	130.242920	0.007644	11.4
1287	-0.872448	130.186611	0.008526	10.4
1288	-0.172377	130.130366	0.002984	10.0
1289	-1.271845	130.074187	0.009012	13.2
1290	-1.155274	130.018072	0.007696	10.2
1291	-0.894217	129.962022	0.005954	10.2
1292	-0.447975	129.906036	0.006402	9.4
1293	-0.415466	129.850114	0.006165	12.2
1294	-0.850790	129.794257	0.006585	10.8
1295	-0.532062	129.738463	0.005408	11.0
1296	-1.097835	129.682734	0.011014	10.4
1297	-0.404941	129.627068	0.005341	12.1
1298	-1.056907	129.571466	0.006675	11.4
1299	-1.029216	129.515927	0.006327	10.3
1300	-0.782734	129.460452	0.006040	10.0
1301	-0.245403	129.405040	0.004973	12.2
1302	-0.731631	129.349692	0.008346	10.4
1303	-0.924260	129.294406	0.006858	10.4
1304	-0.963157	129.239183	0.009055	10.4
1305	-0.680879	129.184024	0.005756	12.7
1306	-0.242890	129.128927	0.002758	10.5
1307	-1.066689	129.073892	0.010179	9.5
1308	-0.765339	129.018921	0.007259	9.8
1309	-1.119487	128.964011	0.010453	13.3
1310	-0.913574	128.909164	0.010773	9.5
1311	-1.200968	128.854379	0.007944	10.4
1312	-0.197170	128.799656	0.005416	9.0
1313	-0.891848	128.744995	0.006605	12.6
1314	-1.249974	128.690396	0.008200	11.1
1315	-1.126187	128.635858	0.007639	9.9
1316	-0.461634	128.581382	0.007421	8.1
1317	-1.047155	128.526968	0.011393	13.3
1318	-1.111592	128.472615	0.007501	11.2
1319	-0.321486	128.418323	0.003449	9.4
1320	-0.917592	128.364092	0.007884	10.3
1321	-0.846910	128.309922	0.009380	11.9
1322	-0.971361	128.255814	0.007088	9.5
1323	-1.036676	128.201766	0.006485	11.4
1324	-0.215951	128.147778	0.003984	10.2
1325	-1.118574	128.093852	0.005873	12.3
1326	-0.966570	128.039985	0.009955	10.8
1327	-0.677973	127.986180	0.005358	10.7
1328	-0.739767	127.932434	0.008083	9.8
1329	-1.138275	127.878749	0.008125	13.0
1330	-1.145126	127.825123	0.008213	12.3
1331	-0.425915	127.771558	0.008016	9.8
1332	-0.946166	127.718052	0.005912	10.4
1333	-0.581565	127.664606	0.005447	12.6
1334	-1.196833	127.611220	0.008230	10.2
1335	-1.222728	127.557893	0.008270	9.9
1336	-1.218711	127.504625	0.008315	10.0
1337	-0.282093	127.451417	0.004474	12.8
1338	-0.809726	127.398268	0.005450	11.0
1339	-0.840810	127.345178	0.006028	10.3
1340	-0.900405	127.292147	0.007011	10.1
1341	-1.088645	127.239175	0.008555	13.0
1342	-1.020649	127.186261	0.009045	10.8
1343	-0.900863	127.133407	0.007429	10.0
1344	-1.002628	127.080610	0.006452	9.8
1345	-0.896532	127.027872	0.009093	13.3
1346	-0.842532	126.975193	0.006313	9.8
1347	-1.078153	126.922572	0.010523	10.0
1348	-1.146365	126.870008	0.007788	9.2
1349	-1.041636	126.817503	0.007100	11.6
1350	-1.088225	126.765056	0.007215	10.4
1351	-1.227146	126.712667	0.010637	9.3
1352	-0.647622	126.660335	0.006973	9.9
1353	-0.983722	126.608061	0.010179	13.0
1354	-0.871728	126.555844	0.006262	9.9
1355	-0.057870	126.503685	0.003377	10.8
1356	-0.424826	126.451583	0.005585	10.3
1357	-1.104096	126.399538	0.005777	11.9
1358	-0.005527	126.347550	0.001296	10.0
1359	-1.036938	126.295619	0.007819	9.9
1360	-0.887025	126.243745	0.010049	9.4
1361	-0.118403	126.191928	0.005960	12.6
1362	-1.106623	126.140168	0.007055	9.7
1363	-1.074607	126.088464	0.009931	10.5
1364	-1.018140	126.036817	0.010219	10.2
1365	-0.559061	125.985226	0.004455	12.0
1366	-0.767632	125.933691	0.006403	10.4
1367	-0.287684	125.882212	0.003821	9.9
1368	-0.487927	125.830790	0.004861	9.8
1369	-1.077120	125.779423	0.008815	11.9
1370	-0.008813	125.728113	0.001377	11.3
1371	-0.592608	125.676858	0.005578	10.1
1372	-1.201565	125.625659	0.006519	9.6
1373	-0.265659	125.574515	0.007434	11.7
1374	-1.068794	125.523427	0.006484	10.5
1375	-1.121524	125.472394	0.009527	9.7
1376	-0.951647	125.421417	0.007636	9.8
1377	-1.195220	125.370495	0.010279	12.4
1378	-1.180533	125.319628	0.008591	10.2
1379	-0.914565	125.268815	0.006495	9.4
1380	-1.193348	125.218058	0.007946	10.1
1381	-1.225798	125.167356	0.008210	12.9
1382	-1.143636	125.116708	0.007721	9.3
1383	-1.006712	125.066115	0.006557	10.2
1384	-1.248682	125.015576	0.008529	10.6
1385	-1.139399	124.965092	0.007922	12.4
1386	-1.176564	124.914662	0.008594	10.9
1387	-1.206733	124.864287	0.008844	10.2
1388	-1.116286	124.813965	0.009178	9.9
1389	-0.418371	124.763698	0.006163	11.9
1390	-1.289758	124.713485	0.009506	10.7
1391	-1.206023	124.663325	0.008599	10.4
1392	-0.544000	124.613219	0.005016	10.4
1393	-0.575408	124.563167	0.006311	13.8
1394	-1.182376	124.513168	0.007721	9.6
1395	-1.160968	124.463223	0.011862	10.3
1396	-0.746688	124.413332	0.006171	10.6
1397	-0.177613	124.363493	0.004625	11.2
1398	-1.032477	124.313708	0.008545	11.3
1399	-1.118037	124.263976	0.009889	10.3
1400	-1.187986	124.214297	0.009288	9.9
1401	-0.604389	124.164671	0.004893	12.5
1402	-0.884348	124.115097	0.007950	11.8
1403	-1.301351	124.065577	0.008796	9.6
1404	-0.000000	124.016109	0.000000	9.3
1405	-1.217769	123.966693	0.010309	13.9
1406	-1.212710	123.917330	0.008667	10.0
1407	-1.023656	123.868020	0.007735	9.5
1408	-0.340347	123.818762	0.004420	10.0
1409	-1.107282	123.769556	0.007602	12.3
1410	-0.579982	123.720402	0.006075	10.7
1411	-0.804458	123.671300	0.009311	10.0
1412	-0.764549	123.622250	0.007330	10.2
1413	-0.905330	123.573252	0.007436	12.2
1414	-0.008647	123.524305	0.000219	10.8
1415	-0.533489	123.475411	0.007830	10.8
1416	-0.864351	123.426568	0.010192	9.4
1417	-0.988872	123.377776	0.010950	12.4
1418	-0.704626	123.329036	0.005035	11.8
1419	-1.113068	123.280347	0.007396	10.2
1420	-1.261939	123.231709	0.008837	9.9
1421	-0.588079	123.183122	0.006942	12.9
1422	-0.007647	123.134587	0.000615	12.2
1423	-0.108153	123.086102	0.003639	9.8
1424	-0.793626	123.037669	0.005432	10.4
1425	-1.038549	122.989286	0.007569	12.0
1426	-0.988653	122.940954	0.008993	10.0
1427	-0.759091	122.892672	0.005745	10.8
1428	-0.908092	122.844441	0.006404	10.1
1429	-0.514297	122.796261	0.005695	12.6
1430	-1.199770	122.748130	0.009920	10.3
1431	-0.324165	122.700050	0.004223	10.5
1432	-1.102303	122.652021	0.007746	10.4
1433	-0.546145	122.604041	0.006044	13.7
1434	-1.223046	122.556111	0.010530	13.4
1435	-1.090873	122.508232	0.007568	12.0
1436	-1.207114	122.460402	0.008600	10.6
1437	-0.553309	122.412622	0.007878	10.2
1438	-0.819756	122.364891	0.007177	13.2
1439	-0.861318	122.317210	0.007867	10.1
1440	-0.237236	122.269579	0.002775	9.0
1441	-0.550680	122.221997	0.005493	9.9
1442	-0.724800	122.174465	0.006325	12.3
1443	-0.749580	122.126981	0.009106	11.2
1444	-1.093581	122.079547	0.008110	11.3
1445	-0.465250	122.032162	0.008656	10.3
1446	-0.936434	121.984826	0.005988	11.8
1447	-0.648723	121.937539	0.007684	9.7
1448	-0.200481	121.890301	0.002828	11.2
1449	-0.873628	121.843112	0.007519	9.6
1450	-0.693060	121.795971	0.005700	14.2
1451	-1.191444	121.748879	0.007806	9.7
1452	-0.915932	121.701835	0.010030	9.8
1453	-0.471998	121.654840	0.006027	9.4
1454	-0.691304	121.607893	0.006009	12.2
1455	-0.390042	121.560994	0.005705	10.5
1456	-0.672144	121.514144	0.006850	9.2
1457	-1.044562	121.467342	0.006728	10.0
1458	-1.090872	121.420588	0.006259	12.2
1459	-0.681492	121.373882	0.007973	9.4
1460	-1.090033	121.327223	0.008455	10.2
1461	-1.077700	121.280613	0.009600	9.8
1462	-0.672333	121.234050	0.005815	12.5
1463	-1.184383	121.187535	0.007502	11.2
1464	-0.000000	121.141067	0.000000	9.9
1465	-1.134801	121.094647	0.011141	9.5
1466	-1.194660	121.048274	0.012244	12.7
1467	-1.000511	121.001949	0.010331	9.9
1468	-0.941565	120.955671	0.006164	10.4
1469	-1.133361	120.909440	0.006893	10.1
1470	-0.441447	120.863256	0.005088	12.2
1471	-0.075685	120.817119	0.001037	10.4
1472	-0.842600	120.771029	0.007490	10.0
1473	-1.114107	120.724986	0.007853	9.9
1474	-0.925139	120.678990	0.006665	11.9
1475	-1.218711	120.633040	0.008323	10.9
1476	-1.114673	120.587137	0.008836	9.9
1477	-1.073877	120.541281	0.006408	9.4
1478	-1.232645	120.495471	0.008848	14.4
1479	-1.043335	120.449707	0.006286	10.4
1480	-1.016739	120.403990	0.006850	10.0
1481	-1.250300	120.358319	0.008809	10.4
1482	-0.990395	120.312694	0.008411	12.0
1483	-0.715278	120.267115	0.009498	11.3
1484	-1.244817	120.221582	0.008342	10.3
1485	-0.883008	120.176096	0.006790	10.3
1486	-0.848933	120.130655	0.012788	11.9
1487	-0.622886	120.085260	0.005979	10.5
1488	-0.389986	120.039910	0.006146	10.3
1489	-0.675305	119.994606	0.007234	11.0
1490	-1.153142	119.949348	0.011556	13.4
1491	-0.806835	119.904135	0.005570	9.3
1492	-0.856267	119.858968	0.005500	9.7
1493	-0.709174	119.813846	0.007589	9.9
1494	-0.741955	119.768769	0.006794	12.4
1495	-1.253376	119.723738	0.008881	11.0
1496	-1.125043	119.678752	0.007641	10.4
1497	-0.848719	119.633810	0.007954	12.8
1498	-0.255418	119.588914	0.003510	12.6
1499	-1.180829	119.544062	0.007740	10.7
1500	-0.727856	119.499256	0.007652	10.1
1501	-1.227774	119.454494	0.008272	11.2
1502	-0.262516	119.409777	0.005076	11.3
1503	-1.080345	119.365104	0.008608	9.9
1504	-1.147933	119.320476	0.007617	9.7
1505	-1.064187	119.275893	0.007024	13.2
1506	-0.913519	119.231353	0.010785	10.3
1507	-1.040322	119.186859	0.005855	10.1
1508	-0.514706	119.142408	0.007864	10.7
1509	-1.092774	119.098002	0.007844	12.1
1510	-0.558875	119.053639	0.006554	10.4
1511	-0.286550	119.009321	0.004237	10.4
1512	-1.198098	118.965047	0.007602	10.7
1513	-0.211256	118.920816	0.004497	11.7
1514	-1.192954	118.876630	0.010283	10.5
1515	-1.169081	118.832487	0.006809	10.6
1516	-1.197476	118.788388	0.010228	9.8
1517	-0.261624	118.744332	0.003235	14.3
1518	-1.114085	118.700320	0.007511	10.1
1519	-0.406108	118.656352	0.007062	8.2
1520	-0.422701	118.612427	0.004140	9.9
1521	-0.239541	118.568545	0.003897	12.7
1522	-0.495831	118.524706	0.005811	10.4
1523	-0.819249	118.480911	0.006421	10.2
1524	-1.202283	118.437159	0.007665	10.5
1525	-0.662323	118.393450	0.005849	12.1
1526	-0.915295	118.349784	0.008996	9.4
1527	-0.826499	118.306160	0.008111	10.3
1528	-0.564814	118.262580	0.005978	9.7
1529	-0.662003	118.219042	0.005811	12.5
1530	-0.463573	118.175548	0.005959	11.5
1531	-1.055847	118.132095	0.007976	9.7
1532	-0.875452	118.088686	0.006835	9.6
1533	-1.043456	118.045319	0.007523	12.9
1534	-0.709423	118.001994	0.006998	11.5
1535	-0.157021	117.958712	0.002854	9.6
1536	-1.171250	117.915472	0.006884	9.7
1537	-1.089947	117.872274	0.008892	12.8
1538	-0.943093	117.829118	0.010657	9.9
1539	-1.201122	117.786005	0.008043	9.6
1540	-1.161456	117.742933	0.007453	9.9
1541	-0.795745	117.699904	0.006284	11.4
1542	-0.992778	117.656916	0.008941	10.6
1543	-1.120463	117.613971	0.006340	9.8
1544	-1.148075	117.571067	0.007229	9.4
1545	-0.084268	117.528205	0.001826	12.9
1546	-1.147827	117.485384	0.006373	9.8
1547	-0.989766	117.442605	0.009783	10.4
1548	-1.148077	117.399867	0.008000	10.1
1549	-0.915162	117.357171	0.008709	12.2
1550	-0.471465	117.314517	0.004477	10.1
1551	-0.742176	117.271903	0.005505	9.6
1552	-0.629831	117.229331	0.005867	10.9
1553	-0.870151	117.186800	0.006651	12.4
1554	-1.118123	117.144311	0.007795	11.9
1555	-0.669375	117.101862	0.006736	10.9
1556	-0.926028	117.059454	0.010256	10.3
1557	-0.505853	117.017087	0.004288	12.8
1558	-1.003350	116.974762	0.008564	9.6
1559	-0.840203	116.932476	0.008798	10.7
1560	-1.146463	116.890232	0.008042	9.7
1561	-0.362155	116.848028	0.006382	11.9
1562	-1.007775	116.805865	0.007146	11.0
1563	-0.823506	116.763743	0.006702	9.9
1564	-1.061936	116.721661	0.010077	9.7
1565	-0.134671	116.679619	0.003845	13.2
1566	-1.158191	116.637618	0.011363	16.7
1567	-1.102157	116.595657	0.006991	14.7
1568	-1.043047	116.553736	0.008741	17.8
1569	-1.211712	116.511855	0.008236	15.7
1570	-0.959889	116.470015	0.008661	16.4
1571	-1.205587	116.428214	0.008139	16.3
1572	-1.009406	116.386454	0.006966	15.3
1573	-1.222654	116.344733	0.007585	15.8
1574	-0.686885	116.303052	0.006395	10.4
1575	-0.673618	116.261412	0.008243	10.2
1576	-0.918564	116.219810	0.007609	10.3
1577	-0.743819	116.178249	0.005138	12.4
1578	-1.101100	116.136727	0.007273	10.6
1579	-0.813118	116.095245	0.006332	10.1
1580	-1.071940	116.053802	0.006804	10.1
1581	-1.129707	116.012398	0.009121	12.1
1582	-1.249073	115.971034	0.008375	9.9
1583	-0.059962	115.929710	0.002602	8.9
1584	-0.299532	115.888424	0.003369	10.1
1585	-0.851624	115.847178	0.006153	11.6
1586	-0.883817	115.805970	0.009076	10.9
1587	-1.201585	115.764802	0.007840	11.2
1588	-0.952955	115.723673	0.009950	9.8
1589	-0.834442	115.682583	0.006542	11.7
1590	-0.525940	115.641532	0.006628	10.3
1591	-0.036665	115.600519	0.001773	9.8
1592	-0.757834	115.559546	0.004673	10.0
1593	-0.930145	115.518610	0.009125	13.5
1594	-1.275539	115.477714	0.008783	10.0
1595	-1.256858	115.436856	0.008361	10.6
1596	-0.344484	115.396037	0.006827	8.8
1597	-1.041620	115.355256	0.007078	12.9
1598	-1.021562	115.314514	0.010389	11.3
1599	-1.140002	115.273810	0.008397	10.5
1600	-1.124628	115.233144	0.006523	9.3
1601	-1.109769	115.192517	0.008816	12.9
1602	-0.994513	115.151927	0.009356	9.0
1603	-1.219000	115.111376	0.009363	10.1
1604	-0.000000	115.070863	0.000000	10.2
1605	-1.033201	115.030388	0.009192	11.7
1606	-1.123369	114.989951	0.009411	10.2
1607	-1.182365	114.949551	0.006796	10.4
1608	-0.042500	114.909190	0.002565	10.7
1609	-0.822084	114.868866	0.007521	12.3
1610	-1.058593	114.828580	0.009169	11.1
1611	-0.835491	114.788332	0.006400	9.7
1612	-1.040867	114.748121	0.009998	10.2
1613	-1.144776	114.707948	0.007921	13.4
1614	-1.108991	114.667812	0.008358	10.0
1615	-1.029692	114.627714	0.008799	9.5
1616	-1.154351	114.587653	0.006930	10.1
1617	-1.180834	114.547629	0.006734	12.4
1618	-0.970178	114.507643	0.006286	10.6
1619	-0.868891	114.467693	0.007897	9.6
1620	-1.181887	114.427781	0.009560	10.0
1621	-0.873183	114.387907	0.006262	12.6
1622	-1.065693	114.348069	0.007544	9.7
1623	-0.642791	114.308268	0.006797	10.7
1624	-0.932130	114.268504	0.006301	9.8
1625	-0.998551	114.228777	0.006147	12.3
1626	-1.204752	114.189086	0.007147	11.4
1627	-0.948376	114.149433	0.008733	10.2
1628	-0.332934	114.109816	0.005960	11.1
1629	-0.806992	114.070235	0.007420	12.2
1630	-1.152526	114.030692	0.006331	11.0
1631	-1.152621	113.991185	0.007936	9.9
1632	-0.866643	113.951714	0.007892	9.6
1633	-1.144615	113.912280	0.008076	12.5
1634	-0.135941	113.872882	0.002250	9.4
1635	-0.459458	113.833521	0.005594	10.5
1636	-0.813107	113.794195	0.007569	9.7
1637	-1.265807	113.754906	0.008402	11.8
1638	-0.786379	113.715653	0.006354	10.7
1639	-1.078805	113.676437	0.006405	10.1
1640	-1.179640	113.637256	0.007540	9.8
1641	-0.965730	113.598111	0.009127	12.5
1642	-0.975086	113.559002	0.007276	11.4
1643	-0.355200	113.519929	0.005786	10.4
1644	-1.026553	113.480892	0.008870	10.0
1645	-1.125201	113.441891	0.007204	13.2
1646	-0.396983	113.402925	0.003896	9.8
1647	-1.304761	113.363995	0.008450	9.4
1648	-1.119513	113.325101	0.006469	10.7
1649	-1.161318	113.286242	0.008336	12.9
1650	-0.991702	113.247419	0.009543	10.4
1651	-0.193438	113.208631	0.003197	10.2
1652	-0.962035	113.169879	0.005728	9.6
1653	-0.515812	113.131162	0.005244	12.4
1654	-1.135488	113.092480	0.008894	9.8
1655	-0.670681	113.053833	0.007512	10.8
1656	-1.146777	113.015222	0.008418	9.6
1657	-0.000000	112.976646	0.000000	13.4
1658	-1.110702	112.938105	0.009239	10.5
1659	-0.458354	112.899599	0.004280	11.1
1660	-1.261049	112.861128	0.008251	10.1
1661	-1.169823	112.822692	0.007338	12.3
1662	-0.014798	112.784291	0.001213	10.8
1663	-1.096264	112.745924	0.010284	9.7
1664	-0.427589	112.707593	0.004098	10.4
1665	-0.985800	112.669296	0.009384	12.2
1666	-0.943056	112.631034	0.009514	9.4
1667	-0.435590	112.592806	0.006329	10.5
1668	-1.243233	112.554613	0.008597	10.1
1669	-0.182804	112.516455	0.005121	11.7
1670	-0.024644	112.478331	0.001549	10.7
1671	-1.126570	112.440241	0.011304	9.9
1672	-0.695285	112.402186	0.007465	10.2
1673	-0.808059	112.364165	0.007752	12.4
1674	-0.878581	112.326179	0.007265	11.2
1675	-0.964945	112.288227	0.006025	10.3
1676	-0.908554	112.250309	0.008159	9.9
1677	-1.060918	112.212425	0.007800	13.7
1678	-1.229830	112.174575	0.008261	9.5
1679	-1.268757	112.136759	0.010183	10.0
1680	-1.044544	112.098977	0.006229	10.3
1681	-1.269335	112.061229	0.008744	12.9
1682	-0.608690	112.023515	0.005159	10.1
1683	-0.924367	111.985834	0.009589	10.0
1684	-0.939005	111.948188	0.008608	9.7
1685	-1.027043	111.910575	0.005503	13.0
1686	-0.758286	111.872996	0.007528	10.9
1687	-0.993478	111.835450	0.006114	10.4
1688	-0.914977	111.797939	0.009072	11.8
1689	-1.080797	111.760460	0.005906	12.7
1690	-0.853029	111.723015	0.009161	10.7
1691	-1.017240	111.685604	0.008142	9.1
1692	-0.858557	111.648226	0.007029	9.9
1693	-0.226495	111.610881	0.005148	12.6
1694	-1.132525	111.573570	0.007922	10.3
1695	-1.194033	111.536292	0.008594	10.1
1696	-0.388878	111.499047	0.005064	10.0
1697	-0.750331	111.461835	0.005656	11.2
1698	-0.332674	111.424656	0.006015	9.9
1699	-1.103770	111.387510	0.007148	11.9
1700	-1.074552	111.350398	0.009637	8.8
1701	-0.959687	111.313318	0.009442	12.2
1702	-1.210909	111.276271	0.010084	11.1
1703	-1.179489	111.239257	0.008268	9.8
1704	-0.477779	111.202276	0.005070	10.0
1705	-1.143032	111.165328	0.007069	12.2
1706	-0.776930	111.128412	0.008760	10.7
1707	-0.663742	111.091529	0.005786	9.9
1708	-0.467606	111.054679	0.005260	9.8
1709	-1.017180	111.017861	0.009126	11.5
1710	-1.069636	110.981076	0.010576	9.6
1711	-0.183627	110.944323	0.003168	11.0
1712	-0.895159	110.907603	0.008171	11.0
1713	-1.139798	110.870915	0.007978	12.7
1714	-1.166955	110.834259	0.007420	10.7
1715	-0.981967	110.797636	0.006737	10.2
1716	-1.228684	110.761045	0.007604	10.2
1717	-0.757384	110.724486	0.009252	11.5
1718	-0.943227	110.687959	0.008909	10.7
1719	-1.175300	110.651465	0.007835	10.4
1720	-0.073969	110.615002	0.002347	9.6
1721	-1.043836	110.578572	0.007488	14.0
1722	-0.338112	110.542173	0.009594	10.0
1723	-0.233369	110.505807	0.004661	9.9
1724	-1.127650	110.469472	0.007191	9.4
1725	-0.718356	110.433169	0.007201	12.1
1726	-1.249570	110.396898	0.010168	10.7
1727	-0.817354	110.360659	0.007952	10.1
1728	-0.774670	110.324451	0.004979	9.7
1729	-1.134913	110.288276	0.006877	12.1
1730	-0.988413	110.252131	0.010126	9.9
1731	-1.021141	110.216019	0.005967	11.1
1732	-1.096524	110.179937	0.006915	9.5
1733	-0.757590	110.143888	0.009216	13.3
1734	-1.143829	110.107869	0.008793	12.9
1735	-0.521042	110.071882	0.004523	11.1
1736	-0.931597	110.035927	0.010029	9.8
1737	-0.996823	110.000003	0.007489	12.2
1738	-0.807541	109.964110	0.006260	12.0
1739	-1.228345	109.928248	0.010942	10.3
1740	-0.943310	109.892417	0.008055	12.2
1741	-0.977819	109.856618	0.005835	11.0
1742	-1.112351	109.820850	0.008231	9.8
1743	-1.064629	109.785112	0.008530	9.4
1744	-1.176848	109.749406	0.007665	12.6
1745	-1.194469	109.713730	0.007488	11.1
1746	-0.747637	109.678086	0.006303	9.5
1747	-0.722029	109.642472	0.007137	10.2
1748	-0.780553	109.606890	0.006674	13.6
1749	-1.239473	109.571337	0.008919	9.9
1750	-0.958364	109.535816	0.005502	10.8
1751	-0.944801	109.500326	0.006530	10.1
1752	-0.888558	109.464866	0.008293	12.2
1753	-1.119466	109.429436	0.007768	10.7
1754	-0.267344	109.394038	0.004567	10.5
1755	-1.101056	109.358669	0.006821	10.3
1756	-1.148294	109.323331	0.006916	12.5
1757	-1.195919	109.288024	0.007569	11.2
1758	-1.129539	109.252747	0.006994	10.1
1759	-1.156172	109.217501	0.012208	10.0
1760	-0.977794	109.182284	0.008860	13.4
1761	-1.164616	109.147098	0.007916	10.0
1762	-0.834576	109.111942	0.009331	10.0
1763	-0.576271	109.076817	0.006586	10.1
1764	-0.194713	109.041721	0.006540	12.8
1765	-1.118627	109.006656	0.009494	9.9
1766	-1.282213	108.971620	0.009011	10.3
1767	-0.028154	108.936615	0.002270	10.3
1768	-1.154253	108.901640	0.008310	13.1
1769	-1.008615	108.866694	0.008965	10.1
1770	-1.276332	108.831779	0.010116	10.6
1771	-0.799132	108.796893	0.006816	9.8
1772	-0.684121	108.762037	0.005910	13.5
1773	-0.326488	108.727211	0.005054	9.8
1774	-1.092631	108.692415	0.007465	10.2
1775	-1.073780	108.657648	0.007242	9.3
1776	-1.136570	108.622911	0.010899	13.0
1777	-1.000039	108.588203	0.007135	10.7
1778	-0.477145	108.553525	0.005804	10.5
1779	-0.187624	108.518877	0.002874	9.9
1780	-0.339464	108.484258	0.004345	12.7
1781	-1.125544	108.449668	0.007618	12.1
1782	-0.947387	108.415108	0.009457	9.8
1783	-1.231294	108.380578	0.009117	10.1
1784	-1.115119	108.346076	0.010029	13.6
1785	-0.062775	108.311604	0.004270	9.9
1786	-0.758124	108.277161	0.006682	9.8
1787	-1.173298	108.242747	0.007553	10.3
1788	-1.173260	108.208363	0.010025	13.6
1789	-1.086439	108.174007	0.006746	10.4
1790	-0.706834	108.139681	0.006873	9.8
1791	-0.912640	108.105383	0.010585	9.8
1792	-0.843618	108.071115	0.008217	13.1
1793	-1.202142	108.036875	0.007778	12.1
1794	-1.234095	108.002665	0.010792	9.8
1795	-1.031014	107.968483	0.006371	9.6
1796	-0.298434	107.934330	0.003936	13.5
1797	-0.421161	107.900206	0.004626	9.8
1798	-0.704336	107.866111	0.008150	9.8
1799	-1.080399	107.832044	0.006343	9.3
1800	-1.114621	107.798007	0.006702	12.3
1801	-0.033320	107.763997	0.000939	10.5
1802	-0.189922	107.730017	0.005192	9.5
1803	-0.993873	107.696065	0.006909	10.0
1804	-0.288165	107.662141	0.005369	12.5
1805	-1.119241	107.628246	0.010264	10.1
1806	-1.054826	107.594379	0.007582	10.9
1807	-1.074925	107.560541	0.006554	9.8
1808	-1.052695	107.526731	0.007588	12.1
1809	-0.350164	107.492949	0.006110	11.4
1810	-1.123823	107.459196	0.007023	9.7
1811	-0.073469	107.425471	0.004857	10.8
1812	-0.697969	107.391774	0.006150	11.9
1813	-1.078524	107.358106	0.008778	10.9
1814	-0.813228	107.324465	0.008457	10.0
1815	-0.610165	107.290853	0.006138	10.7
1816	-1.008156	107.257268	0.008348	13.3
1817	-1.177959	107.223712	0.007941	9.9
1818	-1.092069	107.190184	0.007004	9.8
1819	-1.193518	107.156683	0.009539	10.2
1820	-0.764960	107.123211	0.007728	12.2
1821	-1.274260	107.089766	0.009008	10.7
1822	-0.879072	107.056349	0.005943	10.3
1823	-0.918424	107.022960	0.005759	10.3
1824	-0.998789	106.989599	0.006197	11.7
1825	-0.460687	106.956265	0.004759	8.6
1826	-0.978693	106.922960	0.007425	10.9
1827	-1.269995	106.889681	0.011775	9.8
1828	-0.287818	106.856431	0.004663	12.7
1829	-0.584132	106.823208	0.004593	12.0
1830	-1.041929	106.790012	0.010798	9.4
1831	-0.953425	106.756844	0.009438	9.7
1832	-1.139854	106.723703	0.009306	12.7
1833	-0.981805	106.690590	0.008328	10.3
1834	-0.715674	106.657505	0.005683	9.3
1835	-0.430928	106.624446	0.005465	9.8
1836	-0.908932	106.591415	0.006270	12.7
1837	-0.902300	106.558411	0.008076	9.7
1838	-0.886972	106.525435	0.009214	10.6
1839	-0.938090	106.492485	0.007723	9.7
1840	-1.096474	106.459563	0.008975	13.3
1841	-0.954884	106.426668	0.009526	11.3
1842	-1.136920	106.393800	0.009794	9.5
1843	-1.102600	106.360959	0.006729	9.9
1844	-1.189311	106.328145	0.010479	12.1
1845	-1.142114	106.295358	0.007619	11.1
1846	-0.940094	106.262598	0.005384	9.9
1847	-1.175902	106.229865	0.007787	10.2
1848	-0.149925	106.197158	0.003309	13.9
1849	-0.485906	106.164479	0.004755	9.5
1850	-0.877250	106.131826	0.006720	10.5
1851	-0.802643	106.099201	0.006620	10.6
1852	-1.040822	106.066602	0.010570	12.3
1853	-1.069875	106.034029	0.008398	10.9
1854	-0.957481	106.001483	0.009378	10.1
1855	-1.144992	105.968964	0.008346	10.3
1856	-1.326683	105.936472	0.008585	12.8
1857	-0.973164	105.904006	0.011569	11.8
1858	-1.118147	105.871566	0.007285	9.5
1859	-0.429834	105.839153	0.004600	11.2
1860	-1.129237	105.806767	0.007478	12.7
1861	-1.234828	105.774407	0.007437	9.6
1862	-0.790221	105.742073	0.009258	10.1
1863	-0.534476	105.709766	0.005455	9.9
1864	-0.281099	105.677485	0.005033	10.0
1865	-0.575815	105.645230	0.005131	10.3
1866	-0.364061	105.613001	0.004205	8.6
1867	-0.621468	105.580799	0.005564	9.7
1868	-0.158117	105.548623	0.005395	13.4
1869	-0.812681	105.516473	0.011822	10.4
1870	-0.505578	105.484349	0.006895	10.0
1871	-1.279676	105.452251	0.009364	10.3
1872	-1.048027	105.420179	0.007079	13.2
1873	-1.151440	105.388133	0.006889	10.8
1874	-1.102207	105.356113	0.010830	9.4
1875	-0.244293	105.324119	0.003433	10.6
1876	-0.479926	105.292151	0.003760	12.3
1877	-0.738470	105.260209	0.005567	11.0
1878	-0.311893	105.228293	0.004069	10.2
1879	-1.015744	105.196402	0.009369	10.1
1880	-1.126828	105.164537	0.007444	13.7
1881	-0.393485	105.132698	0.004554	11.8
1882	-1.130174	105.100885	0.007620	10.2
1883	-0.978847	105.069097	0.005893	10.2
1884	-0.881491	105.037335	0.005423	12.1
1885	-1.054603	105.005598	0.008675	10.5
1886	-0.711304	104.973887	0.006494	10.0
1887	-1.209990	104.942202	0.007640	9.8
1888	-0.999946	104.910542	0.006873	11.8
1889	-0.950673	104.878907	0.008506	11.1
1890	-0.303928	104.847298	0.004039	9.7
1891	-1.255129	104.815715	0.009701	10.2
1892	-0.593085	104.784156	0.008881	13.3
1893	-1.212548	104.752623	0.015466	10.3
1894	-0.640479	104.721116	0.008772	9.6
1895	-0.905198	104.689633	0.008551	10.6
1896	-0.991429	104.658176	0.007641	12.5
1897	-0.780195	104.626744	0.007862	10.1
1898	-0.695435	104.595337	0.006065	9.9
1899	-0.978463	104.563955	0.008126	10.7
1900	-1.246240	104.532599	0.008694	12.7
1901	-1.191729	104.501267	0.008751	11.1
1902	-1.133658	104.469960	0.006947	10.1
1903	-1.111538	104.438679	0.007965	10.3
1904	-0.662939	104.407422	0.006127	13.1
1905	-1.013600	104.376191	0.007951	10.3
1906	-1.086488	104.344984	0.006939	9.8
1907	-1.248678	104.313802	0.008025	9.5
1908	-0.850118	104.282645	0.007163	11.5
1909	-0.753261	104.251513	0.005933	10.4
1910	-0.983699	104.220405	0.007548	9.4
1911	-0.061400	104.189323	0.001483	10.0
1912	-0.628195	104.158265	0.005672	12.1
1913	-0.057175	104.127231	0.004136	8.9
1914	-0.191516	104.096222	0.003646	11.0
1915	-0.450235	104.065238	0.004026	9.8
1916	-0.876887	104.034279	0.008055	12.6
1917	-1.010343	104.003344	0.006048	10.9
1918	-0.399523	103.972433	0.005028	10.0
1919	-0.734541	103.941547	0.005108	9.7
1920	-1.232169	103.910686	0.007966	12.4
1921	-0.410058	103.879849	0.004144	10.0
1922	-0.947268	103.849036	0.007713	10.4
1923	-0.778738	103.818248	0.007830	10.4
1924	-1.099795	103.787484	0.007491	13.6
1925	-0.718025	103.756744	0.008378	9.7
1926	-1.140459	103.726029	0.007947	10.3
1927	-0.806591	103.695338	0.008209	10.4
1928	-1.034064	103.664671	0.007645	12.2
1929	-0.826363	103.634028	0.006600	10.9
1930	-0.863182	103.603409	0.007324	10.4
1931	-1.156867	103.572814	0.007137	10.6
1932	-0.754604	103.542244	0.005740	12.2
1933	-0.259511	103.511698	0.005600	12.0
1934	-0.604374	103.481175	0.005138	9.6
1935	-0.346823	103.450677	0.005928	9.9
1936	-1.086022	103.420202	0.007464	13.5
1937	-1.265978	103.389752	0.008013	10.1
1938	-0.919282	103.359325	0.009690	9.8
1939	-0.146943	103.328922	0.003072	9.9
1940	-0.970044	103.298543	0.007490	12.5
1941	-1.219402	103.268188	0.007122	10.9
1942	-0.914483	103.237857	0.008936	9.5
1943	-0.797284	103.207549	0.006846	9.9
1944	-0.420667	103.177265	0.005597	12.6
1945	-1.066914	103.147005	0.007394	9.4
1946	-0.861076	103.116768	0.007154	10.3
1947	-0.669955	103.086556	0.006995	9.6
1948	-0.940294	103.056366	0.011059	11.9
1949	-0.466253	103.026200	0.005640	10.8
1950	-0.792685	102.996058	0.011680	10.5
1951	-1.019381	102.965939	0.006213	9.8
1952	-0.377698	102.935844	0.005428	12.6
1953	-0.524908	102.905772	0.007393	11.0
1954	-0.714776	102.875724	0.005358	10.0
1955	-0.822371	102.845699	0.008859	8.8
1956	-0.677433	102.815697	0.007284	13.5
1957	-0.851821	102.785719	0.008289	10.0
1958	-0.902340	102.755764	0.009020	10.1
1959	-1.165090	102.725832	0.008968	10.1
1960	-0.936364	102.695924	0.008220	12.5
1961	-0.443598	102.666038	0.003668	11.4
1962	-1.112720	102.636176	0.007739	10.4
1963	-1.050554	102.606337	0.009348	10.3
1964	-1.033640	102.576521	0.006795	11.7
1965	-0.240295	102.546728	0.003649	11.9
1966	-1.077701	102.516959	0.007229	10.2
1967	-1.222453	102.487212	0.011247	10.1
1968	-0.078109	102.457488	0.004765	13.4
1969	-1.126900	102.427788	0.007380	9.6
1970	-0.948225	102.398110	0.007105	12.4
1971	-0.075503	102.368455	0.001766	9.8
1972	-1.151793	102.338823	0.009063	12.8
1973	-0.936493	102.309214	0.010355	12.2
1974	-0.938208	102.279628	0.008336	10.7
1975	-0.975534	102.250064	0.005772	10.0
1976	-0.599581	102.220524	0.006648	12.1
1977	-1.219225	102.191006	0.008981	11.5
1978	-1.255700	102.161511	0.008552	9.5
1979	-0.375079	102.132038	0.004194	10.4
1980	-0.408608	102.102588	0.007000	12.5
1981	-1.011147	102.073161	0.010148	9.9
1982	-1.022531	102.043757	0.006738	11.4
1983	-1.064017	102.014375	0.006875	9.8
1984	-0.553792	101.985015	0.006635	12.4
1985	-0.413893	101.955678	0.005420	11.0
1986	-1.049240	101.926364	0.009365	9.6
1987	-0.834504	101.897072	0.005798	10.6
1988	-0.712816	101.867802	0.004300	13.1
1989	-0.070521	101.838555	0.005213	11.2
1990	-0.342343	101.809330	0.003014	9.4
1991	-0.904408	101.780128	0.004932	10.0
1992	-0.642755	101.750948	0.007022	12.5
1993	-1.242022	101.721790	0.009095	9.4
1994	-0.606449	101.692654	0.006211	10.7
1995	-1.238962	101.663541	0.009790	9.8
1996	-0.834340	101.634450	0.010802	12.1
1997	-0.770610	101.605381	0.006121	10.6
1998	-0.359232	101.576335	0.004621	10.2
1999	-0.356673	101.547310	0.006328	8.2
