1:ItNr	2:Metric	3:StepSize	4:||Gradient||	Time[ms]
0	-1.038116	627.201626	0.008980	479.6
1	-1.054408	623.504937	0.010386	7.7
2	-0.803338	619.865785	0.010149	7.7
3	-1.269513	616.282728	0.008959	7.5
4	-0.205667	612.754375	0.002864	9.9
5	-1.190865	609.279381	0.011204	7.8
6	-0.956446	605.856447	0.011728	7.5
7	-0.015084	602.484317	0.000161	7.6
8	-0.556992	599.161779	0.004461	7.5
9	-0.805296	595.887656	0.012920	10.1
10	-0.660253	592.660813	0.006519	8.8
11	-0.792644	589.480151	0.010920	8.2
12	-0.707739	586.344606	0.014297	7.4
13	-0.815547	583.253145	0.007884	10.2
14	-1.039575	580.204771	0.010789	15.1
15	-1.083390	577.198517	0.010364	13.8
16	-1.070237	574.233444	0.010232	14.3
17	-1.281470	571.308645	0.012082	13.2
18	-1.152154	568.423237	0.010723	13.5
19	-0.777335	565.576365	0.009554	12.3
20	-0.009154	562.767201	0.000034	14.0
21	-0.315632	559.994938	0.006132	15.2
22	-0.650161	557.258797	0.014577	14.6
23	-1.061422	554.558018	0.014352	14.6
24	-1.167365	551.891865	0.012936	16.4
25	-0.946935	549.259621	0.014122	16.0
26	-1.263225	546.660592	0.008971	13.6
27	-1.000960	544.094102	0.012457	13.7
28	-0.807814	541.559494	0.009316	13.3
29	-1.141193	539.056129	0.007348	8.1
30	-1.031570	536.583387	0.007174	8.2
31	-0.315988	534.140663	0.004697	8.1
32	-0.160703	531.727370	0.003553	8.3
33	-0.750968	529.342935	0.009463	12.3
34	-1.192538	526.986802	0.011665	7.7
35	-1.097795	524.658430	0.017980	7.6
36	-0.439646	522.357290	0.006268	7.3
37	-0.282820	520.082868	0.002284	6.9
38	-1.110142	517.834665	0.011679	11.4
39	-0.912375	515.612193	0.010426	9.1
40	-0.794017	513.414976	0.012750	9.2
41	-0.659961	511.242551	0.006132	7.7
42	-1.251038	509.094468	0.014324	9.0
43	-1.155554	506.970285	0.015599	9.9
44	-0.694794	504.869574	0.009459	7.7
45	-0.664711	502.791916	0.009619	7.6
46	-0.478236	500.736903	0.004859	7.6
47	-1.140294	498.704137	0.011812	9.4
48	-1.218836	496.693228	0.015385	7.8
49	-0.451988	494.703798	0.005015	7.6
50	-0.643284	492.735476	0.007083	7.5
51	-0.039628	490.787900	0.000390	7.6
52	-0.829800	488.860718	0.010775	10.2
53	-1.171353	486.953585	0.012021	7.9
54	-1.086727	485.066164	0.008521	7.5
55	-0.974649	483.198126	0.015608	7.7
56	-1.141312	481.349149	0.010543	8.6
57	-0.674894	479.518920	0.008309	11.5
58	-0.951313	477.707132	0.012381	7.5
59	-0.952578	475.913485	0.017379	9.0
60	-0.687593	474.137684	0.008657	7.4
61	-1.032143	472.379445	0.012538	7.9
62	-0.020590	470.638485	0.000100	10.4
63	-0.080504	468.914531	0.001754	8.4
64	-0.644447	467.207315	0.008312	7.5
65	-1.162424	465.516573	0.007772	7.7
66	-0.417823	463.842050	0.003725	8.4
67	-0.582434	462.183494	0.012982	12.6
68	-0.814127	460.540658	0.012815	8.2
69	-0.693541	458.913303	0.008312	7.8
70	-0.154644	457.301192	0.003110	7.6
71	-1.150760	455.704096	0.017298	7.8
72	-0.489512	454.121787	0.006695	10.7
73	-1.218401	452.554045	0.011638	8.9
74	-0.962729	451.000653	0.010211	10.2
75	-1.229082	449.461399	0.013919	7.5
76	-0.166372	447.936075	0.003540	8.8
77	-0.634518	446.424477	0.010431	9.4
78	-0.425835	444.926406	0.002995	9.4
79	-1.000287	443.441666	0.009195	9.1
80	-1.228407	441.970065	0.011016	7.7
81	-1.119411	440.511415	0.012154	9.9
82	-1.171538	439.065533	0.010543	8.5
83	-0.749415	437.632238	0.010849	7.6
84	-0.901909	436.211351	0.010126	7.5
85	-1.018716	434.802701	0.009833	8.1
86	-0.275958	433.406117	0.005090	9.9
87	-1.228991	432.021430	0.014926	7.7
88	-0.903031	430.648479	0.013060	7.5
89	-0.748965	429.287101	0.010316	7.5
90	-0.962320	427.937140	0.011500	8.3
91	-0.473014	426.598440	0.006304	11.3
92	-1.118446	425.270849	0.010769	7.6
93	-0.235021	423.954220	0.003356	7.1
94	-1.074145	422.648404	0.012229	8.4
95	-0.214784	421.353259	0.004286	7.9
96	-0.618356	420.068643	0.012789	11.0
97	-0.190562	418.794419	0.001964	7.0
98	-1.149831	417.530451	0.008739	8.0
99	-0.829934	416.276604	0.009681	8.3
100	-0.736582	415.032748	0.010123	8.4
101	-1.205849	413.798754	0.010994	10.5
102	-0.847428	412.574495	0.010056	8.4
103	-1.017923	411.359849	0.009721	7.3
104	-1.177757	410.154691	0.009828	8.6
105	-0.660787	408.958904	0.011299	7.7
106	-0.641252	407.772368	0.008283	10.2
107	-0.715644	406.594968	0.010244	7.9
108	-0.342047	405.426590	0.005484	7.6
109	-0.864952	404.267122	0.008161	10.0
110	-1.147782	403.116456	0.008559	7.6
111	-1.194804	401.974481	0.010328	9.9
112	-0.634890	400.841093	0.004867	8.0
113	-1.132530	399.716187	0.007945	7.7
114	-1.287860	398.599660	0.012937	7.8
115	-1.106678	397.491411	0.007411	7.6
116	-0.637275	396.391342	0.006525	10.8
117	-0.646858	395.299353	0.006842	7.7
118	-1.179582	394.215350	0.008948	7.5
119	-1.051490	393.139238	0.007885	7.4
120	-1.280268	392.070924	0.010721	7.5
121	-1.206516	391.010316	0.007587	10.1
122	-0.246696	389.957325	0.001544	7.7
123	-1.168595	388.911862	0.006885	8.5
124	-0.718468	387.873839	0.011077	8.2
125	-0.707389	386.843173	0.012025	8.9
126	-1.014313	385.819777	0.021005	13.8
127	-1.118907	384.803569	0.004860	7.7
128	-1.002536	383.794468	0.006792	7.8
129	-1.007442	382.792393	0.007879	7.5
130	-0.518358	381.797264	0.008369	11.0
131	-1.172551	380.809005	0.011124	7.8
132	-1.095323	379.827537	0.006900	8.9
133	-0.379796	378.852786	0.003565	8.4
134	-1.125231	377.884678	0.010816	7.3
135	-0.629424	376.923138	0.013407	10.4
136	-1.107959	375.968095	0.009821	7.8
137	-0.690615	375.019479	0.010938	7.9
138	-1.063521	374.077218	0.010083	7.7
139	-1.144706	373.141244	0.015288	8.3
140	-0.687254	372.211489	0.008233	10.4
141	-0.889791	371.287887	0.011668	7.5
142	-1.109235	370.370370	0.010783	7.4
143	-0.918410	369.458876	0.007216	9.0
144	-0.977405	368.553338	0.006087	8.5
145	-1.180208	367.653696	0.008718	10.2
146	-1.068603	366.759885	0.007962	7.5
147	-0.833671	365.871846	0.004656	6.7
148	-0.769987	364.989518	0.003964	7.6
149	-0.774544	364.112841	0.008817	7.5
150	-0.932057	363.241757	0.005740	8.9
151	-0.667985	362.376208	0.003816	6.6
152	-1.134258	361.516137	0.009754	7.6
153	-0.674378	360.661488	0.011334	7.5
154	-0.589584	359.812206	0.010460	7.5
155	-0.754295	358.968236	0.005021	9.2
156	-1.249446	358.129524	0.008264	7.7
157	-1.167250	357.296018	0.006490	8.3
158	-0.419023	356.467665	0.005521	7.5
159	-0.683146	355.644414	0.010411	7.9
160	-1.028618	354.826213	0.009588	10.6
161	-0.785203	354.013012	0.009522	7.5
162	-0.033490	353.204763	0.002546	7.3
163	-0.093617	352.401415	0.002446	7.7
164	-0.628503	351.602922	0.005374	8.5
165	-1.143117	350.809235	0.012456	10.4
166	-0.434727	350.020308	0.006049	7.7
167	-1.205093	349.236095	0.006362	7.5
168	-1.155638	348.456550	0.009881	7.7
169	-0.488561	347.681627	0.004525	7.7
170	-0.991318	346.911283	0.005632	10.5
171	-0.833517	346.145474	0.008458	7.4
172	-0.843677	345.384157	0.007138	7.7
173	-0.670632	344.627288	0.006375	7.4
174	-1.345365	343.874826	0.009680	6.7
175	-1.194518	343.126729	0.014523	9.2
176	-0.909390	342.382957	0.014798	7.7
177	-0.784657	341.643469	0.005725	7.5
178	-0.743088	340.908224	0.003780	6.5
179	-0.768494	340.177184	0.009657	7.8
180	-1.166519	339.450309	0.009097	10.5
181	-0.709145	338.727561	0.004882	7.6
182	-1.128535	338.008902	0.013405	8.3
183	-1.018919	337.294295	0.008820	7.5
184	-1.044971	336.583703	0.010833	7.8
185	-0.706445	335.877089	0.006475	10.4
186	-0.796962	335.174416	0.008383	7.7
187	-1.258380	334.475651	0.009911	7.6
188	-1.199495	333.780756	0.011379	7.6
189	-0.335612	333.089698	0.007683	7.6
190	-0.021452	332.402443	0.001821	9.6
191	-0.784355	331.718955	0.009661	7.5
192	-0.931879	331.039203	0.011878	7.8
193	-0.470810	330.363153	0.007712	7.5
194	-0.895555	329.690771	0.005019	7.4
195	-1.045485	329.022027	0.007550	9.9
196	-1.187737	328.356888	0.010993	7.5
197	-0.930045	327.695322	0.007949	7.5
198	-1.139387	327.037299	0.010713	7.6
199	-0.076128	326.382787	0.001641	8.8
200	-0.775122	325.731758	0.006909	10.2
201	-0.009024	325.084179	0.001313	7.5
202	-0.922856	324.440023	0.007797	7.9
203	-1.175104	323.799258	0.006619	7.6
204	-0.427008	323.161858	0.005856	7.7
205	-0.048541	322.527792	0.001340	9.6
206	-0.911458	321.897034	0.009857	8.5
207	-1.203222	321.269554	0.012809	7.4
208	-1.352513	320.645325	0.009741	7.5
209	-1.008714	320.024320	0.004441	7.7
210	-0.332664	319.406512	0.006599	10.2
211	-0.799265	318.791875	0.006466	7.5
212	-1.239091	318.180381	0.007518	7.6
213	-0.555710	317.572005	0.004379	8.4
214	-1.160064	316.966721	0.010751	7.5
215	-0.267400	316.364504	0.006946	10.0
216	-0.499811	315.765329	0.002816	8.0
217	-0.382306	315.169170	0.003524	8.5
218	-1.245377	314.576003	0.007412	7.6
219	-1.268817	313.985804	0.008509	7.9
220	-1.233998	313.398548	0.009669	10.4
221	-0.261628	312.814213	0.003711	7.7
222	-1.310202	312.232773	0.013140	7.7
223	-0.322988	311.654207	0.004377	7.5
224	-1.224836	311.078491	0.008817	8.6
225	-0.127868	310.505602	0.002175	9.4
226	-0.545651	309.935518	0.004672	7.8
227	-0.835708	309.368217	0.011225	7.7
228	-0.930558	308.803676	0.008389	7.5
229	-0.628005	308.241874	0.009017	7.6
230	-0.824642	307.682789	0.010704	10.1
231	-0.699375	307.126400	0.009316	7.4
232	-0.855668	306.572687	0.007419	7.5
233	-1.025759	306.021627	0.007844	7.8
234	-1.213463	305.473201	0.007166	7.6
235	-1.016864	304.927388	0.009862	11.2
236	-0.615650	304.384168	0.008741	8.4
237	-0.450875	303.843521	0.007376	7.0
238	-1.071080	303.305427	0.010512	7.7
239	-1.231163	302.769867	0.015154	7.5
240	-0.954653	302.236821	0.012129	10.2
241	-0.804554	301.706270	0.004409	8.4
242	-1.325134	301.178196	0.010119	7.5
243	-0.521282	300.652580	0.003869	6.7
244	-1.197026	300.129402	0.009033	7.5
245	-1.292682	299.608645	0.007010	10.3
246	-0.272203	299.090291	0.006466	8.0
247	-1.210910	298.574321	0.008552	7.5
248	-1.158932	298.060718	0.009706	7.4
249	-0.582848	297.549465	0.006765	7.6
250	-0.914998	297.040543	0.009021	9.9
251	-0.771339	296.533936	0.007664	8.2
252	-0.047358	296.029626	0.003644	7.8
253	-1.234011	295.527597	0.006973	8.7
254	-0.998791	295.027832	0.008018	7.7
255	-0.386320	294.530315	0.006543	10.3
256	-1.142455	294.035028	0.006680	7.9
257	-1.237738	293.541956	0.007731	7.6
258	-0.945420	293.051083	0.005244	7.5
259	-0.661339	292.562393	0.009196	7.4
260	-0.648401	292.075870	0.008308	10.1
261	-1.197004	291.591498	0.007727	7.5
262	-1.178689	291.109263	0.011698	7.5
263	-1.102181	290.629149	0.009671	8.5
264	-1.047563	290.151140	0.007131	9.0
265	-0.826751	289.675222	0.010077	10.8
266	-1.045065	289.201380	0.017219	9.6
267	-0.041609	288.729600	0.001411	7.9
268	-0.612136	288.259866	0.004294	8.9
269	-1.293487	287.792165	0.009563	7.7
270	-1.121315	287.326481	0.008985	12.0
271	-0.459680	286.862802	0.008891	7.7
272	-1.063983	286.401113	0.004581	8.2
273	-1.241822	285.941400	0.007533	8.0
274	-0.839247	285.483649	0.005873	9.9
275	-0.713412	285.027847	0.007119	8.8
276	-0.982110	284.573981	0.015591	7.5
277	-0.844822	284.122037	0.007350	7.7
278	-1.172202	283.672002	0.008534	8.3
279	-0.987520	283.223863	0.009528	10.4
280	-1.266143	282.777607	0.010570	7.7
281	-0.252441	282.333221	0.005161	7.5
282	-1.071434	281.890692	0.013328	7.5
283	-0.828922	281.450008	0.010079	7.6
284	-0.826072	281.011157	0.011297	10.3
285	-1.156773	280.574125	0.009127	8.3
286	-1.231968	280.138901	0.009651	8.4
287	-1.188222	279.705473	0.007250	10.3
288	-0.913296	279.273829	0.009634	8.9
289	-0.284128	278.843956	0.005708	9.4
290	-0.960942	278.415844	0.011087	8.1
291	-1.029949	277.989479	0.008103	7.6
292	-0.596966	277.564851	0.007469	7.7
293	-0.354665	277.141949	0.005301	9.6
294	-1.006474	276.720761	0.006788	7.5
295	-0.445133	276.301275	0.005727	7.8
296	-1.277221	275.883480	0.008799	7.6
297	-1.044482	275.467366	0.003714	7.5
298	-0.514174	275.052922	0.005536	9.9
299	-0.611559	274.640136	0.008257	7.7
300	-1.261735	274.228998	0.008753	7.5
301	-0.797060	273.819497	0.006498	8.8
302	-0.138428	273.411623	0.003461	7.2
303	-1.160893	273.005365	0.008284	10.7
304	-0.073088	272.600712	0.002003	10.2
305	-1.208352	272.197655	0.014638	8.5
306	-0.610996	271.796184	0.005536	7.8
307	-0.296397	271.396287	0.004724	7.9
308	-0.220343	270.997956	0.006012	10.1
309	-0.732471	270.601180	0.007734	7.6
310	-0.969045	270.205949	0.008176	7.6
311	-0.586009	269.812254	0.006085	7.6
312	-0.796921	269.420085	0.006237	9.2
313	-1.245908	269.029432	0.011625	7.8
314	-0.351548	268.640287	0.006825	7.5
315	-0.901860	268.252638	0.003982	7.4
316	-0.648264	267.866478	0.005457	7.6
317	-0.596656	267.481796	0.006790	10.1
318	-0.070570	267.098584	0.001659	7.6
319	-0.194463	266.716833	0.002907	11.2
320	-0.695584	266.336533	0.012209	8.2
321	-0.389963	265.957676	0.005587	9.4
322	-0.251353	265.580253	0.002175	10.6
323	-1.024174	265.204254	0.009774	7.5
324	-0.759592	264.829672	0.009678	8.7
325	-1.173739	264.456497	0.005808	7.7
326	-1.212137	264.084721	0.011084	9.9
327	-0.634318	263.714335	0.006613	7.5
328	-0.959032	263.345332	0.013311	7.6
329	-0.306186	262.977702	0.005123	7.5
330	-0.787770	262.611438	0.011371	7.6
331	-0.831475	262.246531	0.011244	10.0
332	-0.694772	261.882973	0.008362	7.7
333	-1.231011	261.520756	0.014069	7.5
334	-1.324954	261.159871	0.011244	9.8
335	-1.215711	260.800312	0.010874	10.1
336	-1.229252	260.442070	0.009009	9.7
337	-1.250099	260.085137	0.007921	7.7
338	-1.156670	259.729505	0.010335	8.1
339	-0.187359	259.375167	0.002908	10.2
340	-0.447875	259.022116	0.005054	9.9
341	-1.180150	258.670343	0.009401	8.5
342	-0.351242	258.319841	0.003465	7.5
343	-1.126229	257.970602	0.011700	7.7
344	-1.158885	257.622620	0.006917	7.6
345	-0.766090	257.275887	0.009163	9.8
346	-1.103487	256.930396	0.008001	7.5
347	-0.559659	256.586139	0.006612	7.9
348	-0.693873	256.243109	0.007770	7.7
349	-1.125921	255.901300	0.015095	7.7
350	-0.830502	255.560703	0.008101	10.0
351	-0.251977	255.221313	0.004302	7.7
352	-0.748722	254.883122	0.008213	7.7
353	-0.852458	254.546124	0.008480	8.3
354	-0.773123	254.210311	0.004458	7.9
355	-0.715179	253.875677	0.008135	10.6
356	-0.476984	253.542215	0.006997	7.6
357	-0.336937	253.209918	0.003682	9.8
358	-0.774210	252.878781	0.007641	9.4
359	-1.200148	252.548795	0.009551	8.7
360	-0.244488	252.219956	0.003877	9.9
361	-1.142388	251.892255	0.011331	7.6
362	-1.062433	251.565688	0.012388	7.5
363	-0.430468	251.240247	0.005002	8.1
364	-0.258387	250.915926	0.001749	9.2
365	-0.417052	250.592720	0.004904	7.5
366	-0.878970	250.270621	0.008782	7.6
367	-1.310409	249.949624	0.013100	7.8
368	-1.011658	249.629723	0.009450	7.6
369	-0.698532	249.310911	0.002699	10.0
370	-0.322575	248.993182	0.007997	7.5
371	-1.100045	248.676531	0.006880	7.5
372	-0.995391	248.360952	0.013082	7.5
373	-1.128013	248.046438	0.007345	7.7
374	-0.880460	247.732984	0.003127	11.3
375	-1.365116	247.420584	0.007323	8.0
376	-0.678665	247.109233	0.008590	7.7
377	-0.630748	246.798924	0.005396	7.5
378	-0.779208	246.489652	0.004808	7.7
379	-0.091955	246.181412	0.002041	10.3
380	-1.036110	245.874197	0.006983	8.8
381	-1.059150	245.568002	0.012919	7.5
382	-0.302136	245.262822	0.004037	7.5
383	-1.031706	244.958652	0.011223	8.4
384	-1.115611	244.655485	0.007539	10.5
385	-1.033446	244.353317	0.010716	7.6
386	-0.862121	244.052142	0.004244	7.7
387	-0.609810	243.751955	0.006207	7.0
388	-0.875025	243.452750	0.009438	7.7
389	-0.820303	243.154523	0.007034	11.4
390	-1.172560	242.857268	0.007549	8.0
391	-1.336589	242.560980	0.005949	8.4
392	-1.053914	242.265654	0.005796	10.0
393	-0.181147	241.971285	0.003496	10.4
394	-1.188621	241.677868	0.007322	11.3
395	-0.852595	241.385397	0.007986	9.3
396	-1.043637	241.093869	0.009126	7.7
397	-1.286202	240.803278	0.006597	7.8
398	-1.180591	240.513619	0.006513	11.0
399	-0.852766	240.224887	0.007140	7.8
400	-0.238352	239.937077	0.005624	7.8
401	-0.701792	239.650186	0.004391	7.1
402	-0.414560	239.364207	0.003782	9.8
403	-1.087542	239.079136	0.007892	7.9
404	-1.155361	238.794969	0.011060	9.7
405	-0.121417	238.511701	0.001391	8.3
406	-1.119700	238.229327	0.006790	7.9
407	-1.262967	237.947843	0.007282	11.3
408	-1.220109	237.667244	0.007746	11.4
409	-0.284519	237.387526	0.006526	8.3
410	-0.303382	237.108684	0.002760	7.8
411	-0.971609	236.830714	0.006449	10.2
412	-0.959692	236.553610	0.006137	7.7
413	-0.597342	236.277370	0.004062	7.6
414	-0.705071	236.001989	0.010353	7.8
415	-1.012536	235.727461	0.013546	9.1
416	-1.195675	235.453784	0.012839	7.7
417	-0.671668	235.180952	0.008448	8.8
418	-1.254204	234.908962	0.007365	7.8
419	-0.947984	234.637809	0.009871	8.5
420	-1.275629	234.367488	0.012386	10.3
421	-0.862148	234.097997	0.004585	7.8
422	-1.191480	233.829331	0.009095	8.2
423	-0.710468	233.561485	0.006364	7.5
424	-0.414632	233.294456	0.004794	8.9
425	-0.369775	233.028239	0.005038	10.5
426	-0.707779	232.762831	0.007809	9.2
427	-1.283025	232.498228	0.006705	8.5
428	-1.315646	232.234425	0.012609	7.6
429	-0.970160	231.971419	0.006897	8.0
430	-0.994432	231.709205	0.008983	10.4
431	-0.716950	231.447781	0.012667	7.9
432	-1.124788	231.187141	0.008994	8.3
433	-0.882833	230.927283	0.006338	7.6
434	-0.929515	230.668202	0.005216	9.0
435	-0.483029	230.409895	0.005295	6.9
436	-0.166330	230.152358	0.002234	8.4
437	-0.267602	229.895587	0.004128	8.5
438	-0.486489	229.639578	0.004485	7.6
439	-0.577323	229.384329	0.006114	10.1
440	-0.999000	229.129834	0.006948	7.6
441	-0.898700	228.876091	0.010775	8.5
442	-1.255979	228.623096	0.007682	7.6
443	-1.064084	228.370846	0.005895	10.2
444	-0.761913	228.119336	0.005320	10.2
445	-1.024307	227.868563	0.009132	8.4
446	-0.673138	227.618525	0.007876	8.6
447	-1.041897	227.369216	0.007120	7.5
448	-1.028250	227.120635	0.009680	10.3
449	-1.161937	226.872777	0.010836	8.9
450	-1.102741	226.625638	0.006311	8.4
451	-0.740418	226.379217	0.005398	7.6
452	-0.805095	226.133509	0.009938	7.7
453	-0.887470	225.888510	0.004852	9.7
454	-1.174442	225.644218	0.005389	7.9
455	-1.092359	225.400630	0.008356	8.2
456	-0.870885	225.157741	0.009234	7.5
457	-1.011436	224.915549	0.010040	7.6
458	-0.629097	224.674051	0.009163	10.3
459	-0.006024	224.433242	0.000656	7.5
460	-1.280914	224.193121	0.009705	8.4
461	-0.320561	223.953684	0.004579	8.6
462	-0.851490	223.714927	0.009882	8.5
463	-0.094116	223.476848	0.001594	9.1
464	-0.543708	223.239444	0.003400	8.2
465	-0.506168	223.002710	0.006842	7.2
466	-1.428365	222.766645	0.016792	7.9
467	-1.451361	222.531245	0.011389	7.5
468	-0.368759	222.296508	0.007779	10.8
469	-0.901501	222.062429	0.005824	8.3
470	-0.630101	221.829007	0.007951	7.8
471	-0.494815	221.596238	0.005715	7.5
472	-0.909971	221.364119	0.007729	8.0
473	-1.161247	221.132647	0.005007	10.9
474	-1.265395	220.901820	0.008555	7.6
475	-1.072152	220.671634	0.012063	8.4
476	-1.073538	220.442086	0.007187	8.3
477	-1.246760	220.213174	0.008278	8.3
478	-0.121183	219.984895	0.002452	11.1
479	-1.206894	219.757246	0.007212	8.9
480	-1.244100	219.530224	0.010560	8.1
481	-0.876795	219.303826	0.005661	7.6
482	-1.221745	219.078050	0.013977	7.6
483	-0.660199	218.852893	0.005247	10.3
484	-1.204156	218.628352	0.008050	7.5
485	-1.101447	218.404424	0.006209	7.7
486	-0.429795	218.181106	0.006910	6.6
487	-0.807098	217.958397	0.008360	7.8
488	-0.990334	217.736292	0.006558	8.9
489	-0.779135	217.514790	0.012034	7.8
490	-0.304968	217.293888	0.003302	7.8
491	-0.552206	217.073584	0.004977	7.5
492	-0.301862	216.853873	0.003144	7.5
493	-0.786538	216.634755	0.008341	9.9
494	-1.240967	216.416227	0.012221	8.8
495	-1.086279	216.198285	0.010607	7.7
496	-0.511578	215.980927	0.004548	9.3
497	-0.746808	215.764151	0.007010	7.6
498	-1.121807	215.547955	0.011327	10.3
499	-1.283438	215.332335	0.011009	7.6
500	-0.882911	215.117289	0.006018	7.8
501	-0.964429	214.902815	0.003337	8.4
502	-0.815935	214.688911	0.010156	7.6
503	-1.305341	214.475573	0.011985	9.8
504	-0.853904	214.262800	0.008700	8.6
505	-1.161971	214.050588	0.011509	7.5
506	-1.032273	213.838936	0.006502	7.6
507	-1.308145	213.627842	0.006197	8.4
508	-0.670218	213.417302	0.006336	10.1
509	-0.051622	213.207314	0.002840	9.5
510	-0.615300	212.997877	0.004642	8.1
511	-1.055822	212.788987	0.008743	7.8
512	-0.662363	212.580642	0.003631	7.4
513	-0.002468	212.372841	0.000062	10.3
514	-0.831547	212.165581	0.008244	7.7
515	-0.148483	211.958859	0.003301	8.5
516	-0.825127	211.752673	0.008332	7.5
517	-1.266107	211.547021	0.012312	7.9
518	-0.727819	211.341902	0.012177	10.5
519	-1.148545	211.137311	0.005975	8.1
520	-1.071767	210.933248	0.003778	7.8
521	-0.470913	210.729710	0.008999	8.0
522	-1.137797	210.526695	0.005876	7.7
523	-1.251713	210.324200	0.007244	11.1
524	-0.886197	210.122224	0.007158	7.6
525	-0.549902	209.920765	0.005009	7.6
526	-0.841653	209.719820	0.004467	7.6
527	-0.101116	209.519387	0.001926	7.7
528	-0.680409	209.319463	0.008246	10.0
529	-1.298335	209.120048	0.010970	8.3
530	-0.959118	208.921139	0.006433	7.6
531	-0.502106	208.722733	0.005458	7.9
532	-1.167262	208.524829	0.016863	8.7
533	-1.203974	208.327425	0.007390	10.9
534	-0.010850	208.130518	0.000334	6.3
535	-1.183256	207.934107	0.009684	7.8
536	-0.352710	207.738189	0.007116	7.4
537	-0.798053	207.542762	0.005452	7.2
538	-1.287427	207.347825	0.007790	9.0
539	-0.324008	207.153376	0.007417	8.5
540	-0.173649	206.959412	0.002858	7.5
541	-1.156928	206.765932	0.013938	7.5
542	-0.444361	206.572933	0.007147	7.6
543	-1.254327	206.380414	0.005465	10.2
544	-0.838167	206.188373	0.008838	8.1
545	-0.705739	205.996807	0.007174	7.8
546	-1.007851	205.805716	0.008901	7.0
547	-1.208901	205.615096	0.006994	7.6
548	-1.296234	205.424946	0.008379	10.3
549	-1.061476	205.235265	0.007545	8.2
550	-1.091693	205.046050	0.007357	8.0
551	-1.211756	204.857299	0.007994	8.7
552	-0.621841	204.669011	0.008361	7.5
553	-0.835333	204.481184	0.007313	10.2
554	-0.463443	204.293816	0.004706	7.5
555	-0.805953	204.106905	0.013840	7.9
556	-0.993590	203.920449	0.008800	8.5
557	-0.788351	203.734447	0.008340	7.6
558	-1.049966	203.548896	0.008437	10.3
559	-1.081742	203.363795	0.010335	7.7
560	-1.051691	203.179143	0.008842	7.6
561	-1.201666	202.994937	0.008571	7.6
562	-1.094203	202.811176	0.009364	7.5
563	-0.157129	202.627857	0.002113	10.3
564	-0.634646	202.444980	0.005361	7.7
565	-1.251284	202.262543	0.008196	7.9
566	-0.176352	202.080543	0.004599	8.2
567	-1.245116	201.898979	0.008947	9.6
568	-0.784547	201.717849	0.004977	10.4
569	-1.170413	201.537153	0.009946	7.6
570	-0.638251	201.356887	0.007847	7.9
571	-0.558601	201.177050	0.008358	7.6
572	-0.903280	200.997642	0.004148	7.6
573	-1.366511	200.818659	0.008969	10.3
574	-0.686552	200.640100	0.012860	7.6
575	-0.011258	200.461965	0.000190	7.6
576	-0.638680	200.284250	0.008715	7.6
577	-0.674696	200.106955	0.006930	8.6
578	-0.858971	199.930078	0.009554	10.7
579	-0.675043	199.753617	0.006948	8.5
580	-0.779822	199.577571	0.010496	7.8
581	-0.820685	199.401938	0.009233	8.3
582	-0.854276	199.226717	0.007411	10.4
583	-1.269947	199.051905	0.010993	12.7
584	-1.252740	198.877502	0.006767	9.4
585	-1.106083	198.703506	0.007022	8.5
586	-0.933926	198.529916	0.007316	7.5
587	-0.199717	198.356729	0.003500	10.5
588	-1.024109	198.183944	0.008217	10.0
589	-0.347963	198.011560	0.005414	8.3
590	-0.262802	197.839576	0.005112	8.7
591	-0.376817	197.667989	0.004872	9.5
592	-1.119054	197.496798	0.006588	7.5
593	-0.160213	197.326002	0.003659	7.8
594	-0.961013	197.155600	0.004500	7.8
595	-0.807120	196.985589	0.007599	7.6
596	-0.990569	196.815969	0.006895	10.1
597	-0.858467	196.646738	0.012996	7.7
598	-0.551869	196.477894	0.005514	7.7
599	-0.748855	196.309436	0.011568	10.4
600	-0.238083	196.141363	0.002349	7.8
601	-0.422591	195.973673	0.007172	10.1
602	-1.146941	195.806365	0.007339	7.7
603	-1.130241	195.639437	0.006416	7.5
604	-0.914624	195.472888	0.006111	7.5
605	-0.679513	195.306717	0.005776	8.0
606	-0.201693	195.140922	0.003222	10.2
607	-1.142506	194.975501	0.014943	7.4
608	-0.103061	194.810454	0.001149	7.5
609	-1.244098	194.645779	0.008647	7.6
610	-0.404791	194.481475	0.002890	7.6
611	-1.144844	194.317540	0.005439	10.0
612	-1.299973	194.153973	0.008379	7.6
613	-1.312203	193.990773	0.006190	7.8
614	-0.958966	193.827938	0.005875	7.7
615	-0.818952	193.665467	0.011586	7.5
616	-0.736016	193.503358	0.008196	10.1
617	-1.198118	193.341611	0.013036	10.5
618	-0.570705	193.180224	0.003414	8.8
619	-0.234546	193.019196	0.006891	6.1
620	-0.877405	192.858525	0.007602	7.6
621	-1.184918	192.698210	0.006960	9.7
622	-0.605352	192.538251	0.003592	7.8
623	-1.258039	192.378644	0.007981	8.3
624	-0.832204	192.219391	0.010201	7.6
625	-0.788265	192.060488	0.007367	7.5
626	-1.127218	191.901935	0.009624	10.0
627	-1.051660	191.743730	0.009392	9.1
628	-0.913133	191.585873	0.008949	8.0
629	-1.032192	191.428362	0.006067	7.9
630	-1.170187	191.271196	0.014093	7.5
631	-1.161599	191.114374	0.007998	10.1
632	-0.999210	190.957893	0.010340	7.9
633	-1.046963	190.801755	0.010203	7.5
634	-0.538802	190.645956	0.008444	7.6
635	-1.273121	190.490495	0.008179	10.2
636	-0.653089	190.335373	0.005868	10.6
637	-0.385590	190.180587	0.004110	7.0
638	-0.392784	190.026136	0.006267	8.2
639	-0.373094	189.872019	0.005137	7.7
640	-1.219652	189.718235	0.007301	8.3
641	-1.214044	189.564782	0.006479	10.5
642	-0.885209	189.411661	0.007425	8.6
643	-0.746525	189.258868	0.006255	7.6
644	-1.262034	189.106404	0.006596	8.6
645	-1.217554	188.954267	0.007989	7.8
646	-1.237417	188.802456	0.006256	9.9
647	-1.199380	188.650969	0.010548	7.7
648	-1.213918	188.499807	0.005377	7.7
649	-0.771888	188.348967	0.011886	7.6
650	-0.789575	188.198448	0.010975	7.5
651	-0.263391	188.048250	0.005324	9.2
652	-1.066272	187.898371	0.007122	7.9
653	-0.052902	187.748810	0.000962	8.8
654	-1.186566	187.599566	0.007806	8.8
655	-0.600236	187.450638	0.005827	8.3
656	-1.009493	187.302025	0.010037	11.4
657	-0.675106	187.153725	0.011415	7.6
658	-1.087157	187.005739	0.010542	8.2
659	-0.601013	186.858064	0.005071	8.4
660	-0.229432	186.710699	0.003757	10.8
661	-0.510190	186.563645	0.006555	7.7
662	-0.393335	186.416898	0.004385	7.3
663	-0.829112	186.270459	0.008777	7.6
664	-0.793643	186.124326	0.008712	8.4
665	-0.262931	185.978499	0.002850	9.4
666	-1.284888	185.832976	0.018528	8.6
667	-0.915933	185.687756	0.006834	7.8
668	-1.237146	185.542838	0.012459	7.5
669	-1.219431	185.398222	0.014739	7.5
670	-1.209919	185.253906	0.007833	11.9
671	-1.217423	185.109889	0.009622	8.8
672	-1.347306	184.966170	0.011318	7.6
673	-1.349371	184.822748	0.008868	8.1
674	-0.769350	184.679623	0.006161	7.5
675	-1.228874	184.536792	0.007393	10.4
676	-1.216228	184.394256	0.008088	7.5
677	-1.081320	184.252013	0.005133	7.8
678	-1.151917	184.110062	0.005691	7.6
679	-0.553341	183.968403	0.004370	7.8
680	-0.195284	183.827034	0.003211	10.2
681	-0.714335	183.685954	0.007282	7.7
682	-0.000046	183.545163	0.000026	7.6
683	-1.171981	183.404658	0.008300	7.7
684	-0.986955	183.264441	0.004727	7.5
685	-0.443352	183.124509	0.003526	10.2
686	-0.813180	182.984861	0.007711	9.6
687	-1.037598	182.845497	0.007768	7.6
688	-0.764251	182.706416	0.007156	9.6
689	-0.734514	182.567616	0.004848	9.0
690	-0.133357	182.429098	0.002654	9.2
691	-0.516961	182.290859	0.003228	7.6
692	-1.244212	182.152899	0.008012	7.6
693	-1.263247	182.015217	0.006566	7.4
694	-1.176533	181.877813	0.014399	9.9
695	-1.034576	181.740684	0.010812	7.6
696	-1.196717	181.603832	0.008744	7.9
697	-1.166453	181.467253	0.005469	7.6
698	-0.843202	181.330948	0.005997	7.5
699	-1.215846	181.194916	0.006335	10.2
700	-0.121346	181.059155	0.002653	7.4
701	-0.313498	180.923666	0.003593	8.0
702	-1.249721	180.788446	0.015566	7.6
703	-0.492324	180.653496	0.005391	7.7
704	-0.614146	180.518814	0.007243	10.0
705	-0.737920	180.384399	0.007019	8.5
706	-1.122987	180.250251	0.019801	10.7
707	-1.009848	180.116369	0.004399	8.8
708	-0.753476	179.982752	0.003580	8.6
709	-1.205829	179.849398	0.010161	9.1
710	-0.077819	179.716308	0.003402	7.8
711	-0.701951	179.583480	0.005613	8.3
712	-0.144216	179.450913	0.003828	6.2
713	-1.272425	179.318607	0.005668	10.6
714	-0.129679	179.186561	0.002622	7.6
715	-0.957073	179.054774	0.012028	8.6
716	-1.156451	178.923245	0.007662	6.8
717	-0.937191	178.791973	0.009109	7.5
718	-0.930026	178.660958	0.007040	10.1
719	-1.029728	178.530199	0.009309	7.5
720	-0.793687	178.399694	0.008220	7.5
721	-1.331829	178.269444	0.011092	6.9
722	-1.271276	178.139447	0.007038	8.9
723	-0.086452	178.009702	0.001735	10.1
724	-1.299370	177.880209	0.011874	9.3
725	-0.790201	177.750967	0.013241	7.5
726	-0.164521	177.621975	0.002565	8.9
727	-1.116698	177.493232	0.006951	7.6
728	-0.665286	177.364738	0.006570	9.6
729	-0.838263	177.236492	0.008123	7.5
730	-1.173201	177.108492	0.007813	7.8
731	-1.045253	176.980739	0.005224	7.3
732	-1.295146	176.853231	0.008637	7.6
733	-1.065706	176.725968	0.007369	10.2
734	-1.186209	176.598949	0.013969	7.7
735	-0.370532	176.472173	0.006375	8.4
736	-1.145143	176.345639	0.004946	7.6
737	-1.284553	176.219348	0.007558	7.5
738	-1.107766	176.093296	0.004519	10.5
739	-0.832899	175.967486	0.007572	7.4
740	-1.291262	175.841914	0.007467	8.0
741	-0.317768	175.716581	0.006479	7.6
742	-0.557667	175.591486	0.007652	9.5
743	-1.212870	175.466629	0.009912	9.6
744	-0.382472	175.342008	0.004016	8.8
745	-0.524511	175.217622	0.003932	8.2
746	-0.953530	175.093472	0.004274	7.7
747	-1.012799	174.969556	0.006351	7.7
748	-1.174170	174.845873	0.007264	9.7
749	-0.804311	174.722423	0.007422	8.4
750	-1.260310	174.599206	0.006415	7.7
751	-0.217504	174.476220	0.003112	8.4
752	-1.207428	174.353464	0.007931	7.6
753	-1.241349	174.230939	0.009146	10.3
754	-0.923451	174.108643	0.008256	7.5
755	-0.912473	173.986576	0.008702	7.5
756	-1.216729	173.864737	0.007251	7.7
757	-0.862520	173.743124	0.006503	7.6
758	-0.802341	173.621739	0.010714	10.2
759	-1.253834	173.500579	0.009881	7.5
760	-0.665577	173.379645	0.007125	9.4
761	-0.748782	173.258935	0.007748	7.5
762	-1.253905	173.138449	0.006544	8.5
763	-1.052792	173.018186	0.006698	10.1
764	-1.039018	172.898146	0.005557	7.7
765	-0.713609	172.778327	0.005227	7.5
766	-1.111457	172.658730	0.006527	7.6
767	-1.288923	172.539353	0.010430	7.6
768	-1.329212	172.420196	0.011280	10.0
769	-1.224723	172.301258	0.007918	7.7
770	-0.187753	172.182539	0.002856	7.5
771	-1.099721	172.064037	0.008017	7.6
772	-0.349992	171.945753	0.007381	7.4
773	-1.217943	171.827686	0.006333	10.0
774	-1.051575	171.709834	0.009285	7.6
775	-1.262251	171.592198	0.006112	7.6
776	-1.207020	171.474776	0.007161	10.7
777	-1.238817	171.357568	0.016045	8.1
778	-0.591783	171.240574	0.007455	10.6
779	-0.477238	171.123793	0.005481	7.9
780	-1.157926	171.007223	0.005917	7.6
781	-1.090142	170.890865	0.011477	7.6
782	-0.908368	170.774718	0.008214	9.1
783	-0.624187	170.658782	0.004959	7.5
784	-0.824759	170.543055	0.005831	8.1
785	-1.314621	170.427537	0.009502	7.6
786	-1.273610	170.312227	0.015911	8.1
787	-0.800723	170.197125	0.003846	10.4
788	-1.094793	170.082231	0.005804	7.5
789	-0.057834	169.967543	0.001382	7.6
790	-1.220768	169.853061	0.006592	7.5
791	-1.059869	169.738784	0.005886	7.7
792	-0.731078	169.624713	0.003210	10.4
793	-0.509530	169.510845	0.003693	6.8
794	-1.318208	169.397181	0.010719	9.9
795	-1.287978	169.283720	0.008564	8.8
796	-0.986609	169.170462	0.008608	7.5
797	-0.821436	169.057405	0.007236	9.8
798	-0.561850	168.944549	0.007757	7.6
799	-1.054052	168.831895	0.007128	7.5
800	-1.205689	168.719440	0.005733	7.4
801	-0.695805	168.607185	0.008421	7.6
802	-0.765596	168.495129	0.009396	10.1
803	-1.203674	168.383271	0.007904	7.7
804	-1.253606	168.271611	0.008311	7.5
805	-1.272192	168.160148	0.015812	8.3
806	-1.023667	168.048882	0.003753	7.5
807	-1.108892	167.937812	0.007428	10.3
808	-1.177819	167.826938	0.004696	7.4
809	-0.265641	167.716258	0.002550	7.7
810	-0.524781	167.605773	0.004211	7.5
811	-1.274642	167.495482	0.007974	7.6
812	-1.303296	167.385384	0.012210	11.1
813	-1.225721	167.275479	0.007965	9.5
814	-0.518514	167.165766	0.008243	7.6
815	-1.127811	167.056245	0.006902	7.8
816	-0.261303	166.946915	0.003963	7.5
817	-0.785053	166.837776	0.005155	9.6
818	-1.051546	166.728826	0.005416	7.5
819	-0.753404	166.620067	0.006331	7.6
820	-0.313709	166.511496	0.003835	7.4
821	-0.647690	166.403113	0.005444	7.5
822	-1.058458	166.294919	0.015907	10.0
823	-1.309571	166.186912	0.008467	7.9
824	-1.343377	166.079091	0.006708	7.5
825	-1.011297	165.971458	0.010980	7.6
826	-0.574361	165.864009	0.007293	8.4
827	-0.542094	165.756747	0.006628	10.5
828	-1.163996	165.649669	0.009846	7.5
829	-1.194346	165.542775	0.009156	7.6
830	-0.327353	165.436065	0.006408	7.6
831	-1.118307	165.329538	0.006504	8.4
832	-0.780424	165.223194	0.009449	10.3
833	-1.182817	165.117032	0.012356	8.5
834	-1.236423	165.011052	0.006841	8.3
835	-1.071226	164.905253	0.007932	8.7
836	-0.859044	164.799635	0.009519	8.3
837	-0.628714	164.694197	0.006836	10.2
838	-1.236190	164.588939	0.010466	7.4
839	-1.272311	164.483859	0.010375	7.7
840	-0.394656	164.378959	0.004918	7.6
841	-1.213485	164.274237	0.006170	8.3
842	-0.867880	164.169692	0.008808	9.3
843	-0.371257	164.065325	0.004318	7.6
844	-1.166174	163.961135	0.009117	7.2
845	-0.621888	163.857120	0.005996	7.6
846	-1.362502	163.753282	0.010935	9.1
847	-1.043994	163.649619	0.007781	9.3
848	-1.308538	163.546130	0.007750	8.1
849	-0.249668	163.442816	0.005307	8.6
850	-0.946819	163.339676	0.005442	8.7
851	-0.894969	163.236709	0.008146	12.0
852	-0.400262	163.133915	0.004920	8.3
853	-0.503616	163.031294	0.006560	8.6
854	-0.211979	162.928844	0.002094	7.0
855	-0.832891	162.826566	0.006800	11.3
856	-0.845577	162.724459	0.010029	7.7
857	-0.391519	162.622523	0.005190	7.7
858	-0.918754	162.520757	0.004311	7.6
859	-1.097643	162.419160	0.003351	7.7
860	-1.228593	162.317733	0.009721	10.4
861	-0.959030	162.216474	0.003000	8.4
862	-1.247484	162.115383	0.010064	7.6
863	-0.615359	162.014461	0.008306	10.1
864	-0.078183	161.913705	0.002498	7.2
865	-0.879779	161.813117	0.008128	10.5
866	-0.560315	161.712695	0.010670	8.7
867	-0.911788	161.612439	0.007995	7.9
868	-1.226553	161.512349	0.005980	7.9
869	-1.267498	161.412424	0.005583	8.6
870	-1.281684	161.312663	0.006883	10.4
871	-0.008083	161.213067	0.000626	7.7
872	-1.220576	161.113635	0.008000	7.6
873	-0.471283	161.014366	0.007258	8.7
874	-0.364619	160.915260	0.005100	7.3
875	-1.359522	160.816316	0.019081	9.0
876	-0.833702	160.717535	0.008610	8.4
877	-1.143539	160.618915	0.010578	7.6
878	-0.572191	160.520456	0.005759	7.6
879	-0.907497	160.422158	0.009918	10.4
880	-0.830504	160.324021	0.005968	8.6
881	-1.301674	160.226043	0.012816	10.4
882	-0.568162	160.128225	0.007486	8.2
883	-0.881834	160.030566	0.008330	9.3
884	-1.146981	159.933066	0.006341	9.0
885	-1.156159	159.835723	0.004775	7.7
886	-1.179486	159.738539	0.014356	7.9
887	-1.046334	159.641512	0.004963	7.7
888	-1.020057	159.544642	0.008308	10.1
889	-1.307847	159.447929	0.010603	7.8
890	-1.076566	159.351372	0.006231	7.1
891	-0.415409	159.254971	0.004484	8.4
892	-0.700983	159.158725	0.005325	7.6
893	-0.155976	159.062634	0.002959	11.7
894	-1.304720	158.966697	0.006761	7.6
895	-0.269035	158.870915	0.006159	8.1
896	-1.250392	158.775286	0.008279	7.4
897	-1.297819	158.679811	0.010712	7.6
898	-1.229302	158.584489	0.006806	10.6
899	-1.334406	158.489319	0.007979	7.9
900	-0.176725	158.394302	0.004304	7.1
901	-0.791381	158.299436	0.006685	7.9
902	-0.817394	158.204721	0.007351	7.8
903	-0.215192	158.110158	0.003790	10.2
904	-0.294409	158.015745	0.002949	7.5
905	-0.208578	157.921482	0.002579	7.7
906	-0.116765	157.827369	0.002411	7.7
907	-0.285894	157.733406	0.003504	7.7
908	-0.519905	157.639591	0.004322	10.7
909	-1.272905	157.545925	0.009133	7.9
910	-0.847959	157.452408	0.007646	8.8
911	-1.212576	157.359038	0.004952	7.6
912	-1.352338	157.265816	0.011865	7.5
913	-1.255093	157.172741	0.008297	9.9
914	-1.008863	157.079813	0.004807	7.1
915	-1.219927	156.987031	0.012892	7.6
916	-0.516165	156.894395	0.006791	7.6
917	-1.243690	156.801904	0.006472	9.6
918	-1.225159	156.709559	0.006221	10.6
919	-1.280843	156.617359	0.012209	8.0
920	-0.774829	156.525304	0.009387	8.3
921	-1.286790	156.433392	0.008658	8.4
922	-0.990469	156.341624	0.005769	7.2
923	-0.729715	156.250000	0.007544	10.3
924	-1.170513	156.158519	0.006375	8.6
925	-0.957627	156.067180	0.005069	7.6
926	-1.162741	155.975984	0.008935	7.7
927	-1.337169	155.884930	0.009400	7.5
928	-0.825373	155.794017	0.005938	10.1
929	-1.186242	155.703246	0.007771	7.5
930	-1.154579	155.612615	0.010616	7.6
931	-0.653823	155.522125	0.004623	8.6
932	-1.015743	155.431775	0.003469	7.6
933	-1.329121	155.341565	0.005662	10.3
934	-0.167951	155.251495	0.001633	10.3
935	-1.064092	155.161563	0.017591	7.6
936	-0.397686	155.071771	0.002680	7.8
937	-0.675569	154.982117	0.003922	8.7
938	-0.995103	154.892601	0.003427	10.9
939	-0.950032	154.803222	0.010482	7.6
940	-0.110550	154.713981	0.002476	8.3
941	-1.155263	154.624878	0.008910	7.7
942	-0.910657	154.535910	0.006525	10.4
943	-0.755225	154.447080	0.008408	7.5
944	-1.270921	154.358385	0.010195	7.7
945	-0.148819	154.269826	0.004401	7.0
946	-0.390062	154.181402	0.006731	7.7
947	-0.798015	154.093114	0.007392	10.2
948	-1.262683	154.004960	0.008490	7.6
949	-1.352702	153.916940	0.010429	7.3
950	-1.063746	153.829054	0.002932	7.5
951	-0.569769	153.741303	0.008237	7.5
952	-0.870306	153.653684	0.007283	12.1
953	-1.289130	153.566198	0.009524	8.2
954	-0.709437	153.478846	0.005785	9.7
955	-0.256415	153.391625	0.002546	7.7
956	-0.982232	153.304537	0.007337	8.2
957	-1.014979	153.217580	0.014702	10.9
958	-0.439344	153.130755	0.006325	7.6
959	-0.691055	153.044061	0.003667	7.5
960	-0.404225	152.957498	0.002587	7.5
961	-1.251878	152.871065	0.010977	8.6
962	-1.265322	152.784762	0.008017	8.4
963	-0.652605	152.698589	0.006308	7.7
964	-1.142326	152.612545	0.005701	7.5
965	-0.890531	152.526631	0.004402	7.5
966	-0.763202	152.440845	0.008671	9.3
967	-1.103158	152.355188	0.008256	7.5
968	-0.923109	152.269660	0.006049	7.2
969	-1.316452	152.184259	0.016798	6.6
970	-1.044289	152.098986	0.005640	9.4
971	-0.990505	152.013840	0.009496	10.2
972	-0.880733	151.928821	0.003226	8.7
973	-1.125568	151.843928	0.007715	7.7
974	-1.113397	151.759163	0.016393	7.7
975	-1.349561	151.674523	0.011330	7.5
976	-0.962289	151.590009	0.008461	10.3
977	-1.036366	151.505620	0.007194	7.5
978	-0.860870	151.421357	0.008410	7.5
979	-0.601645	151.337218	0.006481	10.2
980	-1.234165	151.253204	0.009344	7.5
981	-1.367734	151.169314	0.007098	10.2
982	-0.970415	151.085549	0.007226	7.6
983	-1.269953	151.001907	0.009783	7.5
984	-1.019194	150.918388	0.009439	7.6
985	-1.265301	150.834992	0.005823	7.5
986	-1.247851	150.751719	0.009127	10.6
987	-0.714101	150.668569	0.007831	11.0
988	-1.212131	150.585541	0.008091	7.7
989	-1.244434	150.502634	0.005705	9.1
990	-0.960643	150.419849	0.006512	9.2
991	-1.089815	150.337186	0.006852	8.7
992	-0.798358	150.254644	0.004272	7.6
993	-1.207494	150.172222	0.008846	7.8
994	-1.084718	150.089921	0.009032	7.5
995	-0.075627	150.007740	0.001151	8.6
996	-0.954805	149.925679	0.007853	7.6
997	-1.050980	149.843737	0.008291	7.6
998	-1.174981	149.761915	0.005759	7.6
999	-1.110924	149.680212	0.006785	10.5
1000	-1.323596	149.598627	0.006778	9.4
1001	-0.761271	149.517161	0.007208	9.0
1002	-0.751366	149.435814	0.012904	7.6
1003	-0.793132	149.354584	0.007947	7.4
1004	-1.019601	149.273472	0.007117	8.0
1005	-0.631214	149.192477	0.008395	11.7
1006	-1.303954	149.111599	0.004842	8.4
1007	-0.838063	149.030838	0.005570	7.6
1008	-1.348167	148.950194	0.009371	7.8
1009	-1.239940	148.869666	0.007845	7.7
1010	-0.812902	148.789253	0.009451	11.0
1011	-0.855573	148.708957	0.002780	7.6
1012	-1.286843	148.628776	0.010195	8.8
1013	-1.226157	148.548710	0.006627	7.7
1014	-0.393571	148.468759	0.003902	7.7
1015	-0.452890	148.388923	0.003967	10.3
1016	-1.183675	148.309201	0.009736	7.6
1017	-1.176560	148.229594	0.005484	7.5
1018	-0.856230	148.150100	0.009738	8.0
1019	-0.251163	148.070719	0.004201	7.5
1020	-1.212394	147.991452	0.014161	10.1
1021	-1.168020	147.912298	0.007293	7.4
1022	-0.782659	147.833257	0.004289	7.7
1023	-1.248645	147.754329	0.014766	8.4
1024	-1.220291	147.675512	0.005930	9.0
1025	-0.541079	147.596808	0.007863	9.8
1026	-0.939725	147.518216	0.005249	7.8
1027	-0.598813	147.439735	0.005807	7.6
1028	-0.798119	147.361365	0.006686	7.6
1029	-1.088524	147.283106	0.006394	7.5
1030	-1.102564	147.204958	0.010885	10.2
1031	-0.829573	147.126920	0.006701	7.6
1032	-0.469377	147.048993	0.005599	7.6
1033	-0.724173	146.971175	0.006749	7.5
1034	-0.817540	146.893468	0.010052	7.4
1035	-1.267642	146.815869	0.011867	10.1
1036	-0.908737	146.738380	0.007886	8.1
1037	-1.361855	146.661000	0.009360	8.3
1038	-1.115286	146.583729	0.008968	7.5
1039	-1.334842	146.506566	0.013273	7.5
1040	-0.159705	146.429511	0.003035	12.3
1041	-1.328827	146.352565	0.008820	7.9
1042	-1.108378	146.275726	0.007814	8.6
1043	-0.415150	146.198994	0.005435	8.0
1044	-0.123482	146.122370	0.001926	7.5
1045	-1.223366	146.045853	0.007625	10.2
1046	-0.313557	145.969442	0.005066	8.4
1047	-1.251232	145.893139	0.006606	7.4
1048	-0.530229	145.816941	0.004050	7.6
1049	-0.888951	145.740849	0.008547	7.5
1050	-0.736208	145.664863	0.005554	9.3
1051	-1.270249	145.588983	0.012868	7.5
1052	-1.033242	145.513208	0.005657	7.6
1053	-0.754624	145.437538	0.009517	7.5
1054	-0.936840	145.361973	0.009285	7.5
1055	-1.191327	145.286513	0.005932	10.2
1056	-0.274914	145.211157	0.002931	7.6
1057	-0.486461	145.135905	0.004842	7.5
1058	-0.935892	145.060757	0.006340	9.4
1059	-0.841117	144.985712	0.007182	7.9
1060	-0.863843	144.910771	0.007762	11.3
1061	-1.140799	144.835934	0.006810	7.8
1062	-0.180825	144.761199	0.003510	7.8
1063	-0.587086	144.686567	0.005647	8.0
1064	-0.829899	144.612037	0.011274	7.6
1065	-0.567947	144.537610	0.008324	10.1
1066	-0.977259	144.463285	0.007185	7.5
1067	-1.005143	144.389062	0.008226	7.5
1068	-1.101274	144.314940	0.004679	7.7
1069	-0.450371	144.240920	0.004558	7.6
1070	-1.022729	144.167001	0.006786	10.1
1071	-1.377287	144.093182	0.014363	7.4
1072	-0.849606	144.019465	0.007519	8.6
1073	-0.929069	143.945848	0.004861	7.5
1074	-0.990697	143.872331	0.014191	7.5
1075	-0.885276	143.798914	0.007394	9.3
1076	-0.719665	143.725597	0.006133	7.6
1077	-1.218316	143.652380	0.005491	8.2
1078	-1.211135	143.579262	0.005413	7.8
1079	-0.579607	143.506243	0.007151	7.6
1080	-1.204042	143.433323	0.008205	11.1
1081	-1.158000	143.360502	0.008516	7.7
1082	-0.893860	143.287780	0.006171	7.7
1083	-1.090687	143.215155	0.015521	7.5
1084	-0.590461	143.142629	0.006632	7.5
1085	-1.053134	143.070201	0.008851	10.0
1086	-0.389567	142.997870	0.006065	7.6
1087	-0.864770	142.925637	0.008533	7.7
1088	-0.862513	142.853501	0.008598	7.6
1089	-0.986907	142.781462	0.010347	7.8
1090	-0.684210	142.709519	0.004032	9.9
1091	-0.837153	142.637674	0.006545	7.5
1092	-1.138636	142.565924	0.006282	7.7
1093	-0.592803	142.494271	0.007793	7.5
1094	-0.753265	142.422714	0.007888	7.6
1095	-1.068767	142.351252	0.006006	11.3
1096	-0.758563	142.279886	0.008519	8.3
1097	-1.224613	142.208616	0.007973	7.7
1098	-0.397469	142.137440	0.005451	7.6
1099	-0.556689	142.066360	0.003736	8.2
1100	-1.065773	141.995374	0.009129	10.6
1101	-0.862733	141.924483	0.007115	7.7
1102	-0.813826	141.853685	0.006433	8.2
1103	-1.008784	141.782983	0.011529	7.5
1104	-0.704135	141.712373	0.004999	7.5
1105	-0.958097	141.641858	0.004065	10.7
1106	-1.205872	141.571436	0.007144	8.4
1107	-0.921498	141.501108	0.006975	7.5
1108	-1.254016	141.430872	0.008183	7.5
1109	-1.209990	141.360730	0.007038	7.5
1110	-0.097151	141.290680	0.004523	10.1
1111	-1.344611	141.220722	0.010654	7.4
1112	-0.872693	141.150857	0.004797	7.8
1113	-0.364749	141.081084	0.006471	10.5
1114	-0.786496	141.011403	0.004120	7.6
1115	-0.255844	140.941813	0.003272	9.4
1116	-0.389337	140.872315	0.004905	7.0
1117	-0.780717	140.802909	0.006430	8.6
1118	-0.503884	140.733593	0.002365	7.6
1119	-1.241322	140.664369	0.008162	8.0
1120	-0.660544	140.595235	0.003555	9.6
1121	-0.169418	140.526192	0.002527	7.7
1122	-1.058762	140.457239	0.006988	7.7
1123	-0.565183	140.388376	0.006529	7.8
1124	-0.619806	140.319603	0.004467	10.0
1125	-1.231128	140.250920	0.011012	7.7
1126	-1.302918	140.182326	0.007786	8.1
1127	-0.441252	140.113822	0.007423	6.4
1128	-0.559862	140.045407	0.007227	7.5
1129	-1.213647	139.977081	0.005454	9.6
1130	-0.124148	139.908844	0.001883	8.6
1131	-1.166688	139.840696	0.006264	9.1
1132	-0.519615	139.772635	0.002729	8.0
1133	-0.587181	139.704664	0.003191	7.9
1134	-1.255748	139.636780	0.007776	10.3
1135	-0.585826	139.568984	0.006126	7.7
1136	-0.687425	139.501276	0.004468	8.8
1137	-0.275612	139.433655	0.003457	8.0
1138	-0.860209	139.366122	0.007855	9.8
1139	-1.216356	139.298676	0.007436	7.8
1140	-0.998018	139.231317	0.012131	8.4
1141	-1.070278	139.164045	0.007181	7.6
1142	-0.867472	139.096859	0.009831	7.6
1143	-0.893336	139.029760	0.005856	10.3
1144	-1.082015	138.962747	0.008555	8.4
1145	-0.494379	138.895820	0.007418	7.7
1146	-1.001943	138.828978	0.008383	7.6
1147	-0.655844	138.762223	0.008221	7.6
1148	-1.241120	138.695553	0.004416	11.3
1149	-1.027837	138.628969	0.007958	8.6
1150	-0.727367	138.562469	0.005023	7.8
1151	-0.767614	138.496055	0.003803	7.7
1152	-0.811075	138.429725	0.005144	7.6
1153	-1.334790	138.363481	0.009909	10.4
1154	-0.297690	138.297320	0.004214	6.4
1155	-0.828809	138.231244	0.006812	7.9
1156	-0.740634	138.165252	0.008181	7.5
1157	-1.256711	138.099344	0.005666	7.5
1158	-1.009384	138.033520	0.005901	9.4
1159	-0.825336	137.967779	0.005798	7.6
1160	-1.043410	137.902122	0.006728	7.6
1161	-1.136616	137.836548	0.009153	7.4
1162	-1.179042	137.771057	0.010157	8.5
1163	-0.553650	137.705649	0.008162	10.2
1164	-1.073119	137.640324	0.006074	7.5
1165	-1.086532	137.575081	0.006253	7.7
1166	-1.034517	137.509921	0.006946	9.7
1167	-1.213954	137.444842	0.008182	8.3
1168	-0.932478	137.379846	0.015202	10.9
1169	-0.717211	137.314932	0.009923	7.7
1170	-0.530942	137.250100	0.003507	7.7
1171	-1.186681	137.185349	0.007878	7.6
1172	-1.233572	137.120680	0.008894	10.1
1173	-0.214867	137.056092	0.002900	7.7
1174	-1.012703	136.991585	0.007959	7.5
1175	-0.686768	136.927158	0.006597	7.8
1176	-1.342878	136.862813	0.010547	7.5
1177	-0.459095	136.798548	0.004909	10.3
1178	-1.002852	136.734363	0.011959	7.5
1179	-0.364182	136.670259	0.004633	8.3
1180	-1.061181	136.606235	0.009170	7.5
1181	-0.294720	136.542291	0.003303	7.3
1182	-1.120215	136.478426	0.012256	9.3
1183	-1.372695	136.414641	0.010213	7.7
1184	-1.049247	136.350936	0.008948	9.9
1185	-1.239001	136.287310	0.005786	8.5
1186	-1.254400	136.223763	0.010479	8.3
1187	-0.501803	136.160295	0.005157	9.9
1188	-0.344935	136.096905	0.005831	7.8
1189	-1.357591	136.033594	0.005956	7.6
1190	-1.298133	135.970362	0.008276	7.5
1191	-0.810584	135.907208	0.005142	10.9
1192	-1.012325	135.844133	0.006956	7.4
1193	-1.092406	135.781135	0.003770	7.5
1194	-0.006955	135.718215	0.001347	7.0
1195	-0.613787	135.655373	0.005367	8.3
1196	-0.620215	135.592608	0.007115	9.5
1197	-0.080965	135.529921	0.003414	6.4
1198	-1.259960	135.467311	0.007008	7.4
1199	-1.273899	135.404778	0.009828	7.6
1200	-1.083434	135.342322	0.011358	7.5
1201	-1.127009	135.279942	0.005619	9.8
1202	-0.160026	135.217640	0.004155	8.1
1203	-0.883934	135.155413	0.005254	8.7
1204	-1.047973	135.093263	0.005324	7.8
1205	-0.750628	135.031190	0.007245	7.9
1206	-0.798123	134.969192	0.008366	9.8
1207	-0.857979	134.907270	0.007390	6.5
1208	-0.597257	134.845424	0.006962	7.5
1209	-1.304759	134.783653	0.006576	7.6
1210	-0.891612	134.721958	0.004437	7.6
1211	-0.939262	134.660338	0.008392	9.7
1212	-0.962780	134.598793	0.009305	7.5
1213	-0.982006	134.537323	0.005331	7.6
1214	-0.855227	134.475927	0.003337	7.6
1215	-1.268065	134.414607	0.007801	7.4
1216	-0.042368	134.353361	0.002871	9.9
1217	-0.916552	134.292189	0.005852	7.6
1218	-0.575042	134.231092	0.006607	7.6
1219	-0.868864	134.170068	0.005794	7.8
1220	-0.065439	134.109119	0.002573	8.8
1221	-1.248371	134.048243	0.008869	10.4
1222	-0.918372	133.987441	0.003158	8.5
1223	-0.897927	133.926713	0.007057	7.7
1224	-1.191894	133.866057	0.007395	7.6
1225	-0.883515	133.805475	0.005725	6.6
1226	-0.991499	133.744966	0.007911	10.4
1227	-0.338502	133.684530	0.005428	7.6
1228	-1.298655	133.624167	0.009488	7.6
1229	-0.915032	133.563877	0.009325	7.5
1230	-1.231055	133.503658	0.015606	8.0
1231	-1.189381	133.443513	0.008766	10.0
1232	-1.117560	133.383439	0.003799	7.5
1233	-0.874282	133.323437	0.009756	7.5
1234	-0.704556	133.263508	0.007106	6.3
1235	-1.244262	133.203650	0.007532	7.5
1236	-0.800240	133.143864	0.007708	8.7
1237	-0.924577	133.084149	0.003573	7.4
1238	-0.892343	133.024506	0.005221	9.0
1239	-0.926611	132.964934	0.010231	9.7
1240	-1.292649	132.905433	0.005056	7.5
1241	-0.932924	132.846003	0.008999	9.8
1242	-0.536611	132.786643	0.005217	7.5
1243	-1.069315	132.727355	0.006194	7.9
1244	-1.247286	132.668137	0.008655	7.6
1245	-1.322728	132.608989	0.010439	7.5
1246	-1.099555	132.549912	0.005531	10.2
1247	-0.942089	132.490904	0.007674	8.3
1248	-0.714184	132.431967	0.004584	7.5
1249	-0.802890	132.373100	0.006499	7.7
1250	-1.013664	132.314302	0.006580	7.6
1251	-0.891221	132.255574	0.008282	10.5
1252	-0.663440	132.196916	0.005698	7.6
1253	-1.204726	132.138326	0.010415	7.9
1254	-0.851410	132.079806	0.004865	7.4
1255	-0.103493	132.021355	0.002859	7.5
1256	-0.461691	131.962973	0.005105	12.1
1257	-1.196271	131.904660	0.008435	8.3
1258	-1.056629	131.846415	0.007074	8.8
1259	-0.590958	131.788239	0.005309	7.7
1260	-0.320528	131.730131	0.003040	8.2
1261	-0.939227	131.672092	0.005527	10.7
1262	-0.952249	131.614121	0.007598	8.1
1263	-1.310175	131.556217	0.009561	8.0
1264	-0.938780	131.498382	0.007103	7.8
1265	-1.237098	131.440614	0.006764	8.1
1266	-1.090697	131.382914	0.005745	11.0
1267	-1.139861	131.325282	0.007657	8.4
1268	-0.161208	131.267717	0.004785	6.4
1269	-1.227568	131.210219	0.009414	7.6
1270	-1.013893	131.152788	0.010588	7.6
1271	-0.804096	131.095424	0.007973	10.3
1272	-0.878140	131.038127	0.007775	7.6
1273	-0.468805	130.980897	0.004578	7.9
1274	-0.777504	130.923733	0.007899	8.6
1275	-0.839523	130.866636	0.008668	7.9
1276	-0.927973	130.809605	0.006234	10.2
1277	-0.972685	130.752641	0.007943	7.5
1278	-1.053636	130.695742	0.004009	7.7
1279	-1.275165	130.638910	0.010787	7.7
1280	-1.253956	130.582143	0.006586	7.7
1281	-0.000001	130.525442	0.000001	9.9
1282	-0.582685	130.468807	0.002955	8.4
1283	-0.284924	130.412237	0.003149	7.4
1284	-1.280807	130.355733	0.006312	7.5
1285	-1.249648	130.299294	0.006595	7.5
1286	-0.204329	130.242920	0.004402	10.1
1287	-1.227316	130.186611	0.006053	7.6
1288	-0.769327	130.130366	0.008432	7.7
1289	-0.762332	130.074187	0.008476	7.5
1290	-0.845050	130.018072	0.005888	7.4
1291	-0.869570	129.962022	0.009900	11.6
1292	-0.005735	129.906036	0.000396	8.7
1293	-0.243088	129.850114	0.005493	7.7
1294	-0.421532	129.794257	0.006805	8.0
1295	-1.238087	129.738463	0.005583	7.6
1296	-0.169268	129.682734	0.002853	10.2
1297	-1.143074	129.627068	0.007248	7.7
1298	-0.729685	129.571466	0.005629	7.7
1299	-1.275165	129.515927	0.005613	8.7
1300	-0.727035	129.460452	0.006512	7.5
1301	-1.291805	129.405040	0.013766	10.3
1302	-1.330024	129.349692	0.007717	7.6
1303	-0.152638	129.294406	0.002862	7.6
1304	-1.268594	129.239183	0.009542	7.4
1305	-0.802795	129.184024	0.007420	7.5
1306	-0.742067	129.128927	0.010561	10.0
1307	-0.986198	129.073892	0.010765	8.0
1308	-0.649799	129.018921	0.003025	7.5
1309	-0.107949	128.964011	0.003677	7.6
1310	-0.680275	128.909164	0.007692	10.1
1311	-1.353311	128.854379	0.010667	10.4
1312	-0.382654	128.799656	0.005501	8.6
1313	-1.169171	128.744995	0.005031	7.9
1314	-1.026839	128.690396	0.010449	7.5
1315	-1.013665	128.635858	0.007127	9.0
1316	-1.134805	128.581382	0.007137	7.8
1317	-0.867437	128.526968	0.007597	7.4
1318	-1.145767	128.472615	0.007302	7.5
1319	-1.111604	128.418323	0.008010	7.6
1320	-0.389953	128.364092	0.005238	10.4
1321	-1.256215	128.309922	0.007678	7.7
1322	-1.239725	128.255814	0.009089	7.6
1323	-0.992018	128.201766	0.005391	7.5
1324	-1.345279	128.147778	0.008103	8.3
1325	-0.780978	128.093852	0.004875	10.2
1326	-1.364466	128.039985	0.009733	7.7
1327	-1.043752	127.986180	0.010216	7.8
1328	-1.254996	127.932434	0.006133	8.8
1329	-1.287840	127.878749	0.008496	7.8
1330	-0.201892	127.825123	0.002710	10.4
1331	-0.468768	127.771558	0.006837	11.8
1332	-1.164283	127.718052	0.009436	11.6
1333	-0.357505	127.664606	0.005121	8.5
1334	-1.181323	127.611220	0.005303	12.0
1335	-0.648877	127.557893	0.006042	7.6
1336	-0.838531	127.504625	0.007393	8.2
1337	-0.908973	127.451417	0.008219	7.6
1338	-1.048631	127.398268	0.007521	7.7
1339	-0.538263	127.345178	0.007540	10.3
1340	-0.181763	127.292147	0.002905	7.5
1341	-0.685348	127.239175	0.008810	7.7
1342	-1.274225	127.186261	0.007904	7.7
1343	-1.236765	127.133407	0.008198	8.7
1344	-1.130175	127.080610	0.006694	11.0
1345	-0.239755	127.027872	0.002972	7.6
1346	-1.189015	126.975193	0.005757	8.2
1347	-0.862752	126.922572	0.009297	7.6
1348	-0.799513	126.870008	0.008066	7.7
1349	-0.158419	126.817503	0.004555	9.9
1350	-1.204754	126.765056	0.009002	7.8
1351	-0.903758	126.712667	0.010930	8.1
1352	-1.276673	126.660335	0.009169	7.6
1353	-0.734987	126.608061	0.006810	7.6
1354	-0.320616	126.555844	0.004150	10.5
1355	-0.771370	126.503685	0.005709	7.6
1356	-0.944259	126.451583	0.006630	8.0
1357	-1.265974	126.399538	0.007003	7.5
1358	-1.193700	126.347550	0.006343	7.5
1359	-0.046822	126.295619	0.001828	10.8
1360	-1.136195	126.243745	0.008265	7.7
1361	-1.246294	126.191928	0.007838	7.6
1362	-0.829149	126.140168	0.009492	9.6
1363	-0.873529	126.088464	0.006844	7.5
1364	-0.312466	126.036817	0.003140	9.4
1365	-0.005296	125.985226	0.000541	8.6
1366	-1.117020	125.933691	0.012793	7.7
1367	-1.249267	125.882212	0.011380	7.7
1368	-1.263730	125.830790	0.006811	8.0
1369	-1.109740	125.779423	0.004807	10.9
1370	-0.659794	125.728113	0.005791	8.8
1371	-0.656729	125.676858	0.006880	7.3
1372	-0.877634	125.625659	0.007156	7.6
1373	-1.249617	125.574515	0.007501	7.6
1374	-0.695743	125.523427	0.007733	10.3
1375	-0.973431	125.472394	0.008339	7.5
1376	-1.124844	125.421417	0.006920	7.7
1377	-1.358065	125.370495	0.009119	9.0
1378	-1.239803	125.319628	0.007034	8.5
1379	-1.275873	125.268815	0.011220	9.9
1380	-1.185725	125.218058	0.009131	8.4
1381	-0.671643	125.167356	0.008338	7.7
1382	-1.236207	125.116708	0.006251	7.5
1383	-0.880596	125.066115	0.008163	7.7
1384	-1.140773	125.015576	0.006766	10.8
1385	-0.942733	124.965092	0.005630	7.7
1386	-0.897855	124.914662	0.007178	8.3
1387	-0.784244	124.864287	0.009386	7.7
1388	-0.886209	124.813965	0.009884	7.5
1389	-1.250875	124.763698	0.008679	10.4
1390	-0.846362	124.713485	0.007268	7.7
1391	-0.931905	124.663325	0.009865	7.7
1392	-1.019742	124.613219	0.010994	7.5
1393	-0.611600	124.563167	0.005376	7.3
1394	-0.772794	124.513168	0.007243	9.6
1395	-1.032673	124.463223	0.013815	8.6
1396	-0.465948	124.413332	0.006988	8.4
1397	-1.157524	124.363493	0.008702	10.4
1398	-0.638584	124.313708	0.012852	7.8
1399	-1.024056	124.263976	0.006486	10.6
1400	-0.784350	124.214297	0.007117	7.9
1401	-0.655656	124.164671	0.007432	7.5
1402	-0.458152	124.115097	0.002884	7.5
1403	-0.934127	124.065577	0.008760	9.1
1404	-1.164522	124.016109	0.009331	8.2
1405	-0.757246	123.966693	0.006487	7.7
1406	-1.230519	123.917330	0.007691	7.6
1407	-1.009780	123.868020	0.004742	7.7
1408	-0.900172	123.818762	0.005796	10.1
1409	-1.173237	123.769556	0.004334	7.7
1410	-0.816943	123.720402	0.009741	7.8
1411	-0.551863	123.671300	0.007779	7.6
1412	-0.880659	123.622250	0.007390	7.7
1413	-0.951003	123.573252	0.011435	10.0
1414	-1.316139	123.524305	0.008587	10.6
1415	-1.282108	123.475411	0.008871	8.6
1416	-1.317006	123.426568	0.011532	8.9
1417	-0.850908	123.377776	0.005058	8.6
1418	-0.843089	123.329036	0.009150	8.7
1419	-0.469119	123.280347	0.005245	7.5
1420	-1.211822	123.231709	0.007645	7.5
1421	-0.201480	123.183122	0.004228	7.6
1422	-1.310972	123.134587	0.011846	9.2
1423	-0.735523	123.086102	0.008697	8.5
1424	-1.298429	123.037669	0.006839	7.5
1425	-1.189797	122.989286	0.006017	7.5
1426	-0.417248	122.940954	0.004199	7.2
1427	-1.027245	122.892672	0.006053	9.9
1428	-0.712263	122.844441	0.010166	7.6
1429	-1.127694	122.796261	0.005722	7.7
1430	-0.458371	122.748130	0.004727	8.3
1431	-1.014693	122.700050	0.005068	7.6
1432	-0.836425	122.652021	0.009131	11.1
1433	-0.836985	122.604041	0.007410	8.5
1434	-0.730027	122.556111	0.012411	7.9
1435	-0.016311	122.508232	0.000543	7.7
1436	-0.664839	122.460402	0.007126	8.1
1437	-0.865184	122.412622	0.006106	11.2
1438	-1.303059	122.364891	0.011619	9.0
1439	-1.184811	122.317210	0.007260	8.7
1440	-0.856766	122.269579	0.004164	9.4
1441	-0.925052	122.221997	0.004260	11.4
1442	-0.152512	122.174465	0.004271	7.5
1443	-0.003833	122.126981	0.000426	8.8
1444	-0.305147	122.079547	0.007614	7.5
1445	-0.582283	122.032162	0.007143	7.5
1446	-1.392911	121.984826	0.013607	10.2
1447	-1.041843	121.937539	0.009637	7.5
1448	-1.182929	121.890301	0.009849	9.9
1449	-0.805768	121.843112	0.004998	7.8
1450	-0.997142	121.795971	0.006360	7.7
1451	-0.806305	121.748879	0.007889	9.8
1452	-1.246001	121.701835	0.010433	7.6
1453	-1.133381	121.654840	0.010976	8.1
1454	-0.261892	121.607893	0.004152	7.5
1455	-0.803567	121.560994	0.007491	8.2
1456	-0.865474	121.514144	0.008937	10.4
1457	-0.852203	121.467342	0.008607	8.4
1458	-0.422736	121.420588	0.005295	8.8
1459	-1.249871	121.373882	0.006455	7.6
1460	-1.192536	121.327223	0.009182	7.5
1461	-1.170907	121.280613	0.010377	9.8
1462	-0.420108	121.234050	0.005777	7.9
1463	-0.795067	121.187535	0.005768	7.4
1464	-1.247398	121.141067	0.009308	7.0
1465	-0.808460	121.094647	0.007123	7.5
1466	-1.150264	121.048274	0.005188	10.7
1467	-1.015645	121.001949	0.008863	8.6
1468	-0.645933	120.955671	0.005556	7.5
1469	-0.927674	120.909440	0.007231	7.9
1470	-0.190992	120.863256	0.005569	7.7
1471	-0.860236	120.817119	0.004175	10.6
1472	-0.679192	120.771029	0.003377	7.5
1473	-1.133300	120.724986	0.005017	7.2
1474	-0.214188	120.678990	0.003733	7.6
1475	-1.191332	120.633040	0.011537	7.5
1476	-0.926440	120.587137	0.008876	10.1
1477	-0.976221	120.541281	0.004090	7.7
1478	-1.050358	120.495471	0.004643	7.6
1479	-1.314192	120.449707	0.009600	7.6
1480	-0.991091	120.403990	0.011386	7.5
1481	-0.912251	120.358319	0.005198	10.0
1482	-1.186635	120.312694	0.010986	7.5
1483	-0.047375	120.267115	0.002057	6.6
1484	-0.786144	120.221582	0.007125	7.9
1485	-1.351341	120.176096	0.007493	8.4
1486	-0.750163	120.130655	0.006047	11.2
1487	-1.072928	120.085260	0.004735	7.8
1488	-1.135034	120.039910	0.005855	8.4
1489	-1.134156	119.994606	0.007853	8.6
1490	-1.303646	119.949348	0.010890	7.5
1491	-1.109614	119.904135	0.010034	9.9
1492	-1.271925	119.858968	0.005413	7.5
1493	-1.359844	119.813846	0.008467	7.1
1494	-1.110784	119.768769	0.009062	7.6
1495	-1.049861	119.723738	0.007723	7.9
1496	-1.108390	119.678752	0.010425	11.0
1497	-0.457991	119.633810	0.008022	8.7
1498	-0.834634	119.588914	0.009898	9.9
1499	-0.813231	119.544062	0.008235	7.9
1500	-1.127613	119.499256	0.008645	9.2
1501	-0.927490	119.454494	0.009245	11.2
1502	-0.548538	119.409777	0.003400	9.1
1503	-1.339017	119.365104	0.011175	8.9
1504	-0.456442	119.320476	0.006735	7.7
1505	-1.260284	119.275893	0.008096	10.5
1506	-0.686468	119.231353	0.007181	7.5
1507	-1.248698	119.186859	0.006186	7.5
1508	-1.131159	119.142408	0.010698	7.5
1509	-1.260169	119.098002	0.008090	9.2
1510	-1.236196	119.053639	0.007456	8.3
1511	-1.108101	119.009321	0.007109	8.3
1512	-0.872658	118.965047	0.008413	7.4
1513	-0.301202	118.920816	0.006158	7.6
1514	-0.129068	118.876630	0.001904	10.0
1515	-0.828714	118.832487	0.005132	7.5
1516	-1.124748	118.788388	0.011135	7.5
1517	-1.199722	118.744332	0.006498	7.6
1518	-0.464621	118.700320	0.008346	8.6
1519	-0.658037	118.656352	0.005258	11.5
1520	-1.325164	118.612427	0.009453	8.2
1521	-0.847735	118.568545	0.006398	7.9
1522	-0.867820	118.524706	0.007729	7.6
1523	-1.358995	118.480911	0.012996	7.5
1524	-0.587063	118.437159	0.005680	10.4
1525	-1.213481	118.393450	0.012141	7.5
1526	-1.135819	118.349784	0.007427	7.5
1527	-1.211329	118.306160	0.008408	8.6
1528	-0.876590	118.262580	0.005474	9.0
1529	-1.044292	118.219042	0.005237	9.5
1530	-0.660125	118.175548	0.010460	7.7
1531	-0.804155	118.132095	0.009371	7.5
1532	-1.201911	118.088686	0.007015	7.6
1533	-1.338753	118.045319	0.008151	8.5
1534	-0.595407	118.001994	0.005450	10.3
1535	-1.048602	117.958712	0.006235	7.6
1536	-1.301744	117.915472	0.006583	8.3
1537	-0.595704	117.872274	0.006554	6.9
1538	-1.284541	117.829118	0.007612	8.5
1539	-0.834586	117.786005	0.003830	10.7
1540	-1.210753	117.742933	0.013789	8.5
1541	-1.340480	117.699904	0.008955	7.5
1542	-0.969341	117.656916	0.007293	7.6
1543	-1.134110	117.613971	0.007539	7.6
1544	-1.129008	117.571067	0.005251	10.2
1545	-0.891382	117.528205	0.008837	7.5
1546	-1.225433	117.485384	0.007360	7.7
1547	-0.950810	117.442605	0.008369	7.4
1548	-1.274463	117.399867	0.008576	8.1
1549	-1.180996	117.357171	0.005115	9.9
1550	-1.297228	117.314517	0.006555	7.6
1551	-0.554810	117.271903	0.005458	6.9
1552	-0.335790	117.229331	0.005046	7.8
1553	-1.100287	117.186800	0.009480	7.8
1554	-0.858224	117.144311	0.006156	12.0
1555	-1.246086	117.101862	0.007492	7.7
1556	-1.176542	117.059454	0.005042	8.5
1557	-1.202323	117.017087	0.006046	7.9
1558	-1.200063	116.974762	0.007598	7.6
1559	-0.881338	116.932476	0.008445	10.2
1560	-0.549156	116.890232	0.007939	10.4
1561	-0.814012	116.848028	0.005896	16.5
1562	-0.651301	116.805865	0.006430	14.3
1563	-0.119594	116.763743	0.003748	7.5
1564	-1.322656	116.721661	0.007015	7.7
1565	-1.272475	116.679619	0.005912	10.5
1566	-1.053337	116.637618	0.003886	8.1
1567	-0.680759	116.595657	0.006938	10.1
1568	-0.401598	116.553736	0.006109	8.6
1569	-0.230439	116.511855	0.004017	9.2
1570	-0.704563	116.470015	0.007175	9.0
1571	-0.806262	116.428214	0.007412	10.6
1572	-1.253353	116.386454	0.010864	7.6
1573	-0.862826	116.344733	0.007574	7.7
1574	-0.804213	116.303052	0.005934	7.9
1575	-1.238370	116.261412	0.007932	8.8
1576	-1.196262	116.219810	0.007704	10.5
1577	-1.211657	116.178249	0.009475	8.8
1578	-1.414554	116.136727	0.012011	7.8
1579	-0.825215	116.095245	0.008321	7.8
1580	-1.176905	116.053802	0.005360	7.8
1581	-0.847020	116.012398	0.006687	10.2
1582	-1.335569	115.971034	0.012692	7.6
1583	-1.308809	115.929710	0.009510	8.5
1584	-1.157024	115.888424	0.008948	8.4
1585	-0.199331	115.847178	0.004030	7.7
1586	-0.436567	115.805970	0.005969	10.1
1587	-0.426139	115.764802	0.003808	10.0
1588	-1.313226	115.723673	0.005742	8.4
1589	-0.794958	115.682583	0.003389	8.0
1590	-0.743476	115.641532	0.007274	7.6
1591	-0.316348	115.600519	0.004988	10.5
1592	-0.188315	115.559546	0.004675	7.7
1593	-1.231165	115.518610	0.008051	7.5
1594	-1.335591	115.477714	0.007268	7.7
1595	-1.305147	115.436856	0.009953	8.6
1596	-0.885589	115.396037	0.003921	8.5
1597	-1.181086	115.355256	0.013399	8.4
1598	-1.225256	115.314514	0.005731	7.6
1599	-0.876513	115.273810	0.004181	7.5
1600	-1.262557	115.233144	0.009443	10.2
1601	-0.373477	115.192517	0.007598	8.0
1602	-1.259481	115.151927	0.009674	7.9
1603	-1.058670	115.111376	0.007125	8.0
1604	-1.255259	115.070863	0.006821	8.7
1605	-0.708092	115.030388	0.007601	10.2
1606	-0.813135	114.989951	0.006665	8.9
1607	-1.084614	114.949551	0.012678	7.6
1608	-0.980997	114.909190	0.008968	8.0
1609	-1.284642	114.868866	0.005950	7.5
1610	-0.775425	114.828580	0.007755	10.4
1611	-1.265096	114.788332	0.007953	7.5
1612	-1.293095	114.748121	0.007308	7.7
1613	-1.009818	114.707948	0.004326	7.5
1614	-1.077822	114.667812	0.005601	7.9
1615	-0.851340	114.627714	0.007291	10.3
1616	-0.912153	114.587653	0.007964	7.7
1617	-0.787583	114.547629	0.008672	7.8
1618	-0.678882	114.507643	0.012741	7.5
1619	-1.192868	114.467693	0.008598	7.6
1620	-0.047263	114.427781	0.002258	10.5
1621	-0.696877	114.387907	0.003785	7.9
1622	-0.889571	114.348069	0.009123	9.3
1623	-0.718086	114.308268	0.008599	7.3
1624	-1.211519	114.268504	0.007834	8.6
1625	-0.778559	114.228777	0.006916	9.7
1626	-0.384305	114.189086	0.006364	7.5
1627	-1.125147	114.149433	0.007506	8.3
1628	-0.895629	114.109816	0.008961	7.4
1629	-0.358028	114.070235	0.006425	7.6
1630	-1.369977	114.030692	0.009451	10.3
1631	-1.016694	113.991185	0.011767	7.6
1632	-0.756523	113.951714	0.006994	7.5
1633	-0.397670	113.912280	0.004256	7.5
1634	-1.292831	113.872882	0.007901	8.0
1635	-1.164797	113.833521	0.009332	10.0
1636	-0.898982	113.794195	0.008393	7.5
1637	-0.950071	113.754906	0.010300	7.6
1638	-1.009872	113.715653	0.007276	7.5
1639	-1.280202	113.676437	0.004411	7.6
1640	-0.733131	113.637256	0.005376	12.1
1641	-0.961715	113.598111	0.007132	12.3
1642	-1.052717	113.559002	0.010302	8.5
1643	-0.584521	113.519929	0.003717	13.3
1644	-1.161818	113.480892	0.008793	14.2
1645	-0.715016	113.441891	0.009497	8.7
1646	-1.214908	113.402925	0.005737	8.3
1647	-1.228139	113.363995	0.007198	8.2
1648	-1.268628	113.325101	0.012146	12.0
1649	-0.859866	113.286242	0.007671	8.3
1650	-1.354459	113.247419	0.011359	9.5
1651	-0.721418	113.208631	0.005968	12.6
1652	-1.112824	113.169879	0.008038	14.4
1653	-0.467346	113.131162	0.007940	8.6
1654	-1.268457	113.092480	0.012346	8.9
1655	-0.604780	113.053833	0.009147	10.5
1656	-0.383879	113.015222	0.005814	7.8
1657	-1.171252	112.976646	0.008244	11.8
1658	-0.219306	112.938105	0.004433	8.7
1659	-1.198157	112.899599	0.006655	8.0
1660	-0.992521	112.861128	0.008693	10.0
1661	-0.890362	112.822692	0.009172	8.8
1662	-0.656953	112.784291	0.003974	8.9
1663	-0.388278	112.745924	0.002821	10.3
1664	-0.748969	112.707593	0.004185	9.5
1665	-1.164381	112.669296	0.006501	10.3
1666	-0.510696	112.631034	0.006469	8.0
1667	-0.714306	112.592806	0.008281	7.7
1668	-1.241263	112.554613	0.005575	7.7
1669	-0.774995	112.516455	0.005668	11.3
1670	-1.203949	112.478331	0.006799	7.7
1671	-1.258087	112.440241	0.011273	9.8
1672	-0.620415	112.402186	0.008239	8.5
1673	-0.117831	112.364165	0.005287	8.1
1674	-1.218472	112.326179	0.006973	9.7
1675	-1.340195	112.288227	0.009249	9.6
1676	-0.809130	112.250309	0.008420	7.5
1677	-1.204092	112.212425	0.010263	7.7
1678	-1.099878	112.174575	0.007868	10.1
1679	-0.395106	112.136759	0.005040	9.0
1680	-0.627827	112.098977	0.006877	8.0
1681	-0.319564	112.061229	0.003298	7.6
1682	-1.087845	112.023515	0.005031	8.6
1683	-0.596598	111.985834	0.006725	9.4
1684	-1.320206	111.948188	0.007029	7.9
1685	-1.230123	111.910575	0.007457	8.7
1686	-0.692331	111.872996	0.005480	7.8
1687	-0.817013	111.835450	0.009727	9.3
1688	-0.457019	111.797939	0.005638	10.8
1689	-0.737541	111.760460	0.005843	7.6
1690	-0.838411	111.723015	0.008634	8.1
1691	-0.850722	111.685604	0.007770	7.9
1692	-0.758502	111.648226	0.004818	9.2
1693	-1.094950	111.610881	0.004885	8.4
1694	-1.236444	111.573570	0.006907	8.3
1695	-0.813752	111.536292	0.009209	7.5
1696	-0.968922	111.499047	0.014978	7.6
1697	-0.802218	111.461835	0.004894	10.2
1698	-1.386626	111.424656	0.009899	7.9
1699	-0.765073	111.387510	0.007477	7.0
1700	-0.968115	111.350398	0.008437	7.6
1701	-1.253020	111.313318	0.009237	7.5
1702	-0.449025	111.276271	0.003506	9.5
1703	-1.210319	111.239257	0.004339	8.2
1704	-1.225704	111.202276	0.005120	9.8
1705	-1.264604	111.165328	0.006697	7.5
1706	-0.785156	111.128412	0.008674	8.7
1707	-0.109081	111.091529	0.003437	10.2
1708	-1.312378	111.054679	0.009252	8.5
1709	-0.860809	111.017861	0.007026	7.5
1710	-0.846085	110.981076	0.006318	7.7
1711	-0.081385	110.944323	0.002686	9.7
1712	-0.993576	110.907603	0.004922	7.6
1713	-0.227378	110.870915	0.002376	8.0
1714	-1.193708	110.834259	0.010600	7.6
1715	-1.173978	110.797636	0.011233	6.7
1716	-1.119938	110.761045	0.006901	10.4
1717	-1.302762	110.724486	0.007814	8.5
1718	-1.086234	110.687959	0.009297	7.8
1719	-0.373329	110.651465	0.003573	7.0
1720	-1.200211	110.615002	0.006150	7.7
1721	-0.988036	110.578572	0.007368	11.0
1722	-0.774401	110.542173	0.005691	10.0
1723	-1.159174	110.505807	0.006354	7.9
1724	-0.997712	110.469472	0.004230	7.8
1725	-0.799704	110.433169	0.010555	7.8
1726	-1.122291	110.396898	0.009815	10.4
1727	-0.501427	110.360659	0.008036	8.9
1728	-1.294059	110.324451	0.010530	8.4
1729	-1.266468	110.288276	0.007208	7.7
1730	-0.988554	110.252131	0.012519	10.0
1731	-0.028043	110.216019	0.000596	7.9
1732	-1.249960	110.179937	0.009486	7.8
1733	-1.205203	110.143888	0.007768	7.6
1734	-0.286784	110.107869	0.005402	7.6
1735	-1.184210	110.071882	0.006114	10.2
1736	-1.241495	110.035927	0.006725	7.6
1737	-0.873373	110.000003	0.008851	7.7
1738	-0.797363	109.964110	0.007478	7.8
1739	-0.853447	109.928248	0.006232	9.3
1740	-0.957826	109.892417	0.003816	10.0
1741	-1.280785	109.856618	0.010047	8.4
1742	-1.001983	109.820850	0.010744	7.5
1743	-0.862185	109.785112	0.007060	8.9
1744	-1.207432	109.749406	0.005027	7.5
1745	-1.032865	109.713730	0.008985	10.0
1746	-0.978681	109.678086	0.003449	8.5
1747	-1.237985	109.642472	0.010085	7.9
1748	-1.467915	109.606890	0.012986	7.5
1749	-1.196462	109.571337	0.006849	7.7
1750	-0.760824	109.535816	0.008109	9.6
1751	-0.025553	109.500326	0.002124	6.1
1752	-0.781136	109.464866	0.005083	7.5
1753	-0.752686	109.429436	0.007238	7.6
1754	-1.219564	109.394038	0.015845	7.7
1755	-1.330103	109.358669	0.007642	9.0
1756	-1.307320	109.323331	0.006659	7.8
1757	-0.336323	109.288024	0.005759	7.8
1758	-0.208911	109.252747	0.004964	8.2
1759	-0.600240	109.217501	0.004642	9.2
1760	-1.276788	109.182284	0.007870	9.6
1761	-0.402319	109.147098	0.005522	7.8
1762	-1.004146	109.111942	0.004572	7.6
1763	-0.917957	109.076817	0.007257	7.6
1764	-1.260569	109.041721	0.008281	7.5
1765	-1.306641	109.006656	0.010691	10.1
1766	-1.275650	108.971620	0.011037	7.6
1767	-0.807728	108.936615	0.005403	7.8
1768	-0.815542	108.901640	0.006754	7.5
1769	-1.276980	108.866694	0.007861	7.6
1770	-1.282819	108.831779	0.008318	10.0
1771	-1.114760	108.796893	0.005949	7.7
1772	-0.818316	108.762037	0.007957	7.4
1773	-1.238595	108.727211	0.006535	8.2
1774	-1.131011	108.692415	0.004420	7.9
1775	-1.220631	108.657648	0.008622	11.1
1776	-0.063737	108.622911	0.002221	7.3
1777	-1.190742	108.588203	0.007098	9.0
1778	-1.181381	108.553525	0.006984	7.6
1779	-1.117487	108.518877	0.008861	7.7
1780	-0.577493	108.484258	0.004961	10.5
1781	-0.356085	108.449668	0.005444	7.9
1782	-0.905377	108.415108	0.003640	6.9
1783	-0.944752	108.380578	0.007983	7.9
1784	-1.419312	108.346076	0.009041	7.7
1785	-1.208338	108.311604	0.010047	10.4
1786	-1.182051	108.277161	0.011842	7.5
1787	-0.823882	108.242747	0.006705	7.6
1788	-0.463876	108.208363	0.004615	8.4
1789	-1.263075	108.174007	0.011294	7.6
1790	-0.447425	108.139681	0.007828	10.2
1791	-1.373884	108.105383	0.011875	7.8
1792	-0.539210	108.071115	0.007666	7.9
1793	-1.329272	108.036875	0.006473	9.8
1794	-1.014757	108.002665	0.007187	7.5
1795	-1.218332	107.968483	0.007660	10.1
1796	-1.233061	107.934330	0.010423	7.6
1797	-0.995394	107.900206	0.007591	8.2
1798	-1.049393	107.866111	0.008867	7.5
1799	-0.682041	107.832044	0.007567	8.2
1800	-0.787199	107.798007	0.007385	10.7
1801	-0.936329	107.763997	0.006413	7.5
1802	-1.244769	107.730017	0.008951	7.5
1803	-1.273073	107.696065	0.005406	7.5
1804	-1.023602	107.662141	0.008065	7.5
1805	-0.592700	107.628246	0.006921	10.1
1806	-1.237417	107.594379	0.010480	7.6
1807	-0.713245	107.560541	0.006406	8.0
1808	-0.663640	107.526731	0.006976	7.6
1809	-0.175112	107.492949	0.002961	7.7
1810	-1.273289	107.459196	0.010921	10.4
1811	-1.246250	107.425471	0.010051	10.3
1812	-0.698499	107.391774	0.007614	9.6
1813	-0.834414	107.358106	0.006190	7.5
1814	-1.330173	107.324465	0.010997	8.9
1815	-0.942430	107.290853	0.010105	8.8
1816	-1.262848	107.257268	0.005726	7.0
1817	-0.896241	107.223712	0.013204	7.6
1818	-0.640137	107.190184	0.007002	8.9
1819	-0.775947	107.156683	0.006627	10.5
1820	-1.229257	107.123211	0.006397	7.8
1821	-1.422712	107.089766	0.008392	7.8
1822	-1.025597	107.056349	0.005842	7.6
1823	-0.947475	107.022960	0.007803	8.4
1824	-1.010002	106.989599	0.012549	10.1
1825	-0.940945	106.956265	0.003921	7.5
1826	-1.309317	106.922960	0.012268	7.5
1827	-0.394140	106.889681	0.004977	8.2
1828	-0.608245	106.856431	0.008613	10.2
1829	-1.224353	106.823208	0.011666	10.3
1830	-1.030529	106.790012	0.009996	8.5
1831	-1.305421	106.756844	0.007722	8.4
1832	-1.258129	106.723703	0.006422	7.7
1833	-0.690411	106.690590	0.006101	9.6
1834	-0.710170	106.657505	0.007934	7.5
1835	-1.350599	106.624446	0.010385	7.5
1836	-1.275388	106.591415	0.008997	7.8
1837	-1.298505	106.558411	0.008118	8.0
1838	-1.217565	106.525435	0.011705	10.6
1839	-0.756200	106.492485	0.007768	7.8
1840	-1.263037	106.459563	0.011579	7.5
1841	-0.537572	106.426668	0.004612	9.2
1842	-1.257580	106.393800	0.010982	7.5
1843	-0.892070	106.360959	0.007203	10.1
1844	-1.289604	106.328145	0.009299	8.2
1845	-0.760738	106.295358	0.007698	9.3
1846	-1.170464	106.262598	0.009521	7.7
1847	-0.812388	106.229865	0.007833	8.7
1848	-0.883003	106.197158	0.009968	10.2
1849	-0.982254	106.164479	0.005176	7.9
1850	-0.862183	106.131826	0.006388	7.5
1851	-1.219671	106.099201	0.005634	7.5
1852	-1.180208	106.066602	0.005300	8.5
1853	-1.339149	106.034029	0.006753	8.6
1854	-0.523209	106.001483	0.007317	8.5
1855	-1.113339	105.968964	0.006635	7.6
1856	-0.829300	105.936472	0.008575	7.9
1857	-1.264453	105.904006	0.007106	9.1
1858	-0.232269	105.871566	0.003189	8.3
1859	-0.840009	105.839153	0.006125	7.7
1860	-1.306772	105.806767	0.010834	7.6
1861	-0.902620	105.774407	0.006907	8.3
1862	-0.320599	105.742073	0.006399	10.5
1863	-1.234273	105.709766	0.004447	9.9
1864	-1.059382	105.677485	0.008883	8.3
1865	-1.123913	105.645230	0.004246	8.7
1866	-0.335181	105.613001	0.003906	7.6
1867	-0.316596	105.580799	0.004796	10.5
1868	-1.333122	105.548623	0.012817	8.5
1869	-0.894684	105.516473	0.010505	7.5
1870	-0.368685	105.484349	0.008966	8.5
1871	-0.839863	105.452251	0.005735	10.2
1872	-0.592569	105.420179	0.005666	7.8
1873	-1.380590	105.388133	0.007551	7.4
1874	-0.383332	105.356113	0.005815	7.6
1875	-0.947814	105.324119	0.004693	7.1
1876	-0.900179	105.292151	0.005375	9.7
1877	-1.272655	105.260209	0.010295	9.1
1878	-0.873618	105.228293	0.006735	8.2
1879	-1.411735	105.196402	0.013723	7.9
1880	-1.264107	105.164537	0.007841	9.8
1881	-1.162356	105.132698	0.009551	9.6
1882	-0.993623	105.100885	0.011906	8.4
1883	-1.320729	105.069097	0.009353	7.5
1884	-0.875748	105.037335	0.008532	7.9
1885	-1.090629	105.005598	0.008011	10.2
1886	-0.143265	104.973887	0.002451	7.1
1887	-0.906711	104.942202	0.009445	7.8
1888	-1.187373	104.910542	0.006504	7.5
1889	-0.602845	104.878907	0.004101	7.4
1890	-0.862815	104.847298	0.007450	10.8
1891	-0.849246	104.815715	0.004993	7.7
1892	-0.293322	104.784156	0.003747	7.7
1893	-1.194173	104.752623	0.006294	7.4
1894	-0.734684	104.721116	0.007276	8.0
1895	-0.864084	104.689633	0.008311	10.2
1896	-1.014891	104.658176	0.008977	7.6
1897	-0.070358	104.626744	0.003201	7.8
1898	-0.355124	104.595337	0.002747	10.3
1899	-0.878278	104.563955	0.007753	8.3
1900	-1.435417	104.532599	0.010085	10.9
1901	-0.824493	104.501267	0.009164	7.9
1902	-1.079543	104.469960	0.003361	7.5
1903	-1.212801	104.438679	0.007234	7.7
1904	-1.085599	104.407422	0.006113	8.4
1905	-0.727840	104.376191	0.006269	8.0
1906	-0.391522	104.344984	0.002117	7.7
1907	-1.024806	104.313802	0.006407	7.5
1908	-0.828606	104.282645	0.006747	7.6
1909	-0.343003	104.251513	0.005190	9.9
1910	-1.373978	104.220405	0.008057	7.9
1911	-1.301200	104.189323	0.006944	7.5
1912	-1.263786	104.158265	0.006806	7.5
1913	-0.699648	104.127231	0.005665	7.4
1914	-0.474489	104.096222	0.003795	10.3
1915	-1.033773	104.065238	0.006746	9.8
1916	-0.756478	104.034279	0.007164	9.7
1917	-1.283824	104.003344	0.006264	8.9
1918	-1.262288	103.972433	0.005726	8.8
1919	-1.261269	103.941547	0.005084	8.5
1920	-1.462698	103.910686	0.007351	7.5
1921	-1.137774	103.879849	0.004192	7.5
1922	-0.083444	103.849036	0.003337	7.6
1923	-1.014833	103.818248	0.010046	10.4
1924	-0.218297	103.787484	0.004282	8.1
1925	-1.199263	103.756744	0.006432	7.7
1926	-1.226820	103.726029	0.007569	7.6
1927	-0.864468	103.695338	0.006375	7.6
1928	-0.208859	103.664671	0.002812	8.9
1929	-0.808273	103.634028	0.005511	7.9
1930	-0.868081	103.603409	0.010430	7.5
1931	-0.788376	103.572814	0.007871	7.5
1932	-1.210989	103.542244	0.006601	8.1
1933	-1.130403	103.511698	0.006637	12.0
1934	-1.204133	103.481175	0.007511	7.6
1935	-1.217940	103.450677	0.006537	8.9
1936	-0.883065	103.420202	0.006510	7.5
1937	-1.138215	103.389752	0.007832	7.9
1938	-0.984856	103.359325	0.006475	10.1
1939	-1.132565	103.328922	0.005268	7.8
1940	-0.208244	103.298543	0.003976	7.5
1941	-1.036154	103.268188	0.007184	8.3
1942	-1.191324	103.237857	0.006379	7.5
1943	-1.262552	103.207549	0.004742	11.1
1944	-1.235184	103.177265	0.008438	7.5
1945	-0.199692	103.147005	0.004586	7.6
1946	-0.264951	103.116768	0.004503	7.5
1947	-0.124658	103.086556	0.001574	7.6
1948	-1.156438	103.056366	0.006477	10.1
1949	-1.277221	103.026200	0.009649	8.2
1950	-1.066649	102.996058	0.004550	7.5
1951	-0.068945	102.965939	0.002381	10.2
1952	-0.431334	102.935844	0.002219	7.6
1953	-1.402463	102.905772	0.009925	12.2
1954	-0.750382	102.875724	0.005221	8.4
1955	-0.610588	102.845699	0.007166	7.6
1956	-0.486645	102.815697	0.006415	7.5
1957	-1.152421	102.785719	0.006926	10.1
1958	-0.867324	102.755764	0.007541	7.8
1959	-1.142724	102.725832	0.006808	7.5
1960	-1.134862	102.695924	0.005880	7.6
1961	-0.227445	102.666038	0.004341	7.5
1962	-1.136903	102.636176	0.008013	10.1
1963	-1.369761	102.606337	0.010704	7.7
1964	-1.100903	102.576521	0.005167	7.5
1965	-1.196995	102.546728	0.006113	7.6
1966	-1.277484	102.516959	0.008692	7.5
1967	-0.941540	102.487212	0.007484	10.5
1968	-1.224774	102.457488	0.006673	8.6
1969	-0.679662	102.427788	0.006949	8.5
1970	-0.127595	102.398110	0.003237	7.0
1971	-0.350459	102.368455	0.002917	6.5
1972	-0.831888	102.338823	0.007896	10.9
1973	-0.350420	102.309214	0.006481	7.6
1974	-1.190292	102.279628	0.009355	7.7
1975	-0.565697	102.250064	0.004778	7.6
1976	-1.425285	102.220524	0.008248	8.5
1977	-0.633189	102.191006	0.005300	10.5
1978	-1.283505	102.161511	0.007752	7.7
1979	-0.717501	102.132038	0.007959	7.7
1980	-1.248676	102.102588	0.006996	7.7
1981	-1.304164	102.073161	0.012736	7.5
1982	-0.215341	102.043757	0.002424	10.9
1983	-1.147142	102.014375	0.006658	8.6
1984	-1.310788	101.985015	0.008052	7.9
1985	-0.263425	101.955678	0.002346	6.9
1986	-0.821695	101.926364	0.006053	9.1
1987	-1.203374	101.897072	0.005697	9.8
1988	-1.319579	101.867802	0.010026	8.6
1989	-1.113031	101.838555	0.006846	7.5
1990	-0.820514	101.809330	0.005125	7.9
1991	-0.553900	101.780128	0.008406	7.5
1992	-0.263165	101.750948	0.004902	10.5
1993	-0.754372	101.721790	0.004914	7.7
1994	-1.164088	101.692654	0.009520	8.3
1995	-0.988444	101.663541	0.008911	8.2
1996	-0.282867	101.634450	0.006901	7.7
1997	-0.665343	101.605381	0.004936	10.5
1998	-0.825988	101.576335	0.008318	7.8
1999	-1.132430	101.547310	0.004293	7.6
