1:ItNr	2:Metric	3:StepSize	4:||Gradient||	Time[ms]
0	-1.495592	627.201626	0.030833	462.4
1	-0.350376	623.504937	0.010078	8.9
2	-1.081787	619.865785	0.017174	8.1
3	-0.594282	616.282728	0.009525	8.2
4	-0.458273	612.754375	0.008158	10.2
5	-1.435549	609.279381	0.030240	7.4
6	-1.025739	605.856447	0.013564	8.2
7	-1.329000	602.484317	0.047540	8.0
8	-1.346082	599.161779	0.024617	10.4
9	-0.001252	595.887656	0.000138	7.4
10	-0.787792	592.660813	0.012491	8.0
11	-1.378020	589.480151	0.031296	7.8
12	-0.919122	586.344606	0.022545	8.8
13	-0.594302	583.253145	0.007991	10.2
14	-1.286140	580.204771	0.014506	7.6
15	-0.553661	577.198517	0.011397	7.6
16	-0.364734	574.233444	0.007754	8.6
17	-0.929519	571.308645	0.019252	10.2
18	-0.702968	568.423237	0.009500	8.9
19	-1.139269	565.576365	0.024853	9.2
20	-0.758065	562.767201	0.015757	7.7
21	-1.402746	559.994938	0.027854	8.0
22	-0.486420	557.258797	0.010445	10.5
23	-0.974938	554.558018	0.026711	8.2
24	-1.337188	551.891865	0.032264	8.5
25	-0.403116	549.259621	0.013113	8.0
26	-0.709290	546.660592	0.020055	7.7
27	-1.107396	544.094102	0.022449	9.7
28	-1.247047	541.559494	0.012386	8.3
29	-0.729117	539.056129	0.011672	8.5
30	-0.742930	536.583387	0.032054	8.2
31	-0.598702	534.140663	0.012343	7.5
32	-1.611153	531.727370	0.021506	10.0
33	-1.491960	529.342935	0.027018	8.3
34	-0.563875	526.986802	0.012440	7.8
35	-1.509925	524.658430	0.021081	8.0
36	-0.683803	522.357290	0.009284	8.2
37	-0.814240	520.082868	0.009929	9.9
38	-1.266694	517.834665	0.026284	8.4
39	-0.385527	515.612193	0.006739	8.4
40	-1.390194	513.414976	0.013295	9.8
41	-0.703399	511.242551	0.008325	8.5
42	-1.361263	509.094468	0.027298	11.1
43	-1.163141	506.970285	0.017829	7.7
44	-1.057689	504.869574	0.009719	7.1
45	-1.211304	502.791916	0.038114	8.9
46	-1.071762	500.736903	0.024115	10.2
47	-1.463546	498.704137	0.026872	8.3
48	-0.722405	496.693228	0.009178	8.2
49	-1.128988	494.703798	0.020547	8.0
50	-1.452730	492.735476	0.015789	9.0
51	-1.085015	490.787900	0.025324	11.4
52	-1.414003	488.860718	0.017888	9.6
53	-1.451161	486.953585	0.024150	8.4
54	-1.507100	485.066164	0.021786	8.3
55	-0.652674	483.198126	0.015446	9.9
56	-1.435224	481.349149	0.028032	7.7
57	-0.660967	479.518920	0.022859	7.6
58	-1.031649	477.707132	0.025653	8.8
59	-1.438860	475.913485	0.027821	9.0
60	-0.659376	474.137684	0.010304	8.9
61	-1.549958	472.379445	0.023130	8.0
62	-0.901140	470.638485	0.007337	7.3
63	-1.134697	468.914531	0.022692	10.4
64	-1.556718	467.207315	0.033690	9.5
65	-0.466545	465.516573	0.010712	9.4
66	-0.287414	463.842050	0.003132	8.9
67	-0.787225	462.183494	0.015091	8.0
68	-1.352588	460.540658	0.009094	7.8
69	-1.124517	458.913303	0.023220	10.3
70	-1.392195	457.301192	0.019870	9.8
71	-1.107891	455.704096	0.018782	8.6
72	-0.073691	454.121787	0.001002	7.7
73	-0.311536	452.554045	0.003100	9.2
74	-0.449587	451.000653	0.009715	9.2
75	-1.084679	449.461399	0.024485	8.2
76	-0.192462	447.936075	0.001857	7.6
77	-1.211174	446.424477	0.016858	8.1
78	-1.213525	444.926406	0.019557	10.5
79	-1.596908	443.441666	0.024452	8.1
80	-0.505171	441.970065	0.007729	7.7
81	-1.109792	440.511415	0.031576	8.1
82	-1.304060	439.065533	0.021903	8.3
83	-1.337356	437.632238	0.023573	10.0
84	-1.587983	436.211351	0.024003	8.7
85	-1.585215	434.802701	0.009453	7.9
86	-1.238218	433.406117	0.035509	7.6
87	-0.351680	432.021430	0.009197	8.1
88	-1.195160	430.648479	0.019498	10.0
89	-0.403708	429.287101	0.004870	8.6
90	-0.340177	427.937140	0.009659	8.1
91	-1.604560	426.598440	0.033051	7.5
92	-0.206037	425.270849	0.003095	9.1
93	-1.520234	423.954220	0.025597	11.2
94	-1.213061	422.648404	0.019636	8.0
95	-1.242924	421.353259	0.023122	8.6
96	-1.501400	420.068643	0.044554	8.0
97	-0.860636	418.794419	0.019607	11.1
98	-1.066715	417.530451	0.019270	8.2
99	-0.455982	416.276604	0.005734	7.8
100	-1.537888	415.032748	0.023028	9.2
101	-1.298652	413.798754	0.026995	8.9
102	-1.466385	412.574495	0.025272	10.9
103	-0.180713	411.359849	0.001984	8.3
104	-0.961218	410.154691	0.023141	8.8
105	-1.533329	408.958904	0.031782	7.6
106	-0.448329	407.772368	0.009157	11.1
107	-0.444926	406.594968	0.009004	8.7
108	-0.294653	405.426590	0.005885	7.9
109	-0.424901	404.267122	0.008944	9.1
110	-0.375898	403.116456	0.004383	13.1
111	-1.386455	401.974481	0.036553	7.8
112	-1.166635	400.841093	0.042115	8.5
113	-0.621027	399.716187	0.013488	8.3
114	-1.564733	398.599660	0.011792	7.8
115	-1.477731	397.491411	0.033937	10.2
116	-1.262843	396.391342	0.022972	10.3
117	-1.155980	395.299353	0.012546	8.2
118	-1.561842	394.215350	0.031308	8.4
119	-0.775326	393.139238	0.021372	9.5
120	-0.244711	392.070924	0.002836	8.0
121	-1.131610	391.010316	0.006423	8.4
122	-0.385410	389.957325	0.007785	8.4
123	-0.599622	388.911862	0.003550	7.3
124	-1.122972	387.873839	0.022185	10.4
125	-0.803944	386.843173	0.019693	8.5
126	-0.540796	385.819777	0.007377	7.8
127	-1.433021	384.803569	0.023332	8.6
128	-1.213359	383.794468	0.014607	8.4
129	-0.307094	382.792393	0.004631	10.1
130	-0.214905	381.797264	0.003840	8.1
131	-0.270235	380.809005	0.003327	8.4
132	-0.774497	379.827537	0.008349	9.1
133	-0.430633	378.852786	0.007926	8.4
134	-1.470972	377.884678	0.028653	10.7
135	-0.707231	376.923138	0.008151	8.5
136	-0.081826	375.968095	0.000767	8.0
137	-1.057066	375.019479	0.018207	7.7
138	-0.575693	374.077218	0.010044	10.8
139	-1.635201	373.141244	0.027591	8.7
140	-1.021942	372.211489	0.016278	8.6
141	-0.421961	371.287887	0.003578	8.6
142	-0.617768	370.370370	0.008504	7.7
143	-0.729217	369.458876	0.019210	11.0
144	-1.596889	368.553338	0.029744	7.7
145	-0.558293	367.653696	0.014797	8.1
146	-1.145886	366.759885	0.029641	7.7
147	-0.328986	365.871846	0.003811	9.2
148	-1.442501	364.989518	0.024050	8.5
149	-0.651547	364.112841	0.023402	8.3
150	-1.006211	363.241757	0.020309	8.9
151	-1.096576	362.376208	0.017921	14.7
152	-1.428185	361.516137	0.018279	10.0
153	-1.475705	360.661488	0.016243	8.0
154	-0.610152	359.812206	0.012496	9.6
155	-1.473374	358.968236	0.012832	10.1
156	-0.852643	358.129524	0.009335	11.0
157	-0.539589	357.296018	0.007579	10.1
158	-1.614469	356.467665	0.014724	8.0
159	-1.542546	355.644414	0.022581	10.1
160	-1.561244	354.826213	0.014710	6.6
161	-1.536608	354.013012	0.037759	8.3
162	-0.701924	353.204763	0.008601	13.4
163	-0.313594	352.401415	0.001646	18.5
164	-1.276508	351.602922	0.023965	9.1
165	-0.937172	350.809235	0.024954	8.9
166	-1.497990	350.020308	0.020157	8.3
167	-1.348711	349.236095	0.028985	7.1
168	-0.249145	348.456550	0.002578	10.9
169	-1.545492	347.681627	0.033113	7.8
170	-0.647299	346.911283	0.005720	8.2
171	-0.780251	346.145474	0.008545	8.0
172	-1.497035	345.384157	0.031896	7.7
173	-0.904630	344.627288	0.010776	10.2
174	-0.642128	343.874826	0.014017	9.2
175	-1.379484	343.126729	0.033730	7.1
176	-0.798431	342.382957	0.013799	7.8
177	-1.001936	341.643469	0.028809	7.4
178	-1.594538	340.908224	0.032579	10.4
179	-0.121985	340.177184	0.001587	8.6
180	-0.515158	339.450309	0.002572	8.3
181	-0.761087	338.727561	0.006314	7.7
182	-0.692111	338.008902	0.006659	7.7
183	-0.988662	337.294295	0.010067	10.1
184	-1.522212	336.583703	0.037657	9.2
185	-1.326733	335.877089	0.019950	8.0
186	-1.560525	335.174416	0.037475	7.9
187	-1.602333	334.475651	0.024411	8.1
188	-0.523850	333.780756	0.011642	10.0
189	-0.639501	333.089698	0.010731	8.4
190	-1.567404	332.402443	0.033019	7.9
191	-0.017329	331.718955	0.000068	7.6
192	-1.255222	331.039203	0.014192	7.7
193	-0.349372	330.363153	0.003075	10.4
194	-0.188689	329.690771	0.001501	8.6
195	-0.799559	329.022027	0.014767	7.8
196	-1.344758	328.356888	0.042459	8.4
197	-0.698869	327.695322	0.012156	7.4
198	-1.536373	327.037299	0.035258	10.4
199	-0.525687	326.382787	0.009834	8.5
200	-0.637302	325.731758	0.021612	8.3
201	-1.208036	325.084179	0.016863	8.2
202	-1.294122	324.440023	0.015618	8.3
203	-1.472996	323.799258	0.021838	10.8
204	-0.197152	323.161858	0.001777	8.4
205	-0.410615	322.527792	0.008285	9.2
206	-1.298319	321.897034	0.018153	8.0
207	-0.562281	321.269554	0.002518	10.5
208	-1.402651	320.645325	0.013811	8.2
209	-0.612442	320.024320	0.010210	7.8
210	-1.364572	319.406512	0.005402	7.6
211	-0.622931	318.791875	0.022898	7.8
212	-1.457183	318.180381	0.020420	11.0
213	-0.689252	317.572005	0.017619	8.5
214	-0.033510	316.966721	0.000824	8.0
215	-0.792443	316.364504	0.013511	7.5
216	-0.152453	315.765329	0.001326	8.6
217	-0.348192	315.169170	0.004340	9.6
218	-0.382543	314.576003	0.004264	8.9
219	-1.495688	313.985804	0.012111	8.5
220	-0.721872	313.398548	0.016288	8.3
221	-0.412934	312.814213	0.012936	7.8
222	-1.172473	312.232773	0.011496	9.8
223	-0.524479	311.654207	0.008329	8.4
224	-1.531053	311.078491	0.012284	8.2
225	-0.833975	310.505602	0.009766	8.0
226	-1.027648	309.935518	0.017115	7.5
227	-0.072002	309.368217	0.001359	10.5
228	-1.438703	308.803676	0.016642	8.0
229	-0.283689	308.241874	0.003957	8.4
230	-1.662107	307.682789	0.010494	7.5
231	-1.085124	307.126400	0.018499	7.8
232	-1.632594	306.572687	0.022727	10.6
233	-0.894759	306.021627	0.010313	8.6
234	-1.313961	305.473201	0.025576	8.3
235	-1.436907	304.927388	0.030445	7.8
236	-1.539585	304.384168	0.015774	7.7
237	-1.535667	303.843521	0.033735	9.7
238	-1.510193	303.305427	0.024180	8.6
239	-1.164315	302.769867	0.017212	8.2
240	-0.196768	302.236821	0.001334	8.1
241	-1.336710	301.706270	0.035532	7.7
242	-1.615489	301.178196	0.021147	9.8
243	-1.374406	300.652580	0.017866	9.1
244	-1.278492	300.129402	0.017407	8.3
245	-1.062275	299.608645	0.029084	8.2
246	-0.986874	299.090291	0.013991	8.2
247	-1.507559	298.574321	0.033609	10.8
248	-1.524301	298.060718	0.018529	7.6
249	-1.085729	297.549465	0.022120	8.4
250	-1.329663	297.040543	0.019084	8.3
251	-0.405221	296.533936	0.010889	10.6
252	-0.174591	296.029626	0.001202	7.6
253	-1.532738	295.527597	0.024072	8.0
254	-0.130355	295.027832	0.001818	8.2
255	-0.495013	294.530315	0.007319	8.1
256	-1.365892	294.035028	0.019895	10.5
257	-1.666040	293.541956	0.016748	8.0
258	-0.765560	293.051083	0.014189	7.7
259	-1.676198	292.562393	0.014546	8.3
260	-0.904148	292.075870	0.013136	7.9
261	-1.376201	291.591498	0.014813	10.3
262	-1.639402	291.109263	0.026429	8.3
263	-1.515005	290.629149	0.019110	7.7
264	-0.967433	290.151140	0.012885	8.8
265	-0.988492	289.675222	0.010972	8.6
266	-0.531758	289.201380	0.007341	9.7
267	-1.197426	288.729600	0.014681	8.4
268	-0.288074	288.259866	0.003737	8.3
269	-1.017038	287.792165	0.019204	7.7
270	-0.816504	287.326481	0.015829	9.3
271	-1.479233	286.862802	0.033329	12.5
272	-1.487267	286.401113	0.036850	8.4
273	-1.004133	285.941400	0.013899	8.1
274	-0.931184	285.483649	0.015608	8.0
275	-1.135298	285.027847	0.006197	10.8
276	-1.525086	284.573981	0.024661	7.3
277	-1.251118	284.122037	0.011680	8.4
278	-0.795119	283.672002	0.007436	8.2
279	-0.704176	283.223863	0.010752	8.1
280	-0.813228	282.777607	0.016650	10.4
281	-0.461227	282.333221	0.003533	7.6
282	-1.171629	281.890692	0.017262	8.1
283	-1.433149	281.450008	0.020126	7.8
284	-0.760345	281.011157	0.007195	7.5
285	-1.640037	280.574125	0.021733	10.2
286	-0.445429	280.138901	0.009938	8.5
287	-1.044060	279.705473	0.012139	7.6
288	-1.555349	279.273829	0.033413	8.3
289	-0.315757	278.843956	0.006576	8.3
290	-1.415863	278.415844	0.026455	10.5
291	-0.449438	277.989479	0.004858	7.7
292	-1.714795	277.564851	0.013418	8.5
293	-1.223028	277.141949	0.019015	9.2
294	-0.736663	276.720761	0.011456	7.8
295	-1.538768	276.301275	0.024548	10.1
296	-0.744854	275.883480	0.009133	7.8
297	-0.942326	275.467366	0.016251	8.1
298	-1.088950	275.052922	0.019895	8.3
299	-0.454472	274.640136	0.010755	8.6
300	-1.614295	274.228998	0.029317	9.9
301	-1.385615	273.819497	0.015846	8.7
302	-0.355935	273.411623	0.004753	7.9
303	-0.261858	273.005365	0.001997	7.6
304	-0.399575	272.600712	0.005396	8.3
305	-0.243387	272.197655	0.003855	9.8
306	-0.498290	271.796184	0.007767	8.1
307	-1.368829	271.396287	0.034585	7.5
308	-0.234430	270.997956	0.001530	8.9
309	-0.677567	270.601180	0.008185	8.2
310	-1.413629	270.205949	0.019449	11.4
311	-0.709255	269.812254	0.008806	9.6
312	-1.619623	269.420085	0.027558	9.1
313	-0.373340	269.029432	0.005029	8.3
314	-1.324743	268.640287	0.021732	7.6
315	-0.588155	268.252638	0.012642	11.5
316	-0.539656	267.866478	0.005622	8.6
317	-1.470866	267.481796	0.032203	8.9
318	-1.603007	267.098584	0.024530	7.7
319	-1.081440	266.716833	0.014268	10.2
320	-1.284380	266.336533	0.026411	8.8
321	-1.076914	265.957676	0.009396	7.6
322	-1.048586	265.580253	0.014382	8.7
323	-0.654577	265.204254	0.007967	8.5
324	-0.309309	264.829672	0.007243	11.4
325	-1.175619	264.456497	0.028176	8.3
326	-1.573048	264.084721	0.017870	6.9
327	-1.616253	263.714335	0.017788	8.7
328	-0.848941	263.345332	0.007174	10.3
329	-1.241167	262.977702	0.015760	8.9
330	-1.500785	262.611438	0.013841	8.0
331	-1.468253	262.246531	0.018326	8.1
332	-0.631158	261.882973	0.021298	7.5
333	-0.529737	261.520756	0.005127	10.0
334	-0.835964	261.159871	0.018990	7.8
335	-0.419967	260.800312	0.004603	8.4
336	-1.618388	260.442070	0.027591	8.0
337	-0.500110	260.085137	0.005303	8.3
338	-1.468514	259.729505	0.031235	10.2
339	-0.502177	259.375167	0.005418	7.6
340	-0.656558	259.022116	0.003200	9.0
341	-1.517180	258.670343	0.021145	8.0
342	-1.409324	258.319841	0.020549	8.1
343	-0.849531	257.970602	0.010145	10.0
344	-1.617810	257.622620	0.009710	6.6
345	-1.408335	257.275887	0.019649	7.7
346	-0.724077	256.930396	0.015406	8.5
347	-1.401766	256.586139	0.015199	7.6
348	-0.406368	256.243109	0.008280	10.3
349	-1.145102	255.901300	0.010944	9.0
350	-0.916816	255.560703	0.007631	7.8
351	-1.094519	255.221313	0.011332	8.3
352	-0.999810	254.883122	0.028356	8.6
353	-0.957682	254.546124	0.011424	10.7
354	-1.120845	254.210311	0.006161	7.7
355	-0.690742	253.875677	0.011986	8.9
356	-0.675148	253.542215	0.012273	8.5
357	-1.177963	253.209918	0.014973	10.2
358	-0.247218	252.878781	0.002739	8.2
359	-1.318187	252.548795	0.019398	8.2
360	-0.771615	252.219956	0.007221	7.7
361	-1.447603	251.892255	0.028081	9.3
362	-0.756395	251.565688	0.015710	11.3
363	-0.626276	251.240247	0.009012	8.0
364	-1.328151	250.915926	0.013181	8.7
365	-0.869464	250.592720	0.014589	8.3
366	-0.716680	250.270621	0.003864	9.4
367	-0.486267	249.949624	0.011981	7.7
368	-1.057730	249.629723	0.010106	8.3
369	-1.602321	249.310911	0.029272	8.1
370	-0.917067	248.993182	0.016621	7.9
371	-0.615603	248.676531	0.007996	10.7
372	-0.139929	248.360952	0.000745	8.1
373	-0.243541	248.046438	0.002849	8.7
374	-1.585774	247.732984	0.022082	8.4
375	-1.089010	247.420584	0.011811	7.7
376	-1.471652	247.109233	0.011105	9.9
377	-0.060517	246.798924	0.000815	8.2
378	-0.887768	246.489652	0.011781	8.3
379	-0.414192	246.181412	0.002850	8.0
380	-1.073854	245.874197	0.014623	8.3
381	-1.602529	245.568002	0.031166	10.6
382	-0.874947	245.262822	0.017735	7.6
383	-0.632177	244.958652	0.003657	7.6
384	-1.324847	244.655485	0.043320	8.0
385	-0.842430	244.353317	0.007572	7.4
386	-0.933779	244.052142	0.016795	10.8
387	-0.523729	243.751955	0.003600	6.9
388	-0.778058	243.452750	0.012158	8.7
389	-1.599728	243.154523	0.030167	7.7
390	-1.175181	242.857268	0.019672	8.5
391	-1.251380	242.560980	0.011849	10.7
392	-1.379812	242.265654	0.047003	8.3
393	-1.651312	241.971285	0.023085	7.8
394	-1.513103	241.677868	0.027634	9.1
395	-0.321562	241.385397	0.010389	8.6
396	-0.937519	241.093869	0.017620	10.6
397	-1.203227	240.803278	0.032799	8.5
398	-1.050561	240.513619	0.022252	7.7
399	-1.319453	240.224887	0.039522	7.7
400	-0.590420	239.937077	0.006569	10.2
401	-0.910185	239.650186	0.007759	8.0
402	-0.553884	239.364207	0.011557	8.8
403	-1.380530	239.079136	0.005808	8.2
404	-0.856254	238.794969	0.010869	7.6
405	-1.423725	238.511701	0.015134	9.6
406	-0.755972	238.229327	0.013749	8.4
407	-0.380555	237.947843	0.003372	8.5
408	-0.798350	237.667244	0.002998	8.1
409	-0.699191	237.387526	0.004477	7.7
410	-1.560737	237.108684	0.037688	10.2
411	-0.483425	236.830714	0.013429	8.0
412	-1.532072	236.553610	0.039908	8.6
413	-0.528170	236.277370	0.009440	8.1
414	-1.443250	236.001989	0.008862	8.4
415	-0.288070	235.727461	0.004110	9.7
416	-0.634678	235.453784	0.012020	8.2
417	-1.276714	235.180952	0.030850	8.9
418	-0.912109	234.908962	0.008550	8.2
419	-0.131093	234.637809	0.001103	8.3
420	-0.648487	234.367488	0.008640	10.4
421	-1.590703	234.097997	0.015575	7.9
422	-1.100798	233.829331	0.021766	8.8
423	-0.184752	233.561485	0.001578	8.1
424	-1.602958	233.294456	0.011978	10.5
425	-1.522470	233.028239	0.017811	7.8
426	-0.689295	232.762831	0.011050	8.0
427	-1.409164	232.498228	0.010636	8.0
428	-0.489785	232.234425	0.007229	8.6
429	-1.227955	231.971419	0.006541	9.9
430	-1.092976	231.709205	0.022231	8.9
431	-1.704642	231.447781	0.007700	7.6
432	-1.212298	231.187141	0.012623	8.0
433	-1.150145	230.927283	0.015399	8.0
434	-1.533392	230.668202	0.020017	10.4
435	-1.534255	230.409895	0.012427	10.8
436	-0.635942	230.152358	0.011014	9.1
437	-1.464874	229.895587	0.020845	8.9
438	-1.309103	229.639578	0.022662	8.9
439	-0.489561	229.384329	0.009262	8.3
440	-1.393736	229.129834	0.011646	8.0
441	-1.460997	228.876091	0.021032	8.3
442	-1.463760	228.623096	0.016177	7.4
443	-1.274902	228.370846	0.007129	10.7
444	-0.445702	228.119336	0.009904	7.8
445	-0.345519	227.868563	0.004640	8.3
446	-1.580414	227.618525	0.026205	7.7
447	-1.405485	227.369216	0.019105	8.9
448	-0.315556	227.120635	0.002270	10.2
449	-1.273509	226.872777	0.014852	6.9
450	-1.042335	226.625638	0.019219	9.2
451	-1.621774	226.379217	0.021629	7.8
452	-1.579288	226.133509	0.034376	8.1
453	-0.474976	225.888510	0.003616	10.4
454	-0.552334	225.644218	0.008038	8.1
455	-1.270136	225.400630	0.020331	7.8
456	-0.731621	225.157741	0.006182	8.1
457	-1.448030	224.915549	0.014880	8.0
458	-0.961914	224.674051	0.018744	10.3
459	-1.341445	224.433242	0.018024	8.1
460	-0.386992	224.193121	0.002729	7.2
461	-1.551179	223.953684	0.017936	8.5
462	-0.429728	223.714927	0.008839	8.1
463	-0.590546	223.476848	0.003907	10.3
464	-0.594842	223.239444	0.006325	7.8
465	-1.516448	223.002710	0.035561	7.9
466	-1.395887	222.766645	0.022255	8.7
467	-0.751730	222.531245	0.001823	8.6
468	-0.986370	222.296508	0.014612	10.4
469	-1.427635	222.062429	0.030631	7.7
470	-0.321339	221.829007	0.005813	7.7
471	-0.520970	221.596238	0.015959	8.3
472	-0.445076	221.364119	0.007044	8.3
473	-0.821605	221.132647	0.010101	10.1
474	-1.115958	220.901820	0.017123	8.2
475	-1.371190	220.671634	0.017532	7.5
476	-1.531317	220.442086	0.015592	8.8
477	-1.452743	220.213174	0.018784	7.8
478	-1.557480	219.984895	0.019018	10.5
479	-0.774132	219.757246	0.012804	7.9
480	-0.662450	219.530224	0.017836	8.3
481	-1.088669	219.303826	0.005657	7.2
482	-1.410252	219.078050	0.016177	8.2
483	-1.522817	218.852893	0.016385	10.7
484	-1.042401	218.628352	0.017284	8.0
485	-0.382964	218.404424	0.004316	7.9
486	-1.424260	218.181106	0.022083	7.6
487	-1.175458	217.958397	0.020999	7.8
488	-1.408227	217.736292	0.021526	10.5
489	-0.660712	217.514790	0.008116	7.9
490	-0.382195	217.293888	0.003474	6.3
491	-1.518230	217.073584	0.025421	8.7
492	-1.482103	216.853873	0.017717	8.6
493	-1.323190	216.634755	0.006661	10.3
494	-0.508599	216.416227	0.003660	7.8
495	-1.661626	216.198285	0.024678	8.5
496	-0.667077	215.980927	0.009337	8.5
497	-0.676278	215.764151	0.013499	9.3
498	-0.632177	215.547955	0.004974	11.9
499	-1.571000	215.332335	0.020966	8.1
500	-1.679040	215.117289	0.012524	8.7
501	-0.306652	214.902815	0.002986	7.4
502	-0.209789	214.688911	0.001101	10.4
503	-0.620786	214.475573	0.011519	7.7
504	-0.268540	214.262800	0.006419	8.4
505	-1.154598	214.050588	0.013017	8.2
506	-1.385287	213.838936	0.016230	8.4
507	-0.113649	213.627842	0.000838	9.7
508	-1.456574	213.417302	0.019059	7.6
509	-1.185721	213.207314	0.009718	7.3
510	-0.684941	212.997877	0.011228	7.7
511	-1.163017	212.788987	0.014107	7.5
512	-0.355685	212.580642	0.003648	11.0
513	-1.557550	212.372841	0.009978	8.1
514	-0.591123	212.165581	0.004129	10.7
515	-1.080601	211.958859	0.016658	7.0
516	-1.209651	211.752673	0.011396	8.0
517	-0.943385	211.547021	0.014364	11.4
518	-1.112270	211.341902	0.017754	7.9
519	-0.741916	211.137311	0.013158	7.6
520	-0.359418	210.933248	0.003084	8.2
521	-1.098357	210.729710	0.003499	10.5
522	-0.487214	210.526695	0.012428	8.3
523	-0.829137	210.324200	0.023525	7.5
524	-1.379271	210.122224	0.019449	8.0
525	-0.627409	209.920765	0.009225	8.0
526	-1.454727	209.719820	0.012081	10.7
527	-0.690053	209.519387	0.009492	7.9
528	-1.570499	209.319463	0.017213	9.1
529	-1.447695	209.120048	0.028574	8.4
530	-1.602801	208.921139	0.024271	8.1
531	-1.060236	208.722733	0.011660	11.7
532	-0.633101	208.524829	0.006583	8.8
533	-1.592000	208.327425	0.027414	8.1
534	-1.044150	208.130518	0.007020	7.9
535	-1.195682	207.934107	0.031231	11.2
536	-1.699548	207.738189	0.022962	8.1
537	-0.759612	207.542762	0.017031	7.6
538	-1.067199	207.347825	0.012271	6.9
539	-1.418928	207.153376	0.027301	8.8
540	-0.455810	206.959412	0.002089	10.5
541	-0.995818	206.765932	0.008377	7.4
542	-0.993414	206.572933	0.009175	8.4
543	-1.095446	206.380414	0.021464	7.8
544	-0.982278	206.188373	0.012891	8.6
545	-0.446833	205.996807	0.003332	9.6
546	-0.525194	205.805716	0.008527	8.1
547	-0.781116	205.615096	0.011918	7.7
548	-1.412138	205.424946	0.025693	8.2
549	-1.455848	205.235265	0.027749	8.1
550	-1.247472	205.046050	0.014381	10.3
551	-0.730164	204.857299	0.010474	8.2
552	-0.714604	204.669011	0.009403	7.5
553	-1.517800	204.481184	0.024936	8.4
554	-0.969033	204.293816	0.008641	8.0
555	-1.486719	204.106905	0.017459	10.4
556	-1.023611	203.920449	0.017281	7.5
557	-1.262706	203.734447	0.009458	8.0
558	-1.457954	203.548896	0.018423	8.4
559	-1.026105	203.363795	0.007690	8.6
560	-1.461264	203.179143	0.010066	10.4
561	-1.531710	202.994937	0.020865	8.1
562	-1.106641	202.811176	0.014675	7.6
563	-1.016584	202.627857	0.018305	8.0
564	-0.208292	202.444980	0.002719	8.2
565	-0.999553	202.262543	0.027744	10.2
566	-0.492317	202.080543	0.009844	8.9
567	-1.559356	201.898979	0.036469	7.7
568	-1.591823	201.717849	0.017870	7.9
569	-0.363585	201.537153	0.003186	7.2
570	-0.754699	201.356887	0.013085	10.6
571	-1.571929	201.177050	0.028537	8.4
572	-0.596088	200.997642	0.004513	8.3
573	-0.453626	200.818659	0.005864	7.7
574	-0.889770	200.640100	0.005696	8.2
575	-0.418400	200.461965	0.007897	9.8
576	-0.744978	200.284250	0.012285	8.0
577	-0.001873	200.106955	0.000065	6.2
578	-1.551644	199.930078	0.022218	8.4
579	-1.229183	199.753617	0.014807	8.0
580	-1.090221	199.577571	0.013620	10.4
581	-1.161138	199.401938	0.032938	8.3
582	-1.571772	199.226717	0.022352	7.7
583	-0.375064	199.051905	0.006427	8.3
584	-1.251000	198.877502	0.005028	8.3
585	-1.480542	198.703506	0.023790	9.8
586	-1.202572	198.529916	0.010251	8.5
587	-1.337349	198.356729	0.034889	7.8
588	-1.364368	198.183944	0.038154	9.4
589	-0.356537	198.011560	0.004735	8.9
590	-1.089206	197.839576	0.016608	10.6
591	-1.418009	197.667989	0.011557	7.5
592	-1.424748	197.496798	0.023504	8.3
593	-1.247235	197.326002	0.024075	7.4
594	-1.488907	197.155600	0.032354	10.8
595	-0.554668	196.985589	0.002329	8.1
596	-1.042078	196.815969	0.009516	8.3
597	-0.307238	196.646738	0.003207	7.7
598	-1.287188	196.477894	0.008626	7.8
599	-1.226931	196.309436	0.015168	10.5
600	-0.516951	196.141363	0.010159	8.4
601	-1.498587	195.973673	0.005400	8.0
602	-1.542885	195.806365	0.016193	8.2
603	-1.685579	195.639437	0.019785	8.0
604	-1.245809	195.472888	0.022963	9.7
605	-0.791320	195.306717	0.022115	8.1
606	-0.941199	195.140922	0.020852	7.9
607	-0.478737	194.975501	0.016978	9.1
608	-0.728648	194.810454	0.011175	7.6
609	-0.958844	194.645779	0.014294	10.1
610	-0.475133	194.481475	0.016818	7.7
611	-1.548972	194.317540	0.027125	8.0
612	-0.993635	194.153973	0.005137	8.1
613	-0.626761	193.990773	0.007043	8.3
614	-1.249124	193.827938	0.024101	10.4
615	-1.570385	193.665467	0.012504	8.4
616	-0.547251	193.503358	0.002643	9.3
617	-1.300191	193.341611	0.014978	7.8
618	-1.511876	193.180224	0.016670	8.6
619	-1.520552	193.019196	0.043213	11.1
620	-1.731170	192.858525	0.017886	7.7
621	-1.398149	192.698210	0.026923	7.6
622	-1.564030	192.538251	0.016683	9.5
623	-1.544585	192.378644	0.011715	10.6
624	-1.090292	192.219391	0.026939	7.8
625	-1.623703	192.060488	0.016800	8.0
626	-1.041102	191.901935	0.018425	7.6
627	-1.234240	191.743730	0.007436	8.8
628	-1.215054	191.585873	0.015486	10.1
629	-1.536110	191.428362	0.022878	8.0
630	-1.432301	191.271196	0.009120	7.8
631	-1.071429	191.114374	0.011498	7.1
632	-1.209657	190.957893	0.017185	8.3
633	-1.478011	190.801755	0.011719	10.2
634	-1.445404	190.645956	0.026708	6.9
635	-0.930985	190.490495	0.011545	7.8
636	-1.672587	190.335373	0.014860	7.4
637	-0.989475	190.180587	0.012116	8.4
638	-1.039145	190.026136	0.004896	10.4
639	-1.588529	189.872019	0.015806	8.1
640	-1.426425	189.718235	0.020258	7.4
641	-1.516236	189.564782	0.017179	7.4
642	-1.452533	189.411661	0.017102	8.0
643	-0.355140	189.258868	0.006450	10.9
644	-1.371674	189.106404	0.014618	7.0
645	-1.191405	188.954267	0.004419	6.7
646	-0.099297	188.802456	0.000638	9.0
647	-1.044969	188.650969	0.008842	7.7
648	-0.726235	188.499807	0.004515	9.7
649	-1.196494	188.348967	0.008371	7.9
650	-1.356372	188.198448	0.014958	7.3
651	-1.333096	188.048250	0.018395	8.0
652	-1.512530	187.898371	0.016635	8.8
653	-1.519847	187.748810	0.027829	10.0
654	-0.201459	187.599566	0.001703	7.8
655	-1.461775	187.450638	0.015654	7.6
656	-0.907737	187.302025	0.011233	8.1
657	-1.411304	187.153725	0.017267	8.1
658	-1.554199	187.005739	0.025883	10.5
659	-0.374381	186.858064	0.008775	8.2
660	-1.685289	186.710699	0.009935	7.6
661	-1.550921	186.563645	0.014950	8.5
662	-1.477710	186.416898	0.025027	8.7
663	-1.281071	186.270459	0.023630	9.9
664	-0.704971	186.124326	0.010326	8.3
665	-1.582631	185.978499	0.012393	8.4
666	-1.135508	185.832976	0.009317	7.7
667	-0.997751	185.687756	0.009031	8.0
668	-1.364923	185.542838	0.014118	9.4
669	-1.694721	185.398222	0.018791	7.8
670	-0.677001	185.253906	0.011459	8.0
671	-0.256546	185.109889	0.003876	8.5
672	-1.476114	184.966170	0.022015	7.9
673	-0.182934	184.822748	0.001697	10.4
674	-0.885360	184.679623	0.008545	8.9
675	-1.247370	184.536792	0.010759	7.5
676	-0.100187	184.394256	0.000867	8.0
677	-1.639778	184.252013	0.028250	7.8
678	-1.473900	184.110062	0.007858	10.4
679	-1.299864	183.968403	0.007304	8.3
680	-0.892263	183.827034	0.009556	8.2
681	-1.478936	183.685954	0.021140	8.5
682	-1.388956	183.545163	0.014166	7.9
683	-0.480400	183.404658	0.006851	9.9
684	-1.093647	183.264441	0.016067	8.1
685	-1.538970	183.124509	0.021778	8.1
686	-0.531324	182.984861	0.007091	7.7
687	-0.853952	182.845497	0.005943	8.2
688	-1.585939	182.706416	0.014039	8.9
689	-1.119914	182.567616	0.007792	8.2
690	-0.358446	182.429098	0.010367	7.6
691	-1.534848	182.290859	0.014169	8.0
692	-1.396167	182.152899	0.010971	7.1
693	-1.277341	182.015217	0.016703	10.8
694	-1.091599	181.877813	0.012981	8.1
695	-1.428546	181.740684	0.023609	8.4
696	-0.280375	181.603832	0.005387	7.5
697	-1.631084	181.467253	0.018749	8.1
698	-0.091020	181.330948	0.000600	10.0
699	-0.652978	181.194916	0.011462	8.2
700	-0.589880	181.059155	0.004347	8.7
701	-1.306591	180.923666	0.013282	8.3
702	-0.166651	180.788446	0.001515	7.0
703	-1.544408	180.653496	0.011485	9.8
704	-0.371438	180.518814	0.003611	8.1
705	-1.126513	180.384399	0.019002	7.7
706	-1.317452	180.250251	0.009975	8.2
707	-1.109944	180.116369	0.008398	7.6
708	-0.008958	179.982752	0.000060	10.2
709	-1.457914	179.849398	0.010569	6.9
710	-0.575656	179.716308	0.003955	7.8
711	-0.886467	179.583480	0.008377	8.1
712	-1.198305	179.450913	0.019217	8.4
713	-1.237142	179.318607	0.016251	10.7
714	-1.025800	179.186561	0.013079	7.6
715	-1.147741	179.054774	0.028772	7.7
716	-1.627409	178.923245	0.019687	8.1
717	-1.436678	178.791973	0.014491	8.6
718	-1.672637	178.660958	0.007501	10.2
719	-1.349910	178.530199	0.012653	8.1
720	-1.419931	178.399694	0.015387	8.9
721	-1.240849	178.269444	0.030990	8.0
722	-1.386400	178.139447	0.014392	8.1
723	-0.546534	178.009702	0.006683	9.7
724	-1.004451	177.880209	0.006351	7.7
725	-1.391448	177.750967	0.013475	8.7
726	-1.579083	177.621975	0.009274	8.4
727	-1.272753	177.493232	0.024115	8.2
728	-1.695479	177.364738	0.013988	10.6
729	-1.115852	177.236492	0.015446	9.0
730	-1.473305	177.108492	0.021386	8.1
731	-1.369157	176.980739	0.016928	7.1
732	-0.919638	176.853231	0.016596	9.0
733	-0.642898	176.725968	0.010459	9.5
734	-0.383903	176.598949	0.005289	8.7
735	-1.472177	176.472173	0.019772	8.0
736	-1.619939	176.345639	0.012707	8.2
737	-0.431073	176.219348	0.003635	19.2
738	-1.032403	176.093296	0.009666	16.6
739	-0.480012	175.967486	0.004109	21.3
740	-0.807006	175.841914	0.008772	9.4
741	-1.585359	175.716581	0.007576	12.5
742	-0.806027	175.591486	0.010520	9.0
743	-1.460457	175.466629	0.023611	12.8
744	-1.494835	175.342008	0.023396	14.8
745	-1.534778	175.217622	0.008238	29.5
746	-0.379515	175.093472	0.003734	21.7
747	-0.981451	174.969556	0.012063	20.0
748	-1.470206	174.845873	0.024466	10.6
749	-0.102079	174.722423	0.000730	8.4
750	-1.685333	174.599206	0.018532	8.9
751	-1.114206	174.476220	0.021787	9.2
752	-1.621061	174.353464	0.023696	9.7
753	-1.597670	174.230939	0.016339	7.8
754	-1.452226	174.108643	0.023844	8.1
755	-1.643156	173.986576	0.019264	6.7
756	-0.209617	173.864737	0.002576	9.1
757	-0.583581	173.743124	0.014632	8.1
758	-1.473843	173.621739	0.021690	7.8
759	-1.630954	173.500579	0.024624	8.9
760	-1.562694	173.379645	0.021564	8.3
761	-0.438416	173.258935	0.007275	10.3
762	-0.732256	173.138449	0.023025	8.1
763	-0.720735	173.018186	0.007784	7.2
764	-1.356558	172.898146	0.027667	9.1
765	-1.506408	172.778327	0.024894	8.2
766	-0.995309	172.658730	0.004925	10.0
767	-0.470956	172.539353	0.010698	8.6
768	-0.985502	172.420196	0.014772	7.5
769	-0.916209	172.301258	0.014785	8.2
770	-1.131952	172.182539	0.013567	8.1
771	-1.304391	172.064037	0.013823	10.3
772	-1.564125	171.945753	0.015712	9.5
773	-1.018791	171.827686	0.006973	8.2
774	-0.471064	171.709834	0.007601	8.9
775	-1.340449	171.592198	0.017753	7.8
776	-1.198365	171.474776	0.019439	10.6
777	-1.160100	171.357568	0.010003	8.0
778	-1.485390	171.240574	0.023048	8.0
779	-0.842283	171.123793	0.008686	8.5
780	-1.566280	171.007223	0.010607	10.3
781	-0.497674	170.890865	0.010443	7.7
782	-0.826191	170.774718	0.007157	8.4
783	-1.047381	170.658782	0.013809	8.8
784	-1.073623	170.543055	0.015117	8.0
785	-1.482127	170.427537	0.024325	10.1
786	-0.599246	170.312227	0.008069	7.6
787	-1.548298	170.197125	0.014931	8.6
788	-1.254113	170.082231	0.012864	9.0
789	-1.252158	169.967543	0.014321	8.3
790	-1.343549	169.853061	0.015956	10.0
791	-1.654035	169.738784	0.017482	8.3
792	-0.458196	169.624713	0.005148	7.6
793	-1.591765	169.510845	0.011221	8.6
794	-1.717898	169.397181	0.019574	9.1
795	-1.068921	169.283720	0.007873	10.4
796	-1.461762	169.170462	0.021103	9.0
797	-0.508428	169.057405	0.001906	7.7
798	-0.812240	168.944549	0.008057	8.3
799	-0.532325	168.831895	0.011213	10.6
800	-1.362971	168.719440	0.020690	9.2
801	-1.576522	168.607185	0.018310	8.6
802	-1.406081	168.495129	0.022164	8.2
803	-0.687586	168.383271	0.009649	8.0
804	-0.855693	168.271611	0.006255	10.5
805	-0.211621	168.160148	0.001848	8.4
806	-0.977244	168.048882	0.006905	7.6
807	-1.187421	167.937812	0.017849	8.7
808	-1.251132	167.826938	0.004191	10.0
809	-0.778513	167.716258	0.017149	7.8
810	-1.005095	167.605773	0.018675	7.9
811	-1.150093	167.495482	0.012167	8.5
812	-0.694780	167.385384	0.014095	8.0
813	-0.717137	167.275479	0.016768	10.0
814	-1.471967	167.165766	0.025893	8.7
815	-0.817090	167.056245	0.011506	8.5
816	-1.272012	166.946915	0.013832	7.8
817	-1.389350	166.837776	0.007948	8.1
818	-1.001026	166.728826	0.009143	11.1
819	-0.865289	166.620067	0.006733	8.9
820	-0.326876	166.511496	0.005634	8.2
821	-0.472239	166.403113	0.002227	7.0
822	-0.016524	166.294919	0.000123	10.9
823	-0.620968	166.186912	0.008356	8.6
824	-1.430315	166.079091	0.010164	9.0
825	-0.427925	165.971458	0.011490	8.3
826	-0.589605	165.864009	0.010314	7.9
827	-0.377976	165.756747	0.008637	10.1
828	-1.078148	165.649669	0.010164	7.6
829	-1.059283	165.542775	0.010214	8.8
830	-1.207274	165.436065	0.017329	7.7
831	-1.157990	165.329538	0.012790	8.0
832	-1.565712	165.223194	0.020499	10.3
833	-1.665359	165.117032	0.015310	7.7
834	-1.246418	165.011052	0.010566	9.2
835	-1.139811	164.905253	0.007598	7.9
836	-0.805520	164.799635	0.012646	8.4
837	-0.940399	164.694197	0.007839	10.1
838	-1.319424	164.588939	0.014029	8.2
839	-0.535416	164.483859	0.012669	7.9
840	-1.312980	164.378959	0.012891	8.0
841	-1.685906	164.274237	0.021447	8.1
842	-0.573920	164.169692	0.007202	10.6
843	-1.572922	164.065325	0.009959	7.7
844	-0.889570	163.961135	0.010114	7.5
845	-1.528263	163.857120	0.020358	8.3
846	-1.554125	163.753282	0.016419	8.2
847	-1.644282	163.649619	0.016776	10.5
848	-1.075863	163.546130	0.015398	7.8
849	-1.394506	163.442816	0.011912	7.7
850	-1.343985	163.339676	0.011399	8.2
851	-0.733014	163.236709	0.016882	8.5
852	-1.365276	163.133915	0.027400	10.3
853	-0.519543	163.031294	0.007574	7.2
854	-1.571496	162.928844	0.019861	7.7
855	-0.370750	162.826566	0.003810	9.4
856	-0.551828	162.724459	0.008841	7.8
857	-0.910325	162.622523	0.007730	9.3
858	-1.520352	162.520757	0.027817	8.2
859	-1.643405	162.419160	0.015053	7.9
860	-1.422134	162.317733	0.014295	8.5
861	-0.858675	162.216474	0.007228	8.1
862	-1.268105	162.115383	0.013627	10.2
863	-0.593399	162.014461	0.017817	7.8
864	-1.666222	161.913705	0.016192	7.8
865	-0.650932	161.813117	0.008573	9.1
866	-1.297532	161.712695	0.017014	8.2
867	-1.500177	161.612439	0.018976	9.1
868	-0.642797	161.512349	0.010375	9.4
869	-0.473820	161.412424	0.011963	8.4
870	-1.482625	161.312663	0.018641	7.8
871	-1.151230	161.213067	0.009610	9.1
872	-1.457017	161.113635	0.020072	9.3
873	-0.121106	161.014366	0.001001	8.3
874	-1.525988	160.915260	0.015091	7.8
875	-1.282126	160.816316	0.019106	7.8
876	-1.359646	160.717535	0.014415	10.7
877	-1.518513	160.618915	0.008870	8.6
878	-0.980189	160.520456	0.021438	8.4
879	-0.786957	160.422158	0.006336	8.0
880	-1.346149	160.324021	0.022388	7.8
881	-0.918188	160.226043	0.010032	9.7
882	-1.456461	160.128225	0.012739	8.1
883	-1.580874	160.030566	0.007942	8.4
884	-0.479321	159.933066	0.006649	8.1
885	-1.338049	159.835723	0.025384	9.7
886	-1.151945	159.738539	0.021704	8.2
887	-0.500414	159.641512	0.007895	8.5
888	-1.129308	159.544642	0.008260	8.2
889	-0.540937	159.447929	0.003333	8.6
890	-1.627493	159.351372	0.009332	10.6
891	-0.314525	159.254971	0.002056	8.7
892	-0.638466	159.158725	0.017709	8.1
893	-1.462400	159.062634	0.012123	9.3
894	-0.685708	158.966697	0.007231	9.5
895	-1.370572	158.870915	0.026398	9.1
896	-1.504480	158.775286	0.035868	8.2
897	-0.567603	158.679811	0.005244	7.9
898	-1.478672	158.584489	0.010717	7.4
899	-0.567182	158.489319	0.017020	10.8
900	-0.830904	158.394302	0.006404	8.9
901	-0.594861	158.299436	0.008901	7.7
902	-1.381380	158.204721	0.022014	8.1
903	-0.850931	158.110158	0.012552	8.2
904	-0.458351	158.015745	0.005748	9.7
905	-0.515811	157.921482	0.009376	8.3
906	-1.171215	157.827369	0.020134	8.0
907	-0.386647	157.733406	0.008997	7.9
908	-1.454662	157.639591	0.015145	8.2
909	-1.068469	157.545925	0.012466	10.1
910	-0.910591	157.452408	0.006940	7.9
911	-1.331590	157.359038	0.010083	7.9
912	-1.144852	157.265816	0.012375	8.2
913	-1.433714	157.172741	0.019055	6.5
914	-1.375233	157.079813	0.024259	10.7
915	-0.894465	156.987031	0.002779	8.4
916	-0.337883	156.894395	0.003406	8.6
917	-1.515492	156.801904	0.024008	7.7
918	-0.755023	156.709559	0.011822	7.7
919	-1.657545	156.617359	0.019927	10.1
920	-1.147709	156.525304	0.009849	8.2
921	-1.419046	156.433392	0.009543	8.1
922	-0.777193	156.341624	0.008749	7.8
923	-1.480055	156.250000	0.019001	8.1
924	-1.585520	156.158519	0.030187	10.3
925	-0.822307	156.067180	0.008859	8.7
926	-1.552599	155.975984	0.009155	7.4
927	-0.891591	155.884930	0.006637	8.0
928	-1.436273	155.794017	0.011098	6.7
929	-0.544236	155.703246	0.011284	10.7
930	-0.787415	155.612615	0.009150	8.4
931	-1.558061	155.522125	0.013962	7.6
932	-1.164804	155.431775	0.009732	9.0
933	-1.396719	155.341565	0.025011	7.9
934	-0.964668	155.251495	0.015174	9.6
935	-1.622375	155.161563	0.030777	9.1
936	-1.062298	155.071771	0.018024	8.5
937	-0.802662	154.982117	0.012004	8.3
938	-1.270063	154.892601	0.020535	8.0
939	-0.617069	154.803222	0.004061	9.9
940	-0.999361	154.713981	0.007501	7.6
941	-0.604299	154.624878	0.010161	8.7
942	-0.072491	154.535910	0.000670	8.6
943	-1.481606	154.447080	0.011099	10.1
944	-0.436631	154.358385	0.004268	7.7
945	-1.482497	154.269826	0.018101	8.1
946	-1.319980	154.181402	0.014805	8.2
947	-1.170866	154.093114	0.009402	8.2
948	-0.445132	154.004960	0.006545	9.8
949	-1.613683	153.916940	0.013831	8.1
950	-1.569731	153.829054	0.022624	7.7
951	-1.592311	153.741303	0.023164	8.3
952	-1.544102	153.653684	0.020137	8.7
953	-1.065935	153.566198	0.015421	9.6
954	-1.415733	153.478846	0.005417	9.2
955	-0.472872	153.391625	0.006044	7.5
956	-1.288507	153.304537	0.006528	8.0
957	-1.430605	153.217580	0.010048	8.2
958	-0.450290	153.130755	0.004156	10.3
959	-1.581233	153.044061	0.017740	8.0
960	-1.415452	152.957498	0.016878	8.8
961	-0.835591	152.871065	0.010175	7.6
962	-0.258242	152.784762	0.001928	8.1
963	-1.553768	152.698589	0.018339	9.7
964	-1.309829	152.612545	0.015231	8.6
965	-1.171845	152.526631	0.005054	8.2
966	-1.049989	152.440845	0.009555	7.7
967	-0.783289	152.355188	0.011330	8.3
968	-1.387352	152.269660	0.010943	9.5
969	-0.822392	152.184259	0.009165	8.6
970	-1.511696	152.098986	0.008344	8.2
971	-0.772851	152.013840	0.029235	8.1
972	-0.815612	151.928821	0.005277	7.7
973	-1.594716	151.843928	0.013797	10.3
974	-0.855323	151.759163	0.007247	8.0
975	-1.367889	151.674523	0.012895	9.1
976	-1.626076	151.590009	0.029381	8.0
977	-1.564586	151.505620	0.008786	9.0
978	-1.327685	151.421357	0.011642	10.0
979	-1.434694	151.337218	0.010592	8.4
980	-0.146938	151.253204	0.000926	8.1
981	-1.619878	151.169314	0.017714	11.7
982	-1.265925	151.085549	0.009791	11.7
983	-1.670528	151.001907	0.017515	8.2
984	-1.156131	150.918388	0.010612	7.8
985	-1.178352	150.834992	0.014028	8.2
986	-1.064448	150.751719	0.013802	11.1
987	-1.275867	150.668569	0.035932	7.5
988	-0.502559	150.585541	0.001345	8.4
989	-1.381228	150.502634	0.016186	8.1
990	-0.325146	150.419849	0.004374	8.8
991	-1.570787	150.337186	0.021235	9.8
992	-1.285456	150.254644	0.023945	8.0
993	-1.349958	150.172222	0.022906	8.0
994	-1.489249	150.089921	0.025149	8.4
995	-1.489038	150.007740	0.010702	7.1
996	-1.546400	149.925679	0.010195	10.7
997	-1.334103	149.843737	0.011935	7.7
998	-0.975380	149.761915	0.013053	8.3
999	-1.623036	149.680212	0.017207	8.4
1000	-1.279836	149.598627	0.016010	8.0
1001	-1.200463	149.517161	0.012605	9.9
1002	-1.258651	149.435814	0.008211	7.0
1003	-1.446150	149.354584	0.020909	8.3
1004	-0.897729	149.273472	0.015536	8.6
1005	-0.489581	149.192477	0.001117	8.0
1006	-1.603003	149.111599	0.021323	10.5
1007	-1.359255	149.030838	0.005308	8.3
1008	-1.615541	148.950194	0.024012	8.8
1009	-1.134111	148.869666	0.013328	8.3
1010	-0.152177	148.789253	0.000887	8.1
1011	-0.458570	148.708957	0.011511	10.6
1012	-0.969392	148.628776	0.011539	8.1
1013	-1.547914	148.548710	0.018726	7.6
1014	-0.622165	148.468759	0.008627	8.8
1015	-0.937660	148.388923	0.010922	8.0
1016	-1.220328	148.309201	0.023125	14.1
1017	-1.623786	148.229594	0.007530	15.8
1018	-1.041380	148.150100	0.012302	11.2
1019	-1.520345	148.070719	0.008277	6.9
1020	-1.384438	147.991452	0.018128	11.1
1021	-1.357707	147.912298	0.014316	7.7
1022	-0.410488	147.833257	0.006221	7.9
1023	-1.291308	147.754329	0.013463	7.7
1024	-1.180940	147.675512	0.003846	10.3
1025	-0.282659	147.596808	0.003296	7.9
1026	-1.356615	147.518216	0.015948	9.2
1027	-0.816456	147.439735	0.013701	8.7
1028	-0.610499	147.361365	0.007918	8.6
1029	-1.081667	147.283106	0.009162	10.6
1030	-0.977395	147.204958	0.010179	8.3
1031	-1.652025	147.126920	0.017181	8.1
1032	-1.580711	147.048993	0.020429	7.6
1033	-0.408681	146.971175	0.002781	11.0
1034	-0.229915	146.893468	0.001875	8.9
1035	-1.421530	146.815869	0.011032	7.9
1036	-0.449107	146.738380	0.011526	8.4
1037	-0.802889	146.661000	0.010192	7.7
1038	-1.493990	146.583729	0.014294	9.7
1039	-1.596104	146.506566	0.017368	8.4
1040	-1.340156	146.429511	0.017155	8.2
1041	-1.393671	146.352565	0.009733	7.9
1042	-0.761617	146.275726	0.009634	8.2
1043	-0.733481	146.198994	0.016018	10.1
1044	-1.165935	146.122370	0.008567	8.2
1045	-1.331025	146.045853	0.010166	8.0
1046	-0.298539	145.969442	0.005377	8.2
1047	-0.853697	145.893139	0.005961	7.7
1048	-0.205150	145.816941	0.003005	9.8
1049	-1.594216	145.740849	0.022499	8.9
1050	-0.958137	145.664863	0.006628	8.0
1051	-0.642544	145.588983	0.009303	8.2
1052	-1.691585	145.513208	0.015426	7.6
1053	-1.413845	145.437538	0.022896	10.0
1054	-0.071892	145.361973	0.001037	7.1
1055	-0.987679	145.286513	0.010672	7.3
1056	-1.335894	145.211157	0.004242	7.4
1057	-0.765307	145.135905	0.009773	7.8
1058	-1.319293	145.060757	0.010402	10.7
1059	-0.543563	144.985712	0.004533	8.3
1060	-1.556078	144.910771	0.027455	8.0
1061	-1.578095	144.835934	0.019652	8.7
1062	-0.610860	144.761199	0.005517	8.7
1063	-0.098407	144.686567	0.000949	10.9
1064	-1.584150	144.612037	0.019964	7.8
1065	-1.190121	144.537610	0.009759	8.9
1066	-0.441319	144.463285	0.002670	8.3
1067	-1.400062	144.389062	0.027508	10.2
1068	-1.078193	144.314940	0.029649	8.9
1069	-1.528393	144.240920	0.015067	8.5
1070	-0.767929	144.167001	0.009141	7.7
1071	-1.278517	144.093182	0.009921	8.9
1072	-0.159768	144.019465	0.001054	11.8
1073	-1.531627	143.945848	0.017250	8.2
1074	-1.588240	143.872331	0.007929	8.2
1075	-1.178219	143.798914	0.009229	6.7
1076	-1.145489	143.725597	0.014240	9.6
1077	-0.474546	143.652380	0.007926	9.0
1078	-1.429112	143.579262	0.013113	8.9
1079	-0.422911	143.506243	0.007346	8.5
1080	-0.971287	143.433323	0.009757	9.4
1081	-1.025252	143.360502	0.006703	8.9
1082	-1.220687	143.287780	0.018610	8.0
1083	-1.385117	143.215155	0.023090	8.2
1084	-1.658942	143.142629	0.011560	8.2
1085	-0.636565	143.070201	0.007693	11.8
1086	-0.553443	142.997870	0.005935	8.5
1087	-1.385682	142.925637	0.016871	8.8
1088	-1.399280	142.853501	0.019217	8.3
1089	-1.658736	142.781462	0.022201	8.7
1090	-1.588652	142.709519	0.017007	10.1
1091	-1.347861	142.637674	0.019487	8.1
1092	-1.311786	142.565924	0.013392	8.3
1093	-0.894717	142.494271	0.018349	8.0
1094	-0.156562	142.422714	0.001780	10.7
1095	-1.702219	142.351252	0.015008	7.7
1096	-1.570866	142.279886	0.009125	9.1
1097	-1.479008	142.208616	0.017486	7.7
1098	-1.572660	142.137440	0.024768	8.0
1099	-1.599473	142.066360	0.013541	10.0
1100	-0.647991	141.995374	0.015075	8.2
1101	-1.170278	141.924483	0.022185	7.7
1102	-0.967433	141.853685	0.015384	8.1
1103	-0.623704	141.782983	0.006400	7.0
1104	-1.260095	141.712373	0.010679	10.8
1105	-1.436394	141.641858	0.013653	7.5
1106	-1.563574	141.571436	0.009392	9.1
1107	-1.032196	141.501108	0.006714	6.7
1108	-0.983308	141.430872	0.013804	7.8
1109	-1.513214	141.360730	0.011318	11.0
1110	-1.198353	141.290680	0.012215	7.7
1111	-0.800803	141.220722	0.016738	9.0
1112	-1.194555	141.150857	0.010467	8.0
1113	-1.350182	141.081084	0.033207	8.3
1114	-1.071274	141.011403	0.010692	10.4
1115	-1.591890	140.941813	0.030365	8.7
1116	-0.941609	140.872315	0.011112	7.8
1117	-0.627346	140.802909	0.002772	8.7
1118	-1.697246	140.733593	0.023547	7.6
1119	-1.267140	140.664369	0.011211	10.2
1120	-0.876859	140.595235	0.004286	8.8
1121	-1.725275	140.526192	0.024490	7.6
1122	-1.396343	140.457239	0.023099	8.6
1123	-1.735153	140.388376	0.026313	7.9
1124	-1.346311	140.319603	0.018950	9.6
1125	-0.183286	140.250920	0.004185	7.8
1126	-0.671941	140.182326	0.003975	8.1
1127	-1.667253	140.113822	0.016086	8.6
1128	-1.276729	140.045407	0.013571	8.4
1129	-0.977297	139.977081	0.005594	9.8
1130	-1.498069	139.908844	0.032388	8.2
1131	-1.637498	139.840696	0.018990	7.7
1132	-1.243782	139.772635	0.011721	7.4
1133	-0.034168	139.704664	0.000208	8.0
1134	-1.499160	139.636780	0.013662	10.0
1135	-0.843269	139.568984	0.010733	8.1
1136	-1.593485	139.501276	0.017899	7.6
1137	-1.453569	139.433655	0.012109	8.8
1138	-0.405328	139.366122	0.012724	8.3
1139	-1.437253	139.298676	0.025076	9.9
1140	-1.383876	139.231317	0.012976	8.3
1141	-1.352472	139.164045	0.012180	8.3
1142	-0.174720	139.096859	0.002671	7.4
1143	-1.630382	139.029760	0.029695	8.4
1144	-1.401576	138.962747	0.017777	10.1
1145	-1.562646	138.895820	0.014661	8.4
1146	-0.387590	138.828978	0.004530	8.2
1147	-1.016928	138.762223	0.014039	8.5
1148	-0.271163	138.695553	0.004484	8.6
1149	-0.206379	138.628969	0.001603	10.7
1150	-1.633661	138.562469	0.020924	8.0
1151	-0.675484	138.496055	0.004663	8.2
1152	-0.845813	138.429725	0.004997	6.6
1153	-0.698406	138.363481	0.003446	10.7
1154	-0.905224	138.297320	0.007038	7.6
1155	-0.919511	138.231244	0.009254	8.6
1156	-1.002426	138.165252	0.012958	8.0
1157	-0.951910	138.099344	0.008708	7.9
1158	-1.633893	138.033520	0.015657	9.8
1159	-0.765837	137.967779	0.014044	8.8
1160	-1.770876	137.902122	0.012875	8.0
1161	-1.137888	137.836548	0.010594	8.6
1162	-1.048559	137.771057	0.006117	7.7
1163	-0.773412	137.705649	0.009099	11.4
1164	-0.642896	137.640324	0.006543	8.8
1165	-1.331026	137.575081	0.013381	7.4
1166	-1.549628	137.509921	0.017671	8.3
1167	-0.466050	137.444842	0.005647	10.5
1168	-0.391424	137.379846	0.005451	8.8
1169	-1.414303	137.314932	0.018048	7.7
1170	-0.719989	137.250100	0.004464	8.7
1171	-0.175889	137.185349	0.003098	8.1
1172	-0.480435	137.120680	0.004987	10.5
1173	-0.229560	137.056092	0.002191	7.8
1174	-1.486109	136.991585	0.015471	7.5
1175	-1.470754	136.927158	0.018612	10.3
1176	-0.267523	136.862813	0.004680	10.2
1177	-0.755991	136.798548	0.010098	8.1
1178	-1.645073	136.734363	0.016893	8.2
1179	-0.467070	136.670259	0.005136	8.2
1180	-0.367495	136.606235	0.003285	8.1
1181	-0.559938	136.542291	0.011275	10.1
1182	-1.380959	136.478426	0.005561	7.1
1183	-0.381838	136.414641	0.002476	8.3
1184	-0.250582	136.350936	0.004023	8.8
1185	-1.231987	136.287310	0.015092	8.0
1186	-0.915998	136.223763	0.005753	10.4
1187	-1.501951	136.160295	0.010472	7.7
1188	-0.953033	136.096905	0.015135	8.7
1189	-0.726315	136.033594	0.006667	6.9
1190	-0.749721	135.970362	0.015181	8.1
1191	-0.577975	135.907208	0.007652	10.5
1192	-1.249396	135.844133	0.021981	8.2
1193	-0.456760	135.781135	0.004330	8.2
1194	-1.453571	135.718215	0.022753	8.1
1195	-0.702205	135.655373	0.004957	6.6
1196	-0.813002	135.592608	0.007520	10.5
1197	-1.213710	135.529921	0.009379	7.4
1198	-0.464148	135.467311	0.004902	7.5
1199	-0.724134	135.404778	0.010658	8.3
1200	-0.710190	135.342322	0.007292	7.8
1201	-1.369600	135.279942	0.014368	9.9
1202	-0.343685	135.217640	0.006684	7.8
1203	-1.430845	135.155413	0.008450	8.5
1204	-1.149062	135.093263	0.019072	8.2
1205	-1.580877	135.031190	0.008857	7.9
1206	-0.791546	134.969192	0.010428	10.0
1207	-1.605273	134.907270	0.029551	7.7
1208	-0.997711	134.845424	0.023611	8.1
1209	-1.207708	134.783653	0.013138	9.2
1210	-0.395413	134.721958	0.003069	8.1
1211	-1.628788	134.660338	0.017863	10.2
1212	-1.576776	134.598793	0.018222	7.7
1213	-1.716811	134.537323	0.027340	8.3
1214	-0.707471	134.475927	0.009565	8.0
1215	-1.205977	134.414607	0.018738	7.9
1216	-1.160254	134.353361	0.027365	10.3
1217	-1.031821	134.292189	0.009508	6.6
1218	-1.249742	134.231092	0.014520	8.3
1219	-0.733186	134.170068	0.005849	8.0
1220	-0.734708	134.109119	0.020855	8.0
1221	-1.311924	134.048243	0.017933	9.7
1222	-1.599034	133.987441	0.016355	7.8
1223	-0.771436	133.926713	0.008663	8.2
1224	-0.088072	133.866057	0.000953	8.3
1225	-1.403206	133.805475	0.015487	8.2
1226	-0.610220	133.744966	0.002972	9.3
1227	-1.408273	133.684530	0.008072	7.5
1228	-0.902646	133.624167	0.012426	8.2
1229	-1.554367	133.563877	0.012266	7.5
1230	-0.354958	133.503658	0.003135	8.0
1231	-1.417853	133.443513	0.020282	10.8
1232	-0.126807	133.383439	0.001271	8.0
1233	-1.193778	133.323437	0.013047	8.5
1234	-1.075299	133.263508	0.009645	8.5
1235	-1.465805	133.203650	0.024239	8.4
1236	-0.063412	133.143864	0.000486	10.7
1237	-0.062590	133.084149	0.000578	8.1
1238	-1.429864	133.024506	0.015440	7.7
1239	-1.711612	132.964934	0.016389	8.2
1240	-1.335090	132.905433	0.012074	8.1
1241	-0.766815	132.846003	0.005006	10.0
1242	-1.061882	132.786643	0.007567	8.1
1243	-1.356979	132.727355	0.027112	7.8
1244	-0.375126	132.668137	0.009182	7.9
1245	-0.422077	132.608989	0.010710	9.2
1246	-1.633263	132.549912	0.019948	10.5
1247	-1.261806	132.490904	0.009686	8.0
1248	-1.000346	132.431967	0.011164	7.6
1249	-1.659256	132.373100	0.011707	8.0
1250	-0.141137	132.314302	0.002116	8.2
1251	-1.555022	132.255574	0.018291	10.5
1252	-0.744989	132.196916	0.013166	7.8
1253	-1.305885	132.138326	0.007278	7.0
1254	-1.549544	132.079806	0.024456	8.3
1255	-1.641401	132.021355	0.017809	8.7
1256	-1.658833	131.962973	0.021567	10.2
1257	-1.195367	131.904660	0.018967	8.4
1258	-1.433767	131.846415	0.012247	7.6
1259	-0.381986	131.788239	0.002877	8.3
1260	-1.246062	131.730131	0.011550	8.5
1261	-0.513242	131.672092	0.003504	10.1
1262	-0.453080	131.614121	0.004468	8.3
1263	-0.355650	131.556217	0.009711	8.7
1264	-0.178352	131.498382	0.001491	7.5
1265	-0.640026	131.440614	0.007476	9.4
1266	-0.703011	131.382914	0.006178	11.3
1267	-0.455181	131.325282	0.008987	7.9
1268	-0.585429	131.267717	0.018367	8.8
1269	-0.853497	131.210219	0.009004	7.9
1270	-1.551105	131.152788	0.015056	10.8
1271	-1.563393	131.095424	0.009391	7.6
1272	-1.578263	131.038127	0.018438	8.7
1273	-1.041164	130.980897	0.011915	8.4
1274	-1.540121	130.923733	0.027556	8.0
1275	-0.818895	130.866636	0.015208	10.1
1276	-0.374643	130.809605	0.007772	7.7
1277	-1.280522	130.752641	0.012787	8.6
1278	-1.043246	130.695742	0.008798	8.0
1279	-1.427509	130.638910	0.010239	8.2
1280	-0.783287	130.582143	0.008825	10.4
1281	-0.846075	130.525442	0.009650	8.4
1282	-0.947226	130.468807	0.015853	7.5
1283	-0.739847	130.412237	0.009280	8.5
1284	-1.070519	130.355733	0.002975	8.3
1285	-1.587170	130.299294	0.045132	10.4
1286	-0.759130	130.242920	0.008130	8.1
1287	-0.389037	130.186611	0.006287	8.3
1288	-1.539659	130.130366	0.020696	8.9
1289	-0.527509	130.074187	0.017055	8.0
1290	-1.674987	130.018072	0.019268	10.6
1291	-1.059304	129.962022	0.024618	8.8
1292	-1.667767	129.906036	0.015147	8.5
1293	-1.104968	129.850114	0.004347	7.6
1294	-1.712851	129.794257	0.014621	8.1
1295	-1.232956	129.738463	0.010469	10.1
1296	-1.511752	129.682734	0.011858	8.3
1297	-0.423226	129.627068	0.002846	7.1
1298	-1.532978	129.571466	0.023773	7.6
1299	-0.890836	129.515927	0.013134	7.9
1300	-1.404074	129.460452	0.028343	10.3
1301	-1.617583	129.405040	0.013907	8.6
1302	-0.727283	129.349692	0.019246	7.5
1303	-1.564119	129.294406	0.016904	7.6
1304	-1.323779	129.239183	0.007727	7.8
1305	-0.802535	129.184024	0.003888	10.6
1306	-1.488660	129.128927	0.006853	7.6
1307	-1.487614	129.073892	0.025235	8.0
1308	-1.540797	129.018921	0.027488	7.6
1309	-1.203463	128.964011	0.010958	8.1
1310	-1.554222	128.909164	0.014194	9.6
1311	-1.114786	128.854379	0.015307	7.8
1312	-1.320452	128.799656	0.015340	8.4
1313	-1.171292	128.744995	0.012801	8.3
1314	-1.541336	128.690396	0.008481	9.3
1315	-0.514363	128.635858	0.007944	10.7
1316	-1.440220	128.581382	0.019001	8.0
1317	-1.672685	128.526968	0.011841	7.6
1318	-0.649797	128.472615	0.008976	8.1
1319	-1.320166	128.418323	0.014063	10.3
1320	-1.475341	128.364092	0.025869	8.2
1321	-1.357114	128.309922	0.009038	8.4
1322	-0.006931	128.255814	0.000094	7.9
1323	-0.573765	128.201766	0.005597	7.6
1324	-1.636860	128.147778	0.018944	9.7
1325	-1.242082	128.093852	0.013779	8.2
1326	-1.445534	128.039985	0.014674	8.5
1327	-1.274463	127.986180	0.023628	8.2
1328	-0.669222	127.932434	0.005402	7.7
1329	-1.114811	127.878749	0.005444	9.5
1330	-0.557707	127.825123	0.003874	7.8
1331	-0.565736	127.771558	0.012299	8.5
1332	-0.501955	127.718052	0.008052	7.8
1333	-0.986028	127.664606	0.006798	7.8
1334	-1.018041	127.611220	0.008634	9.9
1335	-1.034551	127.557893	0.009547	7.6
1336	-1.019498	127.504625	0.010713	8.2
1337	-0.874428	127.451417	0.005778	7.8
1338	-1.669690	127.398268	0.016405	7.5
1339	-0.978958	127.345178	0.006704	10.2
1340	-0.400114	127.292147	0.003773	6.6
1341	-0.873740	127.239175	0.006210	7.9
1342	-0.744831	127.186261	0.007298	7.9
1343	-0.379496	127.133407	0.005317	8.1
1344	-0.925878	127.080610	0.008699	10.0
1345	-0.481420	127.027872	0.008327	8.2
1346	-1.605554	126.975193	0.020437	8.2
1347	-0.772595	126.922572	0.005709	7.5
1348	-1.352304	126.870008	0.013765	8.8
1349	-0.638791	126.817503	0.002955	9.7
1350	-0.664803	126.765056	0.002804	8.3
1351	-0.572688	126.712667	0.011699	7.8
1352	-0.247542	126.660335	0.002723	8.8
1353	-0.855128	126.608061	0.006969	7.6
1354	-0.499166	126.555844	0.006808	10.3
1355	-1.034669	126.503685	0.005902	7.9
1356	-1.468891	126.451583	0.014673	7.9
1357	-1.590799	126.399538	0.015223	8.0
1358	-1.065365	126.347550	0.021799	7.7
1359	-0.379631	126.295619	0.005231	10.4
1360	-1.311609	126.243745	0.022345	7.6
1361	-0.718783	126.191928	0.006750	8.2
1362	-1.019823	126.140168	0.015806	7.5
1363	-0.326310	126.088464	0.001803	8.8
1364	-1.488122	126.036817	0.015454	10.3
1365	-0.884962	125.985226	0.016791	8.3
1366	-1.669747	125.933691	0.019804	8.5
1367	-1.464285	125.882212	0.022510	8.2
1368	-1.608549	125.830790	0.013165	7.7
1369	-0.675837	125.779423	0.006403	9.1
1370	-0.333496	125.728113	0.002363	7.7
1371	-1.260385	125.676858	0.004858	8.7
1372	-1.479662	125.625659	0.018689	8.2
1373	-1.677759	125.574515	0.022752	7.6
1374	-1.185142	125.523427	0.013879	9.8
1375	-1.042595	125.472394	0.006175	8.0
1376	-0.543740	125.421417	0.003207	8.1
1377	-1.560391	125.370495	0.021226	7.5
1378	-1.513186	125.319628	0.020434	8.6
1379	-0.660511	125.268815	0.005135	10.2
1380	-1.400221	125.218058	0.004358	8.1
1381	-0.767814	125.167356	0.010769	8.4
1382	-1.453842	125.116708	0.006449	8.1
1383	-1.485818	125.066115	0.015840	7.7
1384	-1.669123	125.015576	0.024576	10.0
1385	-1.340012	124.965092	0.005092	8.0
1386	-0.604827	124.914662	0.009127	7.9
1387	-0.766320	124.864287	0.010282	8.1
1388	-1.210331	124.813965	0.012349	7.6
1389	-1.054578	124.763698	0.009712	10.5
1390	-1.399400	124.713485	0.012781	7.8
1391	-1.405472	124.663325	0.012104	7.9
1392	-0.842295	124.613219	0.021946	7.6
1393	-0.731730	124.563167	0.009900	8.8
1394	-1.586210	124.513168	0.021546	10.4
1395	-1.520944	124.463223	0.014954	8.9
1396	-1.602591	124.413332	0.009739	7.7
1397	-0.832670	124.363493	0.010748	8.7
1398	-0.679652	124.313708	0.011107	8.1
1399	-0.859919	124.263976	0.006059	10.5
1400	-0.918460	124.214297	0.015651	8.4
1401	-1.638174	124.164671	0.021242	7.8
1402	-0.562466	124.115097	0.004701	8.2
1403	-1.423454	124.065577	0.008680	9.5
1404	-1.026990	124.016109	0.012661	8.2
1405	-0.551353	123.966693	0.006036	9.3
1406	-1.090487	123.917330	0.003528	8.5
1407	-1.209902	123.868020	0.008645	8.9
1408	-1.611756	123.818762	0.020947	10.6
1409	-0.707575	123.769556	0.005154	8.2
1410	-1.480598	123.720402	0.008790	6.3
1411	-1.563438	123.671300	0.009269	8.5
1412	-1.458815	123.622250	0.008957	10.9
1413	-1.091330	123.573252	0.022460	8.2
1414	-0.067997	123.524305	0.000322	8.2
1415	-1.553125	123.475411	0.024306	8.0
1416	-0.862641	123.426568	0.006938	7.7
1417	-0.312641	123.377776	0.004915	9.9
1418	-1.527647	123.329036	0.015074	8.3
1419	-1.530521	123.280347	0.024473	8.1
1420	-1.345830	123.231709	0.012098	7.8
1421	-1.504830	123.183122	0.010464	7.6
1422	-1.154492	123.134587	0.013410	10.3
1423	-1.337429	123.086102	0.009765	8.5
1424	-0.967119	123.037669	0.013674	8.4
1425	-1.458437	122.989286	0.010211	7.8
1426	-0.888725	122.940954	0.007816	8.0
1427	-1.195919	122.892672	0.012658	9.9
1428	-0.634551	122.844441	0.009944	8.0
1429	-0.242674	122.796261	0.001941	7.7
1430	-1.452387	122.748130	0.015801	7.7
1431	-1.492972	122.700050	0.013933	8.3
1432	-1.159968	122.652021	0.006959	10.3
1433	-0.758033	122.604041	0.011613	7.9
1434	-1.347740	122.556111	0.012628	7.9
1435	-1.002163	122.508232	0.016638	7.8
1436	-1.403291	122.460402	0.011758	8.1
1437	-1.619064	122.412622	0.015104	10.7
1438	-1.195047	122.364891	0.017405	7.8
1439	-0.977083	122.317210	0.008193	8.1
1440	-0.751904	122.269579	0.009747	9.5
1441	-1.478612	122.221997	0.018162	9.2
1442	-0.824077	122.174465	0.008854	10.3
1443	-1.624844	122.126981	0.023734	7.7
1444	-1.098577	122.079547	0.007008	8.2
1445	-1.517409	122.032162	0.012799	8.0
1446	-0.898097	121.984826	0.013087	10.2
1447	-0.758578	121.937539	0.011814	7.5
1448	-0.792229	121.890301	0.009629	8.1
1449	-0.974555	121.843112	0.011594	7.8
1450	-0.428278	121.795971	0.003978	7.1
1451	-0.946873	121.748879	0.017280	10.1
1452	-0.436300	121.701835	0.001678	7.6
1453	-0.400906	121.654840	0.006691	8.4
1454	-1.319740	121.607893	0.011904	8.9
1455	-0.367423	121.560994	0.006707	8.0
1456	-1.383310	121.514144	0.021970	10.3
1457	-0.675499	121.467342	0.004795	6.5
1458	-1.216431	121.420588	0.009154	8.2
1459	-1.700806	121.373882	0.018245	8.4
1460	-0.993754	121.327223	0.018286	8.0
1461	-1.563480	121.280613	0.011024	10.6
1462	-0.944283	121.234050	0.006481	6.9
1463	-0.768051	121.187535	0.009292	8.5
1464	-1.409890	121.141067	0.017989	8.4
1465	-1.464763	121.094647	0.018518	8.1
1466	-1.627323	121.048274	0.029665	11.2
1467	-1.654572	121.001949	0.016580	8.5
1468	-1.413905	120.955671	0.016501	9.1
1469	-1.518972	120.909440	0.015384	6.6
1470	-0.729037	120.863256	0.008614	8.1
1471	-1.541544	120.817119	0.005964	10.9
1472	-1.269013	120.771029	0.017903	9.2
1473	-1.621259	120.724986	0.008537	7.8
1474	-0.995758	120.678990	0.022204	8.4
1475	-0.984599	120.633040	0.008943	7.9
1476	-1.488699	120.587137	0.024997	10.0
1477	-0.658513	120.541281	0.014464	8.4
1478	-1.499836	120.495471	0.004345	8.1
1479	-1.415242	120.449707	0.015554	7.5
1480	-0.799706	120.403990	0.016944	8.2
1481	-0.997497	120.358319	0.005028	10.2
1482	-1.271821	120.312694	0.008202	8.0
1483	-0.731478	120.267115	0.008849	6.9
1484	-0.438115	120.221582	0.005863	8.3
1485	-1.537161	120.176096	0.017121	7.9
1486	-0.698565	120.130655	0.005840	10.3
1487	-1.536460	120.085260	0.013652	8.1
1488	-1.472592	120.039910	0.007656	7.5
1489	-1.197432	119.994606	0.007507	8.9
1490	-1.343569	119.949348	0.006550	7.9
1491	-0.553719	119.904135	0.005794	10.0
1492	-1.194824	119.858968	0.009299	7.6
1493	-1.326382	119.813846	0.022616	8.1
1494	-0.620885	119.768769	0.010269	7.7
1495	-0.287938	119.723738	0.004949	8.0
1496	-1.406067	119.678752	0.021243	10.2
1497	-0.885992	119.633810	0.020552	7.9
1498	-0.355435	119.588914	0.002002	7.6
1499	-1.584799	119.544062	0.017585	7.8
1500	-0.316751	119.499256	0.002766	8.6
1501	-1.540755	119.454494	0.011120	9.7
1502	-1.538492	119.409777	0.012208	8.1
1503	-1.215363	119.365104	0.012970	7.7
1504	-0.418901	119.320476	0.008243	8.9
1505	-1.154130	119.275893	0.008028	7.7
1506	-1.323214	119.231353	0.013588	10.1
1507	-0.952440	119.186859	0.008898	7.2
1508	-0.851352	119.142408	0.006035	7.6
1509	-1.556973	119.098002	0.017474	8.1
1510	-1.519039	119.053639	0.018194	8.2
1511	-0.754337	119.009321	0.004400	10.5
1512	-1.419528	118.965047	0.013185	7.9
1513	-1.089086	118.920816	0.008238	7.6
1514	-1.100132	118.876630	0.014209	7.8
1515	-0.513217	118.832487	0.004574	8.3
1516	-0.417821	118.788388	0.001801	10.3
1517	-0.770340	118.744332	0.006018	8.0
1518	-0.367212	118.700320	0.005251	7.7
1519	-0.737420	118.656352	0.007609	8.6
1520	-1.097147	118.612427	0.009203	8.4
1521	-0.636729	118.568545	0.006801	10.6
1522	-1.459370	118.524706	0.010958	8.2
1523	-0.630612	118.480911	0.009167	8.2
1524	-0.529232	118.437159	0.003538	7.5
1525	-1.627159	118.393450	0.013373	8.2
1526	-1.175567	118.349784	0.026668	10.0
1527	-0.359989	118.306160	0.009072	7.9
1528	-0.532607	118.262580	0.007474	8.0
1529	-1.202793	118.219042	0.014365	8.1
1530	-0.266625	118.175548	0.003322	8.4
1531	-1.541362	118.132095	0.020733	10.1
1532	-1.353348	118.088686	0.017389	8.7
1533	-0.521388	118.045319	0.002591	7.6
1534	-0.566553	118.001994	0.007351	7.6
1535	-1.124478	117.958712	0.011789	7.5
1536	-1.477759	117.915472	0.020528	10.1
1537	-1.466966	117.872274	0.007454	7.8
1538	-1.515906	117.829118	0.014470	7.7
1539	-0.300406	117.786005	0.002308	8.3
1540	-1.512885	117.742933	0.019397	7.8
1541	-1.178188	117.699904	0.011388	9.3
1542	-0.805316	117.656916	0.009600	7.7
1543	-1.247650	117.613971	0.007998	8.2
1544	-0.462306	117.571067	0.009393	8.3
1545	-0.437946	117.528205	0.011248	7.7
1546	-0.703669	117.485384	0.002376	10.3
1547	-1.005015	117.442605	0.010691	8.1
1548	-0.975947	117.399867	0.008985	7.4
1549	-0.109677	117.357171	0.000951	7.9
1550	-1.362840	117.314517	0.010043	8.2
1551	-1.524305	117.271903	0.024225	10.3
1552	-1.426802	117.229331	0.034073	7.8
1553	-0.193648	117.186800	0.001766	8.0
1554	-0.392411	117.144311	0.001673	8.4
1555	-1.153670	117.101862	0.012677	8.2
1556	-0.671731	117.059454	0.007036	10.4
1557	-0.583012	117.017087	0.011983	7.9
1558	-0.923774	116.974762	0.015775	7.5
1559	-1.392279	116.932476	0.007386	8.1
1560	-1.636077	116.890232	0.016399	9.2
1561	-1.529629	116.848028	0.016789	9.6
1562	-0.408899	116.805865	0.005779	8.1
1563	-1.431061	116.763743	0.017205	8.6
1564	-1.623146	116.721661	0.016058	7.6
1565	-0.969437	116.679619	0.016805	7.8
1566	-0.961670	116.637618	0.007925	10.2
1567	-1.379639	116.595657	0.011170	8.0
1568	-1.298743	116.553736	0.015938	7.9
1569	-0.656654	116.511855	0.005514	7.3
1570	-1.615758	116.470015	0.015156	8.0
1571	-1.246532	116.428214	0.010551	9.9
1572	-1.502990	116.386454	0.006429	7.2
1573	-0.240250	116.344733	0.001718	7.7
1574	-1.009707	116.303052	0.013161	8.5
1575	-1.641408	116.261412	0.009475	8.5
1576	-1.568987	116.219810	0.023258	9.9
1577	-1.527665	116.178249	0.018717	8.2
1578	-1.690283	116.136727	0.021736	8.0
1579	-1.369735	116.095245	0.009758	8.8
1580	-1.245146	116.053802	0.007549	7.8
1581	-1.474299	116.012398	0.011607	9.9
1582	-1.503742	115.971034	0.022291	7.8
1583	-0.579975	115.929710	0.006523	8.1
1584	-0.927370	115.888424	0.015570	7.9
1585	-0.592106	115.847178	0.005833	9.6
1586	-0.920302	115.805970	0.004641	11.7
1587	-1.457412	115.764802	0.017517	7.5
1588	-0.767835	115.723673	0.004422	7.4
1589	-0.541386	115.682583	0.010202	7.7
1590	-1.097320	115.641532	0.012456	11.0
1591	-1.457947	115.600519	0.006995	8.4
1592	-1.155593	115.559546	0.011644	7.6
1593	-1.610204	115.518610	0.014884	7.9
1594	-0.562166	115.477714	0.009923	8.1
1595	-0.919688	115.436856	0.007284	10.2
1596	-0.382275	115.396037	0.008541	8.2
1597	-1.343030	115.355256	0.009119	7.4
1598	-1.558618	115.314514	0.016292	7.9
1599	-0.570115	115.273810	0.003652	7.6
1600	-1.197672	115.233144	0.008103	10.1
1601	-0.529525	115.192517	0.007064	9.9
1602	-1.476350	115.151927	0.024632	8.4
1603	-0.744428	115.111376	0.004946	8.9
1604	-0.465958	115.070863	0.008131	8.6
1605	-0.610793	115.030388	0.007442	9.3
1606	-0.850722	114.989951	0.010086	7.5
1607	-1.124414	114.949551	0.007980	8.4
1608	-1.486199	114.909190	0.012420	8.6
1609	-1.310870	114.868866	0.008669	9.9
1610	-1.509866	114.828580	0.021477	8.2
1611	-0.827290	114.788332	0.009166	8.0
1612	-1.322881	114.748121	0.010953	8.0
1613	-0.638235	114.707948	0.002766	7.6
1614	-0.094702	114.667812	0.000889	10.3
1615	-1.572046	114.627714	0.029473	8.1
1616	-0.781453	114.587653	0.005847	8.1
1617	-1.002847	114.547629	0.012265	7.3
1618	-1.399425	114.507643	0.030309	7.8
1619	-0.751279	114.467693	0.008122	10.4
1620	-1.602270	114.427781	0.019357	8.1
1621	-0.391977	114.387907	0.004359	7.8
1622	-0.248301	114.348069	0.002598	8.3
1623	-1.507531	114.308268	0.009756	8.0
1624	-1.632769	114.268504	0.013867	10.4
1625	-0.538927	114.228777	0.010731	8.3
1626	-0.236929	114.189086	0.003083	8.3
1627	-1.589473	114.149433	0.032443	8.2
1628	-0.849260	114.109816	0.004051	8.0
1629	-1.531945	114.070235	0.011390	9.9
1630	-0.313289	114.030692	0.005268	8.0
1631	-1.472828	113.991185	0.011439	8.1
1632	-1.574301	113.951714	0.018846	7.6
1633	-1.501855	113.912280	0.007667	7.7
1634	-0.906834	113.872882	0.015670	10.1
1635	-1.362024	113.833521	0.018302	8.7
1636	-0.453096	113.794195	0.010225	7.9
1637	-1.608032	113.754906	0.014830	8.5
1638	-0.471762	113.715653	0.005107	8.6
1639	-1.653951	113.676437	0.013525	11.5
1640	-0.959536	113.637256	0.003699	8.0
1641	-0.772959	113.598111	0.010285	7.9
1642	-0.076907	113.559002	0.000794	8.2
1643	-1.413765	113.519929	0.006933	10.4
1644	-0.894358	113.480892	0.007585	7.7
1645	-0.616151	113.441891	0.005247	8.6
1646	-1.365179	113.402925	0.016096	8.4
1647	-0.844417	113.363995	0.012149	8.0
1648	-0.812449	113.325101	0.014275	9.9
1649	-0.415348	113.286242	0.012004	7.9
1650	-0.090243	113.247419	0.001411	7.9
1651	-1.559004	113.208631	0.011974	8.6
1652	-1.295674	113.169879	0.019508	7.8
1653	-1.520827	113.131162	0.013185	10.5
1654	-1.713566	113.092480	0.011110	7.6
1655	-1.368233	113.053833	0.015367	8.3
1656	-1.416811	113.015222	0.018105	8.3
1657	-1.494132	112.976646	0.013960	8.0
1658	-1.522753	112.938105	0.012355	10.5
1659	-0.771924	112.899599	0.006821	8.5
1660	-1.542505	112.861128	0.018336	8.2
1661	-1.509338	112.822692	0.028944	7.9
1662	-1.170672	112.784291	0.015549	8.7
1663	-0.000000	112.745924	0.000000	10.8
1664	-1.269522	112.707593	0.023493	7.9
1665	-1.038965	112.669296	0.010818	7.7
1666	-0.911242	112.631034	0.022142	9.5
1667	-1.354435	112.592806	0.009431	10.6
1668	-0.968829	112.554613	0.005527	7.5
1669	-1.590578	112.516455	0.018062	9.0
1670	-0.864452	112.478331	0.014117	7.6
1671	-1.619661	112.440241	0.021560	8.2
1672	-1.283523	112.402186	0.024181	10.4
1673	-1.275652	112.364165	0.011670	8.4
1674	-0.806588	112.326179	0.002395	8.2
1675	-0.982899	112.288227	0.012669	7.9
1676	-0.839013	112.250309	0.012065	7.8
1677	-1.646003	112.212425	0.008668	9.7
1678	-0.532760	112.174575	0.007743	8.1
1679	-1.316287	112.136759	0.009918	8.6
1680	-1.416867	112.098977	0.020437	9.2
1681	-1.022538	112.061229	0.007883	7.4
1682	-1.720850	112.023515	0.012653	9.7
1683	-0.184105	111.985834	0.002090	8.6
1684	-0.631545	111.948188	0.009883	8.2
1685	-0.678227	111.910575	0.007728	8.2
1686	-0.163540	111.872996	0.000681	8.2
1687	-0.420470	111.835450	0.003503	12.2
1688	-0.518741	111.797939	0.005950	7.8
1689	-0.702869	111.760460	0.006958	8.9
1690	-1.649381	111.723015	0.010481	8.0
1691	-1.301946	111.685604	0.010420	9.8
1692	-0.628844	111.648226	0.006082	8.2
1693	-1.552418	111.610881	0.013192	8.0
1694	-0.956656	111.573570	0.012955	7.3
1695	-0.379526	111.536292	0.007984	8.0
1696	-0.000017	111.499047	0.000008	10.4
1697	-1.336919	111.461835	0.015312	7.5
1698	-0.365117	111.424656	0.002465	6.4
1699	-0.311371	111.387510	0.001032	8.5
1700	-0.590207	111.350398	0.007029	8.5
1701	-0.949944	111.313318	0.014387	10.2
1702	-0.784977	111.276271	0.006375	8.3
1703	-0.507666	111.239257	0.003223	7.5
1704	-1.661829	111.202276	0.024344	8.7
1705	-1.077164	111.165328	0.011287	7.7
1706	-1.580472	111.128412	0.023227	10.4
1707	-1.538408	111.091529	0.025380	7.6
1708	-0.892813	111.054679	0.010717	8.0
1709	-1.553062	111.017861	0.024034	8.3
1710	-1.298529	110.981076	0.013104	8.1
1711	-1.716727	110.944323	0.012541	10.4
1712	-1.360301	110.907603	0.021303	7.9
1713	-1.574147	110.870915	0.010892	7.7
1714	-1.374546	110.834259	0.015688	8.5
1715	-1.373615	110.797636	0.026784	8.4
1716	-1.075930	110.761045	0.010904	9.7
1717	-1.583319	110.724486	0.012624	8.2
1718	-1.122345	110.687959	0.010425	7.7
1719	-0.635265	110.651465	0.012234	7.8
1720	-1.441534	110.615002	0.021831	7.6
1721	-0.999902	110.578572	0.010359	10.3
1722	-0.539971	110.542173	0.003542	6.7
1723	-1.002913	110.505807	0.018187	8.1
1724	-0.851726	110.469472	0.003274	8.1
1725	-1.034133	110.433169	0.010994	8.9
1726	-1.526296	110.396898	0.010424	10.2
1727	-0.588697	110.360659	0.003176	7.9
1728	-1.592110	110.324451	0.021891	7.5
1729	-1.254766	110.288276	0.005110	8.5
1730	-1.039094	110.252131	0.008005	7.8
1731	-0.749417	110.216019	0.006355	10.2
1732	-1.710208	110.179937	0.016573	8.9
1733	-0.532066	110.143888	0.013467	7.6
1734	-1.491180	110.107869	0.007312	7.2
1735	-0.453104	110.071882	0.006259	9.0
1736	-0.528287	110.035927	0.007956	9.8
1737	-0.839879	110.000003	0.008581	8.0
1738	-0.672961	109.964110	0.007327	8.2
1739	-0.524095	109.928248	0.008087	7.6
1740	-0.850118	109.892417	0.013878	7.7
1741	-1.421235	109.856618	0.009557	10.2
1742	-1.223857	109.820850	0.009497	7.8
1743	-0.207506	109.785112	0.003572	7.7
1744	-0.365217	109.749406	0.005909	8.2
1745	-0.721773	109.713730	0.006307	8.6
1746	-1.590455	109.678086	0.017225	10.0
1747	-1.711839	109.642472	0.014506	8.1
1748	-0.123852	109.606890	0.001465	8.5
1749	-1.343311	109.571337	0.010866	8.2
1750	-0.604278	109.535816	0.013782	8.5
1751	-0.954209	109.500326	0.007859	11.2
1752	-1.393789	109.464866	0.023975	8.3
1753	-1.471308	109.429436	0.013889	8.1
1754	-1.651902	109.394038	0.015710	8.0
1755	-1.306680	109.358669	0.012691	10.1
1756	-0.438938	109.323331	0.002857	8.4
1757	-1.657131	109.288024	0.007581	7.8
1758	-0.522081	109.252747	0.005738	8.3
1759	-1.633393	109.217501	0.009722	6.8
1760	-1.253145	109.182284	0.016735	10.6
1761	-1.097136	109.147098	0.006958	8.4
1762	-1.466157	109.111942	0.017100	8.6
1763	-1.525569	109.076817	0.009634	6.9
1764	-1.672578	109.041721	0.017295	7.7
1765	-0.116343	109.006656	0.000952	10.5
1766	-1.664546	108.971620	0.036508	8.7
1767	-1.447857	108.936615	0.014238	8.3
1768	-0.817661	108.901640	0.015986	9.0
1769	-0.735553	108.866694	0.015424	9.1
1770	-1.706723	108.831779	0.016336	10.1
1771	-1.391820	108.796893	0.020714	8.4
1772	-0.125327	108.762037	0.001443	6.4
1773	-0.636453	108.727211	0.008569	8.5
1774	-0.826274	108.692415	0.009816	10.3
1775	-0.011323	108.657648	0.000160	8.0
1776	-1.191036	108.622911	0.016946	7.8
1777	-0.230838	108.588203	0.001935	8.2
1778	-1.572675	108.553525	0.013752	7.8
1779	-1.638013	108.518877	0.012648	10.2
1780	-1.382252	108.484258	0.007214	9.7
1781	-1.349601	108.449668	0.021414	7.7
1782	-0.678097	108.415108	0.009827	8.4
1783	-1.489782	108.380578	0.015051	8.0
1784	-1.135797	108.346076	0.015614	10.5
1785	-1.105354	108.311604	0.014010	9.4
1786	-0.409839	108.277161	0.004479	7.5
1787	-1.513861	108.242747	0.013669	7.7
1788	-1.074271	108.208363	0.017297	11.4
1789	-0.496975	108.174007	0.010259	8.2
1790	-1.473995	108.139681	0.010334	8.1
1791	-0.949938	108.105383	0.012037	8.2
1792	-0.843051	108.071115	0.014467	7.7
1793	-0.182760	108.036875	0.001726	10.9
1794	-0.982930	108.002665	0.010070	7.6
1795	-0.840762	107.968483	0.006161	8.3
1796	-0.999938	107.934330	0.009208	8.8
1797	-0.588876	107.900206	0.009641	8.1
1798	-1.252982	107.866111	0.015771	10.7
1799	-1.358491	107.832044	0.013215	7.6
1800	-0.828630	107.798007	0.017054	8.0
1801	-0.668138	107.763997	0.006456	7.9
1802	-1.193436	107.730017	0.013995	8.5
1803	-0.817357	107.696065	0.007036	10.6
1804	-1.262248	107.662141	0.017273	7.8
1805	-0.665392	107.628246	0.017104	7.6
1806	-0.827301	107.594379	0.007509	8.2
1807	-1.271342	107.560541	0.015132	8.8
1808	-0.175237	107.526731	0.001759	9.8
1809	-1.199551	107.492949	0.011405	9.3
1810	-0.784894	107.459196	0.002857	7.6
1811	-1.361938	107.425471	0.016480	8.6
1812	-0.954227	107.391774	0.014243	8.1
1813	-0.871514	107.358106	0.002461	10.8
1814	-1.310311	107.324465	0.009905	8.2
1815	-1.143968	107.290853	0.012019	9.3
1816	-1.219382	107.257268	0.021942	8.0
1817	-1.613800	107.223712	0.012689	10.1
1818	-1.612245	107.190184	0.010181	8.4
1819	-0.622966	107.156683	0.009957	8.3
1820	-1.633419	107.123211	0.013434	8.9
1821	-1.568797	107.089766	0.011985	8.0
1822	-1.597572	107.056349	0.021417	11.0
1823	-1.560951	107.022960	0.020817	7.6
1824	-1.686735	106.989599	0.012053	8.1
1825	-0.542725	106.956265	0.004693	7.1
1826	-0.678467	106.922960	0.011357	9.8
1827	-1.425517	106.889681	0.011211	8.1
1828	-1.406263	106.856431	0.009894	7.6
1829	-1.625231	106.823208	0.027332	8.4
1830	-1.354214	106.790012	0.013789	8.6
1831	-1.405684	106.756844	0.024997	10.4
1832	-0.157297	106.723703	0.000875	8.1
1833	-1.445612	106.690590	0.013955	8.3
1834	-1.604605	106.657505	0.008864	7.7
1835	-1.327636	106.624446	0.010851	8.2
1836	-1.405927	106.591415	0.007665	10.4
1837	-1.337260	106.558411	0.007562	8.5
1838	-1.115490	106.525435	0.011644	8.2
1839	-0.871745	106.492485	0.006005	7.7
1840	-1.206382	106.459563	0.021700	8.4
1841	-1.419051	106.426668	0.017832	9.5
1842	-1.403944	106.393800	0.013582	8.8
1843	-0.392732	106.360959	0.005152	7.9
1844	-1.165114	106.328145	0.007074	7.9
1845	-0.205278	106.295358	0.001613	8.0
1846	-0.420214	106.262598	0.010379	10.3
1847	-1.655934	106.229865	0.010460	8.5
1848	-0.824155	106.197158	0.010766	7.6
1849	-0.877167	106.164479	0.006655	7.8
1850	-0.669226	106.131826	0.008100	8.0
1851	-1.410657	106.099201	0.015364	10.2
1852	-0.663586	106.066602	0.007038	6.9
1853	-0.878861	106.034029	0.005730	7.8
1854	-0.922902	106.001483	0.009394	9.1
1855	-1.333003	105.968964	0.014791	8.7
1856	-1.631391	105.936472	0.029802	10.0
1857	-1.648066	105.904006	0.019636	8.4
1858	-0.624538	105.871566	0.011232	7.7
1859	-1.435810	105.839153	0.016112	7.9
1860	-1.559061	105.806767	0.024434	8.0
1861	-1.180826	105.774407	0.009715	10.5
1862	-0.501665	105.742073	0.007405	8.2
1863	-0.760619	105.709766	0.006234	8.0
1864	-1.504266	105.677485	0.010731	7.5
1865	-1.262801	105.645230	0.008502	8.4
1866	-0.312912	105.613001	0.004106	9.1
1867	-0.147041	105.580799	0.001150	8.5
1868	-1.322815	105.548623	0.009471	8.3
1869	-1.686157	105.516473	0.019807	7.9
1870	-0.671299	105.484349	0.012233	9.3
1871	-0.917740	105.452251	0.008344	11.1
1872	-0.800097	105.420179	0.013951	9.0
1873	-1.387955	105.388133	0.019951	8.4
1874	-0.738034	105.356113	0.003706	7.9
1875	-1.518856	105.324119	0.013154	10.8
1876	-0.651742	105.292151	0.004115	8.4
1877	-1.378866	105.260209	0.011237	8.1
1878	-1.024734	105.228293	0.011044	7.9
1879	-0.569996	105.196402	0.010177	8.3
1880	-1.361768	105.164537	0.013052	10.3
1881	-1.085963	105.132698	0.018979	8.1
1882	-1.621904	105.100885	0.022656	7.8
1883	-0.772696	105.069097	0.009056	8.1
1884	-0.617142	105.037335	0.002526	8.2
1885	-0.520880	105.005598	0.008630	10.2
1886	-1.096382	104.973887	0.010760	8.3
1887	-0.485470	104.942202	0.006753	7.7
1888	-1.569553	104.910542	0.023570	8.3
1889	-1.512158	104.878907	0.017357	8.4
1890	-0.594551	104.847298	0.006761	9.9
1891	-1.551119	104.815715	0.021897	7.9
1892	-0.085143	104.784156	0.000559	8.6
1893	-0.828217	104.752623	0.008798	9.6
1894	-0.901499	104.721116	0.011089	8.4
1895	-0.561300	104.689633	0.011274	10.3
1896	-0.847505	104.658176	0.007239	8.6
1897	-0.292273	104.626744	0.003739	8.1
1898	-1.068921	104.595337	0.008943	7.4
1899	-0.697018	104.563955	0.005818	10.4
1900	-1.506369	104.532599	0.016679	8.6
1901	-0.845846	104.501267	0.005333	8.3
1902	-1.380306	104.469960	0.011001	8.2
1903	-1.123163	104.438679	0.008319	8.4
1904	-0.947349	104.407422	0.008649	11.2
1905	-0.585955	104.376191	0.015503	7.4
1906	-0.788214	104.344984	0.006516	8.1
1907	-1.556312	104.313802	0.009944	8.9
1908	-1.687058	104.282645	0.022465	10.3
1909	-1.732510	104.251513	0.013298	8.2
1910	-0.944968	104.220405	0.007284	8.3
1911	-0.788784	104.189323	0.007991	8.0
1912	-0.120874	104.158265	0.000507	8.6
1913	-1.543123	104.127231	0.019805	10.2
1914	-0.786571	104.096222	0.003267	8.1
1915	-1.448459	104.065238	0.012092	7.9
1916	-1.131854	104.034279	0.013848	6.9
1917	-1.565664	104.003344	0.033324	9.1
1918	-0.836693	103.972433	0.012653	8.3
1919	-1.133980	103.941547	0.020813	8.0
1920	-0.712276	103.910686	0.008660	7.7
1921	-0.999253	103.879849	0.012119	9.2
1922	-1.111101	103.849036	0.018615	10.3
1923	-0.081972	103.818248	0.000199	6.7
1924	-0.687361	103.787484	0.003532	7.3
1925	-0.577759	103.756744	0.003572	7.7
1926	-1.534655	103.726029	0.008746	8.1
1927	-0.966194	103.695338	0.005175	10.0
1928	-0.580276	103.664671	0.007462	8.5
1929	-1.615433	103.634028	0.023150	7.8
1930	-0.321356	103.603409	0.002423	8.8
1931	-0.251256	103.572814	0.003077	8.0
1932	-0.877134	103.542244	0.009924	9.8
1933	-1.515141	103.511698	0.012050	8.6
1934	-1.457219	103.481175	0.024928	8.6
1935	-1.098698	103.450677	0.012840	7.2
1936	-0.576017	103.420202	0.005797	8.1
1937	-1.529625	103.389752	0.010134	10.2
1938	-1.367396	103.359325	0.009438	8.2
1939	-0.634100	103.328922	0.007472	7.8
1940	-0.594649	103.298543	0.010500	8.0
1941	-1.726608	103.268188	0.013310	8.4
1942	-0.441868	103.237857	0.008502	10.3
1943	-1.202675	103.207549	0.010705	8.0
1944	-0.313846	103.177265	0.001823	7.8
1945	-0.954403	103.147005	0.007145	7.7
1946	-1.396992	103.116768	0.008759	8.2
1947	-1.666458	103.086556	0.008904	10.4
1948	-1.007439	103.056366	0.009418	7.3
1949	-0.953998	103.026200	0.017920	8.1
1950	-1.407498	102.996058	0.011532	6.9
1951	-1.163200	102.965939	0.012274	8.0
1952	-0.735805	102.935844	0.009809	10.1
1953	-0.767869	102.905772	0.004994	7.9
1954	-1.174821	102.875724	0.006509	7.6
1955	-1.083603	102.845699	0.005460	7.7
1956	-1.538062	102.815697	0.015713	7.7
1957	-1.178295	102.785719	0.017553	10.3
1958	-1.021011	102.755764	0.008391	8.2
1959	-0.602076	102.725832	0.012229	8.2
1960	-1.021604	102.695924	0.007835	8.3
1961	-1.620922	102.666038	0.010858	8.1
1962	-0.570429	102.636176	0.006817	10.1
1963	-1.413351	102.606337	0.011786	7.3
1964	-1.654109	102.576521	0.013394	7.8
1965	-0.717355	102.546728	0.009145	7.7
1966	-0.568190	102.516959	0.006876	8.1
1967	-1.560694	102.487212	0.023184	9.6
1968	-1.684557	102.457488	0.026679	8.0
1969	-1.551900	102.427788	0.022071	7.6
1970	-0.801789	102.398110	0.009374	8.8
1971	-1.641727	102.368455	0.009963	7.7
1972	-1.240990	102.338823	0.014967	9.7
1973	-1.532133	102.309214	0.022823	8.0
1974	-1.716120	102.279628	0.010784	8.0
1975	-0.638979	102.250064	0.003854	7.0
1976	-1.404706	102.220524	0.018059	8.3
1977	-1.613238	102.191006	0.012938	10.1
1978	-0.496908	102.161511	0.004121	7.8
1979	-1.146927	102.132038	0.006646	7.5
1980	-1.549722	102.102588	0.022915	8.8
1981	-0.712722	102.073161	0.004877	7.9
1982	-0.724610	102.043757	0.006250	10.4
1983	-1.469455	102.014375	0.012800	8.3
1984	-1.629052	101.985015	0.009943	6.6
1985	-1.282775	101.955678	0.007139	11.6
1986	-0.589034	101.926364	0.003387	9.4
1987	-0.601910	101.897072	0.006621	9.6
1988	-0.655444	101.867802	0.012149	8.9
1989	-1.531995	101.838555	0.008823	8.0
1990	-1.252248	101.809330	0.014944	8.1
1991	-0.913721	101.780128	0.015941	10.4
1992	-0.591946	101.750948	0.004579	8.1
1993	-1.658807	101.721790	0.017819	7.9
1994	-1.417284	101.692654	0.007989	8.2
1995	-0.802893	101.663541	0.010514	7.7
1996	-1.742507	101.634450	0.010869	10.6
1997	-0.680704	101.605381	0.013502	7.5
1998	-0.567676	101.576335	0.007390	8.1
1999	-1.392296	101.547310	0.025814	7.8
