1:ItNr	2:Metric	3:StepSize	4:||Gradient||	Time[ms]
0	-0.942434	627.201626	0.008515	514.7
1	-0.246720	623.504937	0.003816	7.9
2	-0.422070	619.865785	0.003944	7.9
3	-0.984678	616.282728	0.008487	7.7
4	-0.601713	612.754375	0.004652	11.7
5	-0.973140	609.279381	0.009538	7.8
6	-0.773086	605.856447	0.011501	8.1
7	-0.417613	602.484317	0.006482	7.8
8	-0.761244	599.161779	0.007351	7.9
9	-0.785285	595.887656	0.008833	10.3
10	-0.764655	592.660813	0.006608	8.9
11	-0.224693	589.480151	0.003248	7.8
12	-0.365408	586.344606	0.005444	7.9
13	-0.437463	583.253145	0.007505	8.0
14	-0.436807	580.204771	0.004870	9.9
15	-0.639881	577.198517	0.008640	7.9
16	-0.789641	574.233444	0.010238	9.1
17	-0.944173	571.308645	0.011251	7.9
18	-0.542743	568.423237	0.006288	8.2
19	-0.866785	565.576365	0.012198	9.8
20	-0.180906	562.767201	0.003166	8.9
21	-0.286086	559.994938	0.004048	8.8
22	-0.832028	557.258797	0.009897	7.8
23	-0.855096	554.558018	0.006908	8.7
24	-0.336288	551.891865	0.004026	10.5
25	-1.041076	549.259621	0.008650	11.1
26	-1.128754	546.660592	0.008451	8.0
27	-1.071023	544.094102	0.010422	7.9
28	-0.251904	541.559494	0.003436	10.0
29	-1.004311	539.056129	0.006341	9.0
30	-0.837863	536.583387	0.006119	7.6
31	-0.569181	534.140663	0.008565	7.9
32	-0.933636	531.727370	0.008983	7.8
33	-0.727638	529.342935	0.010891	10.2
34	-1.042792	526.986802	0.009063	7.9
35	-0.378630	524.658430	0.004106	8.8
36	-0.759813	522.357290	0.009109	8.1
37	-1.055938	520.082868	0.010373	15.1
38	-1.108965	517.834665	0.007977	14.9
39	-0.651652	515.612193	0.008607	18.1
40	-0.402097	513.414976	0.005748	18.2
41	-0.900954	511.242551	0.006983	12.0
42	-1.189443	509.094468	0.009069	16.7
43	-1.043289	506.970285	0.008457	15.9
44	-0.553884	504.869574	0.008156	9.8
45	-1.075144	502.791916	0.006669	8.8
46	-0.921756	500.736903	0.008959	8.1
47	-0.280488	498.704137	0.003621	8.4
48	-1.061016	496.693228	0.009043	10.7
49	-1.078636	494.703798	0.009593	9.3
50	-0.018038	492.735476	0.001462	7.8
51	-1.118188	490.787900	0.007625	7.9
52	-0.870136	488.860718	0.012967	14.7
53	-0.498021	486.953585	0.009446	8.8
54	-0.944046	485.066164	0.011258	8.6
55	-0.586167	483.198126	0.005259	7.9
56	-1.041899	481.349149	0.009184	7.7
57	-0.713472	479.518920	0.008777	9.7
58	-1.066355	477.707132	0.007915	8.8
59	-0.821211	475.913485	0.008921	7.7
60	-0.698288	474.137684	0.008621	8.1
61	-1.042398	472.379445	0.008003	7.7
62	-0.728939	470.638485	0.008278	10.1
63	-1.149786	468.914531	0.008058	7.9
64	-0.700071	467.207315	0.009322	8.7
65	-0.783345	465.516573	0.009820	7.8
66	-0.220468	463.842050	0.005169	7.9
67	-0.702278	462.183494	0.009016	10.9
68	-0.751632	460.540658	0.007217	9.2
69	-0.867434	458.913303	0.007232	7.8
70	-0.808278	457.301192	0.008147	8.0
71	-0.962300	455.704096	0.007858	7.9
72	-0.547272	454.121787	0.009385	8.9
73	-0.772339	452.554045	0.008738	8.9
74	-0.732425	451.000653	0.009436	9.0
75	-0.278367	449.461399	0.003203	8.2
76	-0.915107	447.936075	0.007066	8.3
77	-1.066851	446.424477	0.006588	11.4
78	-0.591757	444.926406	0.006986	8.6
79	-0.403999	443.441666	0.003881	8.2
80	-0.559833	441.970065	0.006494	7.9
81	-1.072194	440.511415	0.008756	10.9
82	-0.663560	439.065533	0.005837	7.7
83	-0.985056	437.632238	0.008437	10.0
84	-0.945087	436.211351	0.007418	7.8
85	-1.051850	434.802701	0.012104	9.0
86	-0.214955	433.406117	0.004130	11.3
87	-0.325733	432.021430	0.003347	7.3
88	-1.038292	430.648479	0.008389	8.0
89	-0.255891	429.287101	0.005663	7.8
90	-0.850572	427.937140	0.010185	16.1
91	-0.820515	426.598440	0.009357	15.9
92	-0.543889	425.270849	0.007568	16.7
93	-1.017535	423.954220	0.009125	15.6
94	-1.219124	422.648404	0.010723	14.6
95	-0.150450	421.353259	0.004627	13.8
96	-0.840028	420.068643	0.007925	20.6
97	-1.126447	418.794419	0.009719	12.3
98	-0.629371	417.530451	0.007356	15.0
99	-1.164197	416.276604	0.009740	16.5
100	-0.084492	415.032748	0.002346	11.3
101	-0.730512	413.798754	0.005651	12.2
102	-0.385009	412.574495	0.005256	15.9
103	-0.591231	411.359849	0.006511	27.1
104	-1.060337	410.154691	0.008548	23.1
105	-0.776698	408.958904	0.007557	11.5
106	-0.753908	407.772368	0.007450	34.1
107	-0.894282	406.594968	0.007444	9.1
108	-1.023449	405.426590	0.010046	8.1
109	-0.833087	404.267122	0.008483	12.3
110	-0.260762	403.116456	0.002706	32.9
111	-0.348090	401.974481	0.004586	8.3
112	-1.149655	400.841093	0.007708	8.1
113	-1.023972	399.716187	0.010645	8.0
114	-0.638662	398.599660	0.005851	12.4
115	-0.676235	397.491411	0.006485	13.3
116	-0.247610	396.391342	0.005974	9.7
117	-0.818851	395.299353	0.008284	8.1
118	-0.707388	394.215350	0.008185	8.9
119	-0.826420	393.139238	0.006406	10.0
120	-0.651600	392.070924	0.006841	7.8
121	-0.380410	391.010316	0.004037	7.7
122	-1.144983	389.957325	0.008349	7.8
123	-0.205951	388.911862	0.004389	9.6
124	-0.802454	387.873839	0.006113	8.2
125	-0.946390	386.843173	0.005786	8.9
126	-0.532732	385.819777	0.003121	7.7
127	-0.694934	384.803569	0.004629	7.9
128	-0.618301	383.794468	0.006770	10.0
129	-1.011086	382.792393	0.006801	9.2
130	-0.000000	381.797264	0.000000	9.6
131	-0.233439	380.809005	0.006422	10.4
132	-0.000000	379.827537	0.000000	14.6
133	-1.019491	378.852786	0.008392	12.1
134	-1.139922	377.884678	0.006600	8.0
135	-1.105281	376.923138	0.009258	7.8
136	-1.124824	375.968095	0.008844	8.8
137	-0.864499	375.019479	0.006509	9.8
138	-1.087214	374.077218	0.009225	8.0
139	-1.031104	373.141244	0.008047	7.9
140	-0.592679	372.211489	0.005808	7.9
141	-1.107445	371.287887	0.009663	10.5
142	-0.569188	370.370370	0.005586	12.0
143	-0.458383	369.458876	0.004144	7.8
144	-1.015954	368.553338	0.007182	8.2
145	-0.806185	367.653696	0.008374	9.9
146	-0.898448	366.759885	0.006712	10.4
147	-0.649696	365.871846	0.012029	7.8
148	-0.818913	364.989518	0.010455	7.8
149	-0.739779	364.112841	0.007117	8.0
150	-0.897901	363.241757	0.008980	10.9
151	-0.667311	362.376208	0.007902	7.9
152	-0.463980	361.516137	0.005009	8.9
153	-0.674844	360.661488	0.008705	8.0
154	-0.804201	359.812206	0.007431	8.0
155	-1.067154	358.968236	0.011378	11.7
156	-1.037227	358.129524	0.007259	7.8
157	-1.100547	357.296018	0.009488	8.1
158	-0.204799	356.467665	0.002833	7.2
159	-0.562996	355.644414	0.006158	10.5
160	-0.868143	354.826213	0.009473	7.9
161	-0.867670	354.013012	0.013108	9.1
162	-0.451423	353.204763	0.007433	8.8
163	-0.988977	352.401415	0.008134	8.6
164	-0.495242	351.602922	0.005589	16.5
165	-0.752493	350.809235	0.006150	14.1
166	-1.121849	350.020308	0.011128	14.2
167	-0.796223	349.236095	0.007927	15.7
168	-0.492290	348.456550	0.004567	14.7
169	-1.201768	347.681627	0.008165	11.3
170	-1.138325	346.911283	0.007654	6.8
171	-1.100527	346.145474	0.009548	8.6
172	-0.553048	345.384157	0.010145	7.9
173	-1.048751	344.627288	0.009249	7.8
174	-0.752418	343.874826	0.008387	11.1
175	-1.190738	343.126729	0.008619	16.5
176	-0.069192	342.382957	0.002545	12.7
177	-1.174652	341.643469	0.006681	15.3
178	-1.106766	340.908224	0.010020	17.2
179	-1.135770	340.177184	0.007720	13.1
180	-1.158405	339.450309	0.008950	16.8
181	-0.746969	338.727561	0.006273	15.2
182	-0.691118	338.008902	0.008120	14.6
183	-0.741078	337.294295	0.007296	16.9
184	-0.719840	336.583703	0.007827	13.8
185	-1.196674	335.877089	0.007310	13.6
186	-0.149400	335.174416	0.004253	17.5
187	-0.819649	334.475651	0.008403	15.1
188	-1.023182	333.780756	0.009692	15.3
189	-1.032560	333.089698	0.009109	37.1
190	-1.052868	332.402443	0.007689	12.3
191	-1.044151	331.718955	0.008446	11.7
192	-1.082762	331.039203	0.007898	7.8
193	-0.290367	330.363153	0.004141	10.3
194	-0.983260	329.690771	0.007025	9.3
195	-1.186944	329.022027	0.007368	8.0
196	-0.734250	328.356888	0.006254	7.8
197	-0.767564	327.695322	0.007185	7.9
198	-0.030385	327.037299	0.000493	9.9
199	-0.590147	326.382787	0.006598	8.8
200	-0.680647	325.731758	0.007995	8.6
201	-0.516844	325.084179	0.005205	7.9
202	-1.144973	324.440023	0.009586	8.7
203	-0.533931	323.799258	0.003941	11.4
204	-1.059435	323.161858	0.009639	7.8
205	-0.878667	322.527792	0.008335	8.0
206	-0.609865	321.897034	0.007843	7.9
207	-1.183417	321.269554	0.008824	10.9
208	-0.948537	320.645325	0.007403	7.8
209	-0.566367	320.024320	0.007337	8.8
210	-1.084005	319.406512	0.008302	7.1
211	-1.160401	318.791875	0.008984	8.1
212	-1.206362	318.180381	0.010449	12.2
213	-0.320539	317.572005	0.004540	7.9
214	-1.090257	316.966721	0.010451	7.9
215	-0.765023	316.364504	0.005065	7.8
216	-1.022710	315.765329	0.008305	7.9
217	-0.736494	315.169170	0.007542	11.5
218	-0.548931	314.576003	0.006818	8.7
219	-0.764946	313.985804	0.009112	7.0
220	-1.235083	313.398548	0.008265	7.9
221	-0.886396	312.814213	0.008506	7.8
222	-1.220756	312.232773	0.006612	11.0
223	-0.912519	311.654207	0.005838	8.3
224	-0.042462	311.078491	0.001663	9.0
225	-0.706597	310.505602	0.009926	7.8
226	-0.813992	309.935518	0.006652	8.0
227	-0.939758	309.368217	0.011744	11.6
228	-1.049936	308.803676	0.009592	8.1
229	-0.687306	308.241874	0.006494	7.9
230	-1.126713	307.682789	0.007920	7.9
231	-0.879938	307.126400	0.007413	8.8
232	-0.387598	306.572687	0.004715	10.1
233	-0.568528	306.021627	0.006532	8.6
234	-0.465451	305.473201	0.003651	9.0
235	-0.201397	304.927388	0.005305	8.6
236	-1.139876	304.384168	0.005891	8.2
237	-0.863742	303.843521	0.007036	10.5
238	-1.252012	303.305427	0.007601	7.8
239	-0.508549	302.769867	0.006028	8.9
240	-1.030314	302.236821	0.008739	7.8
241	-1.104511	301.706270	0.008364	10.6
242	-0.732357	301.178196	0.008054	8.2
243	-0.956665	300.652580	0.006424	8.5
244	-0.897373	300.129402	0.009202	8.0
245	-0.542577	299.608645	0.006677	7.8
246	-1.026537	299.090291	0.007138	10.0
247	-0.821986	298.574321	0.004953	8.4
248	-0.858235	298.060718	0.008244	8.7
249	-0.682283	297.549465	0.006898	7.7
250	-0.679628	297.040543	0.008949	7.8
251	-0.675607	296.533936	0.007266	9.9
252	-1.003154	296.029626	0.011200	8.7
253	-0.905603	295.527597	0.009276	7.0
254	-1.261792	295.027832	0.008287	7.8
255	-1.025758	294.530315	0.011069	7.8
256	-0.659663	294.035028	0.007109	10.2
257	-1.221245	293.541956	0.009308	7.8
258	-1.051239	293.051083	0.010818	9.0
259	-0.034107	292.562393	0.003914	8.8
260	-0.934668	292.075870	0.007803	7.7
261	-1.137279	291.591498	0.009872	10.4
262	-1.045195	291.109263	0.007581	8.7
263	-0.373735	290.629149	0.004202	7.6
264	-0.319237	290.151140	0.009492	8.0
265	-0.172952	289.675222	0.003822	7.8
266	-1.072202	289.201380	0.006576	10.4
267	-0.042234	288.729600	0.002106	8.2
268	-0.962540	288.259866	0.008493	9.7
269	-1.146960	287.792165	0.010920	7.8
270	-1.133994	287.326481	0.008833	7.9
271	-0.707951	286.862802	0.011350	11.5
272	-0.971151	286.401113	0.012800	7.8
273	-0.670206	285.941400	0.006888	7.9
274	-0.689692	285.483649	0.009625	7.8
275	-0.751587	285.027847	0.006977	10.7
276	-0.700916	284.573981	0.007388	7.8
277	-0.844970	284.122037	0.006036	9.0
278	-0.737264	283.672002	0.006877	7.9
279	-1.163077	283.223863	0.007539	8.1
280	-0.486089	282.777607	0.005405	11.0
281	-0.480374	282.333221	0.004758	8.9
282	-0.629237	281.890692	0.007331	8.1
283	-1.163266	281.450008	0.007850	7.8
284	-0.688269	281.011157	0.007028	7.8
285	-0.809504	280.574125	0.006324	10.2
286	-0.451242	280.138901	0.005063	8.9
287	-0.841099	279.705473	0.008255	7.8
288	-0.765999	279.273829	0.008554	8.4
289	-0.693321	278.843956	0.005659	7.4
290	-0.707020	278.415844	0.008013	11.5
291	-0.739735	277.989479	0.007122	7.9
292	-0.736848	277.564851	0.007436	7.8
293	-0.893951	277.141949	0.008307	7.8
294	-0.577935	276.720761	0.005988	8.0
295	-0.705305	276.301275	0.006702	9.2
296	-0.891886	275.883480	0.010726	9.0
297	-0.609299	275.467366	0.008607	7.9
298	-1.088467	275.052922	0.007123	7.9
299	-1.109084	274.640136	0.007836	7.8
300	-1.134919	274.228998	0.009262	10.1
301	-0.036290	273.819497	0.001164	7.9
302	-0.766308	273.411623	0.008439	8.8
303	-0.655707	273.005365	0.005665	7.5
304	-1.136371	272.600712	0.008730	7.6
305	-1.247179	272.197655	0.008710	10.7
306	-1.060198	271.796184	0.008672	8.8
307	-1.100238	271.396287	0.010085	7.8
308	-0.177364	270.997956	0.002709	7.9
309	-0.160309	270.601180	0.002385	7.9
310	-1.135879	270.205949	0.007055	10.2
311	-0.241867	269.812254	0.003835	8.1
312	-1.220206	269.420085	0.007964	8.8
313	-1.136596	269.029432	0.009777	8.0
314	-1.148100	268.640287	0.007628	7.9
315	-0.303001	268.252638	0.005006	11.5
316	-0.304443	267.866478	0.003515	7.5
317	-1.222187	267.481796	0.008051	9.5
318	-1.087529	267.098584	0.007352	7.9
319	-0.970805	266.716833	0.007243	7.9
320	-0.427882	266.336533	0.003954	9.9
321	-1.249161	265.957676	0.007743	9.0
322	-0.805567	265.580253	0.005099	7.8
323	-0.421622	265.204254	0.003629	7.8
324	-0.739533	264.829672	0.008963	7.9
325	-0.740960	264.456497	0.005780	10.3
326	-1.046707	264.084721	0.009788	7.8
327	-0.808602	263.714335	0.007435	8.8
328	-0.066714	263.345332	0.002454	6.6
329	-0.726038	262.977702	0.005227	8.1
330	-1.116570	262.611438	0.009372	10.8
331	-1.118833	262.246531	0.007955	9.0
332	-1.143911	261.882973	0.009173	8.0
333	-0.634382	261.520756	0.005949	6.5
334	-0.575918	261.159871	0.005629	7.8
335	-0.652132	260.800312	0.008816	10.7
336	-1.073589	260.442070	0.007255	8.0
337	-0.770129	260.085137	0.005919	8.8
338	-0.637044	259.729505	0.008415	8.1
339	-1.167922	259.375167	0.006671	7.8
340	-1.036200	259.022116	0.008835	11.4
341	-0.851700	258.670343	0.007253	7.1
342	-0.079589	258.319841	0.001881	7.3
343	-0.314613	257.970602	0.003829	7.8
344	-0.258658	257.622620	0.004418	8.1
345	-0.571944	257.275887	0.007984	10.4
346	-1.145853	256.930396	0.006649	8.8
347	-1.126548	256.586139	0.010452	7.9
348	-0.422669	256.243109	0.003395	8.0
349	-1.193528	255.901300	0.006568	7.9
350	-1.214758	255.560703	0.008962	10.0
351	-0.245584	255.221313	0.005475	6.5
352	-1.162426	254.883122	0.006753	12.0
353	-1.106556	254.546124	0.007278	8.0
354	-0.174435	254.210311	0.002587	8.9
355	-1.187112	253.875677	0.006443	9.5
356	-0.767194	253.542215	0.007951	8.5
357	-1.127393	253.209918	0.009157	7.9
358	-1.000919	252.878781	0.008294	7.7
359	-0.987646	252.548795	0.009648	11.2
360	-1.151500	252.219956	0.008474	7.8
361	-0.441220	251.892255	0.005898	8.0
362	-0.307100	251.565688	0.004293	7.9
363	-0.758223	251.240247	0.006507	8.0
364	-0.810228	250.915926	0.005332	10.4
365	-0.999100	250.592720	0.007328	8.7
366	-0.965046	250.270621	0.005590	7.7
367	-0.964335	249.949624	0.007713	8.0
368	-0.444360	249.629723	0.004885	7.8
369	-0.679021	249.310911	0.008991	10.3
370	-0.848947	248.993182	0.008883	6.6
371	-0.977898	248.676531	0.008453	8.9
372	-0.831566	248.360952	0.007889	7.7
373	-1.034307	248.046438	0.007555	7.9
374	-0.873352	247.732984	0.007142	11.3
375	-1.209582	247.420584	0.007042	9.0
376	-0.728170	247.109233	0.008977	8.0
377	-0.623238	246.798924	0.008173	8.0
378	-0.226079	246.489652	0.003767	7.8
379	-0.772741	246.181412	0.007805	10.1
380	-0.841125	245.874197	0.007249	7.9
381	-1.092618	245.568002	0.008236	9.0
382	-0.763858	245.262822	0.007331	7.8
383	-0.734504	244.958652	0.007188	9.1
384	-0.845090	244.655485	0.006139	10.9
385	-1.144191	244.353317	0.008644	7.8
386	-0.602783	244.052142	0.004541	8.0
387	-0.722420	243.751955	0.006142	7.8
388	-0.247969	243.452750	0.003144	9.9
389	-0.669598	243.154523	0.006045	7.8
390	-1.063951	242.857268	0.006694	8.7
391	-1.195931	242.560980	0.008917	7.9
392	-1.060433	242.265654	0.010448	8.0
393	-0.746548	241.971285	0.006174	10.4
394	-0.616698	241.677868	0.007047	8.8
395	-0.751719	241.385397	0.007487	8.0
396	-1.149924	241.093869	0.009122	8.3
397	-0.968172	240.803278	0.007983	7.8
398	-0.209861	240.513619	0.003455	10.0
399	-1.169798	240.224887	0.006360	7.8
400	-0.000000	239.937077	0.000000	9.2
401	-1.167809	239.650186	0.010442	7.9
402	-1.155965	239.364207	0.005814	8.0
403	-0.691445	239.079136	0.005608	11.2
404	-0.982167	238.794969	0.009342	7.9
405	-0.498505	238.511701	0.004288	8.1
406	-1.184830	238.229327	0.007922	7.8
407	-0.808709	237.947843	0.008609	7.8
408	-1.036715	237.667244	0.007774	10.8
409	-0.370354	237.387526	0.003009	8.7
410	-0.576742	237.108684	0.007421	7.9
411	-0.462485	236.830714	0.006249	7.9
412	-0.751677	236.553610	0.006731	7.8
413	-0.384194	236.277370	0.004177	10.2
414	-0.502465	236.001989	0.005804	6.7
415	-0.862846	235.727461	0.006476	9.0
416	-1.032137	235.453784	0.007556	7.8
417	-1.012188	235.180952	0.008053	8.0
418	-0.845489	234.908962	0.005920	10.9
419	-0.712174	234.637809	0.007703	8.7
420	-1.150974	234.367488	0.008327	8.1
421	-0.494390	234.097997	0.005255	8.2
422	-1.189176	233.829331	0.009725	7.9
423	-0.956107	233.561485	0.006653	10.0
424	-0.052661	233.294456	0.002189	7.9
425	-1.061067	233.028239	0.011458	9.5
426	-1.132162	232.762831	0.006715	8.9
427	-0.683488	232.498228	0.006304	7.9
428	-0.672924	232.234425	0.006641	11.2
429	-1.074759	231.971419	0.007052	8.3
430	-0.312483	231.709205	0.005417	7.8
431	-0.741574	231.447781	0.007051	7.9
432	-1.183084	231.187141	0.008901	10.3
433	-1.097849	230.927283	0.008689	8.0
434	-0.993307	230.668202	0.007999	8.9
435	-0.788632	230.409895	0.007407	7.9
436	-0.345955	230.152358	0.005356	8.0
437	-0.925631	229.895587	0.007786	10.0
438	-0.748204	229.639578	0.006983	8.7
439	-1.118382	229.384329	0.007389	7.7
440	-0.445576	229.129834	0.004051	8.1
441	-1.065166	228.876091	0.009878	7.8
442	-0.852558	228.623096	0.007919	10.2
443	-1.202595	228.370846	0.008381	8.8
444	-0.987183	228.119336	0.005144	8.6
445	-0.653245	227.868563	0.007240	7.9
446	-1.159374	227.618525	0.009014	7.8
447	-1.059247	227.369216	0.006421	11.5
448	-0.134559	227.120635	0.003022	7.8
449	-1.112363	226.872777	0.010509	7.9
450	-0.862009	226.625638	0.005696	7.8
451	-0.942767	226.379217	0.006806	7.9
452	-0.967526	226.133509	0.008310	10.7
453	-0.414911	225.888510	0.009490	8.9
454	-0.870516	225.644218	0.008395	7.8
455	-0.430981	225.400630	0.005896	7.4
456	-1.189526	225.157741	0.010897	8.1
457	-1.119172	224.915549	0.008320	10.2
458	-1.227975	224.674051	0.008214	7.9
459	-1.164538	224.433242	0.007901	9.0
460	-1.087069	224.193121	0.010239	7.8
461	-0.273830	223.953684	0.003744	7.9
462	-0.581346	223.714927	0.008087	10.4
463	-1.094847	223.476848	0.009384	9.1
464	-1.208036	223.239444	0.006242	8.1
465	-0.436522	223.002710	0.003323	7.6
466	-0.723684	222.766645	0.007354	7.9
467	-0.641325	222.531245	0.006478	10.1
468	-1.179847	222.296508	0.009299	7.3
469	-0.790063	222.062429	0.007006	8.7
470	-0.798565	221.829007	0.005630	7.7
471	-0.831677	221.596238	0.006725	7.9
472	-0.977375	221.364119	0.008002	10.8
473	-0.963946	221.132647	0.006355	7.8
474	-0.906829	220.901820	0.006234	9.0
475	-0.771393	220.671634	0.007610	7.8
476	-1.077654	220.442086	0.008531	7.9
477	-0.155047	220.213174	0.003830	10.5
478	-0.663603	219.984895	0.005579	9.1
479	-1.168519	219.757246	0.009754	7.4
480	-1.154683	219.530224	0.007233	7.8
481	-1.131847	219.303826	0.009545	7.8
482	-1.114297	219.078050	0.007328	10.5
483	-0.731016	218.852893	0.006369	8.1
484	-0.818400	218.628352	0.007571	8.9
485	-1.052468	218.404424	0.006725	7.9
486	-0.002851	218.181106	0.001559	8.1
487	-1.157524	217.958397	0.007413	10.1
488	-0.768036	217.736292	0.006522	8.6
489	-0.960556	217.514790	0.007987	8.7
490	-1.220202	217.293888	0.007708	8.4
491	-1.224692	217.073584	0.007165	8.1
492	-1.211721	216.853873	0.007332	10.5
493	-0.656155	216.634755	0.008773	8.6
494	-1.147868	216.416227	0.009275	8.6
495	-0.634774	216.198285	0.007430	8.1
496	-0.149077	215.980927	0.004387	9.9
497	-0.539559	215.764151	0.006502	9.6
498	-0.557381	215.547955	0.003952	7.8
499	-0.691445	215.332335	0.007570	7.8
500	-0.618894	215.117289	0.004327	7.4
501	-0.794238	214.902815	0.006236	10.2
502	-0.513066	214.688911	0.006212	7.9
503	-0.647743	214.475573	0.006732	9.2
504	-0.625506	214.262800	0.005978	8.5
505	-0.636240	214.050588	0.006117	8.2
506	-1.224307	213.838936	0.006601	11.8
507	-1.237775	213.627842	0.008271	7.9
508	-1.222653	213.417302	0.009641	7.0
509	-0.013791	213.207314	0.001418	7.0
510	-1.204931	212.997877	0.010498	9.7
511	-1.156265	212.788987	0.007581	8.4
512	-1.061706	212.580642	0.005184	9.2
513	-0.344571	212.372841	0.004906	8.3
514	-1.148278	212.165581	0.010034	7.0
515	-1.147430	211.958859	0.008483	10.0
516	-0.668029	211.752673	0.006492	8.8
517	-1.014707	211.547021	0.010117	8.0
518	-1.137199	211.341902	0.007077	7.9
519	-0.090231	211.137311	0.003599	8.8
520	-0.927583	210.933248	0.005309	11.1
521	-0.312538	210.729710	0.004066	7.8
522	-0.635745	210.526695	0.004791	8.7
523	-1.052477	210.324200	0.008481	7.8
524	-0.586228	210.122224	0.005648	11.9
525	-0.705342	209.920765	0.003616	12.0
526	-0.394789	209.719820	0.005776	7.8
527	-0.305393	209.519387	0.004584	10.0
528	-0.147958	209.319463	0.004655	10.5
529	-1.045925	209.120048	0.008401	7.8
530	-0.879917	208.921139	0.008483	8.7
531	-0.821415	208.722733	0.006934	9.2
532	-0.547136	208.524829	0.008490	8.8
533	-1.044681	208.327425	0.008104	10.0
534	-1.182193	208.130518	0.006495	8.9
535	-1.204009	207.934107	0.009320	8.0
536	-1.253368	207.738189	0.007219	9.0
537	-0.181319	207.542762	0.003852	9.9
538	-0.040518	207.347825	0.001936	8.8
539	-1.083972	207.153376	0.007229	8.0
540	-0.643423	206.959412	0.005180	8.1
541	-0.983007	206.765932	0.005909	8.8
542	-1.037580	206.572933	0.006118	12.7
543	-0.791705	206.380414	0.007573	8.8
544	-0.756180	206.188373	0.005869	8.5
545	-0.714498	205.996807	0.006393	7.9
546	-0.845803	205.805716	0.005172	10.7
547	-0.596235	205.615096	0.005895	9.2
548	-0.881899	205.424946	0.006460	8.2
549	-1.207323	205.235265	0.007828	8.0
550	-1.016770	205.046050	0.006987	7.5
551	-0.457375	204.857299	0.003417	9.5
552	-0.579079	204.669011	0.007003	9.2
553	-1.079815	204.481184	0.007778	8.1
554	-0.882597	204.293816	0.005676	7.9
555	-0.960831	204.106905	0.006911	7.3
556	-1.146173	203.920449	0.010089	12.5
557	-0.818979	203.734447	0.008213	7.8
558	-0.693993	203.548896	0.005813	8.0
559	-1.165015	203.363795	0.006792	7.5
560	-1.152761	203.179143	0.009373	8.6
561	-0.354792	202.994937	0.004277	10.5
562	-0.710612	202.811176	0.007122	8.7
563	-0.864305	202.627857	0.007300	7.9
564	-0.686039	202.444980	0.007130	7.9
565	-1.194198	202.262543	0.006957	8.8
566	-0.887205	202.080543	0.007322	10.2
567	-0.107014	201.898979	0.001671	9.7
568	-0.597594	201.717849	0.006136	7.7
569	-1.103935	201.537153	0.007844	7.8
570	-0.965251	201.356887	0.007800	10.4
571	-0.817187	201.177050	0.007123	8.7
572	-0.496687	200.997642	0.003708	7.8
573	-1.042200	200.818659	0.010494	7.8
574	-0.644575	200.640100	0.007060	8.7
575	-1.179124	200.461965	0.008940	10.6
576	-1.083648	200.284250	0.009016	7.9
577	-1.120462	200.106955	0.006774	8.9
578	-1.107948	199.930078	0.010652	8.1
579	-0.895085	199.753617	0.006878	8.1
580	-0.177932	199.577571	0.005178	11.2
581	-1.027223	199.401938	0.007270	8.9
582	-0.258765	199.226717	0.005213	8.0
583	-0.971759	199.051905	0.008958	7.7
584	-0.801223	198.877502	0.008820	7.8
585	-1.242335	198.703506	0.007872	10.0
586	-0.074773	198.529916	0.003324	9.2
587	-1.172236	198.356729	0.006961	7.9
588	-1.202597	198.183944	0.009737	7.8
589	-1.114365	198.011560	0.008627	7.9
590	-0.950483	197.839576	0.009276	11.4
591	-0.196205	197.667989	0.002525	7.5
592	-0.884075	197.496798	0.007602	7.9
593	-0.748675	197.326002	0.006912	7.9
594	-0.946498	197.155600	0.007513	7.9
595	-0.794220	196.985589	0.007753	10.9
596	-0.891518	196.815969	0.007396	8.9
597	-0.977331	196.646738	0.007829	7.9
598	-1.000173	196.477894	0.008065	8.8
599	-0.933499	196.309436	0.006791	7.8
600	-1.202052	196.141363	0.010583	8.8
601	-0.580132	195.973673	0.005936	7.8
602	-0.723344	195.806365	0.006605	8.7
603	-1.175736	195.639437	0.005399	7.9
604	-0.868409	195.472888	0.009500	10.7
605	-0.846601	195.306717	0.006240	7.1
606	-0.191154	195.140922	0.001704	9.5
607	-0.693602	194.975501	0.007786	7.8
608	-0.999813	194.810454	0.007699	7.7
609	-0.757033	194.645779	0.005719	11.4
610	-1.048996	194.481475	0.009636	7.9
611	-1.245701	194.317540	0.006780	8.9
612	-0.348183	194.153973	0.004834	7.8
613	-1.027121	193.990773	0.005233	7.9
614	-1.144175	193.827938	0.008141	10.1
615	-0.315913	193.665467	0.005468	9.0
616	-0.653422	193.503358	0.006212	7.8
617	-1.218194	193.341611	0.007048	8.0
618	-0.577032	193.180224	0.005175	7.9
619	-0.055281	193.019196	0.003782	9.4
620	-0.814436	192.858525	0.007757	7.9
621	-1.049283	192.698210	0.008679	9.0
622	-0.868751	192.538251	0.008799	7.7
623	-0.460340	192.378644	0.005390	7.9
624	-0.734419	192.219391	0.007787	11.2
625	-1.167754	192.060488	0.006344	8.5
626	-0.126966	191.901935	0.003977	7.9
627	-1.088291	191.743730	0.007499	7.8
628	-1.038675	191.585873	0.008630	6.8
629	-1.087518	191.428362	0.009123	11.1
630	-0.479776	191.271196	0.005420	9.1
631	-0.975711	191.114374	0.008204	6.8
632	-0.899606	190.957893	0.007920	8.0
633	-0.531577	190.801755	0.007114	7.7
634	-0.816765	190.645956	0.006502	10.8
635	-0.388613	190.490495	0.006292	8.7
636	-0.665230	190.335373	0.005502	8.7
637	-0.834100	190.180587	0.006883	7.8
638	-0.348621	190.026136	0.002885	8.0
639	-0.475128	189.872019	0.005967	8.8
640	-1.143156	189.718235	0.009255	8.8
641	-0.778243	189.564782	0.005669	8.0
642	-1.068876	189.411661	0.006893	7.8
643	-0.873758	189.258868	0.007057	7.8
644	-0.865728	189.106404	0.009995	10.4
645	-1.036805	188.954267	0.006813	7.8
646	-0.349093	188.802456	0.005322	8.2
647	-1.198974	188.650969	0.006714	7.9
648	-1.192647	188.499807	0.008428	8.0
649	-0.288696	188.348967	0.002715	10.3
650	-0.067327	188.198448	0.001681	8.8
651	-0.849053	188.048250	0.006601	7.8
652	-1.196987	187.898371	0.010359	8.0
653	-1.176529	187.748810	0.007233	8.7
654	-0.283060	187.599566	0.006101	12.2
655	-1.001455	187.450638	0.008132	9.0
656	-0.358300	187.302025	0.007477	7.9
657	-0.901744	187.153725	0.005732	8.9
658	-0.843820	187.005739	0.007625	10.0
659	-0.882968	186.858064	0.007348	8.9
660	-0.547464	186.710699	0.004925	7.8
661	-0.719906	186.563645	0.007155	8.7
662	-0.798082	186.416898	0.005816	8.5
663	-1.182272	186.270459	0.009454	10.0
664	-0.890306	186.124326	0.005799	7.8
665	-1.169849	185.978499	0.007530	8.8
666	-0.373327	185.832976	0.003711	6.9
667	-1.090641	185.687756	0.006750	9.9
668	-0.801633	185.542838	0.006903	7.8
669	-0.670959	185.398222	0.008039	8.6
670	-1.106539	185.253906	0.007371	7.9
671	-1.057054	185.109889	0.006314	8.1
672	-0.815750	184.966170	0.006226	11.2
673	-0.576666	184.822748	0.004565	7.8
674	-1.014678	184.679623	0.006965	8.1
675	-1.302174	184.536792	0.008525	8.6
676	-1.034535	184.394256	0.008184	7.3
677	-0.971860	184.252013	0.007594	10.3
678	-0.987228	184.110062	0.007584	11.0
679	-0.562231	183.968403	0.010325	8.5
680	-0.061495	183.827034	0.004023	7.7
681	-1.096477	183.685954	0.007189	8.4
682	-1.176108	183.545163	0.008001	9.9
683	-1.191711	183.404658	0.007204	7.8
684	-1.111352	183.264441	0.007263	8.9
685	-0.998231	183.124509	0.006513	7.9
686	-0.470003	182.984861	0.005702	9.0
687	-0.636528	182.845497	0.006607	10.0
688	-0.291599	182.706416	0.005344	7.9
689	-1.181970	182.567616	0.006636	7.9
690	-0.971861	182.429098	0.007976	9.4
691	-0.681442	182.290859	0.007171	11.0
692	-1.067376	182.152899	0.008093	7.9
693	-1.109177	182.015217	0.009188	7.3
694	-1.089258	181.877813	0.007689	7.7
695	-0.672066	181.740684	0.007307	10.5
696	-1.008019	181.603832	0.008016	7.9
697	-0.818898	181.467253	0.007898	8.4
698	-1.145934	181.330948	0.007168	8.2
699	-1.168858	181.194916	0.006483	7.9
700	-0.924366	181.059155	0.005674	10.2
701	-0.242276	180.923666	0.003261	8.8
702	-0.361703	180.788446	0.005314	8.0
703	-0.150572	180.653496	0.002566	8.5
704	-1.265064	180.518814	0.007351	8.0
705	-0.950022	180.384399	0.006452	10.3
706	-0.955149	180.250251	0.005881	8.8
707	-0.961473	180.116369	0.007739	7.8
708	-0.266868	179.982752	0.003001	7.3
709	-0.783056	179.849398	0.006105	7.8
710	-0.709417	179.716308	0.006977	12.4
711	-1.093500	179.583480	0.007970	7.8
712	-0.733273	179.450913	0.005233	9.0
713	-1.337919	179.318607	0.008981	7.9
714	-1.006420	179.186561	0.008426	7.1
715	-0.729324	179.054774	0.006892	10.4
716	-0.882829	178.923245	0.006617	9.2
717	-0.747472	178.791973	0.007733	7.8
718	-1.007058	178.660958	0.008827	7.9
719	-0.239399	178.530199	0.002994	8.5
720	-0.722681	178.399694	0.005806	10.9
721	-0.109318	178.269444	0.002782	7.9
722	-0.924210	178.139447	0.008302	8.7
723	-0.856011	178.009702	0.006634	8.5
724	-1.025841	177.880209	0.008158	10.5
725	-1.264032	177.750967	0.008100	9.0
726	-1.175212	177.621975	0.007793	7.8
727	-0.819189	177.493232	0.008913	8.0
728	-0.738063	177.364738	0.007637	7.8
729	-1.072629	177.236492	0.007186	10.0
730	-0.896378	177.108492	0.006825	7.9
731	-0.874717	176.980739	0.006981	8.9
732	-1.090909	176.853231	0.007581	7.9
733	-1.267121	176.725968	0.007529	7.8
734	-0.579059	176.598949	0.004500	10.0
735	-0.821854	176.472173	0.008100	8.8
736	-1.012899	176.345639	0.007218	7.7
737	-0.978429	176.219348	0.008256	7.8
738	-1.150602	176.093296	0.009380	7.8
739	-0.418463	175.967486	0.009157	10.5
740	-1.134367	175.841914	0.007628	7.9
741	-0.814261	175.716581	0.007674	8.8
742	-0.422635	175.591486	0.002964	7.7
743	-1.193452	175.466629	0.006949	7.9
744	-1.099150	175.342008	0.007510	11.4
745	-1.152981	175.217622	0.008966	7.9
746	-0.066477	175.093472	0.003055	8.0
747	-0.933059	174.969556	0.006281	8.1
748	-1.151035	174.845873	0.008678	8.1
749	-0.382939	174.722423	0.004767	10.4
750	-1.067445	174.599206	0.006812	9.0
751	-1.145072	174.476220	0.007889	7.8
752	-0.783777	174.353464	0.008555	7.9
753	-1.060007	174.230939	0.010335	7.8
754	-0.898498	174.108643	0.006966	9.7
755	-0.219652	173.986576	0.001438	7.5
756	-1.150654	173.864737	0.007187	8.6
757	-0.337137	173.743124	0.004544	7.9
758	-0.958308	173.621739	0.006309	7.9
759	-0.506869	173.500579	0.004636	10.6
760	-1.015455	173.379645	0.010066	8.9
761	-0.741988	173.258935	0.007298	7.9
762	-0.442046	173.138449	0.004773	8.1
763	-0.844681	173.018186	0.006890	7.8
764	-0.986859	172.898146	0.009933	10.0
765	-0.676306	172.778327	0.006032	7.5
766	-0.979137	172.658730	0.009840	9.0
767	-0.956084	172.539353	0.007175	7.1
768	-1.036992	172.420196	0.006539	7.9
769	-0.936253	172.301258	0.006793	10.7
770	-1.224058	172.182539	0.010296	8.2
771	-0.912859	172.064037	0.007995	7.9
772	-0.703583	171.945753	0.007197	7.9
773	-0.812769	171.827686	0.005542	8.1
774	-1.126122	171.709834	0.006355	10.4
775	-0.114481	171.592198	0.001865	9.0
776	-0.582998	171.474776	0.006206	8.0
777	-0.994417	171.357568	0.011138	8.2
778	-0.280873	171.240574	0.001961	8.1
779	-0.749329	171.123793	0.005912	10.7
780	-0.796958	171.007223	0.008432	8.0
781	-0.583036	170.890865	0.008397	8.6
782	-0.909312	170.774718	0.007494	7.8
783	-1.193459	170.658782	0.006826	10.7
784	-1.006561	170.543055	0.006528	8.0
785	-1.056790	170.427537	0.008474	9.1
786	-1.192567	170.312227	0.007645	7.8
787	-0.390869	170.197125	0.002634	7.8
788	-1.167367	170.082231	0.007114	10.4
789	-1.083551	169.967543	0.006897	8.5
790	-1.196774	169.853061	0.009166	8.0
791	-0.808006	169.738784	0.009618	7.8
792	-0.765184	169.624713	0.006350	6.6
793	-0.335198	169.510845	0.004180	11.0
794	-0.959186	169.397181	0.010200	9.0
795	-0.332930	169.283720	0.004183	7.8
796	-0.702501	169.170462	0.005547	8.1
797	-1.060076	169.057405	0.008283	7.9
798	-0.756356	168.944549	0.006306	10.8
799	-0.782130	168.831895	0.006846	8.8
800	-0.862472	168.719440	0.004243	7.7
801	-0.596990	168.607185	0.005676	7.8
802	-1.237139	168.495129	0.007017	7.8
803	-1.101265	168.383271	0.008681	10.4
804	-1.117639	168.271611	0.006610	9.0
805	-1.115262	168.160148	0.007538	8.8
806	-0.766556	168.048882	0.005727	8.0
807	-1.001437	167.937812	0.007082	7.4
808	-0.789284	167.826938	0.007362	10.8
809	-1.014639	167.716258	0.005933	8.0
810	-1.091444	167.605773	0.006961	9.5
811	-0.168455	167.495482	0.005043	8.0
812	-0.853098	167.385384	0.007544	7.9
813	-0.716651	167.275479	0.008472	10.8
814	-0.737162	167.165766	0.007461	6.7
815	-1.192523	167.056245	0.006203	7.9
816	-1.161189	166.946915	0.007981	8.0
817	-1.040513	166.837776	0.008795	9.1
818	-0.876287	166.728826	0.006929	8.5
819	-0.718268	166.620067	0.005307	8.8
820	-1.131106	166.511496	0.006699	8.8
821	-1.093113	166.403113	0.006401	8.6
822	-0.120470	166.294919	0.004315	10.9
823	-0.824672	166.186912	0.008388	9.1
824	-1.215500	166.079091	0.006623	7.9
825	-1.170259	165.971458	0.010205	7.9
826	-1.251898	165.864009	0.007987	11.4
827	-0.899120	165.756747	0.007518	8.1
828	-0.805375	165.649669	0.007554	8.0
829	-1.006259	165.542775	0.005683	7.8
830	-0.748582	165.436065	0.009503	7.9
831	-1.204383	165.329538	0.008062	10.9
832	-1.179277	165.223194	0.012646	8.7
833	-0.403511	165.117032	0.004720	8.2
834	-0.705347	165.011052	0.006645	8.9
835	-0.703718	164.905253	0.004712	8.0
836	-1.226189	164.799635	0.007942	10.2
837	-1.051835	164.694197	0.008131	7.8
838	-1.040528	164.588939	0.006728	9.0
839	-1.188017	164.483859	0.007665	7.9
840	-0.105458	164.378959	0.002520	10.6
841	-0.284043	164.274237	0.007100	9.1
842	-0.909448	164.169692	0.010615	8.0
843	-0.108537	164.065325	0.006399	6.6
844	-1.229120	163.961135	0.007642	8.2
845	-0.799269	163.857120	0.006861	11.4
846	-0.860651	163.753282	0.005772	7.8
847	-0.561888	163.649619	0.008207	6.8
848	-0.804142	163.546130	0.006385	7.9
849	-0.004406	163.442816	0.000108	8.0
850	-1.280293	163.339676	0.010653	10.6
851	-0.765659	163.236709	0.008114	8.8
852	-0.878715	163.133915	0.005286	7.9
853	-0.406475	163.031294	0.004078	8.6
854	-0.990996	162.928844	0.007988	8.0
855	-0.754905	162.826566	0.007235	11.5
856	-0.832173	162.724459	0.006170	7.8
857	-0.975917	162.622523	0.008643	8.7
858	-1.099278	162.520757	0.007272	7.8
859	-0.755337	162.419160	0.006487	10.9
860	-0.051052	162.317733	0.001999	9.5
861	-0.042570	162.216474	0.000742	8.0
862	-0.995812	162.115383	0.005876	8.8
863	-0.728140	162.014461	0.006408	8.1
864	-0.632662	161.913705	0.006083	11.8
865	-0.938522	161.813117	0.006027	7.9
866	-0.088062	161.712695	0.001950	8.2
867	-0.127704	161.612439	0.001407	8.1
868	-0.115742	161.512349	0.004573	10.6
869	-1.080202	161.412424	0.007871	6.9
870	-1.063411	161.312663	0.004963	9.0
871	-0.917208	161.213067	0.008269	7.5
872	-1.150827	161.113635	0.007850	8.1
873	-0.999431	161.014366	0.007264	12.1
874	-0.512066	160.915260	0.003736	7.8
875	-1.051370	160.816316	0.006408	7.4
876	-0.436137	160.717535	0.004169	8.0
877	-1.206035	160.618915	0.008705	7.9
878	-1.038302	160.520456	0.005781	10.6
879	-0.675460	160.422158	0.004941	8.8
880	-0.391539	160.324021	0.002961	7.7
881	-0.691944	160.226043	0.007374	6.5
882	-0.379470	160.128225	0.002464	7.8
883	-1.171267	160.030566	0.006982	10.8
884	-1.090521	159.933066	0.007306	7.8
885	-1.086513	159.835723	0.006339	8.7
886	-0.921204	159.738539	0.008478	7.9
887	-1.002954	159.641512	0.005569	6.8
888	-0.916571	159.544642	0.007043	11.5
889	-1.062610	159.447929	0.007209	9.0
890	-1.119398	159.351372	0.008941	7.7
891	-0.815262	159.254971	0.007243	8.8
892	-0.805175	159.158725	0.006027	7.7
893	-1.129459	159.062634	0.007317	9.7
894	-1.230287	158.966697	0.008277	7.9
895	-0.423273	158.870915	0.005697	8.9
896	-0.616820	158.775286	0.004912	7.7
897	-0.293050	158.679811	0.003603	7.9
898	-1.195952	158.584489	0.011810	10.2
899	-0.756364	158.489319	0.007453	8.8
900	-0.530938	158.394302	0.003918	7.8
901	-0.774183	158.299436	0.007190	9.1
902	-0.703092	158.204721	0.005357	8.2
903	-1.038494	158.110158	0.007098	14.5
904	-1.213163	158.015745	0.006474	14.3
905	-1.035564	157.921482	0.006111	10.8
906	-1.104223	157.827369	0.006421	11.8
907	-1.097067	157.733406	0.011774	10.4
908	-0.977937	157.639591	0.009353	8.2
909	-1.142967	157.545925	0.009412	8.0
910	-0.018241	157.452408	0.001571	10.9
911	-1.194916	157.359038	0.005961	8.0
912	-0.725376	157.265816	0.007784	8.7
913	-0.393309	157.172741	0.003747	7.9
914	-0.061938	157.079813	0.003129	10.7
915	-0.931243	156.987031	0.007209	8.7
916	-1.204278	156.894395	0.007571	8.3
917	-0.228934	156.801904	0.005450	8.0
918	-0.690707	156.709559	0.006158	9.2
919	-0.204147	156.617359	0.003987	11.5
920	-1.071468	156.525304	0.005380	7.6
921	-1.195848	156.433392	0.010738	9.0
922	-1.004500	156.341624	0.009435	7.9
923	-0.817198	156.250000	0.007869	10.9
924	-1.121876	156.158519	0.007259	9.0
925	-1.245845	156.067180	0.006832	7.9
926	-1.136954	155.975984	0.005781	7.9
927	-1.254981	155.884930	0.007511	7.8
928	-0.624877	155.794017	0.005513	10.0
929	-0.784711	155.703246	0.007373	7.8
930	-1.231998	155.612615	0.006620	8.7
931	-0.512144	155.522125	0.005620	7.9
932	-0.816732	155.431775	0.005059	7.8
933	-1.096495	155.341565	0.012733	10.6
934	-1.235531	155.251495	0.005330	8.9
935	-0.334040	155.161563	0.003225	6.8
936	-1.207007	155.071771	0.008345	7.8
937	-0.189970	154.982117	0.004325	7.9
938	-1.032464	154.892601	0.006178	11.1
939	-1.039734	154.803222	0.012335	7.8
940	-1.136686	154.713981	0.006727	8.9
941	-0.898910	154.624878	0.010361	7.9
942	-0.823424	154.535910	0.006936	8.0
943	-1.162416	154.447080	0.009070	10.2
944	-1.089478	154.358385	0.007929	8.9
945	-0.166912	154.269826	0.001955	7.1
946	-1.255230	154.181402	0.006680	8.0
947	-0.616750	154.093114	0.008138	7.9
948	-0.644040	154.004960	0.006140	10.5
949	-0.777864	153.916940	0.006588	9.3
950	-0.394672	153.829054	0.005104	7.8
951	-0.846773	153.741303	0.005445	7.8
952	-0.942852	153.653684	0.006196	7.7
953	-1.095696	153.566198	0.009735	10.0
954	-1.000008	153.478846	0.008968	8.0
955	-0.836170	153.391625	0.008626	7.8
956	-0.744341	153.304537	0.005656	7.7
957	-1.319991	153.217580	0.010256	8.1
958	-0.668968	153.130755	0.007814	10.8
959	-0.605384	153.044061	0.005225	9.6
960	-0.989933	152.957498	0.007020	7.7
961	-0.219575	152.871065	0.003122	7.9
962	-0.322923	152.784762	0.005227	7.7
963	-1.160045	152.698589	0.008335	9.9
964	-1.185319	152.612545	0.007866	7.8
965	-0.662117	152.526631	0.005811	8.7
966	-0.605833	152.440845	0.006089	7.8
967	-1.105031	152.355188	0.008877	7.8
968	-0.987831	152.269660	0.011487	10.4
969	-1.151006	152.184259	0.008441	8.9
970	-0.381171	152.098986	0.003629	7.9
971	-1.245232	152.013840	0.007251	7.8
972	-0.764679	151.928821	0.006497	7.9
973	-0.756724	151.843928	0.007537	11.4
974	-0.803231	151.759163	0.007772	10.0
975	-0.150277	151.674523	0.002470	9.5
976	-0.853924	151.590009	0.005851	8.9
977	-1.254658	151.505620	0.009401	9.4
978	-0.802399	151.421357	0.006571	8.2
979	-1.390658	151.337218	0.007853	7.9
980	-0.632426	151.253204	0.005060	9.0
981	-1.031931	151.169314	0.007468	8.0
982	-0.585689	151.085549	0.005337	10.3
983	-0.666430	151.001907	0.006118	8.8
984	-0.832526	150.918388	0.009457	8.3
985	-0.788439	150.834992	0.006378	8.0
986	-0.687661	150.751719	0.007408	7.8
987	-1.228116	150.668569	0.013153	10.8
988	-0.742251	150.585541	0.006896	8.0
989	-0.717356	150.502634	0.005001	7.7
990	-0.182643	150.419849	0.002346	7.8
991	-0.819341	150.337186	0.006162	7.4
992	-0.782446	150.254644	0.007447	10.6
993	-0.979856	150.172222	0.008069	8.7
994	-0.229721	150.089921	0.004924	7.7
995	-0.375718	150.007740	0.002712	7.9
996	-1.134265	149.925679	0.009253	7.8
997	-1.266241	149.843737	0.007727	10.9
998	-1.201394	149.761915	0.009525	7.9
999	-0.661424	149.680212	0.006081	8.8
1000	-0.591571	149.598627	0.008664	7.9
1001	-0.912737	149.517161	0.007771	7.7
1002	-0.305438	149.435814	0.003993	10.0
1003	-0.881944	149.354584	0.006868	9.0
1004	-1.022711	149.273472	0.007407	8.5
1005	-0.926267	149.192477	0.005084	6.9
1006	-0.433108	149.111599	0.007898	8.1
1007	-0.211081	149.030838	0.003800	10.5
1008	-0.094682	148.950194	0.004336	8.3
1009	-0.391801	148.869666	0.003762	7.6
1010	-0.782059	148.789253	0.005894	7.8
1011	-1.047176	148.708957	0.008091	7.9
1012	-0.591084	148.628776	0.004401	10.7
1013	-1.197495	148.548710	0.009827	7.9
1014	-1.363503	148.468759	0.007763	8.0
1015	-0.693900	148.388923	0.006658	7.6
1016	-0.873957	148.309201	0.008153	8.0
1017	-1.099850	148.229594	0.006005	11.0
1018	-0.788786	148.150100	0.008013	10.1
1019	-1.227359	148.070719	0.007947	15.1
1020	-1.274745	147.991452	0.008854	14.2
1021	-0.501460	147.912298	0.004911	14.1
1022	-0.529037	147.833257	0.005296	13.5
1023	-1.054403	147.754329	0.008735	10.7
1024	-0.069072	147.675512	0.002268	8.3
1025	-0.852398	147.596808	0.005567	8.7
1026	-0.000357	147.518216	0.000443	6.5
1027	-0.650784	147.439735	0.010603	8.4
1028	-1.219824	147.361365	0.008969	12.7
1029	-0.065429	147.283106	0.002882	8.0
1030	-0.000000	147.204958	0.000000	8.6
1031	-1.094911	147.126920	0.007652	8.7
1032	-1.056602	147.048993	0.006577	7.9
1033	-0.655835	146.971175	0.007575	11.2
1034	-1.199115	146.893468	0.008081	9.1
1035	-1.050221	146.815869	0.005504	7.8
1036	-1.184565	146.738380	0.008581	7.8
1037	-0.773848	146.661000	0.007844	9.7
1038	-1.182677	146.583729	0.008865	10.7
1039	-0.719240	146.506566	0.006985	8.0
1040	-0.503887	146.429511	0.005523	7.8
1041	-1.201537	146.352565	0.007530	8.2
1042	-1.107139	146.275726	0.007620	10.7
1043	-1.046803	146.198994	0.006616	9.3
1044	-0.938766	146.122370	0.008346	8.0
1045	-1.109486	146.045853	0.008228	8.0
1046	-0.610121	145.969442	0.005950	10.2
1047	-0.964631	145.893139	0.007275	8.9
1048	-1.127478	145.816941	0.005468	8.1
1049	-0.527165	145.740849	0.005567	8.1
1050	-1.023277	145.664863	0.006665	8.0
1051	-0.812960	145.588983	0.006610	9.9
1052	-1.272232	145.513208	0.007573	7.8
1053	-0.830031	145.437538	0.006874	9.0
1054	-0.227242	145.361973	0.002934	7.9
1055	-1.330342	145.286513	0.009373	11.2
1056	-0.905474	145.211157	0.005751	9.3
1057	-0.771148	145.135905	0.006979	8.0
1058	-0.601175	145.060757	0.005024	7.7
1059	-0.792831	144.985712	0.005671	7.6
1060	-0.917602	144.910771	0.005046	12.2
1061	-0.656754	144.835934	0.005145	7.9
1062	-0.268565	144.761199	0.002571	8.9
1063	-0.640678	144.686567	0.005637	7.9
1064	-1.135768	144.612037	0.006781	7.9
1065	-0.000000	144.537610	0.000000	9.8
1066	-0.971523	144.463285	0.006862	9.4
1067	-1.060158	144.389062	0.006327	8.1
1068	-1.005858	144.314940	0.005948	7.8
1069	-0.806972	144.240920	0.008525	7.7
1070	-1.194800	144.167001	0.007037	9.6
1071	-1.052240	144.093182	0.008180	8.1
1072	-1.168976	144.019465	0.007494	9.4
1073	-1.164469	143.945848	0.007162	8.1
1074	-0.407995	143.872331	0.004852	8.1
1075	-1.208617	143.798914	0.006765	11.5
1076	-0.925483	143.725597	0.007432	9.1
1077	-0.765516	143.652380	0.005806	8.1
1078	-1.121407	143.579262	0.007581	7.3
1079	-0.852453	143.506243	0.006311	10.5
1080	-1.141033	143.433323	0.010085	7.7
1081	-0.570494	143.360502	0.005596	8.7
1082	-1.080084	143.287780	0.006874	8.1
1083	-0.978412	143.215155	0.009443	8.5
1084	-0.677639	143.142629	0.006734	12.4
1085	-0.517660	143.070201	0.005286	7.9
1086	-1.029753	142.997870	0.009244	8.8
1087	-1.011853	142.925637	0.008014	8.0
1088	-1.183968	142.853501	0.006564	12.0
1089	-0.762504	142.781462	0.008495	8.2
1090	-1.167452	142.709519	0.006744	8.8
1091	-1.032689	142.637674	0.006332	7.8
1092	-0.819633	142.565924	0.007980	7.9
1093	-0.460983	142.494271	0.004909	11.9
1094	-1.152255	142.422714	0.006053	8.2
1095	-0.936638	142.351252	0.008208	8.0
1096	-0.534225	142.279886	0.006022	7.9
1097	-1.203093	142.208616	0.007116	8.2
1098	-1.164455	142.137440	0.007800	11.1
1099	-0.702051	142.066360	0.007736	9.3
1100	-1.243864	141.995374	0.007888	8.3
1101	-0.881426	141.924483	0.006148	8.1
1102	-1.245167	141.853685	0.007797	8.8
1103	-0.454565	141.782983	0.004592	10.7
1104	-1.062757	141.712373	0.007353	9.7
1105	-1.105152	141.641858	0.007304	8.2
1106	-0.503147	141.571436	0.004891	8.1
1107	-0.858280	141.501108	0.004807	10.3
1108	-0.279541	141.430872	0.002547	8.7
1109	-0.730712	141.360730	0.008092	8.8
1110	-0.504785	141.290680	0.004698	8.2
1111	-1.141380	141.220722	0.005320	8.6
1112	-0.931475	141.150857	0.007459	10.3
1113	-0.760211	141.081084	0.005101	8.0
1114	-1.141742	141.011403	0.006740	9.1
1115	-0.683056	140.941813	0.006165	8.1
1116	-0.682382	140.872315	0.007251	11.3
1117	-1.216405	140.802909	0.009859	9.6
1118	-1.128361	140.733593	0.010565	7.8
1119	-0.478347	140.664369	0.004318	7.9
1120	-0.700086	140.595235	0.005294	8.0
1121	-0.288336	140.526192	0.004372	11.1
1122	-1.108955	140.457239	0.008191	7.9
1123	-0.198368	140.388376	0.006099	9.2
1124	-0.916217	140.319603	0.008015	7.7
1125	-0.264446	140.250920	0.007386	10.8
1126	-1.195447	140.182326	0.006990	9.3
1127	-1.200306	140.113822	0.006648	7.9
1128	-0.470549	140.045407	0.006463	7.9
1129	-0.626743	139.977081	0.006176	7.9
1130	-0.394212	139.908844	0.002882	11.0
1131	-0.639198	139.840696	0.004898	7.8
1132	-1.202068	139.772635	0.007305	7.8
1133	-0.516218	139.704664	0.005373	6.9
1134	-0.973242	139.636780	0.006713	7.8
1135	-0.867130	139.568984	0.008269	10.4
1136	-0.869368	139.501276	0.007151	8.7
1137	-0.902045	139.433655	0.009236	7.8
1138	-1.237481	139.366122	0.011042	8.1
1139	-0.713424	139.298676	0.006097	7.8
1140	-0.728198	139.231317	0.007728	10.4
1141	-1.155754	139.164045	0.010104	8.4
1142	-1.030015	139.096859	0.007302	10.4
1143	-1.156082	139.029760	0.006180	7.7
1144	-1.037864	138.962747	0.009865	8.4
1145	-0.681419	138.895820	0.007338	11.5
1146	-1.092207	138.828978	0.006466	8.1
1147	-1.137592	138.762223	0.007444	7.9
1148	-0.865933	138.695553	0.005167	7.9
1149	-0.328368	138.628969	0.003934	10.8
1150	-1.131018	138.562469	0.008117	7.9
1151	-0.495093	138.496055	0.005565	8.7
1152	-0.899694	138.429725	0.008010	7.9
1153	-0.814331	138.363481	0.006431	8.7
1154	-0.086433	138.297320	0.001239	10.8
1155	-0.618272	138.231244	0.004807	8.7
1156	-0.644438	138.165252	0.005336	7.8
1157	-0.855577	138.099344	0.008016	7.9
1158	-0.741937	138.033520	0.006519	8.0
1159	-1.145885	137.967779	0.007265	10.0
1160	-0.744053	137.902122	0.005428	8.0
1161	-1.110774	137.836548	0.006814	8.3
1162	-0.273958	137.771057	0.006189	7.8
1163	-0.792780	137.705649	0.007259	7.8
1164	-1.238646	137.640324	0.006713	11.2
1165	-0.804115	137.575081	0.008064	7.8
1166	-1.037686	137.509921	0.006585	7.0
1167	-1.280990	137.444842	0.009737	7.8
1168	-1.095037	137.379846	0.010589	8.0
1169	-1.129100	137.314932	0.009114	10.5
1170	-1.122306	137.250100	0.006939	9.1
1171	-0.815768	137.185349	0.009707	8.6
1172	-1.087806	137.120680	0.007760	8.8
1173	-1.205463	137.056092	0.009551	8.0
1174	-0.629185	136.991585	0.005649	11.4
1175	-0.200922	136.927158	0.002996	7.8
1176	-1.169050	136.862813	0.007473	9.1
1177	-0.528125	136.798548	0.004170	7.8
1178	-1.194559	136.734363	0.005952	10.5
1179	-0.746354	136.670259	0.007924	7.5
1180	-1.187169	136.606235	0.007689	8.7
1181	-0.660236	136.542291	0.006599	8.5
1182	-0.876788	136.478426	0.006148	7.8
1183	-1.135179	136.414641	0.008994	11.2
1184	-1.003420	136.350936	0.008105	8.0
1185	-0.939146	136.287310	0.005346	7.9
1186	-1.090596	136.223763	0.009399	7.7
1187	-0.966844	136.160295	0.005145	8.0
1188	-1.202387	136.096905	0.010674	10.0
1189	-0.905752	136.033594	0.006304	8.6
1190	-0.880512	135.970362	0.007364	8.2
1191	-1.114058	135.907208	0.007515	7.9
1192	-0.628587	135.844133	0.008824	7.8
1193	-1.294481	135.781135	0.006361	10.1
1194	-0.471714	135.718215	0.004566	7.8
1195	-1.053933	135.655373	0.006367	8.8
1196	-1.194081	135.592608	0.007518	7.9
1197	-1.075390	135.529921	0.007314	8.0
1198	-1.034273	135.467311	0.006565	10.3
1199	-1.012129	135.404778	0.007165	9.1
1200	-0.211086	135.342322	0.005290	8.5
1201	-0.771770	135.279942	0.005875	7.9
1202	-0.187890	135.217640	0.003893	8.0
1203	-0.933067	135.155413	0.006664	10.7
1204	-0.783325	135.093263	0.005822	9.1
1205	-0.509850	135.031190	0.006367	7.9
1206	-1.236093	134.969192	0.008071	8.1
1207	-0.369722	134.907270	0.004866	13.6
1208	-0.971288	134.845424	0.007350	27.1
1209	-0.592762	134.783653	0.006668	28.3
1210	-0.027538	134.721958	0.001518	10.4
1211	-0.107295	134.660338	0.004197	8.5
1212	-1.248393	134.598793	0.009763	17.3
1213	-0.873767	134.537323	0.007123	13.2
1214	-1.198705	134.475927	0.007731	12.2
1215	-0.957636	134.414607	0.007710	9.4
1216	-1.265739	134.353361	0.008135	12.9
1217	-0.823606	134.292189	0.003941	8.5
1218	-1.108160	134.231092	0.006438	9.8
1219	-0.853957	134.170068	0.006954	10.5
1220	-0.286569	134.109119	0.006277	11.1
1221	-1.277453	134.048243	0.006995	9.8
1222	-0.333993	133.987441	0.003212	8.4
1223	-0.838974	133.926713	0.009246	8.8
1224	-1.189434	133.866057	0.006939	27.2
1225	-0.974766	133.805475	0.005642	8.1
1226	-0.307976	133.744966	0.003097	9.7
1227	-1.221826	133.684530	0.005537	7.8
1228	-0.224382	133.624167	0.002893	7.9
1229	-0.786779	133.563877	0.006870	11.6
1230	-1.063425	133.503658	0.007860	8.9
1231	-0.948503	133.443513	0.008984	8.0
1232	-0.637660	133.383439	0.005436	8.0
1233	-1.213037	133.323437	0.008439	11.6
1234	-0.815282	133.263508	0.008110	7.9
1235	-0.450605	133.203650	0.002734	8.3
1236	-1.022266	133.143864	0.006777	7.8
1237	-0.708446	133.084149	0.007374	7.9
1238	-0.178010	133.024506	0.005199	10.6
1239	-0.556761	132.964934	0.005245	8.7
1240	-0.922007	132.905433	0.006072	7.9
1241	-0.697023	132.846003	0.005390	7.9
1242	-0.237747	132.786643	0.004183	7.3
1243	-0.412657	132.727355	0.003385	11.9
1244	-0.945913	132.668137	0.007829	8.9
1245	-0.315443	132.608989	0.002168	9.4
1246	-0.633259	132.549912	0.005843	9.4
1247	-1.050146	132.490904	0.007012	8.9
1248	-0.621754	132.431967	0.004045	10.1
1249	-0.419270	132.373100	0.007171	7.8
1250	-0.886794	132.314302	0.006230	7.9
1251	-0.679403	132.255574	0.006846	7.9
1252	-0.910118	132.196916	0.007618	10.9
1253	-0.677519	132.138326	0.007409	7.8
1254	-1.045986	132.079806	0.006384	9.0
1255	-0.241860	132.021355	0.002458	8.1
1256	-1.166979	131.962973	0.006711	8.9
1257	-0.539091	131.904660	0.004890	12.2
1258	-0.129806	131.846415	0.002308	8.0
1259	-1.166759	131.788239	0.010092	7.1
1260	-0.806441	131.730131	0.005964	7.8
1261	-1.168182	131.672092	0.007956	10.5
1262	-0.627044	131.614121	0.005802	7.8
1263	-0.470472	131.556217	0.007842	8.8
1264	-1.025862	131.498382	0.007008	7.8
1265	-0.735370	131.440614	0.005899	7.9
1266	-0.476894	131.382914	0.005598	10.3
1267	-0.633569	131.325282	0.005304	9.1
1268	-0.891805	131.267717	0.005430	7.8
1269	-0.911016	131.210219	0.007138	7.9
1270	-0.465363	131.152788	0.007095	7.7
1271	-0.356994	131.095424	0.002593	10.2
1272	-0.989771	131.038127	0.005857	7.9
1273	-0.828542	130.980897	0.005641	9.0
1274	-1.081522	130.923733	0.009180	7.2
1275	-1.128540	130.866636	0.009575	10.7
1276	-0.946928	130.809605	0.005146	9.6
1277	-1.238312	130.752641	0.009551	8.5
1278	-1.245761	130.695742	0.007899	8.1
1279	-1.220528	130.638910	0.009183	7.8
1280	-1.181026	130.582143	0.011362	12.0
1281	-1.128033	130.525442	0.005943	13.3
1282	-1.031686	130.468807	0.008499	9.4
1283	-1.077206	130.412237	0.006694	7.8
1284	-0.979977	130.355733	0.006270	10.2
1285	-0.336693	130.299294	0.004814	8.7
1286	-0.734005	130.242920	0.006243	9.7
1287	-0.697531	130.186611	0.005781	12.6
1288	-0.861698	130.130366	0.006784	14.4
1289	-0.300403	130.074187	0.003592	8.0
1290	-1.287319	130.018072	0.006029	9.5
1291	-0.574031	129.962022	0.006012	8.0
1292	-0.914827	129.906036	0.010007	7.8
1293	-0.276465	129.850114	0.006089	10.8
1294	-0.335535	129.794257	0.003912	7.9
1295	-1.215325	129.738463	0.005354	8.0
1296	-0.297021	129.682734	0.002579	8.0
1297	-0.759750	129.627068	0.006766	7.9
1298	-1.188806	129.571466	0.008105	10.8
1299	-0.211918	129.515927	0.003202	8.7
1300	-1.148396	129.460452	0.006365	8.0
1301	-0.542477	129.405040	0.007628	8.4
1302	-0.340063	129.349692	0.003684	7.9
1303	-0.755845	129.294406	0.004851	10.0
1304	-0.983880	129.239183	0.006299	7.8
1305	-0.744503	129.184024	0.005405	9.0
1306	-1.118879	129.128927	0.007526	7.8
1307	-0.439160	129.073892	0.006729	7.5
1308	-1.146577	129.018921	0.005466	10.1
1309	-0.044728	128.964011	0.002306	9.2
1310	-0.164473	128.909164	0.002642	8.0
1311	-0.830380	128.854379	0.007018	8.2
1312	-0.235870	128.799656	0.002111	8.4
1313	-0.825489	128.744995	0.007741	10.5
1314	-0.713476	128.690396	0.005623	9.2
1315	-0.173422	128.635858	0.004654	7.9
1316	-1.291242	128.581382	0.007919	7.9
1317	-1.060666	128.526968	0.007369	10.6
1318	-0.677057	128.472615	0.004411	8.9
1319	-0.971156	128.418323	0.006607	7.9
1320	-0.982574	128.364092	0.008671	7.2
1321	-1.243713	128.309922	0.008750	7.9
1322	-0.543241	128.255814	0.006377	10.7
1323	-0.450776	128.201766	0.003742	7.9
1324	-1.130338	128.147778	0.007365	9.3
1325	-0.853104	128.093852	0.005310	7.5
1326	-0.191796	128.039985	0.004302	8.1
1327	-0.839912	127.986180	0.006577	9.9
1328	-1.217053	127.932434	0.009180	9.0
1329	-0.366006	127.878749	0.003098	8.1
1330	-0.449552	127.825123	0.004166	8.8
1331	-0.331957	127.771558	0.004048	8.2
1332	-0.925580	127.718052	0.006207	10.4
1333	-1.182204	127.664606	0.007410	9.0
1334	-0.969907	127.611220	0.007088	7.8
1335	-1.267936	127.557893	0.007583	8.0
1336	-1.130787	127.504625	0.010338	10.6
1337	-1.013048	127.451417	0.007060	8.9
1338	-0.752198	127.398268	0.006171	7.8
1339	-0.881621	127.345178	0.005869	7.8
1340	-0.508937	127.292147	0.005681	7.2
1341	-0.635809	127.239175	0.006329	10.9
1342	-0.726886	127.186261	0.006442	7.9
1343	-1.118742	127.133407	0.009379	9.7
1344	-1.109967	127.080610	0.008977	8.0
1345	-1.008293	127.027872	0.006290	7.9
1346	-1.032257	126.975193	0.007266	11.8
1347	-1.107859	126.922572	0.008967	7.4
1348	-1.010963	126.870008	0.009057	8.0
1349	-1.184554	126.817503	0.008400	7.8
1350	-0.751446	126.765056	0.005639	10.4
1351	-0.535047	126.712667	0.003772	7.8
1352	-0.533381	126.660335	0.006350	9.0
1353	-0.547066	126.608061	0.008675	7.8
1354	-0.904319	126.555844	0.004779	7.9
1355	-1.172097	126.503685	0.007298	11.4
1356	-0.833846	126.451583	0.007659	9.2
1357	-1.238377	126.399538	0.007515	7.9
1358	-0.680296	126.347550	0.006244	8.8
1359	-1.174930	126.295619	0.007398	8.0
1360	-0.589334	126.243745	0.005228	10.5
1361	-1.274667	126.191928	0.006604	9.1
1362	-0.849732	126.140168	0.008970	7.8
1363	-0.830092	126.088464	0.007417	8.0
1364	-0.841188	126.036817	0.006170	10.6
1365	-0.904356	125.985226	0.007402	8.7
1366	-0.876409	125.933691	0.008371	8.2
1367	-0.394398	125.882212	0.006047	14.3
1368	-1.166705	125.830790	0.007296	17.6
1369	-0.712866	125.779423	0.005345	13.5
1370	-0.995862	125.728113	0.008116	8.2
1371	-0.571235	125.676858	0.006170	8.6
1372	-0.819704	125.625659	0.007163	10.4
1373	-0.652357	125.574515	0.006030	6.6
1374	-1.192034	125.523427	0.008122	9.1
1375	-1.213728	125.472394	0.006170	8.0
1376	-0.415415	125.421417	0.008244	7.1
1377	-0.837993	125.370495	0.008317	10.7
1378	-0.403372	125.319628	0.004389	8.8
1379	-0.874132	125.268815	0.008349	7.9
1380	-0.386781	125.218058	0.005567	7.8
1381	-1.098936	125.167356	0.006889	7.8
1382	-1.141577	125.116708	0.006211	9.9
1383	-1.150717	125.066115	0.005999	9.0
1384	-0.985858	125.015576	0.006338	10.4
1385	-1.046320	124.965092	0.007740	8.8
1386	-0.921126	124.914662	0.005569	8.7
1387	-0.756310	124.864287	0.007819	10.9
1388	-1.204324	124.813965	0.007056	7.9
1389	-0.750976	124.763698	0.006421	9.2
1390	-1.194843	124.713485	0.007898	13.5
1391	-0.878734	124.663325	0.009948	10.1
1392	-1.226217	124.613219	0.006350	10.1
1393	-0.831470	124.563167	0.004764	8.5
1394	-1.242527	124.513168	0.008253	9.3
1395	-0.575492	124.463223	0.008740	8.6
1396	-1.280896	124.413332	0.007500	9.0
1397	-0.438195	124.363493	0.006587	7.9
1398	-0.408856	124.313708	0.005404	8.1
1399	-1.157335	124.263976	0.009613	11.7
1400	-0.722098	124.214297	0.009446	8.8
1401	-0.818521	124.164671	0.005792	7.7
1402	-0.383977	124.115097	0.004662	7.9
1403	-0.773484	124.065577	0.008120	7.8
1404	-1.125317	124.016109	0.006174	10.5
1405	-0.154930	123.966693	0.005924	9.0
1406	-1.093178	123.917330	0.006755	7.9
1407	-0.995628	123.868020	0.006206	7.8
1408	-0.631556	123.818762	0.006524	7.9
1409	-0.374576	123.769556	0.005820	10.9
1410	-0.207526	123.720402	0.002988	7.9
1411	-0.377084	123.671300	0.004565	9.1
1412	-1.086881	123.622250	0.006387	8.8
1413	-0.751731	123.573252	0.006109	8.3
1414	-1.183143	123.524305	0.008995	11.4
1415	-0.923677	123.475411	0.005436	7.9
1416	-1.324640	123.426568	0.008998	7.9
1417	-0.725858	123.377776	0.006802	7.8
1418	-0.467670	123.329036	0.005896	10.5
1419	-0.000101	123.280347	0.000135	7.9
1420	-1.219292	123.231709	0.006418	8.9
1421	-0.860268	123.183122	0.006328	8.0
1422	-1.177805	123.134587	0.005640	8.0
1423	-1.278966	123.086102	0.008349	10.1
1424	-0.986116	123.037669	0.007492	9.3
1425	-0.959598	122.989286	0.008027	8.0
1426	-0.812310	122.940954	0.008939	7.8
1427	-0.299783	122.892672	0.003648	8.0
1428	-0.710672	122.844441	0.005606	10.0
1429	-1.185076	122.796261	0.007143	7.8
1430	-0.384364	122.748130	0.004125	8.9
1431	-0.868157	122.700050	0.006822	7.9
1432	-0.665342	122.652021	0.005664	7.6
1433	-1.027603	122.604041	0.008617	12.5
1434	-1.198655	122.556111	0.006041	8.0
1435	-1.332204	122.508232	0.008009	8.9
1436	-0.214587	122.460402	0.005478	7.9
1437	-0.717756	122.412622	0.006262	8.1
1438	-1.163846	122.364891	0.010675	10.1
1439	-0.816227	122.317210	0.008215	9.6
1440	-0.787142	122.269579	0.006342	8.7
1441	-1.267018	122.221997	0.006706	7.8
1442	-0.770045	122.174465	0.007443	8.0
1443	-1.082296	122.126981	0.007506	10.8
1444	-0.506339	122.079547	0.004223	7.9
1445	-1.193109	122.032162	0.007484	9.3
1446	-0.420719	121.984826	0.006138	7.8
1447	-0.793215	121.937539	0.006676	11.1
1448	-0.912420	121.890301	0.006026	9.0
1449	-1.113662	121.843112	0.007904	7.8
1450	-1.186702	121.795971	0.008334	7.9
1451	-0.576467	121.748879	0.005533	8.0
1452	-0.060561	121.701835	0.000995	10.0
1453	-0.909794	121.654840	0.006802	7.9
1454	-1.139775	121.607893	0.006129	8.9
1455	-0.492732	121.560994	0.004221	7.7
1456	-0.956433	121.514144	0.006561	10.5
1457	-1.281315	121.467342	0.007061	10.7
1458	-1.047534	121.420588	0.007086	7.5
1459	-0.991769	121.373882	0.004910	7.8
1460	-1.000034	121.327223	0.007879	7.6
1461	-0.766506	121.280613	0.006680	11.1
1462	-0.574317	121.234050	0.005753	12.5
1463	-1.169977	121.187535	0.006567	8.3
1464	-0.475823	121.141067	0.005204	8.0
1465	-0.699326	121.094647	0.004799	9.6
1466	-0.616027	121.048274	0.006347	7.9
1467	-0.730900	121.001949	0.006244	8.3
1468	-1.314364	120.955671	0.006882	8.9
1469	-0.898128	120.909440	0.007420	7.9
1470	-1.151342	120.863256	0.006211	11.2
1471	-0.904573	120.817119	0.007270	7.8
1472	-0.783377	120.771029	0.008227	8.0
1473	-0.707257	120.724986	0.006214	8.7
1474	-0.684731	120.678990	0.005377	7.8
1475	-1.180161	120.633040	0.006565	10.3
1476	-0.953058	120.587137	0.006589	9.0
1477	-0.991547	120.541281	0.007974	7.8
1478	-0.929274	120.495471	0.007245	7.9
1479	-0.996259	120.449707	0.008462	7.8
1480	-1.220023	120.403990	0.007559	9.9
1481	-0.784599	120.358319	0.006928	7.9
1482	-1.230911	120.312694	0.006534	8.8
1483	-0.995987	120.267115	0.006778	7.8
1484	-0.521881	120.221582	0.006594	8.2
1485	-0.880826	120.176096	0.007138	10.0
1486	-0.063316	120.130655	0.003639	8.5
1487	-0.148122	120.085260	0.005041	7.9
1488	-0.485008	120.039910	0.005677	8.1
1489	-1.135465	119.994606	0.006590	7.9
1490	-0.055885	119.949348	0.002603	10.4
1491	-1.129202	119.904135	0.006620	7.9
1492	-1.146133	119.858968	0.010406	8.7
1493	-0.805982	119.813846	0.006392	8.0
1494	-0.827624	119.768769	0.006847	7.9
1495	-1.230386	119.723738	0.006724	11.8
1496	-1.167616	119.678752	0.006337	8.4
1497	-1.215313	119.633810	0.008044	8.4
1498	-0.524797	119.588914	0.004771	7.9
1499	-0.993590	119.544062	0.006337	7.9
1500	-0.265656	119.499256	0.004657	9.6
1501	-1.037393	119.454494	0.010673	8.4
1502	-0.383181	119.409777	0.004252	7.8
1503	-1.055479	119.365104	0.006286	7.9
1504	-0.622075	119.320476	0.006325	7.8
1505	-1.286988	119.275893	0.008049	10.4
1506	-1.220532	119.231353	0.007321	7.9
1507	-0.534316	119.186859	0.005425	9.1
1508	-1.001487	119.142408	0.007579	9.3
1509	-0.752502	119.098002	0.004785	10.5
1510	-0.377211	119.053639	0.004269	11.0
1511	-0.827320	119.009321	0.008908	8.7
1512	-0.865740	118.965047	0.007158	7.9
1513	-0.745750	118.920816	0.003622	8.0
1514	-0.772498	118.876630	0.007930	11.0
1515	-0.184166	118.832487	0.004399	7.8
1516	-0.927243	118.788388	0.007405	8.7
1517	-0.831876	118.744332	0.007167	7.7
1518	-0.129087	118.700320	0.003302	9.7
1519	-1.126744	118.656352	0.006901	7.9
1520	-1.210030	118.612427	0.009268	8.7
1521	-0.746763	118.568545	0.006402	7.9
1522	-0.770328	118.524706	0.005276	7.9
1523	-0.829721	118.480911	0.006412	11.4
1524	-0.900233	118.437159	0.006338	8.7
1525	-1.029243	118.393450	0.006562	8.8
1526	-1.053999	118.349784	0.006869	7.8
1527	-1.184671	118.306160	0.006475	7.9
1528	-0.909575	118.262580	0.007607	9.9
1529	-0.923676	118.219042	0.007050	9.0
1530	-1.093621	118.175548	0.008967	7.8
1531	-0.722819	118.132095	0.005647	7.9
1532	-0.739938	118.088686	0.005738	7.9
1533	-1.037084	118.045319	0.007809	9.8
1534	-1.213136	118.001994	0.008744	8.1
1535	-0.857895	117.958712	0.006279	8.9
1536	-0.934497	117.915472	0.007013	7.9
1537	-0.817334	117.872274	0.006179	8.0
1538	-0.592984	117.829118	0.004672	9.9
1539	-0.736492	117.786005	0.005898	8.6
1540	-0.587579	117.742933	0.006101	7.9
1541	-0.863664	117.699904	0.005594	7.9
1542	-0.244559	117.656916	0.003994	8.0
1543	-0.852320	117.613971	0.007946	10.1
1544	-1.209738	117.571067	0.006701	8.6
1545	-1.095128	117.528205	0.006634	8.4
1546	-0.471290	117.485384	0.005478	8.4
1547	-1.206226	117.442605	0.007448	7.9
1548	-1.180347	117.399867	0.007194	11.1
1549	-0.907665	117.357171	0.006831	7.9
1550	-0.795469	117.314517	0.006098	7.9
1551	-0.321728	117.271903	0.003129	8.1
1552	-1.021596	117.229331	0.006610	10.7
1553	-0.681539	117.186800	0.006240	7.8
1554	-0.779905	117.144311	0.006386	10.0
1555	-0.731519	117.101862	0.006487	7.9
1556	-0.802963	117.059454	0.006589	8.2
1557	-0.807194	117.017087	0.006648	11.8
1558	-1.184732	116.974762	0.006373	7.8
1559	-0.575841	116.932476	0.003771	7.9
1560	-0.649694	116.890232	0.006163	7.7
1561	-1.178513	116.848028	0.007579	10.3
1562	-0.466533	116.805865	0.006614	7.8
1563	-0.860169	116.763743	0.007238	9.1
1564	-1.061008	116.721661	0.007502	7.8
1565	-1.057375	116.679619	0.007031	9.0
1566	-0.787536	116.637618	0.005225	10.6
1567	-1.153860	116.595657	0.006292	8.9
1568	-1.137478	116.553736	0.007461	7.8
1569	-1.247801	116.511855	0.007536	7.8
1570	-1.160052	116.470015	0.011799	11.5
1571	-0.526624	116.428214	0.003451	8.6
1572	-0.767687	116.386454	0.006527	7.8
1573	-1.255694	116.344733	0.008414	7.8
1574	-1.240060	116.303052	0.005974	8.1
1575	-0.122445	116.261412	0.003232	12.1
1576	-1.210832	116.219810	0.007250	8.9
1577	-0.965557	116.178249	0.005285	7.9
1578	-0.349079	116.136727	0.003662	8.0
1579	-0.660655	116.095245	0.004746	8.3
1580	-1.223180	116.053802	0.007776	10.1
1581	-0.523016	116.012398	0.004405	7.9
1582	-1.185779	115.971034	0.006483	9.5
1583	-1.238725	115.929710	0.008981	7.9
1584	-0.984616	115.888424	0.007612	7.9
1585	-0.462215	115.847178	0.004883	10.0
1586	-0.811522	115.805970	0.006244	8.6
1587	-0.468131	115.764802	0.005150	8.1
1588	-1.041642	115.723673	0.008804	7.8
1589	-0.786701	115.682583	0.006982	7.8
1590	-0.650667	115.641532	0.006688	10.3
1591	-1.088974	115.600519	0.009378	8.8
1592	-0.924873	115.559546	0.006632	8.0
1593	-1.159031	115.518610	0.011937	8.9
1594	-1.198728	115.477714	0.007142	7.9
1595	-0.967666	115.436856	0.007379	10.7
1596	-0.835941	115.396037	0.007598	7.9
1597	-0.547678	115.355256	0.006696	9.9
1598	-0.342817	115.314514	0.004598	7.3
1599	-1.114605	115.273810	0.008503	10.8
1600	-1.163121	115.233144	0.006521	9.2
1601	-0.951547	115.192517	0.007525	8.4
1602	-1.226582	115.151927	0.007500	8.0
1603	-0.195163	115.111376	0.003363	6.5
1604	-0.537336	115.070863	0.003249	10.1
1605	-0.111773	115.030388	0.002058	8.5
1606	-1.006804	114.989951	0.007123	7.9
1607	-1.158519	114.949551	0.005583	7.9
1608	-0.974698	114.909190	0.006538	7.7
1609	-0.827662	114.868866	0.005439	9.7
1610	-0.663063	114.828580	0.005413	8.9
1611	-1.017462	114.788332	0.009236	8.6
1612	-1.193812	114.748121	0.007196	8.0
1613	-0.046562	114.707948	0.001522	8.1
1614	-1.262678	114.667812	0.010005	10.7
1615	-1.156783	114.627714	0.005535	7.9
1616	-0.767310	114.587653	0.007352	9.0
1617	-0.829287	114.547629	0.008751	7.8
1618	-1.168432	114.507643	0.009864	10.6
1619	-1.079262	114.467693	0.009545	7.9
1620	-1.005265	114.427781	0.006823	8.7
1621	-0.672733	114.387907	0.005057	8.0
1622	-1.100320	114.348069	0.007079	7.8
1623	-0.643379	114.308268	0.005913	11.2
1624	-1.087163	114.268504	0.009104	7.9
1625	-1.286362	114.228777	0.010307	7.9
1626	-0.113057	114.189086	0.002674	8.7
1627	-1.177636	114.149433	0.007916	8.0
1628	-1.082846	114.109816	0.007988	10.3
1629	-1.200122	114.070235	0.006147	8.7
1630	-0.734709	114.030692	0.006916	7.8
1631	-0.798615	113.991185	0.006692	8.0
1632	-1.047778	113.951714	0.007206	7.8
1633	-0.963566	113.912280	0.007816	11.3
1634	-1.044741	113.872882	0.008044	9.8
1635	-0.400610	113.833521	0.003229	10.3
1636	-0.983669	113.794195	0.007809	8.0
1637	-1.260910	113.754906	0.008200	8.9
1638	-0.781889	113.715653	0.007389	9.7
1639	-0.265985	113.676437	0.003088	8.3
1640	-1.252325	113.637256	0.007292	7.9
1641	-1.211166	113.598111	0.007490	7.9
1642	-1.082206	113.559002	0.006894	10.4
1643	-0.971957	113.519929	0.007451	7.9
1644	-1.012510	113.480892	0.006598	8.8
1645	-0.985438	113.441891	0.007501	7.9
1646	-1.189402	113.402925	0.006330	7.9
1647	-1.020931	113.363995	0.006163	10.1
1648	-0.426620	113.325101	0.003262	9.1
1649	-0.835650	113.286242	0.011452	7.9
1650	-1.110718	113.247419	0.006288	8.0
1651	-0.996221	113.208631	0.006161	7.9
1652	-0.359855	113.169879	0.004195	9.9
1653	-0.151238	113.131162	0.001279	8.0
1654	-0.992839	113.092480	0.007603	8.8
1655	-1.140502	113.053833	0.006394	8.1
1656	-1.221217	113.015222	0.011494	7.9
1657	-0.304903	112.976646	0.003070	11.1
1658	-1.171959	112.938105	0.007418	7.8
1659	-0.851550	112.899599	0.007136	9.6
1660	-1.190006	112.861128	0.008063	13.9
1661	-1.052654	112.822692	0.008306	12.7
1662	-1.163013	112.784291	0.005853	13.5
1663	-0.856546	112.745924	0.004956	14.2
1664	-1.283804	112.707593	0.006933	14.2
1665	-1.251113	112.669296	0.006110	14.0
1666	-1.127771	112.631034	0.006848	13.2
1667	-1.249854	112.592806	0.008328	14.0
1668	-0.643199	112.554613	0.005373	14.1
1669	-0.738317	112.516455	0.005009	14.3
1670	-1.170231	112.478331	0.007546	8.7
1671	-1.155532	112.440241	0.010820	7.1
1672	-1.280079	112.402186	0.008955	7.9
1673	-1.197377	112.364165	0.007197	7.8
1674	-0.895474	112.326179	0.007403	10.7
1675	-0.853934	112.288227	0.005949	9.0
1676	-0.789896	112.250309	0.007509	7.8
1677	-0.794344	112.212425	0.007100	7.9
1678	-0.566289	112.174575	0.005994	7.8
1679	-1.276837	112.136759	0.008549	10.1
1680	-0.823087	112.098977	0.005347	7.8
1681	-1.147625	112.061229	0.008214	8.7
1682	-1.054288	112.023515	0.007821	9.0
1683	-1.167163	111.985834	0.006797	8.1
1684	-1.017594	111.948188	0.009853	12.0
1685	-0.237589	111.910575	0.004524	7.0
1686	-1.102125	111.872996	0.007600	7.9
1687	-0.849690	111.835450	0.005825	7.2
1688	-1.265915	111.797939	0.006551	10.7
1689	-0.891493	111.760460	0.006652	7.6
1690	-0.525467	111.723015	0.005728	8.9
1691	-1.291184	111.685604	0.006960	8.7
1692	-0.763910	111.648226	0.006710	7.9
1693	-0.646382	111.610881	0.005625	9.9
1694	-1.146311	111.573570	0.009471	8.7
1695	-1.004042	111.536292	0.008553	7.8
1696	-0.902026	111.499047	0.009164	8.4
1697	-0.000000	111.461835	0.000000	8.0
1698	-1.080607	111.424656	0.008777	9.6
1699	-0.982690	111.387510	0.006501	7.8
1700	-1.164136	111.350398	0.007334	9.0
1701	-1.201705	111.313318	0.008344	7.9
1702	-0.539863	111.276271	0.005505	8.0
1703	-0.990873	111.239257	0.007108	10.1
1704	-0.557082	111.202276	0.006259	8.9
1705	-0.895519	111.165328	0.006500	8.1
1706	-1.009514	111.128412	0.006641	7.9
1707	-1.139525	111.091529	0.006918	7.8
1708	-0.429104	111.054679	0.005231	10.1
1709	-1.224806	111.017861	0.006999	10.7
1710	-0.874680	110.981076	0.007274	7.2
1711	-0.896963	110.944323	0.004932	7.9
1712	-0.859289	110.907603	0.006201	8.1
1713	-0.757271	110.870915	0.006252	12.1
1714	-0.858849	110.834259	0.006450	8.7
1715	-0.732701	110.797636	0.006486	7.9
1716	-1.183737	110.761045	0.005451	8.1
1717	-0.317616	110.724486	0.004911	10.3
1718	-1.270848	110.687959	0.006135	8.0
1719	-1.346735	110.651465	0.009309	8.8
1720	-0.155633	110.615002	0.003721	7.5
1721	-0.292203	110.578572	0.004572	7.9
1722	-1.150789	110.542173	0.007514	10.9
1723	-0.717245	110.505807	0.005616	7.9
1724	-1.146340	110.469472	0.006306	8.5
1725	-0.832612	110.433169	0.005576	8.7
1726	-0.326280	110.396898	0.003529	7.8
1727	-1.172767	110.360659	0.008242	10.0
1728	-1.040695	110.324451	0.005884	8.9
1729	-1.134645	110.288276	0.007086	8.1
1730	-1.272305	110.252131	0.007014	7.8
1731	-0.269725	110.216019	0.006933	7.2
1732	-0.622214	110.179937	0.005288	10.3
1733	-1.282782	110.143888	0.007151	7.8
1734	-0.576404	110.107869	0.005629	9.0
1735	-0.350632	110.071882	0.005517	7.6
1736	-1.253462	110.035927	0.006380	7.9
1737	-0.941732	110.000003	0.006146	10.3
1738	-0.684612	109.964110	0.004801	8.8
1739	-0.776629	109.928248	0.006092	8.0
1740	-0.133018	109.892417	0.004419	7.9
1741	-1.162842	109.856618	0.006991	7.8
1742	-1.173549	109.820850	0.008476	9.8
1743	-0.393843	109.785112	0.006849	7.1
1744	-1.166954	109.749406	0.007455	9.1
1745	-0.251479	109.713730	0.002781	8.7
1746	-0.124843	109.678086	0.001802	6.9
1747	-0.705467	109.642472	0.006286	11.2
1748	-0.656411	109.606890	0.004597	7.7
1749	-0.460684	109.571337	0.005514	7.8
1750	-0.650317	109.535816	0.006936	8.0
1751	-0.838739	109.500326	0.006162	7.9
1752	-0.758328	109.464866	0.006337	10.7
1753	-1.078343	109.429436	0.007518	9.2
1754	-0.686015	109.394038	0.007157	8.2
1755	-0.172071	109.358669	0.003720	8.0
1756	-0.850755	109.323331	0.005458	7.9
1757	-0.404652	109.288024	0.003212	10.7
1758	-0.893324	109.252747	0.006846	7.8
1759	-0.289308	109.217501	0.004473	9.0
1760	-0.207340	109.182284	0.002970	7.7
1761	-1.038254	109.147098	0.007415	10.6
1762	-0.583413	109.111942	0.003112	7.2
1763	-0.194980	109.076817	0.003330	8.8
1764	-0.789334	109.041721	0.006677	7.9
1765	-1.201375	109.006656	0.007758	7.9
1766	-1.261407	108.971620	0.007713	11.2
1767	-0.971448	108.936615	0.006493	7.9
1768	-0.802723	108.901640	0.006536	7.9
1769	-1.254639	108.866694	0.009838	7.8
1770	-1.170736	108.831779	0.006960	8.0
1771	-1.157071	108.796893	0.010831	11.1
1772	-0.622790	108.762037	0.004679	8.9
1773	-1.314838	108.727211	0.010791	7.9
1774	-1.255875	108.692415	0.006939	8.6
1775	-0.779014	108.657648	0.007136	7.9
1776	-0.965311	108.622911	0.004651	10.4
1777	-0.923642	108.588203	0.007620	7.8
1778	-1.255974	108.553525	0.007349	8.9
1779	-1.254625	108.518877	0.007894	7.8
1780	-0.981950	108.484258	0.006060	10.5
1781	-0.884044	108.449668	0.007026	9.2
1782	-0.949079	108.415108	0.010376	8.9
1783	-0.804320	108.380578	0.005411	8.0
1784	-0.034034	108.346076	0.002004	8.1
1785	-0.800820	108.311604	0.008501	11.4
1786	-1.261102	108.277161	0.006594	7.8
1787	-0.008614	108.242747	0.000044	8.1
1788	-1.209777	108.208363	0.007874	8.2
1789	-1.288854	108.174007	0.006643	10.8
1790	-0.305617	108.139681	0.004430	7.9
1791	-1.227514	108.105383	0.007575	9.2
1792	-0.941398	108.071115	0.005319	7.9
1793	-1.085536	108.036875	0.006889	8.0
1794	-0.294294	108.002665	0.002084	12.5
1795	-1.066756	107.968483	0.005822	8.8
1796	-0.536157	107.934330	0.006820	8.6
1797	-1.082070	107.900206	0.007020	7.9
1798	-0.173539	107.866111	0.002260	10.0
1799	-1.211621	107.832044	0.007784	7.8
1800	-0.859861	107.798007	0.007593	8.7
1801	-1.089889	107.763997	0.007431	7.7
1802	-0.368708	107.730017	0.004507	8.4
1803	-0.991264	107.696065	0.008889	11.5
1804	-1.232689	107.662141	0.007503	7.8
1805	-0.470844	107.628246	0.004491	7.9
1806	-0.988116	107.594379	0.006392	7.8
1807	-1.060091	107.560541	0.006101	7.8
1808	-0.854572	107.526731	0.005782	10.9
1809	-0.619125	107.492949	0.005866	8.5
1810	-0.888210	107.459196	0.008475	7.9
1811	-1.061318	107.425471	0.005000	8.0
1812	-0.726495	107.391774	0.006426	8.1
1813	-1.197225	107.358106	0.009202	10.1
1814	-0.726961	107.324465	0.005723	7.9
1815	-0.843275	107.290853	0.007942	8.7
1816	-1.192360	107.257268	0.006737	7.8
1817	-0.974445	107.223712	0.007680	7.8
1818	-1.190911	107.190184	0.007103	10.4
1819	-0.917957	107.156683	0.005872	8.9
1820	-0.718504	107.123211	0.005272	8.0
1821	-0.452479	107.089766	0.004614	7.9
1822	-1.237412	107.056349	0.008855	8.4
1823	-0.428547	107.022960	0.007610	10.6
1824	-1.200726	106.989599	0.005945	9.3
1825	-1.332944	106.956265	0.006801	8.0
1826	-0.961464	106.922960	0.009531	8.4
1827	-0.888360	106.889681	0.006510	11.4
1828	-1.072860	106.856431	0.009766	9.1
1829	-0.074519	106.823208	0.002875	7.9
1830	-0.880821	106.790012	0.009090	9.0
1831	-1.074588	106.756844	0.008588	8.1
1832	-1.108281	106.723703	0.007042	10.6
1833	-0.906831	106.690590	0.007117	8.0
1834	-0.493578	106.657505	0.004340	7.9
1835	-1.187421	106.624446	0.008251	7.6
1836	-0.989766	106.591415	0.007981	9.8
1837	-1.153766	106.558411	0.008579	8.9
1838	-0.607203	106.525435	0.005807	8.3
1839	-1.232099	106.492485	0.007768	8.0
1840	-0.871828	106.459563	0.006424	7.9
1841	-1.134423	106.426668	0.008855	10.8
1842	-1.139503	106.393800	0.008208	7.8
1843	-1.136758	106.360959	0.007673	7.8
1844	-1.256244	106.328145	0.007261	7.7
1845	-0.822194	106.295358	0.007868	8.1
1846	-1.175195	106.262598	0.005758	10.8
1847	-1.074236	106.229865	0.007173	8.9
1848	-0.955306	106.197158	0.006253	7.8
1849	-1.017898	106.164479	0.008616	7.3
1850	-1.146088	106.131826	0.009254	7.9
1851	-0.250663	106.099201	0.002902	10.5
1852	-0.144496	106.066602	0.001733	8.0
1853	-1.119669	106.034029	0.007767	8.7
1854	-0.996711	106.001483	0.005859	7.6
1855	-0.672731	105.968964	0.005988	8.0
1856	-1.314616	105.936472	0.008640	11.4
1857	-0.005117	105.904006	0.000622	7.9
1858	-1.239418	105.871566	0.009578	8.1
1859	-1.145410	105.839153	0.006839	8.6
1860	-0.437255	105.806767	0.006425	8.1
1861	-1.163487	105.774407	0.009426	10.0
1862	-0.349553	105.742073	0.004687	8.7
1863	-0.748947	105.709766	0.011293	7.9
1864	-0.769615	105.677485	0.006907	7.8
1865	-0.717229	105.645230	0.006719	7.8
1866	-1.228022	105.613001	0.008045	9.9
1867	-1.141419	105.580799	0.007824	7.8
1868	-0.947416	105.548623	0.007875	8.9
1869	-1.191689	105.516473	0.007193	7.8
1870	-0.790995	105.484349	0.007818	7.8
1871	-1.172029	105.452251	0.008116	10.1
1872	-0.967393	105.420179	0.004664	8.8
1873	-1.113247	105.388133	0.009706	7.1
1874	-0.383704	105.356113	0.004608	7.8
1875	-0.729053	105.324119	0.005100	8.1
1876	-0.637686	105.292151	0.006699	10.7
1877	-0.664568	105.260209	0.006040	7.9
1878	-0.694337	105.228293	0.004922	7.5
1879	-1.136137	105.196402	0.007564	8.1
1880	-1.144504	105.164537	0.005976	8.1
1881	-1.061559	105.132698	0.010114	11.6
1882	-1.125833	105.100885	0.006116	8.2
1883	-1.114210	105.069097	0.008801	8.0
1884	-0.707406	105.037335	0.006010	7.7
1885	-1.215060	105.005598	0.006628	7.9
1886	-1.289310	104.973887	0.009273	10.6
1887	-0.493603	104.942202	0.005583	8.5
1888	-0.184249	104.910542	0.001768	8.6
1889	-0.581443	104.878907	0.005435	7.8
1890	-0.651799	104.847298	0.005290	7.9
1891	-1.191544	104.815715	0.007488	9.8
1892	-0.757364	104.784156	0.008086	7.8
1893	-1.153564	104.752623	0.009282	8.9
1894	-0.722292	104.721116	0.007780	7.9
1895	-0.391498	104.689633	0.007919	7.9
1896	-1.164782	104.658176	0.006229	10.0
1897	-1.194468	104.626744	0.008007	9.4
1898	-0.886782	104.595337	0.006597	7.8
1899	-0.232943	104.563955	0.004426	8.1
1900	-0.951214	104.532599	0.007749	7.0
1901	-1.150276	104.501267	0.006256	10.3
1902	-0.747501	104.469960	0.006552	7.9
1903	-0.814150	104.438679	0.005347	8.5
1904	-0.663754	104.407422	0.006361	7.9
1905	-0.238865	104.376191	0.001919	7.9
1906	-0.602349	104.344984	0.003258	10.3
1907	-1.111771	104.313802	0.007037	13.4
1908	-0.791938	104.282645	0.008387	12.0
1909	-1.195700	104.251513	0.006796	8.7
1910	-0.705320	104.220405	0.007141	11.6
1911	-1.261840	104.189323	0.009258	9.1
1912	-1.027915	104.158265	0.006577	7.9
1913	-1.221451	104.127231	0.006803	8.1
1914	-1.036388	104.096222	0.010503	11.0
1915	-1.146047	104.065238	0.007429	8.5
1916	-1.292168	104.034279	0.006978	8.7
1917	-0.978886	104.003344	0.005380	7.8
1918	-0.635447	103.972433	0.004164	7.8
1919	-1.121872	103.941547	0.008932	9.9
1920	-1.126410	103.910686	0.008019	8.9
1921	-0.946458	103.879849	0.005136	8.3
1922	-0.265660	103.849036	0.006510	10.5
1923	-1.116817	103.818248	0.008881	10.5
1924	-1.144130	103.787484	0.007579	9.0
1925	-0.790709	103.756744	0.005085	8.2
1926	-1.224248	103.726029	0.005612	9.2
1927	-1.119974	103.695338	0.006203	8.2
1928	-0.091059	103.664671	0.003452	10.4
1929	-1.247389	103.634028	0.006421	8.9
1930	-0.284288	103.603409	0.003876	7.9
1931	-0.627880	103.572814	0.004196	8.9
1932	-0.737716	103.542244	0.005075	9.0
1933	-1.085627	103.511698	0.009517	9.5
1934	-1.104261	103.481175	0.008478	7.8
1935	-1.052810	103.450677	0.005452	9.4
1936	-1.233732	103.420202	0.008019	7.9
1937	-1.161218	103.389752	0.007682	10.4
1938	-0.022268	103.359325	0.003850	9.3
1939	-0.920740	103.328922	0.007491	7.9
1940	-0.997026	103.298543	0.006915	8.0
1941	-0.224425	103.268188	0.003737	7.9
1942	-0.950773	103.237857	0.007997	11.4
1943	-0.200932	103.207549	0.004277	8.7
1944	-0.022833	103.177265	0.004017	7.3
1945	-0.987225	103.147005	0.005492	7.8
1946	-0.553853	103.116768	0.005238	7.8
1947	-0.357509	103.086556	0.005136	10.5
1948	-1.207524	103.056366	0.008333	9.2
1949	-1.054047	103.026200	0.005719	8.0
1950	-0.808382	102.996058	0.007372	8.0
1951	-1.266856	102.965939	0.007353	8.0
1952	-1.235462	102.935844	0.007357	10.9
1953	-1.130702	102.905772	0.006053	9.2
1954	-1.287152	102.875724	0.009619	8.0
1955	-1.211335	102.845699	0.008227	7.9
1956	-0.808324	102.815697	0.004571	10.5
1957	-1.146601	102.785719	0.005185	8.9
1958	-0.272011	102.755764	0.003611	8.2
1959	-1.248996	102.725832	0.006266	7.7
1960	-0.548620	102.695924	0.005184	7.9
1961	-0.582916	102.666038	0.006333	10.3
1962	-1.153181	102.636176	0.009618	7.8
1963	-1.124220	102.606337	0.005945	8.8
1964	-0.663202	102.576521	0.006887	7.8
1965	-0.749136	102.546728	0.005358	7.9
1966	-1.201610	102.516959	0.009874	10.3
1967	-0.787176	102.487212	0.009319	9.1
1968	-0.704159	102.457488	0.005722	8.0
1969	-1.148519	102.427788	0.006001	7.9
1970	-1.115401	102.398110	0.005350	8.1
1971	-0.899010	102.368455	0.007449	9.8
1972	-1.202548	102.338823	0.007363	9.7
1973	-0.880640	102.309214	0.007755	8.1
1974	-1.142965	102.279628	0.008134	7.8
1975	-1.262155	102.250064	0.005790	7.9
1976	-0.720620	102.220524	0.006308	10.9
1977	-0.752838	102.191006	0.006203	7.9
1978	-1.268389	102.161511	0.005733	9.4
1979	-0.899931	102.132038	0.006617	7.7
1980	-0.997277	102.102588	0.007584	10.6
1981	-0.277185	102.073161	0.003417	8.0
1982	-1.325447	102.043757	0.007776	8.7
1983	-1.173504	102.014375	0.006624	7.9
1984	-1.113138	101.985015	0.007539	7.7
1985	-0.471757	101.955678	0.004830	11.1
1986	-1.214320	101.926364	0.005929	7.8
1987	-0.309708	101.897072	0.003476	7.4
1988	-1.068156	101.867802	0.005185	7.7
1989	-0.385339	101.838555	0.003248	7.8
1990	-1.204336	101.809330	0.007924	10.7
1991	-1.259832	101.780128	0.007801	8.8
1992	-0.824023	101.750948	0.006092	7.8
1993	-0.849283	101.721790	0.006311	7.7
1994	-0.763263	101.692654	0.006611	8.0
1995	-0.408809	101.663541	0.004635	9.7
1996	-1.272620	101.634450	0.007620	7.8
1997	-0.903498	101.605381	0.006008	9.0
1998	-0.761319	101.576335	0.004550	8.7
1999	-1.101615	101.547310	0.007180	8.3
