1:ItNr	2:Metric	3:StepSize	4:||Gradient||	Time[ms]
0	-0.972870	627.201626	0.007654	501.2
1	-0.279522	623.504937	0.004443	12.2
2	-0.433711	619.865785	0.005369	8.0
3	-0.944271	616.282728	0.006926	9.6
4	-0.563872	612.754375	0.004852	9.0
5	-0.952900	609.279381	0.008262	8.3
6	-0.774470	605.856447	0.008624	8.3
7	-0.400477	602.484317	0.003543	7.6
8	-0.708533	599.161779	0.005051	8.7
9	-0.841861	595.887656	0.009802	8.2
10	-0.717353	592.660813	0.007035	8.2
11	-0.228550	589.480151	0.003335	7.3
12	-0.390468	586.344606	0.006543	8.7
13	-0.420802	583.253145	0.004815	8.0
14	-0.438548	580.204771	0.003666	8.3
15	-0.671990	577.198517	0.009219	7.6
16	-0.764368	574.233444	0.008290	8.5
17	-0.810505	571.308645	0.007915	8.2
18	-0.577749	568.423237	0.008119	8.5
19	-0.896244	565.576365	0.011420	7.9
20	-0.176668	562.767201	0.002515	9.0
21	-0.273505	559.994938	0.003447	7.6
22	-0.803152	557.258797	0.008611	8.3
23	-0.942631	554.558018	0.007878	8.3
24	-0.359601	551.891865	0.004414	8.1
25	-0.972466	549.259621	0.006225	8.3
26	-1.160088	546.660592	0.010114	9.5
27	-1.041069	544.094102	0.007135	8.1
28	-0.258789	541.559494	0.004045	8.2
29	-0.964696	539.056129	0.005765	8.4
30	-0.804407	536.583387	0.008365	7.5
31	-0.741829	534.140663	0.009884	8.5
32	-0.908829	531.727370	0.008635	8.6
33	-0.650855	529.342935	0.011157	8.9
34	-1.215832	526.986802	0.011870	7.7
35	-0.412968	524.658430	0.004727	7.8
36	-0.726466	522.357290	0.006421	8.2
37	-1.040479	520.082868	0.007872	8.7
38	-1.027273	517.834665	0.007421	7.9
39	-0.767251	515.612193	0.010228	7.8
40	-0.377634	513.414976	0.006245	9.5
41	-0.928758	511.242551	0.009433	8.9
42	-1.133275	509.094468	0.008427	10.9
43	-1.137758	506.970285	0.009432	7.9
44	-0.635640	504.869574	0.007862	9.6
45	-1.094814	502.791916	0.007428	8.0
46	-0.969676	500.736903	0.008151	8.5
47	-0.254355	498.704137	0.004076	8.7
48	-1.026395	496.693228	0.008531	8.6
49	-1.048430	494.703798	0.007977	9.9
50	-0.029257	492.735476	0.000820	9.7
51	-1.073540	490.787900	0.007615	8.2
52	-0.923677	488.860718	0.009104	7.8
53	-0.444286	486.953585	0.003709	8.4
54	-0.888781	485.066164	0.008119	8.1
55	-0.562412	483.198126	0.004358	8.4
56	-1.031522	481.349149	0.006222	8.2
57	-0.731652	479.518920	0.007755	8.1
58	-1.075075	477.707132	0.007645	8.5
59	-0.784893	475.913485	0.006598	7.8
60	-0.658481	474.137684	0.009455	9.0
61	-1.088845	472.379445	0.007835	8.0
62	-0.793598	470.638485	0.008005	7.7
63	-1.155382	468.914531	0.009500	8.5
64	-0.663450	467.207315	0.004004	8.3
65	-0.792733	465.516573	0.007868	8.4
66	-0.214457	463.842050	0.004009	7.6
67	-0.700125	462.183494	0.009705	7.9
68	-0.782985	460.540658	0.008579	8.6
69	-0.888198	458.913303	0.008057	8.5
70	-0.772633	457.301192	0.009138	8.4
71	-0.870645	455.704096	0.006091	7.6
72	-0.523334	454.121787	0.007939	7.8
73	-0.780835	452.554045	0.009133	8.2
74	-0.718244	451.000653	0.010938	8.1
75	-0.251403	449.461399	0.002339	7.9
76	-0.990125	447.936075	0.009052	9.1
77	-0.999257	446.424477	0.007024	7.9
78	-0.564462	444.926406	0.005810	8.3
79	-0.390066	443.441666	0.003218	7.8
80	-0.655634	441.970065	0.006641	8.8
81	-1.021543	440.511415	0.007135	8.2
82	-0.757996	439.065533	0.007570	8.8
83	-0.961005	437.632238	0.008971	8.3
84	-0.953339	436.211351	0.005942	8.2
85	-1.054047	434.802701	0.008248	7.6
86	-0.195491	433.406117	0.002232	8.8
87	-0.309825	432.021430	0.002434	8.4
88	-1.081105	430.648479	0.006179	8.1
89	-0.275375	429.287101	0.004954	7.7
90	-0.863939	427.937140	0.009616	8.5
91	-0.822225	426.598440	0.009431	11.0
92	-0.643980	425.270849	0.009932	8.6
93	-1.051505	423.954220	0.009209	8.8
94	-1.207054	422.648404	0.010435	9.6
95	-0.160829	421.353259	0.004212	7.1
96	-0.942183	420.068643	0.009669	7.7
97	-1.087639	418.794419	0.010575	9.1
98	-0.715787	417.530451	0.009243	8.9
99	-1.267411	416.276604	0.010655	8.2
100	-0.094766	415.032748	0.002483	7.8
101	-0.640500	413.798754	0.004657	7.9
102	-0.336896	412.574495	0.004003	8.9
103	-0.693409	411.359849	0.007703	8.3
104	-1.071564	410.154691	0.007571	8.4
105	-0.723868	408.958904	0.008810	7.6
106	-0.825756	407.772368	0.007605	9.0
107	-0.969168	406.594968	0.008086	7.9
108	-1.059204	405.426590	0.010581	8.6
109	-0.825674	404.267122	0.007710	7.7
110	-0.282875	403.116456	0.003527	8.4
111	-0.369943	401.974481	0.005658	9.3
112	-1.118168	400.841093	0.006843	8.9
113	-1.097625	399.716187	0.007855	8.6
114	-0.717734	398.599660	0.008793	8.0
115	-0.726280	397.491411	0.008814	7.7
116	-0.218779	396.391342	0.004302	8.7
117	-0.768944	395.299353	0.005495	10.9
118	-0.748919	394.215350	0.010574	10.6
119	-0.892068	393.139238	0.008236	9.3
120	-0.648360	392.070924	0.006752	7.8
121	-0.317762	391.010316	0.004720	7.7
122	-1.215028	389.957325	0.007934	7.8
123	-0.178937	388.911862	0.003367	8.0
124	-0.849648	387.873839	0.007223	7.8
125	-1.032718	386.843173	0.009048	8.1
126	-0.555992	385.819777	0.004285	7.9
127	-0.652248	384.803569	0.004719	8.6
128	-0.607490	383.794468	0.008463	8.8
129	-1.021321	382.792393	0.005558	8.8
130	0.000000	381.797264	0.000000	8.6
131	-0.210846	380.809005	0.003973	7.6
132	0.000000	379.827537	0.000000	8.4
133	-1.003544	378.852786	0.008257	7.6
134	-1.034781	377.884678	0.006860	8.9
135	-1.125812	376.923138	0.010774	7.6
136	-1.077552	375.968095	0.006775	8.0
137	-0.861723	375.019479	0.007205	8.1
138	-0.997025	374.077218	0.006647	8.8
139	-1.192889	373.141244	0.008976	9.3
140	-0.630377	372.211489	0.006955	8.4
141	-1.102966	371.287887	0.010525	8.3
142	-0.636274	370.370370	0.006383	8.4
143	-0.512066	369.458876	0.005565	10.0
144	-1.136212	368.553338	0.009686	7.7
145	-0.817765	367.653696	0.005873	8.5
146	-0.858205	366.759885	0.004984	7.7
147	-0.591965	365.871846	0.006532	8.3
148	-0.979988	364.989518	0.013979	8.7
149	-0.846534	364.112841	0.013536	8.7
150	-0.876882	363.241757	0.005659	8.1
151	-0.742395	362.376208	0.009307	8.3
152	-0.488629	361.516137	0.005035	7.7
153	-0.778775	360.661488	0.008396	8.2
154	-0.802352	359.812206	0.009336	8.2
155	-1.088780	358.968236	0.005734	8.4
156	-0.991956	358.129524	0.010563	7.5
157	-1.060263	357.296018	0.006564	8.8
158	-0.182218	356.467665	0.005221	8.6
159	-0.686837	355.644414	0.008533	8.0
160	-0.909037	354.826213	0.008396	7.8
161	-0.877896	354.013012	0.006373	7.6
162	-0.450011	353.204763	0.005732	8.1
163	-0.944826	352.401415	0.005819	8.2
164	-0.421425	351.602922	0.005418	7.0
165	-0.725829	350.809235	0.008894	8.4
166	-1.288682	350.020308	0.012047	8.3
167	-0.805172	349.236095	0.008606	8.1
168	-0.478618	348.456550	0.006520	8.4
169	-1.143918	347.681627	0.006302	8.3
170	-1.035018	346.911283	0.007021	8.0
171	-1.043865	346.145474	0.007488	8.2
172	-0.526218	345.384157	0.006545	8.3
173	-1.138742	344.627288	0.010465	7.6
174	-0.792285	343.874826	0.008137	8.9
175	-1.301567	343.126729	0.010926	8.1
176	-0.066740	342.382957	0.001754	8.8
177	-1.125920	341.643469	0.007672	7.9
178	-1.070655	340.908224	0.007074	8.5
179	-1.137154	340.177184	0.006716	7.7
180	-1.300417	339.450309	0.011294	8.1
181	-0.738773	338.727561	0.005508	8.2
182	-0.814399	338.008902	0.011265	8.3
183	-0.847463	337.294295	0.009132	7.7
184	-0.753355	336.583703	0.009442	8.5
185	-1.156488	335.877089	0.008246	8.3
186	-0.148657	335.174416	0.002401	8.0
187	-0.865571	334.475651	0.008076	7.8
188	-1.003835	333.780756	0.011779	8.5
189	-1.038015	333.089698	0.010071	7.8
190	-1.107773	332.402443	0.008453	8.8
191	-1.005453	331.718955	0.006945	12.5
192	-1.020446	331.039203	0.006515	7.9
193	-0.226543	330.363153	0.003680	8.8
194	-0.900504	329.690771	0.006179	7.8
195	-1.116826	329.022027	0.006535	9.7
196	-0.751477	328.356888	0.006835	12.1
197	-0.832338	327.695322	0.006851	9.8
198	-0.023983	327.037299	0.001382	9.4
199	-0.546301	326.382787	0.007757	8.3
200	-0.745162	325.731758	0.009676	7.9
201	-0.494274	325.084179	0.004245	7.8
202	-1.175274	324.440023	0.012499	8.1
203	-0.466460	323.799258	0.003893	8.5
204	-1.091652	323.161858	0.008162	8.7
205	-0.798335	322.527792	0.009204	8.6
206	-0.576173	321.897034	0.007797	7.6
207	-1.221803	321.269554	0.011464	8.7
208	-0.937942	320.645325	0.006719	7.9
209	-0.601180	320.024320	0.005010	8.9
210	-1.023803	319.406512	0.009216	6.9
211	-1.152902	318.791875	0.006370	8.1
212	-1.179021	318.180381	0.006476	7.9
213	-0.339327	317.572005	0.004153	8.5
214	-1.115374	316.966721	0.007051	8.0
215	-0.753236	316.364504	0.004113	7.9
216	-1.096379	315.765329	0.008428	8.0
217	-0.802457	315.169170	0.008652	8.9
218	-0.528289	314.576003	0.004122	8.2
219	-0.723435	313.985804	0.009448	7.4
220	-1.352642	313.398548	0.008689	8.6
221	-1.048642	312.814213	0.009642	8.2
222	-1.315799	312.232773	0.009201	8.3
223	-0.834193	311.654207	0.005653	8.4
224	-0.045146	311.078491	0.000871	7.7
225	-0.700541	310.505602	0.007310	8.3
226	-0.851162	309.935518	0.007630	8.5
227	-0.999499	309.368217	0.008396	8.0
228	-1.067863	308.803676	0.009837	8.4
229	-0.653957	308.241874	0.005073	8.5
230	-1.159093	307.682789	0.007893	8.3
231	-0.869137	307.126400	0.008160	8.4
232	-0.447645	306.572687	0.007438	8.1
233	-0.571683	306.021627	0.006149	7.7
234	-0.459039	305.473201	0.004635	8.9
235	-0.182731	304.927388	0.002841	11.4
236	-1.252624	304.384168	0.006857	9.5
237	-0.815804	303.843521	0.009940	8.6
238	-1.217035	303.305427	0.009871	8.2
239	-0.560057	302.769867	0.007356	9.9
240	-0.995138	302.236821	0.007198	7.8
241	-1.120342	301.706270	0.006616	10.1
242	-0.724541	301.178196	0.008843	9.4
243	-0.874826	300.652580	0.005231	9.0
244	-1.073748	300.129402	0.012233	8.2
245	-0.499915	299.608645	0.004620	8.3
246	-1.030612	299.090291	0.007691	8.1
247	-0.783635	298.574321	0.004994	7.6
248	-0.845810	298.060718	0.008994	8.4
249	-0.771176	297.549465	0.007575	8.2
250	-0.613980	297.040543	0.005327	8.0
251	-0.792582	296.533936	0.008126	8.1
252	-0.961184	296.029626	0.007331	9.1
253	-0.745851	295.527597	0.005530	7.4
254	-1.162844	295.027832	0.006772	8.2
255	-1.085936	294.530315	0.007186	8.8
256	-0.659103	294.035028	0.007627	7.8
257	-1.178226	293.541956	0.008520	8.9
258	-1.013147	293.051083	0.007663	8.6
259	-0.030357	292.562393	0.001742	8.0
260	-0.856135	292.075870	0.006672	7.5
261	-1.107225	291.591498	0.008440	8.4
262	-1.043111	291.109263	0.006027	8.1
263	-0.361906	290.629149	0.003798	7.5
264	-0.322112	290.151140	0.004056	8.3
265	-0.187210	289.675222	0.004687	7.6
266	-1.012373	289.201380	0.007093	8.2
267	-0.035965	288.729600	0.000711	8.5
268	-0.861821	288.259866	0.011148	8.9
269	-1.188752	287.792165	0.006281	7.8
270	-1.264671	287.326481	0.012652	8.6
271	-0.684986	286.862802	0.005268	8.2
272	-1.120899	286.401113	0.013044	8.0
273	-0.745137	285.941400	0.011083	8.3
274	-0.657890	285.483649	0.004731	7.7
275	-0.804003	285.027847	0.008598	8.6
276	-0.614517	284.573981	0.007032	8.6
277	-0.883941	284.122037	0.007142	8.2
278	-0.723699	283.672002	0.007433	7.8
279	-1.134168	283.223863	0.007856	9.0
280	-0.496893	282.777607	0.005598	8.1
281	-0.472176	282.333221	0.003821	8.5
282	-0.802158	281.890692	0.008988	7.9
283	-1.133822	281.450008	0.008368	8.1
284	-0.707663	281.011157	0.006506	8.4
285	-0.727855	280.574125	0.005150	8.3
286	-0.465444	280.138901	0.005261	8.0
287	-0.900093	279.705473	0.008467	8.6
288	-0.806416	279.273829	0.010775	7.9
289	-0.641302	278.843956	0.004930	7.9
290	-0.802869	278.415844	0.013282	9.9
291	-0.800030	277.989479	0.007234	8.3
292	-0.677870	277.564851	0.005246	8.3
293	-0.899683	277.141949	0.009890	9.1
294	-0.686575	276.720761	0.008089	9.0
295	-0.661472	276.301275	0.006029	7.3
296	-0.872195	275.883480	0.009974	8.7
297	-0.611096	275.467366	0.004778	9.0
298	-1.075289	275.052922	0.004823	10.0
299	-1.122599	274.640136	0.008247	9.0
300	-1.207581	274.228998	0.009714	7.8
301	-0.029616	273.819497	0.001943	8.9
302	-0.759433	273.411623	0.004951	8.3
303	-0.589151	273.005365	0.005690	7.9
304	-1.170170	272.600712	0.007306	7.5
305	-1.137744	272.197655	0.008870	11.3
306	-1.245080	271.796184	0.011362	7.9
307	-1.045683	271.396287	0.007099	8.3
308	-0.161948	270.997956	0.002109	8.0
309	-0.134595	270.601180	0.002410	8.1
310	-1.106121	270.205949	0.006274	7.6
311	-0.275775	269.812254	0.004726	8.4
312	-1.177719	269.420085	0.007636	8.2
313	-1.045080	269.029432	0.006631	8.3
314	-1.059887	268.640287	0.005288	7.7
315	-0.291671	268.252638	0.003939	8.3
316	-0.311628	267.866478	0.004100	7.8
317	-1.315395	267.481796	0.010192	8.7
318	-1.001303	267.098584	0.010291	7.9
319	-1.019722	266.716833	0.008326	8.5
320	-0.416818	266.336533	0.004143	7.9
321	-1.233180	265.957676	0.007107	7.8
322	-0.796703	265.580253	0.007638	8.0
323	-0.442194	265.204254	0.004350	8.5
324	-0.789391	264.829672	0.011713	8.5
325	-0.738264	264.456497	0.004470	10.5
326	-1.059049	264.084721	0.008489	15.1
327	-0.722925	263.714335	0.005528	9.4
328	-0.058612	263.345332	0.002616	7.5
329	-0.761964	262.977702	0.006266	8.2
330	-1.046399	262.611438	0.006367	7.9
331	-1.167276	262.246531	0.011843	8.1
332	-1.226670	261.882973	0.011328	8.9
333	-0.545456	261.520756	0.006790	7.3
334	-0.538513	261.159871	0.004791	9.0
335	-0.700016	260.800312	0.009985	8.1
336	-1.061780	260.442070	0.005855	7.5
337	-0.834879	260.085137	0.007337	8.5
338	-0.629753	259.729505	0.008310	10.8
339	-1.132038	259.375167	0.006083	9.3
340	-1.050831	259.022116	0.009176	9.3
341	-0.709995	258.670343	0.008711	7.0
342	-0.061836	258.319841	0.002418	7.9
343	-0.320134	257.970602	0.004398	8.0
344	-0.255244	257.622620	0.003810	9.0
345	-0.605164	257.275887	0.007232	8.1
346	-1.064006	256.930396	0.005835	8.1
347	-1.135423	256.586139	0.006610	7.8
348	-0.399740	256.243109	0.004417	8.4
349	-1.109779	255.901300	0.006003	8.2
350	-1.224641	255.560703	0.009630	8.4
351	-0.204359	255.221313	0.003233	6.8
352	-1.075342	254.883122	0.005706	12.0
353	-1.102336	254.546124	0.009051	8.6
354	-0.195027	254.210311	0.003206	9.7
355	-1.174027	253.875677	0.006499	8.7
356	-0.689872	253.542215	0.006380	8.3
357	-1.202968	253.209918	0.009837	8.4
358	-1.027998	252.878781	0.006928	7.6
359	-1.003569	252.548795	0.008801	8.4
360	-1.188866	252.219956	0.010402	8.2
361	-0.473682	251.892255	0.005575	8.1
362	-0.328369	251.565688	0.003309	7.9
363	-0.825856	251.240247	0.010366	8.3
364	-0.791936	250.915926	0.004499	8.5
365	-1.046917	250.592720	0.007289	8.9
366	-0.984896	250.270621	0.007067	8.0
367	-0.879374	249.949624	0.003973	7.7
368	-0.465830	249.629723	0.007705	8.7
369	-0.747500	249.310911	0.007807	8.4
370	-0.696901	248.993182	0.004691	7.4
371	-1.031749	248.676531	0.009233	7.6
372	-0.797519	248.360952	0.005942	8.9
373	-1.135957	248.046438	0.008742	8.3
374	-0.821558	247.732984	0.006320	8.5
375	-1.147814	247.420584	0.007471	8.5
376	-0.715256	247.109233	0.009761	7.9
377	-0.591448	246.798924	0.004852	8.5
378	-0.220665	246.489652	0.003032	8.8
379	-0.676421	246.181412	0.003721	7.9
380	-0.780301	245.874197	0.004886	8.1
381	-1.282184	245.568002	0.012237	7.7
382	-0.794413	245.262822	0.006957	8.2
383	-0.743642	244.958652	0.006254	7.8
384	-0.726791	244.655485	0.004637	8.4
385	-1.135154	244.353317	0.006976	8.4
386	-0.596760	244.052142	0.004801	8.3
387	-0.741980	243.751955	0.008364	9.9
388	-0.226028	243.452750	0.003456	9.1
389	-0.713630	243.154523	0.008883	8.1
390	-0.986413	242.857268	0.006555	9.9
391	-1.174698	242.560980	0.008467	8.0
392	-1.215787	242.265654	0.010894	8.8
393	-0.746684	241.971285	0.006529	8.2
394	-0.592781	241.677868	0.004193	8.1
395	-0.776392	241.385397	0.012232	8.3
396	-1.197450	241.093869	0.008113	7.9
397	-0.924789	240.803278	0.010912	8.4
398	-0.215027	240.513619	0.003275	8.6
399	-1.164696	240.224887	0.007223	8.1
400	-0.000000	239.937077	0.000000	8.1
401	-1.128048	239.650186	0.009741	7.6
402	-1.137238	239.364207	0.005770	8.0
403	-0.793468	239.079136	0.010057	8.0
404	-1.180216	238.794969	0.013149	8.0
405	-0.463703	238.511701	0.005272	8.7
406	-1.165519	238.229327	0.006830	8.7
407	-0.813209	237.947843	0.010384	8.6
408	-1.071935	237.667244	0.008730	8.6
409	-0.408593	237.387526	0.004648	7.7
410	-0.612901	237.108684	0.006937	7.8
411	-0.476916	236.830714	0.005809	8.1
412	-0.686727	236.553610	0.004740	8.8
413	-0.362179	236.277370	0.004724	7.7
414	-0.425205	236.001989	0.003930	6.9
415	-0.915333	235.727461	0.007981	8.0
416	-0.953983	235.453784	0.010262	8.8
417	-1.017145	235.180952	0.007193	7.8
418	-0.869420	234.908962	0.008143	7.8
419	-0.793397	234.637809	0.010736	8.2
420	-1.208635	234.367488	0.011350	8.6
421	-0.528683	234.097997	0.004856	8.0
422	-1.204640	233.829331	0.009619	8.2
423	-0.976725	233.561485	0.007245	8.8
424	-0.054855	233.294456	0.002237	8.2
425	-1.116133	233.028239	0.008793	8.3
426	-1.277203	232.762831	0.009719	7.9
427	-0.629839	232.498228	0.007016	7.6
428	-0.603111	232.234425	0.008793	8.2
429	-1.115474	231.971419	0.009344	8.3
430	-0.279538	231.709205	0.003599	8.7
431	-0.852184	231.447781	0.010591	7.9
432	-1.156212	231.187141	0.006693	7.6
433	-1.163841	230.927283	0.007898	7.8
434	-0.998660	230.668202	0.006010	8.3
435	-0.762236	230.409895	0.008829	7.8
436	-0.323194	230.152358	0.005608	8.5
437	-0.950571	229.895587	0.008516	10.7
438	-0.823524	229.639578	0.009392	8.6
439	-1.049381	229.384329	0.007196	9.0
440	-0.416455	229.129834	0.004278	9.7
441	-1.009413	228.876091	0.008545	9.3
442	-0.987892	228.623096	0.010081	8.1
443	-1.344806	228.370846	0.010005	7.6
444	-0.948117	228.119336	0.006069	9.6
445	-0.760499	227.868563	0.011154	7.8
446	-1.093828	227.618525	0.006400	8.7
447	-1.097117	227.369216	0.005819	7.6
448	-0.127836	227.120635	0.002076	8.1
449	-1.126352	226.872777	0.010916	8.1
450	-0.833072	226.625638	0.005094	8.2
451	-0.917720	226.379217	0.005384	7.8
452	-0.990152	226.133509	0.008686	8.1
453	-0.410472	225.888510	0.004791	8.1
454	-0.930726	225.644218	0.007453	8.5
455	-0.376053	225.400630	0.005913	7.8
456	-1.333454	225.157741	0.011049	7.9
457	-1.111508	224.915549	0.008020	8.5
458	-1.226823	224.674051	0.008796	10.2
459	-1.302159	224.433242	0.010306	8.6
460	-1.191075	224.193121	0.007079	8.0
461	-0.273232	223.953684	0.006019	7.9
462	-0.680329	223.714927	0.009566	8.4
463	-1.044962	223.476848	0.007659	8.1
464	-1.161844	223.239444	0.006685	8.3
465	-0.412524	223.002710	0.004034	8.4
466	-0.694166	222.766645	0.004951	8.0
467	-0.675988	222.531245	0.007615	8.7
468	-1.105721	222.296508	0.007598	8.2
469	-0.794481	222.062429	0.007407	8.8
470	-0.676110	221.829007	0.004268	10.9
471	-0.887646	221.596238	0.009996	9.5
472	-0.971112	221.364119	0.005686	8.3
473	-1.040737	221.132647	0.007245	7.6
474	-0.985102	220.901820	0.007588	8.4
475	-0.707806	220.671634	0.005850	8.4
476	-1.161536	220.442086	0.010694	8.0
477	-0.161138	220.213174	0.003632	7.5
478	-0.629648	219.984895	0.006418	8.7
479	-1.003075	219.757246	0.005355	8.4
480	-1.189272	219.530224	0.008412	8.2
481	-1.133146	219.303826	0.006532	7.6
482	-1.199054	219.078050	0.008039	9.0
483	-0.735511	218.852893	0.005814	8.1
484	-0.767695	218.628352	0.009296	8.5
485	-0.980324	218.404424	0.005264	7.9
486	-0.003525	218.181106	0.000210	8.0
487	-1.154977	217.958397	0.007050	12.1
488	-0.827685	217.736292	0.009305	9.6
489	-0.901782	217.514790	0.009886	9.0
490	-1.328373	217.293888	0.009175	8.2
491	-1.190563	217.073584	0.007072	8.4
492	-1.255215	216.853873	0.008380	8.1
493	-0.617060	216.634755	0.009858	8.2
494	-1.104095	216.416227	0.005982	9.0
495	-0.752941	216.198285	0.008018	8.2
496	-0.112416	215.980927	0.002775	8.4
497	-0.534420	215.764151	0.008556	8.0
498	-0.532724	215.547955	0.004355	7.7
499	-0.667559	215.332335	0.009007	9.2
500	-0.521689	215.117289	0.003881	7.5
501	-0.726400	214.902815	0.004733	8.0
502	-0.502458	214.688911	0.005058	7.7
503	-0.637996	214.475573	0.005971	8.6
504	-0.658544	214.262800	0.006780	8.4
505	-0.628542	214.050588	0.003726	8.5
506	-1.182884	213.838936	0.005768	8.3
507	-1.188430	213.627842	0.008725	7.6
508	-1.076027	213.417302	0.006863	7.9
509	-0.010273	213.207314	0.000846	7.7
510	-1.192267	212.997877	0.011507	8.2
511	-1.272663	212.788987	0.009184	9.0
512	-1.072910	212.580642	0.007706	8.1
513	-0.348556	212.372841	0.003781	7.9
514	-1.178908	212.165581	0.010872	7.7
515	-1.235588	211.958859	0.011166	7.7
516	-0.744867	211.752673	0.008300	8.3
517	-1.047232	211.547021	0.007965	7.9
518	-1.126061	211.341902	0.007228	8.2
519	-0.092358	211.137311	0.002405	7.8
520	-0.884030	210.933248	0.005024	7.9
521	-0.300429	210.729710	0.002319	8.3
522	-0.680296	210.526695	0.005391	8.7
523	-1.085036	210.324200	0.009349	7.9
524	-0.575805	210.122224	0.005360	8.4
525	-0.713450	209.920765	0.005206	7.9
526	-0.417513	209.719820	0.007045	8.2
527	-0.280610	209.519387	0.008007	7.2
528	-0.152945	209.319463	0.003545	8.2
529	-0.977819	209.120048	0.012367	8.7
530	-1.022650	208.921139	0.010017	8.8
531	-0.861787	208.722733	0.008235	8.5
532	-0.531363	208.524829	0.006891	8.4
533	-1.039998	208.327425	0.006325	7.8
534	-1.110555	208.130518	0.007118	7.2
535	-1.287060	207.934107	0.010519	8.5
536	-1.295694	207.738189	0.008035	8.2
537	-0.184184	207.542762	0.003170	10.5
538	-0.041976	207.347825	0.001067	9.8
539	-1.057340	207.153376	0.006762	8.2
540	-0.618872	206.959412	0.008056	8.6
541	-1.063143	206.765932	0.006778	8.3
542	-1.015442	206.572933	0.005499	8.4
543	-0.805595	206.380414	0.006453	10.6
544	-0.840228	206.188373	0.008866	9.1
545	-0.771375	205.996807	0.008375	7.8
546	-0.875225	205.805716	0.007348	9.0
547	-0.644704	205.615096	0.007625	8.3
548	-0.764025	205.424946	0.005523	7.7
549	-1.189780	205.235265	0.007545	7.6
550	-1.061442	205.046050	0.007523	7.9
551	-0.384558	204.857299	0.004833	7.8
552	-0.604923	204.669011	0.006450	8.2
553	-1.210761	204.481184	0.009807	7.6
554	-0.927067	204.293816	0.007159	8.9
555	-0.900556	204.106905	0.006758	8.1
556	-1.213622	203.920449	0.009871	8.1
557	-0.754691	203.734447	0.006792	8.0
558	-0.759409	203.548896	0.007086	8.2
559	-1.037145	203.363795	0.006582	7.6
560	-1.100412	203.179143	0.006836	8.2
561	-0.331835	202.994937	0.004193	8.0
562	-0.745948	202.811176	0.008402	8.3
563	-0.881155	202.627857	0.008478	8.2
564	-0.804374	202.444980	0.010051	12.4
565	-1.246597	202.262543	0.007452	8.5
566	-0.840118	202.080543	0.007932	7.5
567	-0.125878	201.898979	0.002391	8.1
568	-0.626069	201.717849	0.005852	9.1
569	-1.060971	201.537153	0.005826	13.6
570	-0.999227	201.356887	0.009224	8.3
571	-0.771945	201.177050	0.005406	8.8
572	-0.507794	200.997642	0.004563	8.6
573	-1.178736	200.818659	0.014602	8.9
574	-0.712431	200.640100	0.008888	7.9
575	-1.268511	200.461965	0.007902	7.7
576	-1.054718	200.284250	0.007206	8.3
577	-1.064222	200.106955	0.006755	8.9
578	-1.251144	199.930078	0.009490	10.2
579	-0.950954	199.753617	0.007709	9.2
580	-0.177809	199.577571	0.003974	7.7
581	-1.046757	199.401938	0.008229	8.5
582	-0.268727	199.226717	0.003513	8.4
583	-1.079292	199.051905	0.009738	11.5
584	-0.799953	198.877502	0.009999	11.9
585	-1.201932	198.703506	0.009601	8.5
586	-0.068274	198.529916	0.003455	8.8
587	-1.170580	198.356729	0.007294	8.8
588	-1.193863	198.183944	0.007082	8.1
589	-1.091068	198.011560	0.006113	7.7
590	-1.000534	197.839576	0.008699	8.4
591	-0.164694	197.667989	0.002734	8.6
592	-0.979369	197.496798	0.008215	8.1
593	-0.892994	197.326002	0.009156	8.0
594	-0.927380	197.155600	0.011275	7.7
595	-0.851103	196.985589	0.008586	7.9
596	-0.862646	196.815969	0.006668	8.2
597	-1.058336	196.646738	0.010367	8.1
598	-1.026514	196.477894	0.008678	7.5
599	-0.895476	196.309436	0.006086	8.0
600	-1.111635	196.141363	0.006873	7.4
601	-0.569479	195.973673	0.006579	7.9
602	-0.733469	195.806365	0.007679	8.5
603	-1.104798	195.639437	0.005328	8.6
604	-0.897629	195.472888	0.008736	8.7
605	-0.689094	195.306717	0.005115	8.2
606	-0.166487	195.140922	0.002944	7.6
607	-0.699334	194.975501	0.007683	8.8
608	-0.934730	194.810454	0.010588	7.9
609	-0.739535	194.645779	0.005040	8.7
610	-1.184822	194.481475	0.013315	8.3
611	-1.131561	194.317540	0.006610	7.9
612	-0.338628	194.153973	0.007229	8.2
613	-0.976987	193.990773	0.005783	8.9
614	-1.071970	193.827938	0.007039	8.2
615	-0.293455	193.665467	0.003762	8.3
616	-0.601331	193.503358	0.005709	7.6
617	-1.312379	193.341611	0.008145	8.0
618	-0.582500	193.180224	0.006443	8.4
619	-0.045633	193.019196	0.002738	8.7
620	-0.908664	192.858525	0.008279	7.9
621	-1.010009	192.698210	0.008878	8.3
622	-0.847503	192.538251	0.012408	7.8
623	-0.427707	192.378644	0.003735	8.1
624	-0.708695	192.219391	0.007739	7.8
625	-1.097456	192.060488	0.006066	8.5
626	-0.112408	191.901935	0.004320	8.3
627	-1.010660	191.743730	0.005790	8.2
628	-0.952928	191.585873	0.006308	7.3
629	-1.056885	191.428362	0.007676	7.5
630	-0.496508	191.271196	0.004765	8.8
631	-0.900300	191.114374	0.006782	7.3
632	-0.916795	190.957893	0.007809	7.9
633	-0.451867	190.801755	0.005662	11.0
634	-0.826327	190.645956	0.006890	8.7
635	-0.345232	190.490495	0.004039	8.5
636	-0.601512	190.335373	0.004080	8.2
637	-0.845574	190.180587	0.007377	8.0
638	-0.361406	190.026136	0.004578	8.5
639	-0.379074	189.872019	0.007134	7.1
640	-1.135207	189.718235	0.006055	8.2
641	-0.815592	189.564782	0.006552	8.3
642	-0.975901	189.411661	0.005867	8.4
643	-0.775769	189.258868	0.004709	8.2
644	-0.978278	189.106404	0.008484	8.5
645	-0.996292	188.954267	0.005833	8.1
646	-0.285517	188.802456	0.004207	7.7
647	-1.327496	188.650969	0.009239	7.6
648	-1.203114	188.499807	0.006415	8.3
649	-0.278338	188.348967	0.003157	8.0
650	-0.067726	188.198448	0.001741	8.0
651	-0.957579	188.048250	0.010686	8.0
652	-1.103423	187.898371	0.005749	7.7
653	-1.169587	187.748810	0.007602	8.0
654	-0.277741	187.599566	0.006236	7.6
655	-1.032100	187.450638	0.008151	7.7
656	-0.370365	187.302025	0.006324	8.8
657	-0.955416	187.153725	0.006129	8.6
658	-0.875400	187.005739	0.009382	8.5
659	-0.938757	186.858064	0.009019	8.1
660	-0.525380	186.710699	0.003047	8.4
661	-0.771810	186.563645	0.007745	9.2
662	-0.795684	186.416898	0.006874	8.1
663	-1.086856	186.270459	0.006042	8.0
664	-0.839754	186.124326	0.009700	7.9
665	-1.333413	185.978499	0.009814	7.8
666	-0.327300	185.832976	0.003136	7.4
667	-1.170392	185.687756	0.009061	8.2
668	-0.874347	185.542838	0.009938	7.8
669	-0.682724	185.398222	0.008014	7.9
670	-1.257041	185.253906	0.009274	8.1
671	-1.057754	185.109889	0.006226	8.7
672	-0.780488	184.966170	0.006287	8.0
673	-0.588715	184.822748	0.004755	8.4
674	-1.032773	184.679623	0.006142	7.7
675	-1.275338	184.536792	0.008960	8.3
676	-1.005989	184.394256	0.006023	7.6
677	-1.055828	184.252013	0.009417	8.1
678	-0.916118	184.110062	0.010075	7.6
679	-0.558242	183.968403	0.004687	9.0
680	-0.064669	183.827034	0.001308	7.3
681	-1.100456	183.685954	0.006168	8.4
682	-1.174486	183.545163	0.007161	7.6
683	-1.195665	183.404658	0.007636	8.3
684	-1.130205	183.264441	0.010561	10.0
685	-0.940725	183.124509	0.005057	8.3
686	-0.432819	182.984861	0.003476	8.0
687	-0.652489	182.845497	0.006379	7.9
688	-0.264721	182.706416	0.003493	9.2
689	-1.160644	182.567616	0.006203	7.8
690	-0.990507	182.429098	0.007562	8.4
691	-0.749099	182.290859	0.009151	7.6
692	-1.015984	182.152899	0.004279	8.9
693	-0.992602	182.015217	0.005934	7.7
694	-1.062641	181.877813	0.005275	8.6
695	-0.654420	181.740684	0.010355	7.7
696	-0.943837	181.603832	0.005756	7.7
697	-0.722142	181.467253	0.007322	7.5
698	-1.094760	181.330948	0.006510	8.8
699	-1.223292	181.194916	0.010371	7.9
700	-0.889095	181.059155	0.004823	7.8
701	-0.234236	180.923666	0.004095	8.2
702	-0.350710	180.788446	0.006105	9.0
703	-0.122328	180.653496	0.003496	7.6
704	-1.191197	180.518814	0.007759	8.4
705	-0.882240	180.384399	0.007475	11.8
706	-0.995457	180.250251	0.006739	8.7
707	-0.955457	180.116369	0.004323	9.5
708	-0.253462	179.982752	0.003273	7.5
709	-0.810197	179.849398	0.007709	8.3
710	-0.740323	179.716308	0.008767	8.0
711	-1.045620	179.583480	0.006897	7.9
712	-0.694515	179.450913	0.005425	8.5
713	-1.391382	179.318607	0.007821	8.2
714	-0.960178	179.186561	0.008199	7.2
715	-0.699624	179.054774	0.007889	8.1
716	-0.825721	178.923245	0.006831	8.6
717	-0.703139	178.791973	0.005612	8.0
718	-0.999415	178.660958	0.010068	8.2
719	-0.228095	178.530199	0.003157	8.3
720	-0.752231	178.399694	0.008481	7.7
721	-0.105502	178.269444	0.002882	8.4
722	-0.991325	178.139447	0.010151	8.3
723	-0.814052	178.009702	0.006083	8.0
724	-0.984209	177.880209	0.006517	7.6
725	-1.340143	177.750967	0.009557	8.2
726	-1.182000	177.621975	0.006869	8.8
727	-0.883647	177.493232	0.010651	8.1
728	-0.712270	177.364738	0.012298	8.0
729	-1.024101	177.236492	0.005438	7.7
730	-0.840026	177.108492	0.008283	8.5
731	-0.893123	176.980739	0.008399	8.5
732	-1.112519	176.853231	0.006130	8.1
733	-1.373513	176.725968	0.009461	7.7
734	-0.577239	176.598949	0.005638	8.9
735	-0.837853	176.472173	0.009289	10.8
736	-1.058269	176.345639	0.009063	9.6
737	-1.032340	176.219348	0.007201	8.8
738	-1.042851	176.093296	0.006424	8.5
739	-0.391116	175.967486	0.004055	8.4
740	-1.281841	175.841914	0.009096	7.9
741	-0.745518	175.716581	0.009037	9.0
742	-0.379519	175.591486	0.004221	8.9
743	-1.079108	175.466629	0.005998	8.6
744	-1.182592	175.342008	0.008440	7.8
745	-1.167167	175.217622	0.010144	8.0
746	-0.083830	175.093472	0.002296	8.2
747	-0.888599	174.969556	0.004613	8.9
748	-1.156076	174.845873	0.006585	8.9
749	-0.354803	174.722423	0.003920	8.4
750	-1.068419	174.599206	0.006144	7.6
751	-1.181579	174.476220	0.007648	8.3
752	-0.873067	174.353464	0.008180	8.4
753	-1.095221	174.230939	0.009846	8.0
754	-0.737940	174.108643	0.004522	7.5
755	-0.194149	173.986576	0.004933	7.8
756	-1.120415	173.864737	0.005773	8.7
757	-0.326896	173.743124	0.006004	8.0
758	-0.905890	173.621739	0.004606	7.9
759	-0.555865	173.500579	0.005220	8.6
760	-1.193302	173.379645	0.010870	8.6
761	-0.827528	173.258935	0.007894	8.9
762	-0.439561	173.138449	0.004976	8.4
763	-0.873992	173.018186	0.007463	7.6
764	-0.990020	172.898146	0.011628	8.3
765	-0.630036	172.778327	0.003845	7.9
766	-0.985695	172.658730	0.005139	8.7
767	-0.873004	172.539353	0.009313	6.9
768	-1.048836	172.420196	0.006166	8.1
769	-1.007639	172.301258	0.011930	7.8
770	-1.243676	172.182539	0.008245	8.2
771	-0.990441	172.064037	0.008583	7.6
772	-0.719753	171.945753	0.011830	8.3
773	-0.891514	171.827686	0.005942	8.0
774	-1.223477	171.709834	0.010511	9.0
775	-0.110418	171.592198	0.002226	8.1
776	-0.555993	171.474776	0.004791	8.0
777	-1.035796	171.357568	0.010217	8.4
778	-0.265100	171.240574	0.001979	8.2
779	-0.730648	171.123793	0.006500	7.9
780	-0.888353	171.007223	0.010735	7.7
781	-0.590188	170.890865	0.006707	7.9
782	-0.911828	170.774718	0.007947	8.2
783	-1.110410	170.658782	0.006026	8.1
784	-1.039154	170.543055	0.008447	9.0
785	-1.021432	170.427537	0.007168	11.7
786	-1.202614	170.312227	0.007822	7.7
787	-0.376321	170.197125	0.003441	9.6
788	-1.193070	170.082231	0.008818	10.5
789	-1.058274	169.967543	0.006868	9.1
790	-1.261524	169.853061	0.009591	11.2
791	-0.762895	169.738784	0.010215	10.1
792	-0.733913	169.624713	0.006153	7.2
793	-0.321412	169.510845	0.004568	8.2
794	-0.981583	169.397181	0.005462	8.4
795	-0.294774	169.283720	0.003756	7.8
796	-0.647704	169.170462	0.005547	8.1
797	-1.135354	169.057405	0.007842	9.1
798	-0.819452	168.944549	0.007064	8.0
799	-0.790339	168.831895	0.006536	8.0
800	-0.787728	168.719440	0.004720	8.4
801	-0.698799	168.607185	0.007714	8.2
802	-1.214181	168.495129	0.007051	8.2
803	-1.008771	168.383271	0.006258	8.2
804	-1.215690	168.271611	0.007573	7.7
805	-1.154527	168.160148	0.006691	8.6
806	-0.772888	168.048882	0.004618	8.4
807	-0.950571	167.937812	0.007766	7.8
808	-0.956017	167.826938	0.011658	7.5
809	-0.951784	167.716258	0.006270	8.8
810	-1.022565	167.605773	0.006883	8.5
811	-0.160399	167.495482	0.003067	8.9
812	-0.866479	167.385384	0.009137	7.9
813	-0.693756	167.275479	0.007942	7.0
814	-0.742146	167.165766	0.007512	6.7
815	-1.157010	167.056245	0.006038	8.7
816	-1.324914	166.946915	0.009341	7.6
817	-1.003187	166.837776	0.004856	8.9
818	-0.978751	166.728826	0.009743	8.3
819	-0.706249	166.620067	0.005775	8.2
820	-1.091727	166.511496	0.008751	7.9
821	-1.145991	166.403113	0.007054	8.6
822	-0.143671	166.294919	0.003629	8.5
823	-0.825717	166.186912	0.007130	11.6
824	-1.151835	166.079091	0.007760	9.3
825	-1.160318	165.971458	0.006519	8.2
826	-1.319587	165.864009	0.009186	8.4
827	-0.886251	165.756747	0.008884	7.9
828	-0.935152	165.649669	0.013132	7.9
829	-0.971988	165.542775	0.004580	9.4
830	-0.756627	165.436065	0.004107	10.1
831	-1.239272	165.329538	0.010131	8.9
832	-1.179788	165.223194	0.007410	9.6
833	-0.399575	165.117032	0.005403	9.1
834	-0.788005	165.011052	0.007306	9.1
835	-0.746449	164.905253	0.008958	9.1
836	-1.261735	164.799635	0.007852	8.1
837	-1.024467	164.694197	0.007522	8.3
838	-1.052231	164.588939	0.007847	8.7
839	-1.165488	164.483859	0.006611	8.7
840	-0.094438	164.378959	0.002102	7.9
841	-0.288632	164.274237	0.004718	8.5
842	-1.101667	164.169692	0.012228	8.5
843	-0.058402	164.065325	0.006630	7.4
844	-1.298558	163.961135	0.007936	8.4
845	-0.809916	163.857120	0.008930	8.1
846	-0.929863	163.753282	0.006005	8.7
847	-0.554803	163.649619	0.005068	7.1
848	-0.833436	163.546130	0.007037	8.2
849	-0.004301	163.442816	0.000001	7.6
850	-1.374980	163.339676	0.009123	8.5
851	-0.907279	163.236709	0.009644	8.7
852	-0.943010	163.133915	0.004959	8.6
853	-0.379819	163.031294	0.004678	7.7
854	-0.986490	162.928844	0.006225	7.8
855	-0.775602	162.826566	0.009500	8.1
856	-0.865244	162.724459	0.008811	9.0
857	-1.012640	162.622523	0.010368	8.9
858	-1.147260	162.520757	0.007641	8.4
859	-0.769605	162.419160	0.007920	7.6
860	-0.049483	162.317733	0.001509	8.4
861	-0.038778	162.216474	0.002704	8.3
862	-1.054211	162.115383	0.008499	8.0
863	-0.757553	162.014461	0.007273	7.7
864	-0.633894	161.913705	0.006520	8.2
865	-0.972979	161.813117	0.008688	8.5
866	-0.084248	161.712695	0.002661	8.1
867	-0.111372	161.612439	0.003027	8.0
868	-0.116035	161.512349	0.004489	7.5
869	-0.922107	161.412424	0.006771	7.6
870	-1.009586	161.312663	0.005385	8.0
871	-0.813394	161.213067	0.006768	7.2
872	-1.082164	161.113635	0.005899	8.2
873	-0.914868	161.014366	0.005639	8.5
874	-0.491398	160.915260	0.003265	8.1
875	-0.921703	160.816316	0.004880	7.3
876	-0.432249	160.717535	0.004304	8.4
877	-1.349414	160.618915	0.010776	9.0
878	-0.970537	160.520456	0.005505	8.5
879	-0.694911	160.422158	0.008102	8.2
880	-0.349895	160.324021	0.004887	7.7
881	-0.581184	160.226043	0.008123	7.9
882	-0.330605	160.128225	0.002669	8.4
883	-1.184429	160.030566	0.006645	11.2
884	-1.149314	159.933066	0.007821	8.1
885	-1.198681	159.835723	0.007119	9.9
886	-0.952721	159.738539	0.008719	8.2
887	-0.863214	159.641512	0.006018	7.5
888	-0.862032	159.544642	0.004468	8.7
889	-1.025919	159.447929	0.006220	8.4
890	-1.127458	159.351372	0.007323	10.3
891	-0.967694	159.254971	0.010233	9.8
892	-0.851463	159.158725	0.007039	8.2
893	-1.147932	159.062634	0.008652	7.8
894	-1.282467	158.966697	0.008088	8.1
895	-0.392852	158.870915	0.004620	8.2
896	-0.656929	158.775286	0.007682	8.5
897	-0.284059	158.679811	0.004140	7.7
898	-1.110727	158.584489	0.005332	9.2
899	-0.752425	158.489319	0.009136	8.0
900	-0.472483	158.394302	0.004846	8.5
901	-0.892191	158.299436	0.008861	8.2
902	-0.674766	158.204721	0.007967	7.6
903	-1.008050	158.110158	0.005462	9.1
904	-1.250163	158.015745	0.006169	8.5
905	-1.082909	157.921482	0.009454	8.2
906	-1.106167	157.827369	0.008227	7.6
907	-1.121338	157.733406	0.007415	8.9
908	-0.944969	157.639591	0.010495	8.2
909	-1.263663	157.545925	0.009448	8.6
910	-0.018275	157.452408	0.001516	8.5
911	-1.206242	157.359038	0.008995	8.2
912	-0.687415	157.265816	0.010222	8.6
913	-0.399327	157.172741	0.003457	8.2
914	-0.078289	157.079813	0.001520	8.5
915	-0.964496	156.987031	0.007808	8.9
916	-1.175002	156.894395	0.008701	8.0
917	-0.243780	156.801904	0.007511	7.7
918	-0.653946	156.709559	0.004560	8.4
919	-0.227899	156.617359	0.004026	8.2
920	-1.047357	156.525304	0.005346	10.1
921	-1.171710	156.433392	0.006375	8.3
922	-1.062993	156.341624	0.010076	8.1
923	-0.935856	156.250000	0.008753	8.0
924	-1.212144	156.158519	0.008216	8.6
925	-1.302876	156.067180	0.007031	7.7
926	-1.123243	155.975984	0.005589	7.8
927	-1.380331	155.884930	0.008605	8.1
928	-0.550324	155.794017	0.004388	9.0
929	-0.806118	155.703246	0.006802	8.5
930	-1.141511	155.612615	0.006136	8.3
931	-0.564227	155.522125	0.006152	7.6
932	-0.831271	155.431775	0.003722	8.9
933	-1.040356	155.341565	0.009096	9.7
934	-1.239292	155.251495	0.006593	9.6
935	-0.297446	155.161563	0.003345	7.6
936	-1.181836	155.071771	0.005971	8.6
937	-0.178286	154.982117	0.005260	8.0
938	-1.044873	154.892601	0.007837	8.7
939	-1.027537	154.803222	0.008972	9.4
940	-1.090408	154.713981	0.005468	10.8
941	-0.967168	154.624878	0.009579	9.2
942	-0.808297	154.535910	0.004813	8.6
943	-1.160401	154.447080	0.006920	7.6
944	-1.036549	154.358385	0.006968	9.3
945	-0.132186	154.269826	0.003449	7.7
946	-1.215215	154.181402	0.006717	8.7
947	-0.579963	154.093114	0.003803	7.8
948	-0.708471	154.004960	0.006131	8.6
949	-0.741941	153.916940	0.005072	8.5
950	-0.418511	153.829054	0.007410	8.4
951	-0.918530	153.741303	0.006399	8.2
952	-0.923238	153.653684	0.005106	8.4
953	-1.027201	153.566198	0.007652	6.6
954	-0.986057	153.478846	0.008206	8.4
955	-0.760858	153.391625	0.008265	8.2
956	-0.745461	153.304537	0.007221	7.8
957	-1.448475	153.217580	0.011186	7.7
958	-0.706006	153.130755	0.009905	8.3
959	-0.611648	153.044061	0.004792	9.0
960	-1.038128	152.957498	0.008796	8.0
961	-0.208213	152.871065	0.002685	7.9
962	-0.300196	152.784762	0.004604	8.4
963	-1.196360	152.698589	0.007613	8.5
964	-1.152097	152.612545	0.005952	8.5
965	-0.799615	152.526631	0.009144	8.7
966	-0.730845	152.440845	0.007913	7.6
967	-1.269855	152.355188	0.011683	8.8
968	-1.202654	152.269660	0.013312	8.0
969	-1.291214	152.184259	0.010602	9.3
970	-0.373301	152.098986	0.003135	8.0
971	-1.283945	152.013840	0.006906	8.2
972	-0.815877	151.928821	0.007365	8.2
973	-0.801597	151.843928	0.008777	8.4
974	-0.823107	151.759163	0.008274	9.7
975	-0.150034	151.674523	0.002883	8.9
976	-0.848503	151.590009	0.007753	8.2
977	-1.392672	151.505620	0.010501	8.3
978	-0.840931	151.421357	0.006772	8.7
979	-1.407836	151.337218	0.009468	8.6
980	-0.683855	151.253204	0.007856	8.2
981	-0.991525	151.169314	0.007648	11.1
982	-0.612131	151.085549	0.008498	9.7
983	-0.708820	151.001907	0.005792	8.6
984	-0.731508	150.918388	0.007082	8.6
985	-0.736402	150.834992	0.006197	9.0
986	-0.619336	150.751719	0.004657	7.7
987	-1.164449	150.668569	0.007096	8.6
988	-0.804095	150.585541	0.009280	7.6
989	-0.671765	150.502634	0.004979	9.0
990	-0.179425	150.419849	0.003751	8.4
991	-0.688564	150.337186	0.004260	8.5
992	-0.807511	150.254644	0.007791	8.2
993	-1.085387	150.172222	0.008101	8.1
994	-0.243530	150.089921	0.005268	8.2
995	-0.355074	150.007740	0.003417	8.0
996	-1.076004	149.925679	0.005215	7.9
997	-1.395587	149.843737	0.011160	8.3
998	-1.326940	149.761915	0.007289	8.9
999	-0.708511	149.680212	0.006861	8.5
1000	-0.591565	149.598627	0.008374	7.9
1001	-0.881979	149.517161	0.007472	8.1
1002	-0.297441	149.435814	0.004848	9.1
1003	-0.900136	149.354584	0.005588	7.6
1004	-1.045772	149.273472	0.008146	8.7
1005	-0.825070	149.192477	0.005454	7.7
1006	-0.402135	149.111599	0.004995	8.1
1007	-0.186693	149.030838	0.003338	8.5
1008	-0.097101	148.950194	0.006702	8.9
1009	-0.375292	148.869666	0.004021	7.6
1010	-0.855460	148.789253	0.010348	8.7
1011	-1.161406	148.708957	0.010440	7.7
1012	-0.557918	148.628776	0.006423	6.9
1013	-1.235557	148.548710	0.008611	8.0
1014	-1.303299	148.468759	0.008063	8.7
1015	-0.739694	148.388923	0.006021	7.6
1016	-0.856199	148.309201	0.012661	8.1
1017	-1.141852	148.229594	0.007658	8.3
1018	-0.760099	148.150100	0.006276	8.6
1019	-1.286354	148.070719	0.006853	8.0
1020	-1.244336	147.991452	0.007348	8.1
1021	-0.516727	147.912298	0.006253	8.6
1022	-0.547589	147.833257	0.006444	8.5
1023	-1.113083	147.754329	0.008027	8.3
1024	-0.056867	147.675512	0.002320	8.0
1025	-0.866242	147.596808	0.006721	7.8
1026	-0.000026	147.518216	0.000036	7.8
1027	-0.680059	147.439735	0.007218	8.6
1028	-1.144112	147.361365	0.006918	8.3
1029	-0.062212	147.283106	0.000708	7.8
1030	-0.000000	147.204958	0.000000	8.5
1031	-1.005548	147.126920	0.005610	11.4
1032	-1.120421	147.048993	0.006531	10.9
1033	-0.742617	146.971175	0.010047	8.0
1034	-1.189859	146.893468	0.007693	8.7
1035	-1.130592	146.815869	0.007644	8.7
1036	-1.262685	146.738380	0.010802	8.0
1037	-0.719325	146.661000	0.005905	7.3
1038	-1.175762	146.583729	0.006340	9.2
1039	-0.674456	146.506566	0.006554	8.4
1040	-0.549974	146.429511	0.004865	8.6
1041	-1.171641	146.352565	0.008893	7.8
1042	-1.068942	146.275726	0.006681	8.1
1043	-1.011623	146.198994	0.005954	7.4
1044	-0.948419	146.122370	0.009002	8.3
1045	-1.067601	146.045853	0.006574	8.0
1046	-0.664155	145.969442	0.006772	8.1
1047	-0.952938	145.893139	0.005442	7.7
1048	-1.069159	145.816941	0.006888	8.7
1049	-0.491484	145.740849	0.005475	7.6
1050	-1.083396	145.664863	0.007015	7.8
1051	-0.817569	145.588983	0.006679	8.4
1052	-1.216651	145.513208	0.006760	8.6
1053	-0.873172	145.437538	0.009561	9.4
1054	-0.219541	145.361973	0.005037	8.2
1055	-1.374673	145.286513	0.010174	8.8
1056	-0.872438	145.211157	0.005474	8.7
1057	-0.800544	145.135905	0.007986	12.8
1058	-0.579350	145.060757	0.004237	7.8
1059	-0.772271	144.985712	0.005296	8.8
1060	-0.891229	144.910771	0.005168	8.5
1061	-0.608555	144.835934	0.006142	7.9
1062	-0.302658	144.761199	0.003301	7.7
1063	-0.634395	144.686567	0.007071	8.3
1064	-1.033428	144.612037	0.004576	7.9
1065	-0.000000	144.537610	0.000000	7.8
1066	-1.091499	144.463285	0.008611	7.6
1067	-0.988363	144.389062	0.005755	8.5
1068	-1.023736	144.314940	0.008665	8.8
1069	-0.798075	144.240920	0.007271	8.0
1070	-1.252964	144.167001	0.009357	7.9
1071	-1.010735	144.093182	0.004878	7.7
1072	-1.315335	144.019465	0.008385	8.2
1073	-1.114366	143.945848	0.006515	8.2
1074	-0.393903	143.872331	0.005626	8.1
1075	-1.152322	143.798914	0.006142	7.7
1076	-0.978037	143.725597	0.010306	8.5
1077	-0.780826	143.652380	0.005801	8.5
1078	-1.020507	143.579262	0.006756	7.0
1079	-0.745639	143.506243	0.005058	7.5
1080	-1.087959	143.433323	0.006160	8.9
1081	-0.521808	143.360502	0.004945	10.1
1082	-1.040001	143.287780	0.006243	8.6
1083	-0.966991	143.215155	0.009899	10.1
1084	-0.840413	143.142629	0.007613	8.8
1085	-0.527725	143.070201	0.006184	7.8
1086	-1.028597	142.997870	0.009183	8.5
1087	-1.022395	142.925637	0.005788	8.6
1088	-1.141775	142.853501	0.007277	8.2
1089	-0.733804	142.781462	0.007250	8.1
1090	-1.167566	142.709519	0.007274	7.7
1091	-0.925511	142.637674	0.005019	8.6
1092	-0.790941	142.565924	0.007476	8.3
1093	-0.395366	142.494271	0.004440	8.9
1094	-1.133094	142.422714	0.006017	7.8
1095	-0.996802	142.351252	0.009247	8.3
1096	-0.537570	142.279886	0.007284	8.1
1097	-1.311511	142.208616	0.008860	8.7
1098	-1.065437	142.137440	0.006069	8.0
1099	-0.792704	142.066360	0.008151	8.2
1100	-1.302887	141.995374	0.008744	7.7
1101	-0.850106	141.924483	0.005050	9.4
1102	-1.210331	141.853685	0.006123	8.6
1103	-0.473536	141.782983	0.005598	8.0
1104	-1.099408	141.712373	0.006380	7.6
1105	-1.032734	141.641858	0.005782	8.7
1106	-0.490028	141.571436	0.005335	8.2
1107	-0.896901	141.501108	0.006555	8.2
1108	-0.299819	141.430872	0.004669	8.2
1109	-0.872078	141.360730	0.010934	7.9
1110	-0.482095	141.290680	0.005098	8.6
1111	-1.214179	141.220722	0.006902	8.4
1112	-1.003230	141.150857	0.008289	8.9
1113	-0.787223	141.081084	0.005366	7.8
1114	-1.151055	141.011403	0.010083	8.1
1115	-0.876727	140.941813	0.008362	7.8
1116	-0.632992	140.872315	0.006178	8.8
1117	-1.213480	140.802909	0.006487	8.4
1118	-1.185776	140.733593	0.010513	8.1
1119	-0.483305	140.664369	0.005461	9.1
1120	-0.743685	140.595235	0.008592	8.1
1121	-0.288678	140.526192	0.004104	8.3
1122	-1.063090	140.457239	0.005402	8.1
1123	-0.188384	140.388376	0.005279	8.6
1124	-0.940253	140.319603	0.008180	8.3
1125	-0.233178	140.250920	0.004285	8.9
1126	-1.097906	140.182326	0.007303	8.3
1127	-1.207365	140.113822	0.007914	8.1
1128	-0.481812	140.045407	0.005878	7.7
1129	-0.695607	139.977081	0.006713	8.7
1130	-0.381782	139.908844	0.004147	10.1
1131	-0.606909	139.840696	0.004924	8.9
1132	-1.176067	139.772635	0.006512	10.3
1133	-0.496601	139.704664	0.005759	7.4
1134	-0.985524	139.636780	0.009506	8.0
1135	-0.939698	139.568984	0.008112	8.3
1136	-0.840976	139.501276	0.004754	8.7
1137	-0.881453	139.433655	0.012447	9.5
1138	-1.142800	139.366122	0.005720	10.1
1139	-0.748266	139.298676	0.006762	7.9
1140	-0.719131	139.231317	0.009219	8.4
1141	-1.195833	139.164045	0.007025	8.6
1142	-1.063095	139.096859	0.009116	8.5
1143	-1.187613	139.029760	0.006910	8.0
1144	-1.029558	138.962747	0.004988	8.4
1145	-0.752235	138.895820	0.007214	7.7
1146	-1.150539	138.828978	0.007580	8.9
1147	-1.077126	138.762223	0.005111	7.9
1148	-0.893972	138.695553	0.006693	7.8
1149	-0.299293	138.628969	0.004599	7.8
1150	-1.092682	138.562469	0.007413	9.0
1151	-0.500072	138.496055	0.005059	9.4
1152	-0.903099	138.429725	0.008969	8.6
1153	-0.739585	138.363481	0.005333	8.8
1154	-0.080151	138.297320	0.002468	7.7
1155	-0.599501	138.231244	0.004557	7.8
1156	-0.622804	138.165252	0.003932	8.0
1157	-0.866208	138.099344	0.008113	8.5
1158	-0.762151	138.033520	0.007609	7.9
1159	-1.069252	137.967779	0.005841	7.9
1160	-0.709795	137.902122	0.004323	8.2
1161	-1.111232	137.836548	0.006856	9.1
1162	-0.271033	137.771057	0.006404	8.2
1163	-0.907230	137.705649	0.008668	8.3
1164	-1.173973	137.640324	0.006520	8.1
1165	-0.883403	137.575081	0.007999	8.7
1166	-0.988781	137.509921	0.006228	7.7
1167	-1.322217	137.444842	0.007529	8.0
1168	-1.137618	137.379846	0.007229	7.9
1169	-1.107435	137.314932	0.005613	8.5
1170	-1.123530	137.250100	0.007698	8.0
1171	-0.876638	137.185349	0.007559	8.0
1172	-1.077847	137.120680	0.008919	7.7
1173	-1.325728	137.056092	0.011262	8.2
1174	-0.647813	136.991585	0.005763	9.0
1175	-0.192881	136.927158	0.003842	11.0
1176	-1.236519	136.862813	0.007914	9.0
1177	-0.532509	136.798548	0.003990	8.1
1178	-1.156528	136.734363	0.006477	8.9
1179	-0.693969	136.670259	0.004756	8.4
1180	-1.211744	136.606235	0.006240	12.5
1181	-0.817796	136.542291	0.009290	10.9
1182	-0.891072	136.478426	0.007554	8.0
1183	-1.121154	136.414641	0.007290	9.5
1184	-0.953605	136.350936	0.005144	8.8
1185	-0.929987	136.287310	0.005686	7.9
1186	-1.098213	136.223763	0.006980	7.9
1187	-0.899729	136.160295	0.005107	7.7
1188	-1.134964	136.096905	0.008126	7.9
1189	-0.879391	136.033594	0.007150	8.2
1190	-0.877847	135.970362	0.008068	8.5
1191	-1.102205	135.907208	0.005890	7.6
1192	-0.573068	135.844133	0.004233	8.2
1193	-1.186242	135.781135	0.006735	9.2
1194	-0.440078	135.718215	0.005134	8.8
1195	-1.073760	135.655373	0.009032	8.0
1196	-1.329036	135.592608	0.010070	8.3
1197	-1.006961	135.529921	0.005488	7.7
1198	-0.961025	135.467311	0.005430	8.2
1199	-1.079584	135.404778	0.006884	9.0
1200	-0.205559	135.342322	0.004960	8.1
1201	-0.819922	135.279942	0.006179	7.5
1202	-0.172426	135.217640	0.004096	8.5
1203	-0.866304	135.155413	0.010923	8.0
1204	-0.746054	135.093263	0.006553	8.4
1205	-0.449682	135.031190	0.005525	8.0
1206	-1.338625	134.969192	0.007660	7.7
1207	-0.342524	134.907270	0.004290	8.3
1208	-0.909839	134.845424	0.005105	8.5
1209	-0.543757	134.783653	0.004972	9.4
1210	-0.022491	134.721958	0.002598	7.9
1211	-0.096562	134.660338	0.003079	9.7
1212	-1.360289	134.598793	0.009794	8.6
1213	-0.821850	134.537323	0.004182	8.1
1214	-1.314497	134.475927	0.008175	8.2
1215	-1.016157	134.414607	0.009836	8.1
1216	-1.223802	134.353361	0.005652	7.7
1217	-0.776604	134.292189	0.004370	8.4
1218	-1.105072	134.231092	0.006931	8.2
1219	-0.879221	134.170068	0.007383	7.9
1220	-0.273861	134.109119	0.005513	7.5
1221	-1.291982	134.048243	0.008411	8.2
1222	-0.339733	133.987441	0.004569	8.5
1223	-0.875829	133.926713	0.005860	7.9
1224	-1.140705	133.866057	0.006582	7.6
1225	-0.948393	133.805475	0.004574	8.2
1226	-0.317664	133.744966	0.004529	7.9
1227	-1.206064	133.684530	0.006039	8.1
1228	-0.204223	133.624167	0.004632	7.8
1229	-0.788351	133.563877	0.008757	9.1
1230	-1.054229	133.503658	0.005751	11.1
1231	-1.017829	133.443513	0.011796	8.4
1232	-0.617909	133.383439	0.004669	8.2
1233	-1.353096	133.323437	0.009044	8.5
1234	-0.875685	133.263508	0.009476	8.2
1235	-0.411853	133.203650	0.005110	8.8
1236	-1.022312	133.143864	0.007432	10.1
1237	-0.778235	133.084149	0.008759	8.7
1238	-0.166075	133.024506	0.003393	8.8
1239	-0.532749	132.964934	0.005745	8.5
1240	-1.011473	132.905433	0.007065	7.6
1241	-0.742347	132.846003	0.007020	8.3
1242	-0.189713	132.786643	0.004385	8.0
1243	-0.380667	132.727355	0.004370	9.4
1244	-0.938252	132.668137	0.007358	7.9
1245	-0.313310	132.608989	0.002555	8.9
1246	-0.696381	132.549912	0.005857	7.7
1247	-1.111545	132.490904	0.008757	8.6
1248	-0.566116	132.431967	0.003957	8.5
1249	-0.387133	132.373100	0.005232	8.0
1250	-0.944895	132.314302	0.007450	7.6
1251	-0.820931	132.255574	0.009103	8.2
1252	-0.892172	132.196916	0.008249	8.6
1253	-0.681060	132.138326	0.006928	8.1
1254	-1.082673	132.079806	0.006869	7.8
1255	-0.230529	132.021355	0.003236	8.6
1256	-1.144045	131.962973	0.006716	8.6
1257	-0.582238	131.904660	0.006346	8.5
1258	-0.121739	131.846415	0.001936	8.6
1259	-1.037189	131.788239	0.005966	7.1
1260	-0.812638	131.730131	0.008014	8.9
1261	-1.093752	131.672092	0.008749	8.1
1262	-0.604805	131.614121	0.004358	8.3
1263	-0.452288	131.556217	0.008995	7.6
1264	-1.027582	131.498382	0.007176	7.8
1265	-0.839722	131.440614	0.007574	8.0
1266	-0.431848	131.382914	0.004966	8.4
1267	-0.679199	131.325282	0.005760	7.9
1268	-0.941194	131.267717	0.006026	8.1
1269	-0.974568	131.210219	0.007802	8.3
1270	-0.409347	131.152788	0.007227	8.3
1271	-0.348784	131.095424	0.003273	9.3
1272	-1.028434	131.038127	0.006692	8.2
1273	-0.751304	130.980897	0.004948	7.7
1274	-1.045181	130.923733	0.007983	7.6
1275	-1.127014	130.866636	0.008333	8.3
1276	-0.929598	130.809605	0.006201	6.9
1277	-1.250704	130.752641	0.007182	7.8
1278	-1.324052	130.695742	0.008092	8.4
1279	-1.301919	130.638910	0.009567	9.9
1280	-1.207301	130.582143	0.007837	8.6
1281	-1.262270	130.525442	0.007197	8.4
1282	-1.025180	130.468807	0.005347	8.8
1283	-1.058596	130.412237	0.006674	7.4
1284	-0.946761	130.355733	0.005469	7.9
1285	-0.253095	130.299294	0.006461	8.0
1286	-0.682971	130.242920	0.006083	7.7
1287	-0.655622	130.186611	0.004105	8.9
1288	-0.880051	130.130366	0.008118	8.7
1289	-0.277369	130.074187	0.002875	8.9
1290	-1.388235	130.018072	0.007845	8.0
1291	-0.551214	129.962022	0.004231	8.0
1292	-0.989998	129.906036	0.010675	8.0
1293	-0.253425	129.850114	0.007224	8.8
1294	-0.297555	129.794257	0.004542	9.4
1295	-1.174743	129.738463	0.007167	9.0
1296	-0.328315	129.682734	0.004023	8.2
1297	-0.743714	129.627068	0.008028	8.6
1298	-1.140669	129.571466	0.008738	8.6
1299	-0.236204	129.515927	0.006331	7.9
1300	-1.271450	129.460452	0.008245	8.3
1301	-0.502622	129.405040	0.003946	8.5
1302	-0.364117	129.349692	0.004083	8.7
1303	-0.745380	129.294406	0.005600	8.2
1304	-0.899375	129.239183	0.004789	8.3
1305	-0.823075	129.184024	0.005592	8.1
1306	-1.183368	129.128927	0.006102	7.9
1307	-0.443632	129.073892	0.006910	7.9
1308	-1.104518	129.018921	0.006921	8.1
1309	-0.041185	128.964011	0.002981	8.0
1310	-0.181901	128.909164	0.003007	8.5
1311	-0.796372	128.854379	0.004824	7.6
1312	-0.236541	128.799656	0.003619	8.5
1313	-0.895565	128.744995	0.007974	7.9
1314	-0.664702	128.690396	0.005013	8.8
1315	-0.175246	128.635858	0.004704	7.8
1316	-1.389088	128.581382	0.008846	10.9
1317	-1.135185	128.526968	0.006758	8.5
1318	-0.646772	128.472615	0.004717	8.0
1319	-0.960664	128.418323	0.007597	8.7
1320	-0.977378	128.364092	0.006317	8.1
1321	-1.415990	128.309922	0.008021	9.0
1322	-0.535312	128.255814	0.005019	8.6
1323	-0.459257	128.201766	0.003787	8.6
1324	-1.127340	128.147778	0.009043	8.6
1325	-0.744647	128.093852	0.004020	8.4
1326	-0.217649	128.039985	0.003869	7.9
1327	-0.792073	127.986180	0.004869	7.8
1328	-1.270125	127.932434	0.009929	8.2
1329	-0.361428	127.878749	0.003088	10.8
1330	-0.409596	127.825123	0.002412	10.9
1331	-0.296368	127.771558	0.003437	8.2
1332	-1.007076	127.718052	0.008563	8.3
1333	-1.256086	127.664606	0.008784	7.8
1334	-1.045239	127.611220	0.007556	8.1
1335	-1.409817	127.557893	0.010667	8.4
1336	-1.126318	127.504625	0.006216	8.0
1337	-1.049158	127.451417	0.008560	8.0
1338	-0.879841	127.398268	0.007644	8.8
1339	-0.861884	127.345178	0.006358	8.6
1340	-0.513930	127.292147	0.005083	7.6
1341	-0.599506	127.239175	0.005986	8.4
1342	-0.823280	127.186261	0.006944	8.0
1343	-1.058785	127.133407	0.005821	8.9
1344	-1.107243	127.080610	0.007835	7.8
1345	-0.962717	127.027872	0.005312	8.4
1346	-1.141347	126.975193	0.011381	8.4
1347	-1.116416	126.922572	0.006720	7.8
1348	-0.959119	126.870008	0.006798	8.1
1349	-1.115047	126.817503	0.006687	8.8
1350	-0.707898	126.765056	0.004658	8.1
1351	-0.521603	126.712667	0.005001	8.3
1352	-0.531402	126.660335	0.004506	7.8
1353	-0.490310	126.608061	0.003913	8.9
1354	-0.897038	126.555844	0.006279	8.3
1355	-1.100338	126.503685	0.009347	8.1
1356	-0.858967	126.451583	0.007620	7.9
1357	-1.237373	126.399538	0.009746	8.3
1358	-0.652808	126.347550	0.004791	8.5
1359	-1.376167	126.295619	0.009912	8.0
1360	-0.561083	126.243745	0.005430	9.1
1361	-1.342270	126.191928	0.010047	7.7
1362	-0.883545	126.140168	0.010187	8.5
1363	-0.768735	126.088464	0.007979	9.1
1364	-0.926813	126.036817	0.008429	8.8
1365	-0.880154	125.985226	0.005614	7.8
1366	-0.813502	125.933691	0.012208	7.8
1367	-0.424989	125.882212	0.009020	8.2
1368	-1.187260	125.830790	0.006387	9.5
1369	-0.770748	125.779423	0.005623	8.2
1370	-0.913083	125.728113	0.008449	8.3
1371	-0.630463	125.676858	0.008208	7.8
1372	-0.791156	125.625659	0.004940	8.7
1373	-0.603474	125.574515	0.005334	7.0
1374	-1.373709	125.523427	0.009261	9.0
1375	-1.130876	125.472394	0.006838	8.4
1376	-0.388848	125.421417	0.006260	7.6
1377	-0.864226	125.370495	0.008964	10.3
1378	-0.382698	125.319628	0.003703	10.3
1379	-0.863371	125.268815	0.011418	9.7
1380	-0.371010	125.218058	0.003983	8.4
1381	-1.039075	125.167356	0.005807	8.3
1382	-1.155381	125.116708	0.006521	7.5
1383	-1.195112	125.066115	0.007658	8.3
1384	-1.065718	125.015576	0.009459	8.5
1385	-1.036275	124.965092	0.006279	9.2
1386	-0.870641	124.914662	0.004849	8.1
1387	-0.827435	124.864287	0.012544	7.8
1388	-1.208689	124.813965	0.006811	9.3
1389	-0.752433	124.763698	0.006426	8.0
1390	-1.249980	124.713485	0.008908	8.1
1391	-0.982644	124.663325	0.009035	7.7
1392	-1.393215	124.613219	0.009858	8.0
1393	-0.865897	124.563167	0.006923	8.2
1394	-1.313769	124.513168	0.009881	8.7
1395	-0.538328	124.463223	0.004378	8.2
1396	-1.192672	124.413332	0.007175	8.0
1397	-0.417512	124.363493	0.003604	8.4
1398	-0.378899	124.313708	0.004604	8.2
1399	-1.062364	124.263976	0.004493	8.3
1400	-0.724770	124.214297	0.004758	8.2
1401	-0.770759	124.164671	0.004610	7.6
1402	-0.374812	124.115097	0.005851	9.1
1403	-0.876433	124.065577	0.010949	8.7
1404	-1.078456	124.016109	0.005472	9.1
1405	-0.159176	123.966693	0.004335	8.6
1406	-1.038704	123.917330	0.009335	8.4
1407	-0.947542	123.868020	0.006045	9.0
1408	-0.657351	123.818762	0.007860	8.1
1409	-0.366804	123.769556	0.003738	8.8
1410	-0.196656	123.720402	0.003747	12.4
1411	-0.356645	123.671300	0.005812	8.4
1412	-1.032098	123.622250	0.005134	8.9
1413	-0.731892	123.573252	0.005606	7.5
1414	-1.110668	123.524305	0.006993	8.5
1415	-0.898127	123.475411	0.006346	8.0
1416	-1.265038	123.426568	0.008058	8.5
1417	-0.787608	123.377776	0.006997	7.9
1418	-0.463472	123.329036	0.003829	9.3
1419	-0.000000	123.280347	0.000000	8.5
1420	-1.297304	123.231709	0.007629	8.3
1421	-0.884637	123.183122	0.007403	7.9
1422	-1.186330	123.134587	0.006370	8.5
1423	-1.207122	123.086102	0.006545	7.6
1424	-0.943470	123.037669	0.006116	8.8
1425	-1.012901	122.989286	0.008614	8.7
1426	-0.898497	122.940954	0.008073	11.3
1427	-0.321442	122.892672	0.005280	8.7
1428	-0.658270	122.844441	0.006540	9.8
1429	-1.163843	122.796261	0.006300	8.6
1430	-0.393883	122.748130	0.005342	7.6
1431	-0.957944	122.700050	0.008726	9.4
1432	-0.576035	122.652021	0.003452	8.4
1433	-1.230387	122.604041	0.010494	8.6
1434	-1.110025	122.556111	0.005278	8.2
1435	-1.257618	122.508232	0.008348	7.5
1436	-0.218872	122.460402	0.007498	8.3
1437	-0.791161	122.412622	0.006770	8.0
1438	-1.154683	122.364891	0.005615	8.8
1439	-0.937940	122.317210	0.010175	7.8
1440	-0.857573	122.269579	0.009827	9.2
1441	-1.161741	122.221997	0.005846	8.1
1442	-0.707146	122.174465	0.008568	8.5
1443	-1.057306	122.126981	0.008099	7.8
1444	-0.507617	122.079547	0.003597	8.0
1445	-1.258769	122.032162	0.007797	8.2
1446	-0.398755	121.984826	0.005430	8.1
1447	-0.953765	121.937539	0.009965	8.9
1448	-0.808430	121.890301	0.005475	8.2
1449	-1.125038	121.843112	0.005409	7.7
1450	-1.133326	121.795971	0.006326	8.0
1451	-0.532047	121.748879	0.003881	8.2
1452	-0.068737	121.701835	0.001560	8.3
1453	-0.890606	121.654840	0.006001	7.6
1454	-1.100823	121.607893	0.007111	8.4
1455	-0.473910	121.560994	0.003629	9.2
1456	-0.940244	121.514144	0.005472	8.3
1457	-1.240733	121.467342	0.007173	8.2
1458	-0.982352	121.420588	0.007122	6.8
1459	-0.924199	121.373882	0.004546	8.2
1460	-0.978954	121.327223	0.006961	7.9
1461	-0.788518	121.280613	0.007295	8.2
1462	-0.598120	121.234050	0.007197	7.6
1463	-1.080737	121.187535	0.005383	8.5
1464	-0.493929	121.141067	0.004508	7.6
1465	-0.668481	121.094647	0.004260	8.1
1466	-0.602260	121.048274	0.005974	7.7
1467	-0.678672	121.001949	0.005689	7.8
1468	-1.264160	120.955671	0.007152	8.6
1469	-0.882329	120.909440	0.007706	8.2
1470	-1.115699	120.863256	0.006014	7.6
1471	-0.964879	120.817119	0.008381	8.5
1472	-0.814964	120.771029	0.007596	8.6
1473	-0.712893	120.724986	0.007610	9.3
1474	-0.662550	120.678990	0.004491	7.9
1475	-1.168978	120.633040	0.008086	7.8
1476	-0.991880	120.587137	0.006582	11.5
1477	-1.002433	120.541281	0.009051	10.6
1478	-1.002272	120.495471	0.007349	9.2
1479	-0.933890	120.449707	0.009089	8.8
1480	-1.212816	120.403990	0.009433	8.3
1481	-0.845105	120.358319	0.008089	8.1
1482	-1.209429	120.312694	0.007086	10.1
1483	-0.918442	120.267115	0.005489	10.5
1484	-0.491500	120.221582	0.004905	7.6
1485	-0.919015	120.176096	0.008250	9.2
1486	-0.074552	120.130655	0.003020	7.8
1487	-0.132571	120.085260	0.002534	9.0
1488	-0.492993	120.039910	0.005716	7.7
1489	-1.102605	119.994606	0.008607	7.9
1490	-0.056443	119.949348	0.001682	8.3
1491	-1.198956	119.904135	0.009276	8.6
1492	-1.248480	119.858968	0.010777	7.9
1493	-0.906057	119.813846	0.008102	8.2
1494	-0.975071	119.768769	0.009742	7.7
1495	-1.217887	119.723738	0.009259	8.1
1496	-1.146273	119.678752	0.007566	8.2
1497	-1.249351	119.633810	0.006870	8.3
1498	-0.504440	119.588914	0.004354	7.6
1499	-0.980065	119.544062	0.005888	8.0
1500	-0.226209	119.499256	0.004936	8.1
1501	-0.960988	119.454494	0.007793	7.5
1502	-0.381088	119.409777	0.003556	8.7
1503	-0.958708	119.365104	0.004471	9.7
1504	-0.657079	119.320476	0.008291	8.8
1505	-1.271343	119.275893	0.007642	9.7
1506	-1.184812	119.231353	0.007258	9.4
1507	-0.545147	119.186859	0.006142	8.5
1508	-1.008788	119.142408	0.004866	8.9
1509	-0.700181	119.098002	0.005272	8.0
1510	-0.327703	119.053639	0.003664	10.8
1511	-0.940292	119.009321	0.011113	8.7
1512	-0.843186	118.965047	0.005161	8.5
1513	-0.690082	118.920816	0.003108	8.8
1514	-0.804328	118.876630	0.009427	7.9
1515	-0.168277	118.832487	0.005554	8.0
1516	-0.920311	118.788388	0.004736	8.6
1517	-0.759129	118.744332	0.008896	8.6
1518	-0.106351	118.700320	0.003390	7.7
1519	-1.036804	118.656352	0.004571	8.5
1520	-1.338765	118.612427	0.012486	8.5
1521	-0.843167	118.568545	0.007767	8.3
1522	-0.843257	118.524706	0.006885	7.7
1523	-0.904999	118.480911	0.007285	8.1
1524	-1.019406	118.437159	0.007724	8.4
1525	-1.057050	118.393450	0.008679	10.4
1526	-1.107203	118.349784	0.007813	10.9
1527	-1.114124	118.306160	0.006216	8.9
1528	-0.894549	118.262580	0.009859	9.0
1529	-0.866776	118.219042	0.005601	8.3
1530	-1.109553	118.175548	0.008210	7.9
1531	-0.701458	118.132095	0.003715	8.3
1532	-0.807349	118.088686	0.008103	10.9
1533	-0.997936	118.045319	0.006173	9.1
1534	-1.194245	118.001994	0.007798	9.2
1535	-0.836307	117.958712	0.006868	9.2
1536	-0.975988	117.915472	0.007154	8.1
1537	-0.808862	117.872274	0.006547	8.6
1538	-0.569700	117.829118	0.004007	8.1
1539	-0.807843	117.786005	0.005804	7.7
1540	-0.573719	117.742933	0.005475	8.5
1541	-0.911381	117.699904	0.006512	9.1
1542	-0.282241	117.656916	0.004935	8.5
1543	-0.877044	117.613971	0.010122	7.7
1544	-1.367691	117.571067	0.010211	8.2
1545	-1.093603	117.528205	0.008024	8.2
1546	-0.440655	117.485384	0.004521	8.4
1547	-1.159915	117.442605	0.005223	8.0
1548	-1.274866	117.399867	0.010914	8.1
1549	-0.840095	117.357171	0.004551	8.3
1550	-0.803198	117.314517	0.007293	8.2
1551	-0.322000	117.271903	0.003411	8.3
1552	-1.078441	117.229331	0.008263	8.1
1553	-0.646679	117.186800	0.004430	7.6
1554	-0.820864	117.144311	0.008528	8.7
1555	-0.782414	117.101862	0.007940	8.1
1556	-0.898254	117.059454	0.007468	8.8
1557	-0.854501	117.017087	0.007928	7.6
1558	-1.116482	116.974762	0.005899	8.4
1559	-0.574589	116.932476	0.007249	7.8
1560	-0.681772	116.890232	0.006169	8.0
1561	-1.110761	116.848028	0.006242	8.0
1562	-0.465977	116.805865	0.006311	7.9
1563	-0.921520	116.763743	0.007974	7.9
1564	-1.033670	116.721661	0.005781	9.2
1565	-1.133373	116.679619	0.008154	8.2
1566	-0.772027	116.637618	0.004603	7.7
1567	-1.089405	116.595657	0.007686	8.7
1568	-1.147720	116.553736	0.006900	8.5
1569	-1.390174	116.511855	0.012187	9.0
1570	-1.167304	116.470015	0.005861	7.8
1571	-0.521634	116.428214	0.004208	8.5
1572	-0.816120	116.386454	0.008115	8.3
1573	-1.201052	116.344733	0.007455	12.0
1574	-1.234535	116.303052	0.005700	8.2
1575	-0.112388	116.261412	0.003755	10.1
1576	-1.138786	116.219810	0.005541	8.6
1577	-0.917510	116.178249	0.004556	8.4
1578	-0.328599	116.136727	0.003520	8.0
1579	-0.651448	116.095245	0.005744	8.5
1580	-1.139136	116.053802	0.007025	8.8
1581	-0.533019	116.012398	0.004821	9.9
1582	-1.228387	115.971034	0.008492	8.2
1583	-1.353401	115.929710	0.008888	8.6
1584	-0.971513	115.888424	0.005049	7.8
1585	-0.433793	115.847178	0.005085	8.4
1586	-0.869482	115.805970	0.008625	8.4
1587	-0.432488	115.764802	0.003755	8.1
1588	-1.089708	115.723673	0.007615	7.6
1589	-0.831159	115.682583	0.007200	9.9
1590	-0.656470	115.641532	0.005452	8.2
1591	-1.097174	115.600519	0.005953	8.4
1592	-0.987891	115.559546	0.007014	7.9
1593	-1.185438	115.518610	0.006110	8.9
1594	-1.153245	115.477714	0.009195	7.7
1595	-0.964157	115.436856	0.007699	8.1
1596	-0.961806	115.396037	0.009699	8.2
1597	-0.521915	115.355256	0.005682	8.1
1598	-0.338566	115.314514	0.004415	7.2
1599	-1.146913	115.273810	0.008406	8.2
1600	-1.223286	115.233144	0.008836	8.6
1601	-0.882424	115.192517	0.006447	8.1
1602	-1.236762	115.151927	0.006683	7.7
1603	-0.145054	115.111376	0.003794	7.6
1604	-0.501567	115.070863	0.005310	7.5
1605	-0.111427	115.030388	0.003014	8.2
1606	-0.960528	114.989951	0.007413	7.6
1607	-1.146545	114.949551	0.006704	8.4
1608	-0.956074	114.909190	0.008550	8.2
1609	-0.752353	114.868866	0.005889	6.8
1610	-0.672778	114.828580	0.006672	7.6
1611	-0.986813	114.788332	0.011966	8.1
1612	-1.124713	114.748121	0.006254	8.1
1613	-0.041980	114.707948	0.002093	8.3
1614	-1.252989	114.667812	0.007973	7.6
1615	-1.161950	114.627714	0.006361	8.4
1616	-0.782322	114.587653	0.008669	8.3
1617	-1.029060	114.547629	0.010377	8.1
1618	-1.193608	114.507643	0.009276	7.5
1619	-1.156629	114.467693	0.008291	9.6
1620	-0.920389	114.427781	0.005090	8.3
1621	-0.644009	114.387907	0.004276	8.3
1622	-1.134783	114.348069	0.008034	8.1
1623	-0.635195	114.308268	0.005543	7.6
1624	-1.186792	114.268504	0.011588	11.9
1625	-1.438656	114.228777	0.011230	9.5
1626	-0.109611	114.189086	0.001993	8.4
1627	-1.149262	114.149433	0.007231	8.6
1628	-1.178333	114.109816	0.013297	8.1
1629	-1.307886	114.070235	0.007608	8.1
1630	-0.851293	114.030692	0.008658	8.8
1631	-0.844382	113.991185	0.008769	10.9
1632	-1.074855	113.951714	0.007357	8.6
1633	-0.905545	113.912280	0.005887	8.1
1634	-1.017722	113.872882	0.009365	8.3
1635	-0.387465	113.833521	0.003611	7.8
1636	-1.006277	113.794195	0.008568	7.9
1637	-1.268846	113.754906	0.007557	8.6
1638	-0.882240	113.715653	0.010368	8.6
1639	-0.242822	113.676437	0.003946	8.0
1640	-1.230082	113.637256	0.007152	7.6
1641	-1.225663	113.598111	0.008974	8.3
1642	-1.155072	113.559002	0.007516	8.1
1643	-0.897288	113.519929	0.009026	9.0
1644	-1.040248	113.480892	0.006798	11.2
1645	-0.919944	113.441891	0.004250	7.9
1646	-1.175617	113.402925	0.005583	8.3
1647	-0.965261	113.363995	0.005739	8.3
1648	-0.403673	113.325101	0.004447	8.2
1649	-0.904686	113.286242	0.009388	8.1
1650	-1.092815	113.247419	0.005063	8.1
1651	-0.942865	113.208631	0.005075	8.5
1652	-0.339953	113.169879	0.004812	8.2
1653	-0.141622	113.131162	0.004088	8.5
1654	-1.082986	113.092480	0.006460	8.1
1655	-1.149712	113.053833	0.007842	8.0
1656	-1.138238	113.015222	0.009592	8.6
1657	-0.289176	112.976646	0.003475	8.9
1658	-1.190284	112.938105	0.005462	8.0
1659	-0.884746	112.899599	0.007745	8.2
1660	-1.137378	112.861128	0.009133	7.7
1661	-1.037438	112.822692	0.008787	8.3
1662	-1.192842	112.784291	0.006790	8.6
1663	-0.807971	112.745924	0.004295	8.7
1664	-1.403044	112.707593	0.010796	7.6
1665	-1.406566	112.669296	0.009165	8.1
1666	-1.154450	112.631034	0.007592	8.2
1667	-1.215924	112.592806	0.006720	8.9
1668	-0.654350	112.554613	0.004114	7.7
1669	-0.704205	112.516455	0.004689	8.1
1670	-1.323708	112.478331	0.008058	8.4
1671	-1.153060	112.440241	0.010127	7.3
1672	-1.220055	112.402186	0.007756	8.2
1673	-1.147332	112.364165	0.004984	9.4
1674	-0.895802	112.326179	0.004657	9.7
1675	-0.795313	112.288227	0.004611	7.7
1676	-0.794256	112.250309	0.008973	8.6
1677	-0.870715	112.212425	0.007626	8.4
1678	-0.526663	112.174575	0.005328	8.1
1679	-1.199130	112.136759	0.005186	7.6
1680	-0.824357	112.098977	0.006342	8.7
1681	-1.118139	112.061229	0.007175	8.6
1682	-1.065100	112.023515	0.005954	9.8
1683	-1.177736	111.985834	0.007482	7.9
1684	-1.112418	111.948188	0.009959	8.0
1685	-0.182500	111.910575	0.004481	7.4
1686	-1.111815	111.872996	0.008100	8.7
1687	-0.770963	111.835450	0.005624	8.6
1688	-1.203228	111.797939	0.005723	8.1
1689	-0.835679	111.760460	0.005413	8.3
1690	-0.584357	111.723015	0.007507	8.3
1691	-1.352225	111.685604	0.010984	9.5
1692	-0.838516	111.648226	0.011241	8.1
1693	-0.616432	111.610881	0.003868	7.9
1694	-1.267596	111.573570	0.010397	7.6
1695	-1.090144	111.536292	0.010608	8.9
1696	-0.950956	111.499047	0.008615	9.5
1697	-0.000000	111.461835	0.000000	8.9
1698	-1.079858	111.424656	0.005773	7.9
1699	-0.923910	111.387510	0.004290	7.9
1700	-1.118184	111.350398	0.006042	8.1
1701	-1.307301	111.313318	0.008088	8.6
1702	-0.520921	111.276271	0.003779	8.1
1703	-0.918544	111.239257	0.005001	8.2
1704	-0.600200	111.202276	0.007708	7.7
1705	-0.839108	111.165328	0.004669	8.1
1706	-1.091198	111.128412	0.008092	8.1
1707	-1.141869	111.091529	0.006989	8.2
1708	-0.454096	111.054679	0.007752	7.6
1709	-1.300008	111.017861	0.008969	8.2
1710	-0.812227	110.981076	0.005961	7.6
1711	-0.846376	110.944323	0.003835	8.3
1712	-0.918934	110.907603	0.008043	7.6
1713	-0.738162	110.870915	0.005012	8.0
1714	-0.805362	110.834259	0.006593	8.0
1715	-0.794060	110.797636	0.008075	9.1
1716	-1.163377	110.761045	0.005641	7.6
1717	-0.294224	110.724486	0.003951	8.2
1718	-1.254678	110.687959	0.006877	8.5
1719	-1.437587	110.651465	0.010115	8.0
1720	-0.158071	110.615002	0.005953	7.2
1721	-0.287891	110.578572	0.005774	9.2
1722	-1.113849	110.542173	0.005506	8.4
1723	-0.844190	110.505807	0.007365	11.3
1724	-1.082818	110.469472	0.006076	8.9
1725	-0.824870	110.433169	0.006688	8.6
1726	-0.369574	110.396898	0.003759	8.2
1727	-1.115435	110.360659	0.006020	7.7
1728	-0.977464	110.324451	0.005341	8.3
1729	-1.067245	110.288276	0.005737	8.7
1730	-1.411671	110.252131	0.007749	8.9
1731	-0.232830	110.216019	0.003907	7.5
1732	-0.606927	110.179937	0.007025	7.8
1733	-1.378702	110.143888	0.009657	8.5
1734	-0.558798	110.107869	0.004640	8.4
1735	-0.285967	110.071882	0.004151	8.1
1736	-1.230382	110.035927	0.006417	7.6
1737	-0.959431	110.000003	0.007323	9.5
1738	-0.726903	109.964110	0.006374	8.1
1739	-0.902447	109.928248	0.008327	8.9
1740	-0.128168	109.892417	0.003980	7.9
1741	-1.211111	109.856618	0.007942	7.9
1742	-1.125078	109.820850	0.008957	7.7
1743	-0.363905	109.785112	0.004656	7.7
1744	-1.193164	109.749406	0.007517	7.8
1745	-0.237122	109.713730	0.003130	8.1
1746	-0.110437	109.678086	0.002145	7.5
1747	-0.661201	109.642472	0.006175	8.6
1748	-0.718344	109.606890	0.007449	8.3
1749	-0.448155	109.571337	0.004602	8.6
1750	-0.593526	109.535816	0.004480	7.8
1751	-0.886979	109.500326	0.008396	8.7
1752	-0.779432	109.464866	0.009433	9.2
1753	-1.122067	109.429436	0.008481	7.9
1754	-0.673608	109.394038	0.007336	7.6
1755	-0.155288	109.358669	0.003586	8.5
1756	-0.826185	109.323331	0.004598	8.0
1757	-0.426554	109.288024	0.004730	8.5
1758	-1.018334	109.252747	0.008080	8.2
1759	-0.325768	109.217501	0.004323	8.6
1760	-0.205486	109.182284	0.003804	9.6
1761	-0.984657	109.147098	0.005281	8.9
1762	-0.558969	109.111942	0.004840	9.1
1763	-0.167442	109.076817	0.003719	11.0
1764	-0.717144	109.041721	0.006499	8.1
1765	-1.147247	109.006656	0.006059	8.0
1766	-1.438871	108.971620	0.009034	7.7
1767	-0.938851	108.936615	0.007508	9.0
1768	-0.889310	108.901640	0.008236	8.2
1769	-1.318915	108.866694	0.008671	8.3
1770	-1.229260	108.831779	0.007516	8.0
1771	-1.179246	108.796893	0.007058	9.3
1772	-0.597627	108.762037	0.005425	11.4
1773	-1.393384	108.727211	0.008657	8.5
1774	-1.375008	108.692415	0.007821	8.5
1775	-0.847735	108.657648	0.011209	9.4
1776	-0.938959	108.622911	0.004685	8.5
1777	-0.897264	108.588203	0.004869	7.6
1778	-1.335803	108.553525	0.008373	9.0
1779	-1.262656	108.518877	0.007623	8.1
1780	-0.932731	108.484258	0.004904	9.0
1781	-0.926478	108.449668	0.006355	8.3
1782	-0.996552	108.415108	0.010606	8.1
1783	-0.771261	108.380578	0.004872	8.6
1784	-0.030072	108.346076	0.002378	9.1
1785	-0.776033	108.311604	0.004897	8.8
1786	-1.200258	108.277161	0.006396	8.2
1787	-0.008479	108.242747	0.000395	7.8
1788	-1.137984	108.208363	0.006265	7.7
1789	-1.424910	108.174007	0.009898	8.0
1790	-0.267592	108.139681	0.004420	8.5
1791	-1.317027	108.105383	0.008194	8.1
1792	-0.980072	108.071115	0.006295	7.6
1793	-1.120937	108.036875	0.008763	8.8
1794	-0.259364	108.002665	0.003395	8.4
1795	-1.002192	107.968483	0.004535	8.8
1796	-0.578356	107.934330	0.006859	7.8
1797	-1.126296	107.900206	0.007201	8.1
1798	-0.166211	107.866111	0.002662	8.0
1799	-1.154568	107.832044	0.008054	8.3
1800	-0.842773	107.798007	0.008565	8.0
1801	-0.996821	107.763997	0.005645	7.9
1802	-0.389899	107.730017	0.004473	8.1
1803	-1.018392	107.696065	0.005594	8.1
1804	-1.234139	107.662141	0.006775	8.6
1805	-0.517878	107.628246	0.006727	7.9
1806	-1.096391	107.594379	0.009555	8.8
1807	-1.115077	107.560541	0.008215	8.6
1808	-0.811241	107.526731	0.006368	8.4
1809	-0.573528	107.492949	0.004775	7.6
1810	-0.838304	107.459196	0.004549	8.2
1811	-1.010553	107.425471	0.005223	8.3
1812	-0.800058	107.391774	0.009152	8.6
1813	-1.338591	107.358106	0.009917	8.0
1814	-0.781076	107.324465	0.007179	8.0
1815	-0.897343	107.290853	0.008567	7.6
1816	-1.258222	107.257268	0.007849	8.2
1817	-0.919579	107.223712	0.005338	8.2
1818	-1.216431	107.190184	0.010497	8.1
1819	-0.968546	107.156683	0.008076	7.7
1820	-0.699699	107.123211	0.005180	8.6
1821	-0.447263	107.089766	0.003621	8.4
1822	-1.278081	107.056349	0.009678	11.3
1823	-0.395345	107.022960	0.008770	8.0
1824	-1.209094	106.989599	0.008294	9.7
1825	-1.197795	106.956265	0.005584	8.1
1826	-0.978580	106.922960	0.006940	9.1
1827	-0.975496	106.889681	0.008403	8.5
1828	-1.281784	106.856431	0.012005	8.3
1829	-0.084325	106.823208	0.002409	10.4
1830	-0.899294	106.790012	0.007683	10.4
1831	-1.049239	106.756844	0.008710	8.1
1832	-1.139333	106.723703	0.007500	8.7
1833	-0.988583	106.690590	0.009212	7.6
1834	-0.391079	106.657505	0.004968	8.2
1835	-1.110043	106.624446	0.006790	8.1
1836	-1.059291	106.591415	0.007853	8.2
1837	-1.203688	106.558411	0.005536	7.6
1838	-0.643092	106.525435	0.007335	8.1
1839	-1.169928	106.492485	0.007378	8.9
1840	-0.968840	106.459563	0.007496	8.1
1841	-1.381583	106.426668	0.010356	7.7
1842	-1.158036	106.393800	0.009369	8.7
1843	-1.070900	106.360959	0.006189	7.7
1844	-1.248607	106.328145	0.007465	8.3
1845	-0.926616	106.295358	0.009226	7.6
1846	-1.168312	106.262598	0.006055	8.2
1847	-1.082806	106.229865	0.011446	7.7
1848	-0.998694	106.197158	0.007164	8.3
1849	-0.941965	106.164479	0.007771	6.8
1850	-1.243010	106.131826	0.007367	8.6
1851	-0.237951	106.099201	0.003063	7.8
1852	-0.137104	106.066602	0.003037	8.3
1853	-1.099208	106.034029	0.007954	7.5
1854	-1.008260	106.001483	0.008331	8.6
1855	-0.693418	105.968964	0.007492	8.3
1856	-1.254770	105.936472	0.008297	8.5
1857	-0.004526	105.904006	0.000190	8.1
1858	-1.333724	105.871566	0.013190	7.8
1859	-1.172589	105.839153	0.009259	7.6
1860	-0.474897	105.806767	0.008076	8.7
1861	-1.212748	105.774407	0.007956	8.0
1862	-0.332002	105.742073	0.004527	8.4
1863	-0.757026	105.709766	0.005434	7.8
1864	-0.877180	105.677485	0.008883	8.1
1865	-0.723770	105.645230	0.007115	8.2
1866	-1.233106	105.613001	0.008889	8.4
1867	-1.162620	105.580799	0.008039	7.5
1868	-0.893101	105.548623	0.008848	8.6
1869	-1.220239	105.516473	0.009439	8.3
1870	-0.861799	105.484349	0.007714	7.9
1871	-1.181196	105.452251	0.009290	7.5
1872	-0.951732	105.420179	0.004459	11.7
1873	-1.124298	105.388133	0.007869	8.6
1874	-0.366698	105.356113	0.003629	9.0
1875	-0.758405	105.324119	0.005909	9.1
1876	-0.615674	105.292151	0.006173	8.3
1877	-0.703994	105.260209	0.006682	9.0
1878	-0.648685	105.228293	0.004569	6.6
1879	-1.069325	105.196402	0.005616	11.8
1880	-1.176019	105.164537	0.007538	10.0
1881	-1.056449	105.132698	0.004908	9.3
1882	-1.246655	105.100885	0.007911	8.5
1883	-1.066551	105.069097	0.005498	8.2
1884	-0.681911	105.037335	0.003917	8.5
1885	-1.308155	105.005598	0.010073	8.5
1886	-1.278055	104.973887	0.006353	8.8
1887	-0.513018	104.942202	0.005757	7.5
1888	-0.173946	104.910542	0.002668	8.0
1889	-0.535293	104.878907	0.004484	8.6
1890	-0.622382	104.847298	0.004150	7.7
1891	-1.190404	104.815715	0.007603	8.4
1892	-0.819851	104.784156	0.007414	8.4
1893	-1.266037	104.752623	0.009151	8.2
1894	-0.887441	104.721116	0.007892	8.3
1895	-0.387026	104.689633	0.004014	9.1
1896	-1.133822	104.658176	0.006627	8.8
1897	-1.173758	104.626744	0.009148	9.3
1898	-0.954141	104.595337	0.007738	8.5
1899	-0.240743	104.563955	0.003490	8.4
1900	-0.850017	104.532599	0.007609	6.7
1901	-1.143268	104.501267	0.007845	8.5
1902	-0.847225	104.469960	0.007984	8.2
1903	-0.798180	104.438679	0.005765	7.8
1904	-0.739648	104.407422	0.006469	7.8
1905	-0.265140	104.376191	0.002835	8.5
1906	-0.590840	104.344984	0.004847	7.5
1907	-1.051521	104.313802	0.005251	8.5
1908	-0.740803	104.282645	0.004035	7.6
1909	-1.154801	104.251513	0.005751	8.4
1910	-0.699877	104.220405	0.004915	9.0
1911	-1.251780	104.189323	0.007623	8.1
1912	-1.143379	104.158265	0.007102	7.8
1913	-1.206092	104.127231	0.007767	7.6
1914	-1.070277	104.096222	0.007649	8.4
1915	-1.176384	104.065238	0.008125	8.2
1916	-1.208584	104.034279	0.007224	8.1
1917	-1.094308	104.003344	0.007005	7.6
1918	-0.651250	103.972433	0.005093	8.4
1919	-1.114627	103.941547	0.007098	7.9
1920	-1.103245	103.910686	0.008501	8.1
1921	-1.049723	103.879849	0.008461	7.9
1922	-0.260088	103.849036	0.005368	9.1
1923	-1.173866	103.818248	0.008257	8.1
1924	-1.084970	103.787484	0.005520	9.9
1925	-0.772307	103.756744	0.003720	8.2
1926	-1.278788	103.726029	0.007153	8.2
1927	-1.073578	103.695338	0.007055	7.7
1928	-0.088005	103.664671	0.001473	8.3
1929	-1.379386	103.634028	0.008977	8.7
1930	-0.280285	103.603409	0.002682	10.7
1931	-0.639977	103.572814	0.005904	10.2
1932	-0.690593	103.542244	0.005662	7.8
1933	-1.071674	103.511698	0.005580	7.9
1934	-1.041692	103.481175	0.005579	8.0
1935	-1.005393	103.450677	0.005248	8.7
1936	-1.404691	103.420202	0.009117	8.0
1937	-1.178906	103.389752	0.006571	8.2
1938	-0.019274	103.359325	0.000949	8.7
1939	-0.879453	103.328922	0.009505	8.2
1940	-1.063492	103.298543	0.006611	8.2
1941	-0.256238	103.268188	0.002718	8.2
1942	-0.960284	103.237857	0.010572	7.6
1943	-0.197910	103.207549	0.005709	8.3
1944	-0.031108	103.177265	0.001520	7.8
1945	-0.927831	103.147005	0.004103	7.9
1946	-0.537497	103.116768	0.002990	7.5
1947	-0.379435	103.086556	0.004831	8.6
1948	-1.206453	103.056366	0.005610	8.5
1949	-1.053190	103.026200	0.006672	8.1
1950	-0.875788	102.996058	0.008344	8.0
1951	-1.192370	102.965939	0.005786	8.4
1952	-1.380258	102.935844	0.010573	8.9
1953	-1.107495	102.905772	0.006777	8.8
1954	-1.438480	102.875724	0.009224	9.2
1955	-1.185497	102.845699	0.006125	7.8
1956	-0.760511	102.815697	0.005124	7.9
1957	-1.245826	102.785719	0.008574	8.5
1958	-0.249838	102.755764	0.002545	9.0
1959	-1.248663	102.725832	0.006275	8.2
1960	-0.582914	102.695924	0.007620	8.3
1961	-0.559335	102.666038	0.003357	9.0
1962	-1.199446	102.636176	0.009902	8.6
1963	-1.048147	102.606337	0.005688	8.3
1964	-0.774004	102.576521	0.010056	8.3
1965	-0.759185	102.546728	0.005343	8.3
1966	-1.184887	102.516959	0.007493	8.3
1967	-0.847103	102.487212	0.006564	8.8
1968	-0.679528	102.457488	0.005270	7.9
1969	-1.215806	102.427788	0.008592	8.4
1970	-1.064312	102.398110	0.005282	7.6
1971	-0.930316	102.368455	0.009303	11.6
1972	-1.180128	102.338823	0.010717	7.9
1973	-0.853231	102.309214	0.009619	10.9
1974	-1.274389	102.279628	0.009907	9.1
1975	-1.211080	102.250064	0.006410	8.4
1976	-0.830542	102.220524	0.007213	8.3
1977	-0.701165	102.191006	0.004280	7.7
1978	-1.220639	102.161511	0.006058	7.8
1979	-0.918774	102.132038	0.005545	8.7
1980	-1.025591	102.102588	0.009695	13.5
1981	-0.292148	102.073161	0.003888	12.5
1982	-1.452892	102.043757	0.010023	13.2
1983	-1.168252	102.014375	0.006256	12.4
1984	-1.104969	101.985015	0.007435	11.9
1985	-0.428368	101.955678	0.002530	12.9
1986	-1.164572	101.926364	0.005658	12.6
1987	-0.307948	101.897072	0.004288	12.2
1988	-1.029230	101.867802	0.004945	12.6
1989	-0.395257	101.838555	0.003773	12.1
1990	-1.212737	101.809330	0.005922	11.6
1991	-1.394114	101.780128	0.012008	11.0
1992	-0.777267	101.750948	0.004807	9.1
1993	-0.773744	101.721790	0.007104	8.1
1994	-0.827364	101.692654	0.008360	8.1
1995	-0.379447	101.663541	0.004999	9.2
1996	-1.326395	101.634450	0.006263	9.2
1997	-0.856955	101.605381	0.005033	9.6
1998	-0.706851	101.576335	0.005188	7.8
1999	-1.278718	101.547310	0.010741	8.3
