1:ItNr	2:Metric	3:StepSize	4:||Gradient||	Time[ms]
0	-1.075556	627.201626	0.007471	533.1
1	-1.258790	623.504937	0.009057	9.7
2	-1.211633	619.865785	0.009993	10.8
3	-0.703253	616.282728	0.007162	10.2
4	-0.870978	612.754375	0.009575	9.6
5	-1.202436	609.279381	0.009487	9.8
6	-0.153983	605.856447	0.003161	10.0
7	-1.223642	602.484317	0.009578	9.5
8	-1.108746	599.161779	0.009676	10.7
9	-1.003294	595.887656	0.007189	10.3
10	-0.677781	592.660813	0.008502	9.6
11	-0.114765	589.480151	0.002977	10.0
12	-0.725959	586.344606	0.006410	9.6
13	-0.360792	583.253145	0.006057	10.1
14	-0.967791	580.204771	0.009983	9.5
15	-0.387651	577.198517	0.005144	9.1
16	-1.229865	574.233444	0.009245	9.8
17	-0.885018	571.308645	0.007522	10.0
18	-0.742826	568.423237	0.006145	10.5
19	-0.687528	565.576365	0.005167	10.4
20	-0.900213	562.767201	0.007538	9.8
21	-1.105059	559.994938	0.007397	10.1
22	-1.054556	557.258797	0.007350	10.3
23	-0.669456	554.558018	0.008258	10.2
24	-1.034422	551.891865	0.011010	11.0
25	-0.974277	549.259621	0.008782	9.5
26	-0.942132	546.660592	0.008669	12.0
27	-0.418311	544.094102	0.005327	10.2
28	-0.763214	541.559494	0.009795	10.6
29	-0.470344	539.056129	0.007339	8.6
30	-0.600435	536.583387	0.005363	11.9
31	-1.100250	534.140663	0.008713	12.9
32	-0.177984	531.727370	0.004679	11.9
33	-0.264163	529.342935	0.002893	8.7
34	-0.617856	526.986802	0.009319	10.4
35	-0.834109	524.658430	0.008168	9.8
36	-0.880202	522.357290	0.006311	9.8
37	-0.592774	520.082868	0.004964	10.1
38	-0.715325	517.834665	0.006468	8.9
39	-0.834534	515.612193	0.008475	10.8
40	-0.936998	513.414976	0.006851	10.3
41	-0.826047	511.242551	0.010844	10.1
42	-0.819346	509.094468	0.008919	11.2
43	-0.551193	506.970285	0.006926	10.3
44	-1.259305	504.869574	0.011525	10.0
45	-0.998415	502.791916	0.007501	10.1
46	-0.994963	500.736903	0.008693	10.1
47	-0.863076	498.704137	0.008128	9.8
48	-0.807989	496.693228	0.011999	9.9
49	-1.093084	494.703798	0.006414	9.7
50	-0.810020	492.735476	0.007583	9.6
51	-0.492193	490.787900	0.004211	9.8
52	-0.367029	488.860718	0.004745	9.5
53	-0.765305	486.953585	0.008980	9.4
54	-0.752333	485.066164	0.008896	10.6
55	-1.006591	483.198126	0.008040	9.3
56	-0.498272	481.349149	0.006523	10.6
57	-0.721999	479.518920	0.004801	10.2
58	-0.081312	477.707132	0.004430	9.9
59	-0.789626	475.913485	0.010113	10.1
60	-0.899936	474.137684	0.005927	9.4
61	-0.431101	472.379445	0.006634	10.5
62	-0.949078	470.638485	0.007620	10.1
63	-0.438504	468.914531	0.004520	10.0
64	-0.965447	467.207315	0.008152	10.1
65	-0.392685	465.516573	0.005225	10.2
66	-0.875171	463.842050	0.006606	10.1
67	-0.857700	462.183494	0.008629	13.2
68	-1.243767	460.540658	0.008700	11.7
69	-0.239478	458.913303	0.004862	10.2
70	-0.258530	457.301192	0.004310	10.9
71	-0.332849	455.704096	0.006177	10.2
72	-0.958071	454.121787	0.006959	11.8
73	-0.490085	452.554045	0.005687	9.4
74	-0.830877	451.000653	0.011557	10.3
75	-0.830657	449.461399	0.010475	9.7
76	-0.896616	447.936075	0.005686	10.3
77	-0.963198	446.424477	0.006658	9.7
78	-0.774488	444.926406	0.008876	10.3
79	-0.877277	443.441666	0.009598	10.7
80	-0.720606	441.970065	0.007076	11.0
81	-0.956879	440.511415	0.006900	9.5
82	-0.960807	439.065533	0.007452	10.5
83	-1.039963	437.632238	0.008501	10.1
84	-1.336097	436.211351	0.011440	10.1
85	-0.419365	434.802701	0.004430	10.3
86	-0.834887	433.406117	0.007703	10.0
87	-0.952643	432.021430	0.007489	10.0
88	-0.453642	430.648479	0.005001	9.6
89	-0.807859	429.287101	0.009277	9.5
90	-1.017559	427.937140	0.008838	10.2
91	-0.778781	426.598440	0.006638	9.8
92	-0.713290	425.270849	0.007920	9.3
93	-0.546342	423.954220	0.004504	9.5
94	-0.028089	422.648404	0.002177	11.0
95	-1.083907	421.353259	0.008519	9.4
96	-0.118392	420.068643	0.004662	9.7
97	-0.262567	418.794419	0.004109	10.4
98	-0.891668	417.530451	0.012403	9.9
99	-0.752325	416.276604	0.006532	10.8
100	-0.496883	415.032748	0.005060	10.0
101	-0.853717	413.798754	0.009004	9.8
102	-0.988005	412.574495	0.012259	10.6
103	-1.108402	411.359849	0.008259	10.1
104	-0.758761	410.154691	0.007071	9.7
105	-0.174238	408.958904	0.002845	10.4
106	-0.934630	407.772368	0.005924	10.1
107	-1.108103	406.594968	0.007544	10.9
108	-1.082610	405.426590	0.010645	11.9
109	-0.595504	404.267122	0.005583	11.0
110	-0.846787	403.116456	0.006978	9.8
111	-0.879902	401.974481	0.007328	10.1
112	-0.876475	400.841093	0.008764	10.1
113	-1.182500	399.716187	0.010717	10.9
114	-1.029520	398.599660	0.006060	13.1
115	-0.952251	397.491411	0.006614	10.1
116	-0.795129	396.391342	0.007749	10.3
117	-0.994047	395.299353	0.008064	10.6
118	-0.371463	394.215350	0.004547	10.2
119	-0.644099	393.139238	0.008153	13.6
120	-1.169439	392.070924	0.009404	11.3
121	-0.729387	391.010316	0.005708	10.6
122	-1.131216	389.957325	0.009054	9.4
123	-0.807188	388.911862	0.007635	9.5
124	-0.080194	387.873839	0.001603	9.5
125	-0.565630	386.843173	0.004763	10.2
126	-0.673284	385.819777	0.005589	10.7
127	-0.337538	384.803569	0.006097	9.5
128	-0.883205	383.794468	0.012140	10.0
129	-1.103510	382.792393	0.008664	9.9
130	-0.660055	381.797264	0.005602	9.7
131	-0.885398	380.809005	0.006400	9.7
132	-0.867606	379.827537	0.006022	10.2
133	-0.609225	378.852786	0.006652	9.8
134	-1.146917	377.884678	0.007426	10.7
135	-1.015152	376.923138	0.007603	10.0
136	-1.036805	375.968095	0.006725	9.8
137	-0.891638	375.019479	0.012219	10.1
138	-0.949122	374.077218	0.010722	9.5
139	-0.713835	373.141244	0.008213	10.7
140	-0.876933	372.211489	0.010961	9.7
141	-0.498135	371.287887	0.006299	9.3
142	-0.400770	370.370370	0.005527	9.5
143	-1.259632	369.458876	0.010550	11.5
144	-0.099226	368.553338	0.003612	9.3
145	-0.922007	367.653696	0.009643	9.7
146	-1.059756	366.759885	0.007130	9.7
147	-0.825041	365.871846	0.005716	10.7
148	-1.053575	364.989518	0.008350	11.9
149	-0.711735	364.112841	0.008309	12.2
150	-0.843774	363.241757	0.008522	9.5
151	-1.145215	362.376208	0.007770	9.8
152	-0.901333	361.516137	0.013073	10.0
153	-1.208387	360.661488	0.008931	10.0
154	-0.433619	359.812206	0.004641	10.2
155	-0.785357	358.968236	0.005911	9.9
156	-0.999194	358.129524	0.006716	10.0
157	-0.308205	357.296018	0.004092	10.2
158	-1.221061	356.467665	0.010913	9.3
159	-1.188563	355.644414	0.009097	10.3
160	-0.588137	354.826213	0.005211	10.4
161	-0.430844	354.013012	0.005812	9.5
162	-1.248579	353.204763	0.009639	10.3
163	-0.122187	352.401415	0.004357	10.2
164	-0.214465	351.602922	0.004931	9.8
165	-0.934795	350.809235	0.007395	10.0
166	-1.124953	350.020308	0.007474	9.5
167	-1.130973	349.236095	0.009077	9.9
168	-0.167869	348.456550	0.003645	8.6
169	-0.358956	347.681627	0.004852	9.5
170	-0.991797	346.911283	0.006515	10.2
171	-0.023502	346.145474	0.001455	9.8
172	-1.012458	345.384157	0.007152	10.2
173	-0.314763	344.627288	0.007906	10.9
174	-1.060533	343.874826	0.010219	9.8
175	-0.312951	343.126729	0.004085	10.1
176	-0.521520	342.382957	0.005594	9.6
177	-1.244524	341.643469	0.010871	10.6
178	-0.995489	340.908224	0.006954	9.9
179	-0.795077	340.177184	0.006305	10.1
180	-0.917065	339.450309	0.007261	9.8
181	-0.889426	338.727561	0.011894	10.5
182	-0.530144	338.008902	0.007397	9.7
183	-0.226262	337.294295	0.005086	9.6
184	-0.975131	336.583703	0.007660	10.1
185	-1.116107	335.877089	0.008570	9.2
186	-1.021762	335.174416	0.009045	9.5
187	-0.875528	334.475651	0.010847	9.4
188	-1.022421	333.780756	0.006243	11.2
189	-1.075228	333.089698	0.008234	12.6
190	-0.216132	332.402443	0.003644	11.3
191	-1.067964	331.718955	0.006362	10.7
192	-0.670636	331.039203	0.004848	10.1
193	-1.079036	330.363153	0.007412	9.8
194	-0.895231	329.690771	0.007200	9.7
195	-0.766864	329.022027	0.009282	10.1
196	-0.913342	328.356888	0.008442	11.3
197	-0.669753	327.695322	0.005332	9.3
198	-1.138994	327.037299	0.008557	9.2
199	-0.847260	326.382787	0.009465	10.3
200	-0.942848	325.731758	0.007299	10.1
201	-0.970339	325.084179	0.008732	10.7
202	-1.245889	324.440023	0.010482	10.3
203	-0.707825	323.799258	0.008988	9.9
204	-0.546165	323.161858	0.004714	10.8
205	-1.092217	322.527792	0.008186	10.6
206	-1.090580	321.897034	0.007966	10.0
207	-0.823962	321.269554	0.007040	10.2
208	-0.994731	320.645325	0.009151	9.7
209	-0.828346	320.024320	0.009970	9.7
210	-0.789097	319.406512	0.008935	10.5
211	-1.299015	318.791875	0.010186	10.2
212	-0.897753	318.180381	0.007044	10.9
213	-0.398144	317.572005	0.005118	10.4
214	-0.370376	316.966721	0.004739	10.3
215	-0.835108	316.364504	0.006669	10.2
216	-0.571740	315.765329	0.008385	9.4
217	-1.347246	315.169170	0.011413	12.3
218	-1.092893	314.576003	0.006337	10.2
219	-0.762631	313.985804	0.008445	10.3
220	-1.164059	313.398548	0.007571	10.1
221	-0.740980	312.814213	0.008212	10.5
222	-0.498091	312.232773	0.009640	9.3
223	-0.646815	311.654207	0.004739	9.9
224	-1.072746	311.078491	0.007348	10.6
225	-0.379246	310.505602	0.004184	12.9
226	-0.281821	309.935518	0.005177	9.6
227	-0.002968	309.368217	0.000903	9.9
228	-0.405584	308.803676	0.006535	9.2
229	-0.265685	308.241874	0.003827	11.3
230	-0.876482	307.682789	0.007244	11.4
231	-0.951147	307.126400	0.007397	11.1
232	-0.713319	306.572687	0.009285	10.5
233	-0.901435	306.021627	0.009617	9.5
234	-0.924771	305.473201	0.009828	9.9
235	-1.168915	304.927388	0.007703	9.9
236	-1.077668	304.384168	0.009875	11.6
237	-0.151187	303.843521	0.004712	10.5
238	-1.114604	303.305427	0.008181	10.6
239	-0.930494	302.769867	0.009941	10.2
240	-1.229884	302.236821	0.008911	10.2
241	-0.926592	301.706270	0.009216	9.6
242	-1.090397	301.178196	0.007737	9.9
243	-1.173235	300.652580	0.006882	9.6
244	-0.004278	300.129402	0.000019	9.8
245	-1.102202	299.608645	0.010578	9.5
246	-1.337960	299.090291	0.010209	9.1
247	-0.890344	298.574321	0.011246	10.7
248	-1.079389	298.060718	0.007722	10.3
249	-1.067766	297.549465	0.006062	11.0
250	-0.908179	297.040543	0.006911	9.7
251	-1.088945	296.533936	0.008235	10.0
252	-0.684163	296.029626	0.005141	9.8
253	-1.053605	295.527597	0.006913	10.3
254	-0.936312	295.027832	0.010961	9.8
255	-0.292371	294.530315	0.004714	9.9
256	-1.051228	294.035028	0.006831	9.7
257	-1.053423	293.541956	0.007897	9.7
258	-0.123602	293.051083	0.005476	8.8
259	-1.057382	292.562393	0.005789	9.7
260	-1.125791	292.075870	0.008198	10.1
261	-0.954544	291.591498	0.009447	10.3
262	-1.058641	291.109263	0.006884	9.3
263	-1.010434	290.629149	0.007963	9.8
264	-1.163411	290.151140	0.007895	9.4
265	-0.112926	289.675222	0.001579	9.5
266	-1.117180	289.201380	0.008785	10.9
267	-1.212509	288.729600	0.007609	9.8
268	-0.849200	288.259866	0.010964	10.2
269	-1.302187	287.792165	0.009362	10.6
270	-0.980737	287.326481	0.008572	13.0
271	-0.508549	286.862802	0.008609	9.4
272	-0.738208	286.401113	0.008608	11.1
273	-1.084777	285.941400	0.007138	9.9
274	-0.316531	285.483649	0.004697	10.6
275	-1.109572	285.027847	0.008690	10.4
276	-0.657746	284.573981	0.006485	11.5
277	-0.840207	284.122037	0.008994	11.0
278	-0.664789	283.672002	0.005454	9.5
279	-0.747504	283.223863	0.007177	9.4
280	-1.025751	282.777607	0.006656	10.2
281	-0.464961	282.333221	0.005497	10.2
282	-1.120586	281.890692	0.008971	9.7
283	-1.185017	281.450008	0.007264	9.9
284	-1.194550	281.011157	0.009975	9.7
285	-0.948180	280.574125	0.010179	10.5
286	-0.939633	280.138901	0.006105	10.2
287	-0.827748	279.705473	0.009223	9.7
288	-1.057558	279.273829	0.008232	9.7
289	-0.388661	278.843956	0.005761	10.3
290	-0.415669	278.415844	0.004121	9.8
291	-0.889524	277.989479	0.011733	9.5
292	-1.091997	277.564851	0.008122	10.1
293	-1.085683	277.141949	0.008073	9.5
294	-0.655933	276.720761	0.006218	9.9
295	-0.000026	276.301275	0.000048	9.2
296	-0.527501	275.883480	0.003972	10.0
297	-1.156762	275.467366	0.011115	10.4
298	-0.248786	275.052922	0.004206	10.0
299	-1.166011	274.640136	0.010981	9.9
300	-1.075295	274.228998	0.011566	9.9
301	-0.240180	273.819497	0.004851	9.2
302	-0.263015	273.411623	0.005648	10.5
303	-0.881220	273.005365	0.007626	8.8
304	-0.949170	272.600712	0.011325	9.7
305	-1.016107	272.197655	0.006626	9.7
306	-1.093003	271.796184	0.012001	9.6
307	-1.346415	271.396287	0.012457	10.0
308	-1.190201	270.997956	0.008113	10.2
309	-1.041890	270.601180	0.007711	9.3
310	-0.847783	270.205949	0.006282	9.9
311	-0.933775	269.812254	0.007678	10.0
312	-0.732150	269.420085	0.005365	13.2
313	-1.079449	269.029432	0.009982	13.3
314	-1.117033	268.640287	0.007812	10.1
315	-1.172378	268.252638	0.007732	10.1
316	-1.098699	267.866478	0.006966	10.2
317	-0.242022	267.481796	0.004489	15.1
318	-0.522724	267.098584	0.007187	9.8
319	-0.343402	266.716833	0.004149	10.2
320	-1.081942	266.336533	0.008164	10.5
321	-1.007903	265.957676	0.007356	10.4
322	-1.127207	265.580253	0.007061	10.5
323	-0.959361	265.204254	0.010817	9.9
324	-1.305915	264.829672	0.010195	10.3
325	-0.492571	264.456497	0.004429	10.2
326	-1.130854	264.084721	0.008263	10.5
327	-0.482467	263.714335	0.004929	9.5
328	-1.080057	263.345332	0.007279	10.1
329	-0.907618	262.977702	0.006347	10.7
330	-1.063237	262.611438	0.009564	9.6
331	-1.370530	262.246531	0.010856	10.0
332	-0.367372	261.882973	0.004309	9.5
333	-0.146282	261.520756	0.004754	9.4
334	-0.803735	261.159871	0.008674	9.9
335	-1.330684	260.800312	0.010499	9.4
336	-0.973140	260.442070	0.010237	10.2
337	-1.397386	260.085137	0.011090	10.6
338	-1.087212	259.729505	0.007343	9.9
339	-1.150268	259.375167	0.008837	10.7
340	-0.621261	259.022116	0.006278	11.4
341	-0.321727	258.670343	0.004649	9.4
342	-0.158497	258.319841	0.003301	10.1
343	-0.768868	257.970602	0.008782	9.9
344	-0.787724	257.622620	0.007062	9.3
345	-0.214886	257.275887	0.002935	9.9
346	-1.031180	256.930396	0.006985	9.8
347	-0.430834	256.586139	0.004563	9.9
348	-1.046424	256.243109	0.007179	10.0
349	-0.868410	255.901300	0.012856	9.8
350	-1.200778	255.560703	0.007585	9.7
351	-0.305406	255.221313	0.004186	10.0
352	-1.272038	254.883122	0.010138	12.5
353	-0.640844	254.546124	0.006106	11.9
354	-1.146688	254.210311	0.007323	10.4
355	-0.800240	253.875677	0.006132	10.3
356	-0.900062	253.542215	0.010348	9.8
357	-0.446771	253.209918	0.006559	11.8
358	-0.807496	252.878781	0.009938	11.6
359	-0.707632	252.548795	0.005464	10.2
360	-1.134728	252.219956	0.007706	9.9
361	-0.841743	251.892255	0.006596	10.4
362	-0.366503	251.565688	0.004148	10.4
363	-0.758164	251.240247	0.006971	10.3
364	-0.723151	250.915926	0.007738	10.0
365	-1.012165	250.592720	0.009013	9.9
366	-0.416142	250.270621	0.005470	10.8
367	-0.939980	249.949624	0.009989	9.6
368	-1.022669	249.629723	0.007718	9.7
369	-0.349205	249.310911	0.004232	9.7
370	-0.895692	248.993182	0.010126	9.4
371	-0.955720	248.676531	0.007524	9.8
372	-1.081181	248.360952	0.008400	8.9
373	-1.003925	248.046438	0.010842	9.9
374	-0.777320	247.732984	0.005587	11.1
375	-0.828486	247.420584	0.008228	10.5
376	-0.627575	247.109233	0.007792	9.4
377	-1.013610	246.798924	0.007457	10.4
378	-0.517797	246.489652	0.006802	10.0
379	-1.170335	246.181412	0.008512	11.2
380	-0.511391	245.874197	0.007610	12.8
381	-1.235206	245.568002	0.010628	9.5
382	-0.098124	245.262822	0.002772	9.9
383	-0.904186	244.958652	0.009663	10.2
384	-0.315228	244.655485	0.005704	10.8
385	-1.098036	244.353317	0.007987	10.3
386	-0.815899	244.052142	0.007977	10.6
387	-0.966520	243.751955	0.008981	9.9
388	-0.768147	243.452750	0.009042	10.3
389	-0.525744	243.154523	0.004556	10.5
390	-1.097784	242.857268	0.008614	9.8
391	-0.634775	242.560980	0.006304	10.4
392	-0.372132	242.265654	0.005733	13.9
393	-1.184446	241.971285	0.007951	10.1
394	-1.137251	241.677868	0.007415	9.4
395	-1.113725	241.385397	0.008083	10.0
396	-1.239830	241.093869	0.009326	10.6
397	-0.643742	240.803278	0.004911	10.6
398	-0.852908	240.513619	0.011337	10.6
399	-1.096817	240.224887	0.010842	10.3
400	-1.062560	239.937077	0.006994	9.7
401	-1.212155	239.650186	0.007745	10.4
402	-1.175171	239.364207	0.008015	10.3
403	-0.118656	239.079136	0.002500	9.5
404	-0.434324	238.794969	0.005156	10.0
405	-0.367351	238.511701	0.005219	9.4
406	-0.599483	238.229327	0.005417	10.3
407	-1.245423	237.947843	0.008355	10.1
408	-0.974804	237.667244	0.006626	11.7
409	-0.871600	237.387526	0.008659	10.2
410	-0.004304	237.108684	0.000009	11.6
411	-1.095548	236.830714	0.007687	10.7
412	-0.434852	236.553610	0.005135	9.9
413	-1.204094	236.277370	0.008042	10.1
414	-0.148552	236.001989	0.002324	9.3
415	-0.885932	235.727461	0.005699	9.9
416	-0.913535	235.453784	0.009332	10.1
417	-1.241185	235.180952	0.008918	9.8
418	-1.141225	234.908962	0.008683	9.9
419	-1.081843	234.637809	0.009055	9.4
420	-0.266147	234.367488	0.005256	9.4
421	-0.922963	234.097997	0.006657	9.8
422	-0.728531	233.829331	0.004857	9.3
423	-0.420980	233.561485	0.006413	10.8
424	-1.237914	233.294456	0.009131	10.2
425	-0.921942	233.028239	0.012459	10.0
426	-0.911936	232.762831	0.008059	10.3
427	-0.996304	232.498228	0.011106	9.7
428	-0.044501	232.234425	0.000374	10.0
429	-0.784095	231.971419	0.008120	10.0
430	-0.732851	231.709205	0.005385	10.5
431	-0.833498	231.447781	0.009569	10.0
432	-0.319651	231.187141	0.004872	12.9
433	-0.000000	230.927283	0.000000	9.3
434	-0.883397	230.668202	0.006521	11.6
435	-1.032624	230.409895	0.006947	10.1
436	-1.128983	230.152358	0.007861	9.9
437	-0.921543	229.895587	0.007204	10.3
438	-0.592901	229.639578	0.005529	10.2
439	-0.771211	229.384329	0.007532	9.5
440	-1.067998	229.129834	0.008567	10.6
441	-0.153986	228.876091	0.003964	10.4
442	-1.206520	228.623096	0.007826	10.2
443	-0.937322	228.370846	0.007322	10.2
444	-1.124753	228.119336	0.010938	10.0
445	-0.778088	227.868563	0.009809	9.7
446	-1.018206	227.618525	0.009164	10.0
447	-1.059143	227.369216	0.007320	9.6
448	-0.896393	227.120635	0.008581	9.5
449	-0.127930	226.872777	0.004797	9.7
450	-0.578796	226.625638	0.006643	9.2
451	-0.408568	226.379217	0.007324	9.5
452	-0.971856	226.133509	0.006772	11.0
453	-0.443068	225.888510	0.005512	9.3
454	-1.165014	225.644218	0.007594	10.2
455	-0.881524	225.400630	0.006339	10.0
456	-0.956673	225.157741	0.011677	9.8
457	-0.954794	224.915549	0.007573	10.9
458	-0.177131	224.674051	0.003185	9.8
459	-1.103927	224.433242	0.008090	9.7
460	-0.828205	224.193121	0.008679	10.5
461	-1.110697	223.953684	0.007072	10.2
462	-0.867890	223.714927	0.006376	10.3
463	-0.549634	223.476848	0.005235	10.2
464	-1.132557	223.239444	0.007446	10.2
465	-1.152895	223.002710	0.008092	10.4
466	-1.079915	222.766645	0.009376	10.1
467	-1.313389	222.531245	0.011959	9.7
468	-1.338124	222.296508	0.010964	9.8
469	-1.118522	222.062429	0.009216	9.3
470	-1.333452	221.829007	0.010407	9.9
471	-0.720435	221.596238	0.008650	10.0
472	-1.329441	221.364119	0.010942	9.2
473	-0.974975	221.132647	0.011693	12.4
474	-1.055842	220.901820	0.007985	9.4
475	-0.319589	220.671634	0.005838	10.6
476	-0.837626	220.442086	0.009470	9.8
477	-0.986221	220.213174	0.006115	9.3
478	-0.811682	219.984895	0.008181	10.3
479	-1.062154	219.757246	0.009862	10.1
480	-0.923893	219.530224	0.011146	10.1
481	-0.618550	219.303826	0.008259	10.1
482	-1.134741	219.078050	0.010822	10.3
483	-0.008751	218.852893	0.000190	14.2
484	-1.141213	218.628352	0.006762	16.1
485	-0.463573	218.404424	0.005511	10.1
486	-0.710263	218.181106	0.007234	10.3
487	-0.531013	217.958397	0.007989	9.6
488	-1.078595	217.736292	0.008376	9.8
489	-1.186432	217.514790	0.007363	9.6
490	-1.142573	217.293888	0.006631	9.9
491	-1.052389	217.073584	0.006847	9.9
492	-0.537045	216.853873	0.006788	9.4
493	-0.508656	216.634755	0.004239	9.1
494	-0.826778	216.416227	0.007021	9.7
495	-0.499412	216.198285	0.007002	10.8
496	-1.113618	215.980927	0.007740	10.1
497	-1.119770	215.764151	0.009638	9.5
498	-0.620955	215.547955	0.005593	9.8
499	-1.252449	215.332335	0.009684	10.6
500	-0.932516	215.117289	0.010395	10.2
501	-1.140687	214.902815	0.008253	9.3
502	-0.424821	214.688911	0.004594	10.4
503	-1.286340	214.475573	0.010224	10.2
504	-0.855186	214.262800	0.008371	10.5
505	-0.654093	214.050588	0.007345	12.9
506	-0.706627	213.838936	0.007033	10.6
507	-1.043510	213.627842	0.007100	9.9
508	-1.072764	213.417302	0.008519	10.3
509	-0.967660	213.207314	0.009852	9.7
510	-1.130086	212.997877	0.008882	10.3
511	-0.834438	212.788987	0.009525	11.9
512	-0.803270	212.580642	0.007644	15.3
513	-0.292624	212.372841	0.005362	17.5
514	-1.199211	212.165581	0.008352	13.3
515	-1.175101	211.958859	0.010119	9.8
516	-0.927802	211.752673	0.009753	8.4
517	-1.121640	211.547021	0.007888	10.6
518	-0.277006	211.341902	0.006285	10.3
519	-0.257081	211.137311	0.004080	9.9
520	-0.752258	210.933248	0.005614	10.2
521	-1.044078	210.729710	0.008518	10.0
522	-0.511096	210.526695	0.006594	9.8
523	-0.885778	210.324200	0.009425	10.1
524	-1.311447	210.122224	0.009634	9.8
525	-1.097084	209.920765	0.009864	10.4
526	-1.042112	209.719820	0.007630	9.8
527	-1.022834	209.519387	0.007879	9.7
528	-0.860603	209.319463	0.008874	10.1
529	-1.163595	209.120048	0.007091	9.8
530	-0.805969	208.921139	0.008217	10.2
531	-0.967108	208.722733	0.007350	9.8
532	-1.141156	208.524829	0.007552	9.5
533	-0.898823	208.327425	0.006869	9.6
534	-0.720668	208.130518	0.007666	9.5
535	-1.133716	207.934107	0.008157	10.1
536	-0.528361	207.738189	0.004637	10.4
537	-0.019966	207.542762	0.000446	9.9
538	-1.119596	207.347825	0.007479	11.3
539	-0.977183	207.153376	0.007537	10.4
540	-0.925895	206.959412	0.011426	10.0
541	-1.308055	206.765932	0.010612	9.9
542	-1.031812	206.572933	0.009446	10.2
543	-0.900089	206.380414	0.008773	9.7
544	-0.076325	206.188373	0.003771	9.4
545	-1.160565	205.996807	0.007715	11.2
546	-0.966152	205.805716	0.012824	9.6
547	-0.691357	205.615096	0.008339	9.4
548	-0.181694	205.424946	0.005097	9.7
549	-0.919490	205.235265	0.009708	9.5
550	-1.185380	205.046050	0.011442	9.7
551	-1.132997	204.857299	0.008683	9.8
552	-1.346055	204.669011	0.011670	10.7
553	-0.609385	204.481184	0.008250	14.7
554	-1.086807	204.293816	0.007675	10.2
555	-1.169972	204.106905	0.012696	10.3
556	-1.362871	203.920449	0.010135	10.1
557	-1.148218	203.734447	0.008372	10.0
558	-0.602616	203.548896	0.005029	12.6
559	-1.155454	203.363795	0.009522	10.1
560	-1.008297	203.179143	0.007084	10.3
561	-0.957622	202.994937	0.009264	10.2
562	-0.987777	202.811176	0.007843	10.2
563	-0.934963	202.627857	0.010419	10.3
564	-0.662839	202.444980	0.006264	9.8
565	-1.177319	202.262543	0.007856	10.2
566	-0.599165	202.080543	0.006695	9.3
567	-1.238304	201.898979	0.008404	10.1
568	-1.163704	201.717849	0.007798	9.7
569	-1.087792	201.537153	0.008914	10.1
570	-0.905925	201.356887	0.008955	9.8
571	-0.690528	201.177050	0.007156	8.8
572	-0.008152	200.997642	0.000416	10.0
573	-1.259113	200.818659	0.008572	10.5
574	-0.837300	200.640100	0.007771	10.2
575	-0.913128	200.461965	0.008778	10.1
576	-0.428675	200.284250	0.006239	10.9
577	-0.960640	200.106955	0.010604	9.9
578	-1.190400	199.930078	0.008206	10.0
579	-0.596467	199.753617	0.005264	9.9
580	-0.557454	199.577571	0.005922	10.6
581	-0.737728	199.401938	0.006467	9.8
582	-1.046660	199.226717	0.007905	10.1
583	-1.057496	199.051905	0.009761	10.8
584	-0.814228	198.877502	0.005983	10.3
585	-0.347824	198.703506	0.004556	10.3
586	-1.162838	198.529916	0.007221	9.8
587	-1.021912	198.356729	0.008452	10.7
588	-0.964963	198.183944	0.009787	9.9
589	-1.186407	198.011560	0.009094	9.7
590	-0.600639	197.839576	0.007417	10.1
591	-0.395112	197.667989	0.004203	9.4
592	-0.216407	197.496798	0.003284	10.0
593	-1.006534	197.326002	0.010396	9.9
594	-0.181057	197.155600	0.003022	11.3
595	-1.015948	196.985589	0.010186	10.5
596	-0.785646	196.815969	0.006256	10.5
597	-1.080676	196.646738	0.009188	9.7
598	-1.363566	196.477894	0.011841	10.2
599	-0.888114	196.309436	0.008704	9.7
600	-0.728673	196.141363	0.006543	14.1
601	-0.924975	195.973673	0.008462	12.2
602	-0.802750	195.806365	0.009608	10.4
603	-0.385946	195.639437	0.003285	10.1
604	-1.006469	195.472888	0.009991	9.9
605	-1.040978	195.306717	0.007287	10.5
606	-0.530993	195.140922	0.006216	9.7
607	-0.278965	194.975501	0.004487	10.2
608	-0.458764	194.810454	0.005035	10.0
609	-1.165747	194.645779	0.007573	9.6
610	-0.803651	194.481475	0.007938	9.8
611	-0.909552	194.317540	0.010864	9.3
612	-1.114196	194.153973	0.007354	10.1
613	-0.501945	193.990773	0.007283	10.2
614	-0.552614	193.827938	0.007041	10.1
615	-0.911949	193.665467	0.007467	10.1
616	-0.420049	193.503358	0.004077	10.3
617	-1.173439	193.341611	0.007488	10.0
618	-0.240713	193.180224	0.005491	10.1
619	-0.556873	193.019196	0.006028	10.6
620	-1.331599	192.858525	0.008942	9.6
621	-1.157502	192.698210	0.009871	9.9
622	-1.256696	192.538251	0.008205	10.1
623	-0.401043	192.378644	0.006893	9.6
624	-0.994131	192.219391	0.011454	10.6
625	-1.255763	192.060488	0.009340	10.7
626	-1.089149	191.901935	0.008519	9.8
627	-1.059652	191.743730	0.008324	10.7
628	-0.497017	191.585873	0.006249	9.7
629	-1.231742	191.428362	0.008953	9.6
630	-0.981494	191.271196	0.011420	9.8
631	-0.487211	191.114374	0.004292	9.5
632	-0.789009	190.957893	0.007352	9.7
633	-1.205885	190.801755	0.008541	9.5
634	-0.561890	190.645956	0.006374	9.9
635	-1.095423	190.490495	0.008470	10.5
636	-0.438573	190.335373	0.006060	9.2
637	-1.168697	190.180587	0.007550	11.9
638	-1.000492	190.026136	0.007328	9.3
639	-0.575973	189.872019	0.005034	10.6
640	-0.276803	189.718235	0.006882	10.0
641	-1.187604	189.564782	0.009146	10.7
642	-0.997204	189.411661	0.007140	12.1
643	-1.034719	189.258868	0.012508	9.5
644	-1.166195	189.106404	0.007710	10.6
645	-1.104967	188.954267	0.007820	10.2
646	-0.817698	188.802456	0.010381	9.9
647	-1.127783	188.650969	0.008135	10.6
648	-1.184217	188.499807	0.008490	9.8
649	-0.500955	188.348967	0.006556	10.3
650	-1.270360	188.198448	0.010870	9.7
651	-0.379521	188.048250	0.006269	9.6
652	-0.271507	187.898371	0.005373	10.4
653	-1.000048	187.748810	0.006763	10.1
654	-1.188031	187.599566	0.011083	10.0
655	-1.058693	187.450638	0.008362	9.8
656	-0.531513	187.302025	0.005355	9.5
657	-0.538085	187.153725	0.005657	9.8
658	-1.341838	187.005739	0.010093	9.8
659	-0.901468	186.858064	0.006813	9.3
660	-0.976918	186.710699	0.008871	9.5
661	-0.679052	186.563645	0.010867	10.1
662	-0.001832	186.416898	0.001055	10.5
663	-0.004779	186.270459	0.000508	10.4
664	-1.199761	186.124326	0.010469	10.3
665	-0.977420	185.978499	0.010029	9.8
666	-0.607864	185.832976	0.006874	10.3
667	-1.229939	185.687756	0.010256	10.0
668	-1.155335	185.542838	0.009365	9.9
669	-1.058688	185.398222	0.008443	9.4
670	-1.062427	185.253906	0.007742	11.1
671	-1.235357	185.109889	0.009952	10.1
672	-1.134045	184.966170	0.008542	10.2
673	-0.475107	184.822748	0.006086	10.4
674	-1.156457	184.679623	0.008610	10.2
675	-1.032641	184.536792	0.011451	10.4
676	-1.000764	184.394256	0.011309	11.4
677	-1.041563	184.252013	0.010601	10.4
678	-0.159395	184.110062	0.005267	11.1
679	-1.158215	183.968403	0.008543	10.1
680	-1.108954	183.827034	0.008117	10.4
681	-1.069872	183.685954	0.009081	10.0
682	-1.134524	183.545163	0.009887	10.1
683	-0.625039	183.404658	0.006192	10.8
684	-0.491346	183.264441	0.005039	10.1
685	-0.885929	183.124509	0.009819	9.7
686	-0.967740	182.984861	0.006878	10.7
687	-0.913259	182.845497	0.010147	9.8
688	-0.512930	182.706416	0.006654	9.7
689	-0.504290	182.567616	0.007220	9.7
690	-0.756912	182.429098	0.006819	9.4
691	-0.618582	182.290859	0.006334	9.9
692	-0.958378	182.152899	0.007232	9.3
693	-0.912701	182.015217	0.008583	10.1
694	-1.030852	181.877813	0.007956	10.1
695	-0.028369	181.740684	0.001805	9.9
696	-1.007833	181.603832	0.009678	10.0
697	-0.438715	181.467253	0.004051	12.5
698	-0.690339	181.330948	0.005781	10.5
699	-1.176775	181.194916	0.009263	11.3
700	-0.822804	181.059155	0.006673	10.4
701	-0.291100	180.923666	0.004069	9.3
702	-1.093343	180.788446	0.008117	10.3
703	-0.931879	180.653496	0.006786	10.9
704	-1.253583	180.518814	0.008223	9.7
705	-0.675467	180.384399	0.006994	10.4
706	-0.327631	180.250251	0.004785	9.8
707	-0.927483	180.116369	0.009300	9.8
708	-0.410319	179.982752	0.004838	12.1
709	-1.144736	179.849398	0.008786	10.6
710	-1.254290	179.716308	0.010327	10.5
711	-0.813836	179.583480	0.007937	10.2
712	-1.187518	179.450913	0.009151	10.4
713	-0.822633	179.318607	0.009460	9.9
714	-1.042682	179.186561	0.007487	10.2
715	-1.344380	179.054774	0.011059	10.8
716	-0.687037	178.923245	0.007348	12.5
717	-1.097648	178.791973	0.006723	9.8
718	-1.108775	178.660958	0.007677	10.8
719	-0.854728	178.530199	0.006556	10.5
720	-1.222839	178.399694	0.011316	10.3
721	-1.083179	178.269444	0.007793	10.8
722	-1.073622	178.139447	0.006788	10.5
723	-0.672879	178.009702	0.006958	10.2
724	-0.985073	177.880209	0.006069	10.9
725	-0.800880	177.750967	0.009038	10.3
726	-1.019766	177.621975	0.011055	10.5
727	-1.149445	177.493232	0.008931	10.1
728	-1.154501	177.364738	0.007816	10.8
729	-1.219003	177.236492	0.009104	10.0
730	-0.860213	177.108492	0.009588	10.1
731	-0.995828	176.980739	0.008499	9.9
732	-1.121063	176.853231	0.008032	10.1
733	-0.971386	176.725968	0.012268	9.6
734	-0.924598	176.598949	0.010040	10.3
735	-0.902834	176.472173	0.006763	10.7
736	-0.683106	176.345639	0.009736	10.4
737	-0.712951	176.219348	0.009330	10.3
738	-1.174532	176.093296	0.007185	10.3
739	-1.030315	175.967486	0.011397	10.1
740	-1.121398	175.841914	0.006424	10.4
741	-1.121215	175.716581	0.007401	10.2
742	-0.540573	175.591486	0.006882	10.1
743	-0.948438	175.466629	0.012428	9.7
744	-1.178591	175.342008	0.009469	10.1
745	-1.053873	175.217622	0.006217	9.4
746	-0.936010	175.093472	0.009159	10.4
747	-1.047079	174.969556	0.006638	9.5
748	-1.292068	174.845873	0.008118	9.3
749	-1.061487	174.722423	0.007099	9.8
750	-1.276414	174.599206	0.008499	11.3
751	-1.236515	174.476220	0.009397	9.2
752	-0.683564	174.353464	0.006834	10.4
753	-1.201602	174.230939	0.008095	9.8
754	-1.204052	174.108643	0.008590	9.6
755	-1.082865	173.986576	0.006981	9.7
756	-1.197252	173.864737	0.007603	13.2
757	-0.424750	173.743124	0.005876	11.1
758	-0.988858	173.621739	0.010767	10.1
759	-0.551107	173.500579	0.004544	11.1
760	-0.889008	173.379645	0.007907	10.1
761	-0.395938	173.258935	0.005073	10.8
762	-0.832847	173.138449	0.009027	10.3
763	-0.654793	173.018186	0.007387	9.9
764	-1.030367	172.898146	0.011203	11.2
765	-0.466770	172.778327	0.004687	10.5
766	-1.197140	172.658730	0.007549	10.3
767	-0.327403	172.539353	0.004494	10.6
768	-0.684986	172.420196	0.004993	10.0
769	-0.036802	172.301258	0.003989	10.0
770	-1.243402	172.182539	0.010469	10.5
771	-0.791346	172.064037	0.006982	9.8
772	-1.065110	171.945753	0.009178	9.5
773	-0.262356	171.827686	0.005544	10.4
774	-0.990079	171.709834	0.007527	10.1
775	-0.079575	171.592198	0.004967	9.1
776	-1.295609	171.474776	0.009589	9.8
777	-0.921953	171.357568	0.006263	9.6
778	-0.914991	171.240574	0.009615	10.0
779	-0.743037	171.123793	0.005877	9.9
780	-1.229635	171.007223	0.012498	9.8
781	-1.073338	170.890865	0.007488	9.9
782	-0.401259	170.774718	0.006588	10.1
783	-1.179196	170.658782	0.007910	9.5
784	-0.987258	170.543055	0.009660	9.2
785	-1.171240	170.427537	0.007970	9.9
786	-0.313907	170.312227	0.004132	10.3
787	-1.018550	170.197125	0.009881	9.9
788	-0.748510	170.082231	0.007177	10.1
789	-1.083274	169.967543	0.008540	9.7
790	-1.236855	169.853061	0.008415	10.2
791	-1.293763	169.738784	0.010081	10.2
792	-1.174313	169.624713	0.008609	10.1
793	-0.927581	169.510845	0.006954	11.4
794	-1.224460	169.397181	0.010715	11.0
795	-0.516646	169.283720	0.005477	11.4
796	-0.931533	169.170462	0.006677	12.3
797	-0.939919	169.057405	0.006468	10.3
798	-1.096196	168.944549	0.007346	10.7
799	-0.068125	168.831895	0.003737	11.9
800	-1.164159	168.719440	0.009214	10.4
801	-0.825643	168.607185	0.008603	10.7
802	-0.532754	168.495129	0.004368	9.5
803	-0.964740	168.383271	0.009424	9.2
804	-0.115066	168.271611	0.002318	9.1
805	-1.120578	168.160148	0.006801	9.8
806	-1.153739	168.048882	0.009393	10.0
807	-1.002688	167.937812	0.006865	10.1
808	-1.092431	167.826938	0.008958	10.1
809	-1.176192	167.716258	0.007300	10.3
810	-0.576008	167.605773	0.005945	9.6
811	-1.262705	167.495482	0.008560	11.2
812	-1.014682	167.385384	0.009674	10.4
813	-0.760099	167.275479	0.007195	9.6
814	-1.275369	167.165766	0.009430	9.7
815	-1.207536	167.056245	0.008281	10.2
816	-0.208280	166.946915	0.003350	9.4
817	-0.347405	166.837776	0.006156	9.8
818	-0.941427	166.728826	0.008237	9.4
819	-0.585524	166.620067	0.005332	9.3
820	-1.198756	166.511496	0.008513	10.0
821	-0.448424	166.403113	0.006424	9.3
822	-0.696027	166.294919	0.007286	10.0
823	-0.648242	166.186912	0.006471	10.1
824	-0.888029	166.079091	0.009801	10.2
825	-0.881732	165.971458	0.006699	10.6
826	-0.879000	165.864009	0.008890	10.2
827	-0.839740	165.756747	0.006835	10.2
828	-1.232713	165.649669	0.008022	9.8
829	-0.323379	165.542775	0.004793	9.1
830	-0.095010	165.436065	0.005417	10.2
831	-1.004720	165.329538	0.010354	10.0
832	-1.148941	165.223194	0.009443	9.2
833	-0.421670	165.117032	0.005742	9.8
834	-1.128489	165.011052	0.012931	9.3
835	-0.919199	164.905253	0.006415	9.7
836	-0.089785	164.799635	0.002283	10.4
837	-0.919620	164.694197	0.008642	10.5
838	-0.939113	164.588939	0.008184	12.1
839	-1.350826	164.483859	0.010750	11.5
840	-0.483086	164.378959	0.007288	10.1
841	-0.932541	164.274237	0.008210	9.5
842	-1.229948	164.169692	0.008073	10.8
843	-1.113230	164.065325	0.008191	13.9
844	-1.141617	163.961135	0.008104	11.9
845	-1.260592	163.857120	0.010541	10.4
846	-1.181660	163.753282	0.008702	9.8
847	-1.144491	163.649619	0.007002	9.5
848	-0.458632	163.546130	0.005078	10.0
849	-1.035967	163.442816	0.008898	10.2
850	-1.196626	163.339676	0.008951	9.6
851	-1.209886	163.236709	0.008121	9.4
852	-0.817805	163.133915	0.010363	11.2
853	-0.388269	163.031294	0.006398	9.1
854	-1.259963	162.928844	0.009626	10.5
855	-1.252438	162.826566	0.009470	9.5
856	-0.047293	162.724459	0.004854	10.0
857	-0.000000	162.622523	0.000000	10.5
858	-1.286455	162.520757	0.009873	9.5
859	-0.701336	162.419160	0.007419	10.5
860	-1.026894	162.317733	0.008169	10.4
861	-1.204439	162.216474	0.008678	10.2
862	-1.277239	162.115383	0.008437	10.3
863	-1.046526	162.014461	0.007587	10.2
864	-0.293757	161.913705	0.005001	9.8
865	-1.295914	161.813117	0.010072	10.4
866	-0.940680	161.712695	0.008331	9.8
867	-1.099415	161.612439	0.007558	9.5
868	-1.323509	161.512349	0.008522	10.1
869	-1.200599	161.412424	0.009376	9.5
870	-0.823397	161.312663	0.010401	10.9
871	-0.660394	161.213067	0.008486	9.7
872	-0.943694	161.113635	0.009162	9.2
873	-1.136714	161.014366	0.008785	10.0
874	-1.171299	160.915260	0.007278	10.5
875	-0.000000	160.816316	0.000000	9.7
876	-0.931749	160.717535	0.007256	10.2
877	-1.308602	160.618915	0.009724	9.9
878	-0.601388	160.520456	0.008193	13.5
879	-1.068300	160.422158	0.008763	11.0
880	-1.108155	160.324021	0.008052	9.9
881	-1.063677	160.226043	0.008333	9.7
882	-0.839959	160.128225	0.009508	10.5
883	-0.205265	160.030566	0.003418	11.4
884	-0.849904	159.933066	0.006845	10.8
885	-0.893133	159.835723	0.008014	9.7
886	-0.256843	159.738539	0.004669	9.4
887	-1.145546	159.641512	0.007249	10.1
888	-1.235616	159.544642	0.008112	10.6
889	-1.279654	159.447929	0.008976	9.8
890	-1.087521	159.351372	0.008243	13.9
891	-0.569417	159.254971	0.006042	11.7
892	-0.264587	159.158725	0.003903	9.6
893	-0.582644	159.062634	0.005581	8.6
894	-1.286131	158.966697	0.008976	10.5
895	-0.592167	158.870915	0.008345	10.4
896	-0.628103	158.775286	0.007322	9.3
897	-1.356783	158.679811	0.011170	11.4
898	-0.243584	158.584489	0.003214	10.0
899	-1.147966	158.489319	0.008376	10.0
900	-1.143457	158.394302	0.009981	10.3
901	-0.873465	158.299436	0.006636	9.7
902	-0.979439	158.204721	0.010540	9.7
903	-1.153625	158.110158	0.008901	10.5
904	-1.144691	158.015745	0.008570	10.3
905	-1.101594	157.921482	0.009428	10.4
906	-0.456930	157.827369	0.005550	10.1
907	-1.307665	157.733406	0.009789	9.8
908	-0.417764	157.639591	0.004020	10.3
909	-1.170023	157.545925	0.011220	10.0
910	-0.954117	157.452408	0.009042	9.6
911	-1.021689	157.359038	0.009119	9.8
912	-0.684034	157.265816	0.009233	9.4
913	-1.272448	157.172741	0.008141	9.9
914	-0.931444	157.079813	0.009018	9.5
915	-0.666937	156.987031	0.005854	9.5
916	-1.054903	156.894395	0.011766	10.9
917	-0.890605	156.801904	0.009675	10.1
918	-0.777941	156.709559	0.008763	10.2
919	-0.173109	156.617359	0.003420	14.0
920	-0.203830	156.525304	0.003998	11.5
921	-1.287570	156.433392	0.007785	9.8
922	-1.194531	156.341624	0.008678	10.1
923	-0.727006	156.250000	0.009287	9.7
924	-1.126342	156.158519	0.008940	9.6
925	-0.789060	156.067180	0.007010	9.8
926	-1.177965	155.975984	0.009800	10.1
927	-0.382789	155.884930	0.006203	9.6
928	-1.345886	155.794017	0.011087	10.3
929	-0.648082	155.703246	0.007409	9.6
930	-1.217268	155.612615	0.007322	9.7
931	-0.948930	155.522125	0.008990	10.1
932	-0.907663	155.431775	0.006165	9.6
933	-1.079944	155.341565	0.011679	10.4
934	-1.400738	155.251495	0.012070	10.1
935	-1.244154	155.161563	0.012857	9.7
936	-1.012542	155.071771	0.008435	9.6
937	-1.064235	154.982117	0.007187	9.4
938	-1.115673	154.892601	0.008849	10.2
939	-1.207282	154.803222	0.007175	9.4
940	-0.937636	154.713981	0.009776	9.3
941	-1.073466	154.624878	0.009399	10.5
942	-1.310904	154.535910	0.009486	10.2
943	-1.260361	154.447080	0.010232	10.0
944	-0.725026	154.358385	0.006914	10.3
945	-1.108548	154.269826	0.007885	10.5
946	-0.998960	154.181402	0.008307	9.9
947	-0.697815	154.093114	0.008406	9.5
948	-0.130208	154.004960	0.003947	10.2
949	-0.971783	153.916940	0.006337	10.5
950	-0.007766	153.829054	0.000293	10.4
951	0.000000	153.741303	0.000000	8.5
952	-0.805746	153.653684	0.005966	10.3
953	-1.277765	153.566198	0.007878	9.7
954	-0.198144	153.478846	0.003707	9.9
955	-1.075425	153.391625	0.009750	10.4
956	-0.867270	153.304537	0.007223	9.4
957	-1.272551	153.217580	0.009685	9.6
958	-0.155375	153.130755	0.004010	9.4
959	-1.167704	153.044061	0.008240	10.6
960	-0.255902	152.957498	0.006150	13.4
961	-1.263552	152.871065	0.007876	10.8
962	-0.291419	152.784762	0.004341	9.6
963	-1.283331	152.698589	0.009194	10.3
964	-1.218840	152.612545	0.007355	9.9
965	-1.208812	152.526631	0.010731	9.5
966	-1.192363	152.440845	0.007211	10.6
967	-0.573692	152.355188	0.005495	10.6
968	-1.124400	152.269660	0.010146	10.1
969	-1.040754	152.184259	0.009041	10.7
970	-1.044274	152.098986	0.009323	10.0
971	-0.488644	152.013840	0.006284	10.2
972	-0.807324	151.928821	0.008722	10.2
973	-0.596600	151.843928	0.007517	9.9
974	-1.126725	151.759163	0.009501	10.2
975	-0.793421	151.674523	0.006331	10.0
976	-1.078180	151.590009	0.009508	9.4
977	-1.018673	151.505620	0.009189	10.4
978	-1.117267	151.421357	0.006993	10.1
979	-1.116491	151.337218	0.008205	10.0
980	-1.152699	151.253204	0.007203	10.2
981	-0.421057	151.169314	0.004673	10.1
982	-0.504085	151.085549	0.004908	9.6
983	-0.832855	151.001907	0.007483	9.8
984	-1.210298	150.918388	0.008226	9.7
985	-0.916113	150.834992	0.009292	10.2
986	-0.475974	150.751719	0.006105	8.8
987	-0.954785	150.668569	0.008750	9.8
988	-0.870789	150.585541	0.011277	11.8
989	-1.353234	150.502634	0.010860	11.2
990	-0.926566	150.419849	0.008961	9.3
991	-0.944485	150.337186	0.007782	9.9
992	-0.897332	150.254644	0.006476	11.1
993	-1.317630	150.172222	0.009649	9.3
994	-1.138585	150.089921	0.010303	10.9
995	-1.009780	150.007740	0.008970	9.9
996	-1.117939	149.925679	0.006938	10.1
997	-1.303542	149.843737	0.009453	10.2
998	-0.953122	149.761915	0.008780	9.7
999	-1.000329	149.680212	0.007597	9.1
1000	-1.180291	149.598627	0.011727	10.4
1001	-1.073652	149.517161	0.007662	13.3
1002	-0.176463	149.435814	0.005877	10.3
1003	-1.092234	149.354584	0.007390	10.8
1004	-0.675212	149.273472	0.005989	10.3
1005	-1.269544	149.192477	0.009841	10.6
1006	-1.304913	149.111599	0.009423	10.4
1007	-1.320275	149.030838	0.008397	10.0
1008	-1.235456	148.950194	0.009489	9.8
1009	-1.294422	148.869666	0.008336	9.5
1010	-1.280298	148.789253	0.009326	10.2
1011	-1.223417	148.708957	0.009702	10.2
1012	-1.293034	148.628776	0.009369	10.1
1013	-1.095515	148.548710	0.006431	9.9
1014	-0.834583	148.468759	0.008988	10.6
1015	-1.289042	148.388923	0.008785	9.7
1016	-0.049977	148.309201	0.002857	9.4
1017	-1.054446	148.229594	0.012192	9.7
1018	-1.277144	148.150100	0.008461	9.2
1019	-0.390580	148.070719	0.006354	9.7
1020	-1.260584	147.991452	0.009218	11.1
1021	-0.636623	147.912298	0.005546	9.1
1022	-0.633938	147.833257	0.006005	10.5
1023	-1.396386	147.754329	0.012649	11.0
1024	-0.300940	147.675512	0.004640	10.9
1025	-0.537496	147.596808	0.006485	10.0
1026	-1.056431	147.518216	0.013136	10.2
1027	-1.178789	147.439735	0.012638	9.6
1028	-1.179491	147.361365	0.007590	10.2
1029	-1.161736	147.283106	0.008517	9.7
1030	-1.172359	147.204958	0.008708	9.9
1031	-0.151496	147.126920	0.006137	9.9
1032	-0.480456	147.048993	0.005068	9.9
1033	-0.658040	146.971175	0.005597	10.5
1034	-1.215919	146.893468	0.007773	10.1
1035	-0.785741	146.815869	0.006688	9.7
1036	-0.749811	146.738380	0.009015	9.9
1037	-0.980721	146.661000	0.006855	9.5
1038	-1.076266	146.583729	0.010644	9.8
1039	-1.288703	146.506566	0.011310	9.6
1040	-0.374864	146.429511	0.007370	9.5
1041	-1.123718	146.352565	0.011356	9.8
1042	-1.036418	146.275726	0.009497	14.6
1043	-1.100207	146.198994	0.010664	9.3
1044	-0.969129	146.122370	0.009277	9.3
1045	-0.254614	146.045853	0.005121	9.6
1046	-1.140097	145.969442	0.007798	9.6
1047	-0.729715	145.893139	0.007679	12.3
1048	-0.574928	145.816941	0.005759	10.6
1049	-1.429053	145.740849	0.011527	9.7
1050	-0.712136	145.664863	0.006539	9.9
1051	-0.502492	145.588983	0.004455	10.2
1052	-0.719292	145.513208	0.007573	10.6
1053	-1.280051	145.437538	0.008583	10.5
1054	-0.360353	145.361973	0.005128	10.3
1055	-0.230898	145.286513	0.003738	10.4
1056	-0.767845	145.211157	0.006698	10.4
1057	-1.137329	145.135905	0.008325	9.7
1058	-1.001497	145.060757	0.011177	10.1
1059	-0.860602	144.985712	0.006683	10.0
1060	-1.283557	144.910771	0.010045	10.2
1061	-0.994278	144.835934	0.009313	10.7
1062	-0.694570	144.761199	0.007938	9.7
1063	-1.376497	144.686567	0.011074	9.9
1064	-1.165483	144.612037	0.009669	10.9
1065	-1.200966	144.537610	0.008351	10.2
1066	-1.144224	144.463285	0.008816	9.8
1067	-1.234885	144.389062	0.007760	9.9
1068	-1.056644	144.314940	0.010918	9.8
1069	-1.083307	144.240920	0.011381	10.3
1070	-1.340907	144.167001	0.010787	9.9
1071	-1.192992	144.093182	0.009796	9.6
1072	-0.668830	144.019465	0.008557	9.9
1073	-1.123017	143.945848	0.009087	9.3
1074	-0.401054	143.872331	0.006334	9.0
1075	-0.659890	143.798914	0.006466	10.4
1076	-1.159680	143.725597	0.010364	9.8
1077	-1.194657	143.652380	0.009636	9.9
1078	-0.052919	143.579262	0.002715	9.7
1079	-1.051802	143.506243	0.013188	10.1
1080	-1.340613	143.433323	0.011722	10.3
1081	-0.744375	143.360502	0.005192	10.3
1082	-1.272072	143.287780	0.009338	9.8
1083	-0.653685	143.215155	0.006161	10.7
1084	-1.295043	143.142629	0.008507	11.7
1085	-1.394205	143.070201	0.009678	11.6
1086	-0.824186	142.997870	0.011410	10.0
1087	-0.292214	142.925637	0.004171	10.4
1088	-1.068323	142.853501	0.007101	10.2
1089	-0.941289	142.781462	0.009974	11.5
1090	-0.490263	142.709519	0.004864	11.7
1091	-0.630642	142.637674	0.006840	11.3
1092	-0.658669	142.565924	0.005158	10.2
1093	-1.191658	142.494271	0.008490	10.2
1094	-0.249693	142.422714	0.006158	9.9
1095	-1.351895	142.351252	0.010483	9.9
1096	-0.443507	142.279886	0.005977	9.4
1097	-0.873312	142.208616	0.005609	10.1
1098	-0.779311	142.137440	0.005897	10.3
1099	-1.036467	142.066360	0.008994	10.2
1100	-0.875935	141.995374	0.009102	9.7
1101	-0.753644	141.924483	0.006360	9.8
1102	-1.281866	141.853685	0.008786	9.6
1103	-1.186226	141.782983	0.007441	10.1
1104	-1.164271	141.712373	0.008839	9.4
1105	-0.395170	141.641858	0.006698	9.3
1106	-1.054801	141.571436	0.012381	9.4
1107	-0.668643	141.501108	0.006487	10.3
1108	-0.694721	141.430872	0.006045	10.1
1109	-0.250795	141.360730	0.006668	9.7
1110	-0.501134	141.290680	0.004577	9.7
1111	-0.956774	141.220722	0.009999	9.8
1112	-1.136955	141.150857	0.010798	10.2
1113	-1.322873	141.081084	0.010518	10.5
1114	-0.978941	141.011403	0.011219	10.1
1115	-0.575469	140.941813	0.005614	10.0
1116	-0.460520	140.872315	0.005637	9.8
1117	-1.027454	140.802909	0.009607	9.8
1118	-0.812037	140.733593	0.008137	9.4
1119	-1.306341	140.664369	0.009574	9.9
1120	-1.313201	140.595235	0.009925	9.3
1121	-0.728573	140.526192	0.007752	9.1
1122	-1.265082	140.457239	0.009324	10.7
1123	-0.280812	140.388376	0.004859	10.1
1124	-0.280573	140.319603	0.004073	11.5
1125	-0.913086	140.250920	0.008580	11.4
1126	-0.821248	140.182326	0.006987	9.5
1127	-0.833444	140.113822	0.007428	9.5
1128	-0.503371	140.045407	0.006201	11.0
1129	-0.976047	139.977081	0.011512	11.1
1130	-0.466084	139.908844	0.006614	11.4
1131	-1.259578	139.840696	0.010392	9.4
1132	-0.339377	139.772635	0.006208	10.0
1133	-0.576694	139.704664	0.007702	10.3
1134	-1.270629	139.636780	0.009635	10.4
1135	-1.161882	139.568984	0.009667	9.5
1136	-0.849680	139.501276	0.009250	10.1
1137	-1.034062	139.433655	0.008095	9.9
1138	-0.861609	139.366122	0.010224	10.3
1139	-0.742768	139.298676	0.005136	10.1
1140	-1.231910	139.231317	0.009774	10.0
1141	-1.124797	139.164045	0.008256	10.1
1142	-0.904964	139.096859	0.007594	9.1
1143	-0.602141	139.029760	0.007894	9.9
1144	-0.985679	138.962747	0.007004	10.2
1145	-1.249425	138.895820	0.009476	10.5
1146	-0.854700	138.828978	0.009222	9.9
1147	-0.382974	138.762223	0.004369	10.0
1148	-0.303787	138.695553	0.005360	9.4
1149	-0.563385	138.628969	0.004427	9.3
1150	-0.926101	138.562469	0.007991	10.4
1151	-1.078132	138.496055	0.007546	9.7
1152	-1.104843	138.429725	0.011115	10.0
1153	-1.086641	138.363481	0.008926	9.9
1154	-1.114730	138.297320	0.007688	9.7
1155	-1.219819	138.231244	0.009588	9.9
1156	-1.011557	138.165252	0.010335	10.0
1157	-1.139487	138.099344	0.006980	10.1
1158	-0.861087	138.033520	0.007284	10.5
1159	-1.098475	137.967779	0.009977	9.7
1160	-1.075221	137.902122	0.008210	9.6
1161	-0.447803	137.836548	0.004529	10.0
1162	-1.300595	137.771057	0.008056	9.8
1163	-1.015399	137.705649	0.010697	11.5
1164	-1.121464	137.640324	0.010522	10.0
1165	-1.321313	137.575081	0.009966	10.0
1166	-1.098993	137.509921	0.008250	11.0
1167	-0.403765	137.444842	0.004999	9.9
1168	-1.226757	137.379846	0.008063	11.4
1169	-0.926353	137.314932	0.008503	13.0
1170	-0.882159	137.250100	0.008697	11.8
1171	-0.953469	137.185349	0.008585	10.2
1172	-0.952951	137.120680	0.009222	10.1
1173	-0.518745	137.056092	0.007790	10.4
1174	-0.880871	136.991585	0.008114	10.3
1175	-0.529714	136.927158	0.007161	9.9
1176	-1.032516	136.862813	0.009107	10.2
1177	-1.232705	136.798548	0.007950	9.7
1178	-1.260546	136.734363	0.009941	9.5
1179	-1.148993	136.670259	0.007905	9.6
1180	-1.127090	136.606235	0.008258	9.3
1181	-1.160871	136.542291	0.008274	10.9
1182	-0.923931	136.478426	0.005938	10.7
1183	-1.209439	136.414641	0.008825	10.3
1184	-1.321664	136.350936	0.010144	10.1
1185	-1.333857	136.287310	0.009843	9.6
1186	-1.057482	136.223763	0.009769	9.2
1187	-1.013351	136.160295	0.012153	10.1
1188	-0.984327	136.096905	0.007640	9.7
1189	-1.248509	136.033594	0.010389	10.3
1190	-0.947126	135.970362	0.006440	9.4
1191	-1.059155	135.907208	0.007389	10.3
1192	-1.262432	135.844133	0.009385	10.5
1193	-1.100577	135.781135	0.008518	10.0
1194	-1.432059	135.718215	0.010301	10.1
1195	-1.232355	135.655373	0.010040	10.6
1196	-0.999787	135.592608	0.006966	10.8
1197	-1.164357	135.529921	0.009394	10.1
1198	-0.075533	135.467311	0.003283	10.7
1199	-1.186935	135.404778	0.008415	9.8
1200	-1.277519	135.342322	0.008331	9.9
1201	-0.791277	135.279942	0.007499	10.4
1202	-0.347435	135.217640	0.004981	9.3
1203	-0.460272	135.155413	0.005320	9.7
1204	-0.997476	135.093263	0.009436	9.4
1205	-0.110777	135.031190	0.002396	9.8
1206	-1.194144	134.969192	0.009074	14.6
1207	-1.283304	134.907270	0.008466	10.0
1208	-0.839287	134.845424	0.007604	9.7
1209	-0.917106	134.783653	0.008107	10.0
1210	-1.327360	134.721958	0.008639	9.5
1211	-0.528835	134.660338	0.005785	9.4
1212	-1.264705	134.598793	0.009245	9.8
1213	-1.107333	134.537323	0.008058	10.6
1214	-1.120183	134.475927	0.008639	10.1
1215	-1.085353	134.414607	0.009371	10.8
1216	-1.238365	134.353361	0.009788	9.9
1217	-0.707957	134.292189	0.008011	9.8
1218	-1.193729	134.231092	0.008401	10.0
1219	-1.173052	134.170068	0.009317	9.4
1220	-1.177617	134.109119	0.008546	11.3
1221	-1.269083	134.048243	0.009539	10.4
1222	-1.141537	133.987441	0.006981	10.1
1223	-1.188665	133.926713	0.008501	10.3
1224	-1.043079	133.866057	0.005953	10.6
1225	-0.300304	133.805475	0.004498	10.2
1226	-0.409804	133.744966	0.007873	9.4
1227	-0.012072	133.684530	0.000765	9.9
1228	-0.855116	133.624167	0.007020	9.8
1229	-0.941930	133.563877	0.006738	9.9
1230	-1.220793	133.503658	0.008951	9.6
1231	-0.498225	133.443513	0.006276	9.9
1232	-1.322676	133.383439	0.011018	9.5
1233	-1.039717	133.323437	0.011680	9.2
1234	-1.195949	133.263508	0.008149	10.8
1235	-0.305359	133.203650	0.003514	12.7
1236	-1.002461	133.143864	0.010657	9.3
1237	-1.457699	133.084149	0.012895	9.6
1238	-0.438005	133.024506	0.004670	10.4
1239	-1.123341	132.964934	0.007948	10.2
1240	-1.273710	132.905433	0.008342	10.4
1241	-1.346305	132.846003	0.009207	9.6
1242	-0.967290	132.786643	0.010221	9.9
1243	-1.191643	132.727355	0.007545	10.0
1244	-0.358808	132.668137	0.006255	10.0
1245	-1.189129	132.608989	0.007762	9.7
1246	-1.020108	132.549912	0.010701	10.2
1247	-0.809038	132.490904	0.006294	12.0
1248	-1.288412	132.431967	0.009591	10.1
1249	-1.078383	132.373100	0.007989	11.1
1250	-1.241007	132.314302	0.008529	10.0
1251	-0.479129	132.255574	0.005720	9.9
1252	-0.287071	132.196916	0.004857	10.6
1253	-1.235338	132.138326	0.008889	10.8
1254	-1.041490	132.079806	0.009891	10.8
1255	-0.503245	132.021355	0.004941	9.6
1256	-0.383001	131.962973	0.006116	9.9
1257	-0.646217	131.904660	0.006351	10.0
1258	-0.677444	131.846415	0.008737	8.7
1259	-1.176465	131.788239	0.008185	10.3
1260	-0.732190	131.730131	0.008013	12.0
1261	-0.781609	131.672092	0.007005	9.7
1262	-1.216602	131.614121	0.011035	9.5
1263	-0.875044	131.556217	0.009303	9.8
1264	-0.738321	131.498382	0.007250	12.1
1265	-0.546633	131.440614	0.007728	10.0
1266	-1.176159	131.382914	0.008850	9.5
1267	-0.380441	131.325282	0.006627	9.6
1268	-0.601697	131.267717	0.004611	9.7
1269	-1.021597	131.210219	0.010798	9.7
1270	-1.106346	131.152788	0.008229	10.0
1271	-1.076118	131.095424	0.006386	10.1
1272	-1.287157	131.038127	0.009953	9.6
1273	-0.258606	130.980897	0.004117	9.4
1274	-0.979664	130.923733	0.006605	9.7
1275	-1.048587	130.866636	0.008605	9.9
1276	-0.639928	130.809605	0.005362	9.8
1277	-0.674491	130.752641	0.006752	9.8
1278	-1.210625	130.695742	0.008014	9.4
1279	-0.181969	130.638910	0.005156	10.3
1280	-1.052940	130.582143	0.011977	10.3
1281	-0.975525	130.525442	0.008948	12.2
1282	-1.275769	130.468807	0.010534	10.0
1283	-1.299889	130.412237	0.008918	10.0
1284	-0.721775	130.355733	0.005036	9.9
1285	-0.255401	130.299294	0.006941	9.5
1286	-0.947298	130.242920	0.009907	9.6
1287	-0.873756	130.186611	0.009198	9.6
1288	-0.170428	130.130366	0.004262	10.4
1289	-1.299665	130.074187	0.009573	11.7
1290	-1.159750	130.018072	0.007615	9.7
1291	-0.966971	129.962022	0.006109	11.5
1292	-0.456425	129.906036	0.006796	8.4
1293	-0.435400	129.850114	0.008686	10.4
1294	-0.978089	129.794257	0.006932	10.2
1295	-0.573749	129.738463	0.006642	10.0
1296	-1.300689	129.682734	0.012922	9.8
1297	-0.448826	129.627068	0.004662	10.6
1298	-1.124839	129.571466	0.007795	9.8
1299	-1.168387	129.515927	0.007095	9.7
1300	-0.844119	129.460452	0.008120	9.7
1301	-0.230476	129.405040	0.007362	8.6
1302	-0.818270	129.349692	0.009574	9.3
1303	-0.987807	129.294406	0.007694	9.5
1304	-1.035348	129.239183	0.009935	9.5
1305	-0.775583	129.184024	0.007141	9.2
1306	-0.281822	129.128927	0.003941	9.4
1307	-1.126707	129.073892	0.010226	9.4
1308	-0.776502	129.018921	0.007959	10.6
1309	-1.154819	128.964011	0.010354	10.4
1310	-0.965739	128.909164	0.008295	9.9
1311	-1.285265	128.854379	0.009194	10.4
1312	-0.204120	128.799656	0.004080	10.4
1313	-0.940644	128.744995	0.007220	10.2
1314	-1.347911	128.690396	0.009475	10.0
1315	-1.180034	128.635858	0.007883	9.8
1316	-0.478486	128.581382	0.006015	8.1
1317	-1.077420	128.526968	0.013200	9.4
1318	-1.150476	128.472615	0.008552	9.2
1319	-0.321671	128.418323	0.004657	10.7
1320	-1.074084	128.364092	0.009428	10.2
1321	-0.968154	128.309922	0.010505	9.9
1322	-1.058131	128.255814	0.008379	10.0
1323	-1.173155	128.201766	0.008109	9.5
1324	-0.225672	128.147778	0.006103	9.6
1325	-1.200942	128.093852	0.006838	10.4
1326	-1.049062	128.039985	0.012242	10.5
1327	-0.689902	127.986180	0.004593	10.3
1328	-0.871392	127.932434	0.009958	10.4
1329	-1.283133	127.878749	0.010069	10.8
1330	-1.208905	127.825123	0.007854	12.0
1331	-0.428099	127.771558	0.005206	12.2
1332	-1.016506	127.718052	0.008061	10.2
1333	-0.575783	127.664606	0.006336	10.3
1334	-1.267692	127.611220	0.008397	11.6
1335	-1.228043	127.557893	0.007940	13.9
1336	-1.310740	127.504625	0.009099	10.8
1337	-0.328162	127.451417	0.005392	10.6
1338	-0.876044	127.398268	0.007135	10.1
1339	-0.904203	127.345178	0.005817	9.6
1340	-0.921121	127.292147	0.006457	10.2
1341	-1.246862	127.239175	0.010638	9.8
1342	-1.116705	127.186261	0.009246	9.8
1343	-1.024265	127.133407	0.010159	9.9
1344	-1.077282	127.080610	0.007323	11.0
1345	-0.954946	127.027872	0.010406	9.5
1346	-0.881071	126.975193	0.006596	10.7
1347	-1.139922	126.922572	0.012608	10.0
1348	-1.235965	126.870008	0.007392	10.0
1349	-1.128301	126.817503	0.008185	10.3
1350	-1.153478	126.765056	0.008355	9.1
1351	-1.260416	126.712667	0.010937	9.7
1352	-0.674841	126.660335	0.007907	10.1
1353	-0.998671	126.608061	0.009291	10.5
1354	-0.988169	126.555844	0.007255	10.6
1355	-0.065467	126.503685	0.002090	9.7
1356	-0.437878	126.451583	0.004024	9.9
1357	-1.240142	126.399538	0.007195	10.4
1358	-0.006467	126.347550	0.003166	9.2
1359	-1.158477	126.295619	0.009970	9.9
1360	-0.965571	126.243745	0.011649	9.5
1361	-0.126748	126.191928	0.001751	9.4
1362	-1.200490	126.140168	0.008940	9.7
1363	-1.108339	126.088464	0.011670	10.2
1364	-1.044944	126.036817	0.012279	9.9
1365	-0.570766	125.985226	0.005428	10.5
1366	-0.913497	125.933691	0.007385	9.9
1367	-0.313288	125.882212	0.004786	10.3
1368	-0.512865	125.830790	0.004331	9.9
1369	-1.151477	125.779423	0.010528	9.5
1370	-0.008199	125.728113	0.002241	13.4
1371	-0.648786	125.676858	0.006571	10.9
1372	-1.319614	125.625659	0.007678	10.1
1373	-0.261091	125.574515	0.003771	8.7
1374	-1.201670	125.523427	0.007697	9.6
1375	-1.243158	125.472394	0.009934	12.0
1376	-1.125231	125.421417	0.009243	12.4
1377	-1.305959	125.370495	0.010357	11.3
1378	-1.278885	125.319628	0.008459	11.4
1379	-0.917472	125.268815	0.006671	9.4
1380	-1.247989	125.218058	0.008830	10.4
1381	-1.285491	125.167356	0.008675	9.4
1382	-1.218139	125.116708	0.007079	10.2
1383	-1.129900	125.066115	0.008015	10.3
1384	-1.394560	125.015576	0.012979	9.8
1385	-1.235820	124.965092	0.009821	9.9
1386	-1.160626	124.914662	0.008563	9.9
1387	-1.326318	124.864287	0.009557	10.0
1388	-1.286001	124.813965	0.010604	10.0
1389	-0.447678	124.763698	0.005329	10.2
1390	-1.396500	124.713485	0.010988	9.7
1391	-1.340088	124.663325	0.009943	10.0
1392	-0.555712	124.613219	0.004581	9.6
1393	-0.591215	124.563167	0.006134	9.9
1394	-1.307593	124.513168	0.009946	10.2
1395	-1.301731	124.463223	0.011715	9.6
1396	-0.875992	124.413332	0.008126	9.5
1397	-0.169485	124.363493	0.003871	8.8
1398	-1.133692	124.313708	0.010001	10.2
1399	-1.148322	124.263976	0.008548	10.3
1400	-1.354157	124.214297	0.010497	9.4
1401	-0.641751	124.164671	0.004623	10.1
1402	-0.944962	124.115097	0.009397	10.3
1403	-1.420636	124.065577	0.011382	10.1
1404	-0.000000	124.016109	0.000000	10.2
1405	-1.309491	123.966693	0.009698	10.1
1406	-1.409195	123.917330	0.011486	9.7
1407	-1.135557	123.868020	0.009563	9.9
1408	-0.353877	123.818762	0.004029	9.6
1409	-1.208047	123.769556	0.008541	9.9
1410	-0.608660	123.720402	0.005714	9.5
1411	-0.933614	123.671300	0.009745	13.1
1412	-0.889287	123.622250	0.008894	9.6
1413	-0.962158	123.573252	0.009173	12.5
1414	-0.008745	123.524305	0.000190	10.4
1415	-0.553599	123.475411	0.009225	11.1
1416	-0.861208	123.426568	0.008496	10.7
1417	-1.017406	123.377776	0.011295	12.6
1418	-0.738177	123.329036	0.005166	10.0
1419	-1.193587	123.280347	0.009319	10.2
1420	-1.351584	123.231709	0.010495	10.7
1421	-0.598346	123.183122	0.006844	10.3
1422	-0.008296	123.134587	0.000589	10.1
1423	-0.110711	123.086102	0.001500	10.2
1424	-0.836787	123.037669	0.007556	10.2
1425	-1.139330	122.989286	0.007420	10.1
1426	-1.138776	122.940954	0.012294	9.9
1427	-0.770340	122.892672	0.006288	9.6
1428	-0.944299	122.844441	0.007133	11.2
1429	-0.556549	122.796261	0.005662	9.8
1430	-1.268395	122.748130	0.009614	9.7
1431	-0.381225	122.700050	0.005286	9.8
1432	-1.228136	122.652021	0.009462	9.3
1433	-0.596283	122.604041	0.006561	9.6
1434	-1.418022	122.556111	0.011231	9.7
1435	-1.214380	122.508232	0.008434	9.4
1436	-1.412023	122.460402	0.011143	10.4
1437	-0.558112	122.412622	0.007829	10.0
1438	-0.875124	122.364891	0.009164	11.7
1439	-0.997187	122.317210	0.009320	9.7
1440	-0.215499	122.269579	0.004032	9.2
1441	-0.565577	122.221997	0.005020	9.8
1442	-0.763757	122.174465	0.006694	10.3
1443	-0.749533	122.126981	0.008580	10.1
1444	-1.245043	122.079547	0.009356	10.5
1445	-0.452787	122.032162	0.006912	10.1
1446	-0.991871	121.984826	0.005860	9.7
1447	-0.797239	121.937539	0.009536	10.1
1448	-0.207130	121.890301	0.004460	9.9
1449	-0.926937	121.843112	0.009260	9.5
1450	-0.776299	121.795971	0.005890	9.6
1451	-1.225785	121.748879	0.008551	10.0
1452	-0.943004	121.701835	0.011645	13.1
1453	-0.522644	121.654840	0.006920	11.2
1454	-0.745818	121.607893	0.006609	14.2
1455	-0.412896	121.560994	0.003840	10.2
1456	-0.704691	121.514144	0.006616	10.4
1457	-1.096062	121.467342	0.007981	10.8
1458	-1.189406	121.420588	0.007703	9.9
1459	-0.842239	121.373882	0.008876	10.4
1460	-1.166442	121.327223	0.009190	9.0
1461	-1.190752	121.280613	0.010273	10.1
1462	-0.733364	121.234050	0.005018	10.2
1463	-1.229760	121.187535	0.008197	9.7
1464	-0.000000	121.141067	0.000000	10.7
1465	-1.228483	121.094647	0.012381	10.1
1466	-1.279580	121.048274	0.011104	9.9
1467	-1.052866	121.001949	0.010615	10.6
1468	-1.041763	120.955671	0.008332	9.9
1469	-1.277271	120.909440	0.009005	9.4
1470	-0.469108	120.863256	0.006654	10.6
1471	-0.081831	120.817119	0.001135	9.7
1472	-0.932940	120.771029	0.009192	9.4
1473	-1.222668	120.724986	0.009487	14.6
1474	-0.985879	120.678990	0.007281	10.6
1475	-1.295511	120.633040	0.009750	10.1
1476	-1.163781	120.587137	0.009639	10.7
1477	-1.166940	120.541281	0.008934	10.4
1478	-1.450082	120.495471	0.010829	9.6
1479	-1.158309	120.449707	0.007091	10.0
1480	-1.051284	120.403990	0.007627	9.6
1481	-1.388579	120.358319	0.010096	9.8
1482	-1.103898	120.312694	0.008919	9.7
1483	-0.737632	120.267115	0.007754	10.3
1484	-1.295309	120.221582	0.008756	9.9
1485	-0.895337	120.176096	0.006406	10.9
1486	-0.915156	120.130655	0.009777	10.4
1487	-0.702000	120.085260	0.007206	10.7
1488	-0.366570	120.039910	0.006777	10.5
1489	-0.689644	119.994606	0.008390	11.3
1490	-1.378325	119.949348	0.012772	9.8
1491	-0.881396	119.904135	0.007746	11.3
1492	-0.934967	119.858968	0.007954	13.6
1493	-0.757006	119.813846	0.006472	9.8
1494	-0.809853	119.768769	0.006676	10.4
1495	-1.200866	119.723738	0.008397	12.2
1496	-1.225780	119.678752	0.008131	9.7
1497	-0.977813	119.633810	0.009841	9.9
1498	-0.266553	119.588914	0.003760	9.4
1499	-1.293288	119.544062	0.009620	9.4
1500	-0.819202	119.499256	0.008829	9.9
1501	-1.378413	119.454494	0.009729	10.0
1502	-0.269552	119.409777	0.006604	10.3
1503	-1.086255	119.365104	0.009521	10.6
1504	-1.208234	119.320476	0.007960	10.3
1505	-1.168031	119.275893	0.008425	11.1
1506	-0.898738	119.231353	0.009032	10.8
1507	-1.127573	119.186859	0.007747	10.1
1508	-0.486465	119.142408	0.008109	9.9
1509	-1.235764	119.098002	0.011048	10.1
1510	-0.581293	119.053639	0.007609	9.9
1511	-0.313684	119.009321	0.004465	9.7
1512	-1.282200	118.965047	0.008514	10.6
1513	-0.230777	118.920816	0.005745	9.9
1514	-1.271524	118.876630	0.009688	11.3
1515	-1.322741	118.832487	0.007858	10.3
1516	-1.268350	118.788388	0.010133	10.2
1517	-0.250063	118.744332	0.003567	10.7
1518	-1.165097	118.700320	0.008366	10.1
1519	-0.362886	118.656352	0.004754	9.3
1520	-0.436827	118.612427	0.005001	11.1
1521	-0.275624	118.568545	0.005320	10.3
1522	-0.546050	118.524706	0.005252	9.9
1523	-0.848939	118.480911	0.006324	9.9
1524	-1.288251	118.437159	0.008573	9.9
1525	-0.729034	118.393450	0.005930	8.9
1526	-0.972282	118.349784	0.007990	9.8
1527	-0.902385	118.306160	0.008900	10.5
1528	-0.673139	118.262580	0.007463	9.5
1529	-0.730879	118.219042	0.007079	9.5
1530	-0.478704	118.175548	0.009481	10.2
1531	-1.194428	118.132095	0.009717	10.7
1532	-0.871936	118.088686	0.006305	10.5
1533	-1.119813	118.045319	0.007836	10.5
1534	-0.802964	118.001994	0.008773	11.2
1535	-0.155680	117.958712	0.004508	9.9
1536	-1.254486	117.915472	0.007973	10.0
1537	-1.139831	117.872274	0.010890	9.5
1538	-1.039989	117.829118	0.011091	9.8
1539	-1.213881	117.786005	0.007902	11.9
1540	-1.261163	117.742933	0.008659	11.9
1541	-0.870296	117.699904	0.007143	10.3
1542	-1.083116	117.656916	0.010977	9.7
1543	-1.254955	117.613971	0.007061	10.5
1544	-1.301171	117.571067	0.009219	10.0
1545	-0.089184	117.528205	0.002819	9.8
1546	-1.253024	117.485384	0.007340	10.0
1547	-1.074829	117.442605	0.010925	9.4
1548	-1.205804	117.399867	0.008459	10.3
1549	-0.984761	117.357171	0.008849	9.9
1550	-0.446455	117.314517	0.004522	10.7
1551	-0.767403	117.271903	0.006339	10.3
1552	-0.694144	117.229331	0.007220	9.7
1553	-0.936340	117.186800	0.006772	9.4
1554	-1.258108	117.144311	0.008514	9.8
1555	-0.707955	117.101862	0.007811	11.3
1556	-1.006005	117.059454	0.008976	9.6
1557	-0.586562	117.017087	0.005539	10.3
1558	-1.048363	116.974762	0.009064	9.5
1559	-0.973278	116.932476	0.009625	9.5
1560	-1.192696	116.890232	0.008681	9.4
1561	-0.368945	116.848028	0.005578	10.5
1562	-1.043507	116.805865	0.007290	10.6
1563	-0.850089	116.763743	0.006170	10.0
1564	-1.205129	116.721661	0.011767	10.3
1565	-0.126025	116.679619	0.002611	10.3
1566	-1.216549	116.637618	0.012161	9.9
1567	-1.169343	116.595657	0.007536	9.6
1568	-1.225859	116.553736	0.009131	10.0
1569	-1.379062	116.511855	0.009840	11.3
1570	-1.034103	116.470015	0.010270	10.6
1571	-1.339557	116.428214	0.009643	11.2
1572	-1.044918	116.386454	0.007112	10.8
1573	-1.332895	116.344733	0.008043	10.0
1574	-0.737378	116.303052	0.007838	10.2
1575	-0.648750	116.261412	0.007742	12.1
1576	-0.970069	116.219810	0.007272	12.6
1577	-0.805040	116.178249	0.007521	11.4
1578	-1.248241	116.136727	0.009502	11.2
1579	-0.870950	116.095245	0.006156	9.7
1580	-1.129054	116.053802	0.007430	9.3
1581	-1.175314	116.012398	0.009605	9.3
1582	-1.351766	115.971034	0.009258	10.1
1583	-0.045366	115.929710	0.003365	9.7
1584	-0.312700	115.888424	0.006304	9.9
1585	-0.875462	115.847178	0.006859	10.0
1586	-1.006590	115.805970	0.011997	10.1
1587	-1.323438	115.764802	0.009023	10.2
1588	-1.032070	115.723673	0.010109	10.2
1589	-0.879409	115.682583	0.006458	10.1
1590	-0.538505	115.641532	0.005715	9.8
1591	-0.046123	115.600519	0.001535	9.1
1592	-0.816132	115.559546	0.006442	9.3
1593	-0.962854	115.518610	0.009503	9.8
1594	-1.347375	115.477714	0.009002	9.4
1595	-1.358693	115.436856	0.009192	9.3
1596	-0.344571	115.396037	0.005897	9.7
1597	-1.092728	115.355256	0.008318	9.6
1598	-1.067067	115.314514	0.010869	9.7
1599	-1.254208	115.273810	0.008887	10.2
1600	-1.209814	115.233144	0.007835	10.2
1601	-1.156851	115.192517	0.008816	10.2
1602	-1.045908	115.151927	0.008239	9.6
1603	-1.384870	115.111376	0.011771	9.5
1604	-0.000000	115.070863	0.000000	9.7
1605	-1.038752	115.030388	0.009701	8.7
1606	-1.327440	114.989951	0.009968	9.4
1607	-1.326234	114.949551	0.008633	9.4
1608	-0.051183	114.909190	0.002091	9.9
1609	-0.909144	114.868866	0.008773	9.9
1610	-1.167244	114.828580	0.009422	9.6
1611	-0.862550	114.788332	0.006341	10.1
1612	-1.127341	114.748121	0.011358	10.4
1613	-1.202559	114.707948	0.007454	10.1
1614	-1.308763	114.667812	0.011470	11.2
1615	-1.047097	114.627714	0.010028	10.7
1616	-1.299234	114.587653	0.008269	9.6
1617	-1.283320	114.547629	0.008294	11.4
1618	-1.077055	114.507643	0.006483	10.4
1619	-0.972182	114.467693	0.009428	10.3
1620	-1.381243	114.427781	0.010343	10.0
1621	-0.945675	114.387907	0.007316	10.0
1622	-1.236459	114.348069	0.008843	10.0
1623	-0.684189	114.308268	0.007730	10.3
1624	-0.953315	114.268504	0.007205	9.6
1625	-1.063950	114.228777	0.008037	9.6
1626	-1.304615	114.189086	0.008237	9.9
1627	-1.113062	114.149433	0.010834	9.3
1628	-0.369241	114.109816	0.006231	9.4
1629	-0.881288	114.070235	0.008751	9.1
1630	-1.283738	114.030692	0.008310	9.7
1631	-1.251713	113.991185	0.009473	10.1
1632	-1.041567	113.951714	0.009883	9.5
1633	-1.320164	113.912280	0.010308	10.2
1634	-0.152081	113.872882	0.002916	9.6
1635	-0.498345	113.833521	0.004932	9.7
1636	-0.826964	113.794195	0.008310	9.9
1637	-1.320585	113.754906	0.010565	9.5
1638	-0.872786	113.715653	0.006522	10.3
1639	-1.140134	113.676437	0.007538	11.1
1640	-1.316030	113.637256	0.008898	9.2
1641	-1.165175	113.598111	0.011404	9.7
1642	-1.020706	113.559002	0.010221	9.5
1643	-0.334359	113.519929	0.004840	9.5
1644	-1.059213	113.480892	0.008912	10.4
1645	-1.082932	113.441891	0.007478	10.1
1646	-0.428256	113.402925	0.005545	10.0
1647	-1.435434	113.363995	0.011095	10.3
1648	-1.198620	113.325101	0.008886	10.8
1649	-1.184365	113.286242	0.007727	10.2
1650	-0.980484	113.247419	0.009643	10.1
1651	-0.201066	113.208631	0.003642	9.6
1652	-1.014603	113.169879	0.007328	9.9
1653	-0.547036	113.131162	0.005725	10.2
1654	-1.270629	113.092480	0.009392	10.0
1655	-0.690882	113.053833	0.008425	11.8
1656	-1.140624	113.015222	0.007201	11.9
1657	-0.000002	112.976646	0.000003	10.2
1658	-1.103909	112.938105	0.008541	11.4
1659	-0.515705	112.899599	0.004964	10.7
1660	-1.478507	112.861128	0.011049	9.6
1661	-1.260186	112.822692	0.007744	10.7
1662	-0.008328	112.784291	0.001603	10.0
1663	-1.116635	112.745924	0.013251	10.5
1664	-0.423991	112.707593	0.005284	9.7
1665	-1.129229	112.669296	0.010639	10.6
1666	-0.944488	112.631034	0.008716	10.1
1667	-0.439010	112.592806	0.005875	12.8
1668	-1.342182	112.554613	0.009394	9.9
1669	-0.191110	112.516455	0.005475	11.2
1670	-0.025560	112.478331	0.000813	10.4
1671	-1.215521	112.440241	0.012201	10.0
1672	-0.854841	112.402186	0.008909	9.7
1673	-0.897462	112.364165	0.008897	10.4
1674	-0.996299	112.326179	0.008420	10.3
1675	-1.030951	112.288227	0.007199	9.8
1676	-0.976818	112.250309	0.008782	10.1
1677	-1.124484	112.212425	0.008223	9.5
1678	-1.339679	112.174575	0.009360	9.4
1679	-1.462221	112.136759	0.011769	9.4
1680	-1.117227	112.098977	0.007054	9.3
1681	-1.310985	112.061229	0.009273	9.4
1682	-0.666746	112.023515	0.006532	11.0
1683	-1.002559	111.985834	0.011325	9.3
1684	-1.079510	111.948188	0.010632	10.3
1685	-1.094753	111.910575	0.007547	9.9
1686	-0.825327	111.872996	0.010390	10.0
1687	-1.051247	111.835450	0.007153	9.9
1688	-1.036737	111.797939	0.011174	9.9
1689	-1.189388	111.760460	0.007445	10.5
1690	-0.955709	111.723015	0.009560	11.1
1691	-1.056797	111.685604	0.008421	9.0
1692	-0.924824	111.648226	0.007822	9.8
1693	-0.254954	111.610881	0.004891	9.4
1694	-1.299557	111.573570	0.009474	9.5
1695	-1.278797	111.536292	0.009608	9.4
1696	-0.456524	111.499047	0.006160	11.9
1697	-0.765010	111.461835	0.005238	11.3
1698	-0.350228	111.424656	0.005023	10.4
1699	-1.135929	111.387510	0.007463	9.7
1700	-1.134834	111.350398	0.009955	9.4
1701	-1.090521	111.313318	0.011015	10.7
1702	-1.320954	111.276271	0.010146	9.5
1703	-1.204124	111.239257	0.008197	9.7
1704	-0.449688	111.202276	0.006876	9.3
1705	-1.182537	111.165328	0.008492	9.8
1706	-0.812560	111.128412	0.009840	9.8
1707	-0.695334	111.091529	0.007113	9.3
1708	-0.495948	111.054679	0.008278	10.4
1709	-1.058479	111.017861	0.009911	10.2
1710	-1.111806	110.981076	0.010866	10.2
1711	-0.199259	110.944323	0.003607	11.0
1712	-0.954090	110.907603	0.009656	11.1
1713	-1.210498	110.870915	0.008116	10.3
1714	-1.207810	110.834259	0.008509	10.1
1715	-1.070447	110.797636	0.008767	10.3
1716	-1.332139	110.761045	0.009214	10.6
1717	-0.748145	110.724486	0.008401	9.1
1718	-1.079587	110.687959	0.010953	9.6
1719	-1.248820	110.651465	0.007610	9.9
1720	-0.084009	110.615002	0.003644	9.8
1721	-1.121569	110.578572	0.007898	9.4
1722	-0.347821	110.542173	0.008047	9.3
1723	-0.237035	110.505807	0.006947	10.4
1724	-1.215929	110.469472	0.007487	9.9
1725	-0.778894	110.433169	0.008284	10.4
1726	-1.309752	110.396898	0.012237	9.7
1727	-0.931044	110.360659	0.009652	9.8
1728	-0.846915	110.324451	0.006338	9.5
1729	-1.230725	110.288276	0.008399	10.1
1730	-0.973815	110.252131	0.009352	10.1
1731	-1.133754	110.216019	0.008489	10.4
1732	-1.160798	110.179937	0.008023	10.0
1733	-0.790025	110.143888	0.010602	10.0
1734	-1.154370	110.107869	0.010261	8.4
1735	-0.553513	110.071882	0.005069	9.8
1736	-1.087096	110.035927	0.010983	9.5
1737	-1.044585	110.000003	0.007630	9.5
1738	-0.861567	109.964110	0.006514	13.4
1739	-1.316493	109.928248	0.010685	9.5
1740	-1.101185	109.892417	0.010580	11.1
1741	-1.063743	109.856618	0.007554	10.5
1742	-1.285396	109.820850	0.009873	9.4
1743	-1.162793	109.785112	0.009214	9.5
1744	-1.164646	109.749406	0.008029	10.5
1745	-1.286453	109.713730	0.009533	10.3
1746	-0.793924	109.678086	0.009164	10.8
1747	-0.754926	109.642472	0.007738	10.6
1748	-0.830082	109.606890	0.007078	9.3
1749	-1.329369	109.571337	0.010392	10.1
1750	-1.009599	109.535816	0.006354	10.0
1751	-0.982407	109.500326	0.006348	9.6
1752	-0.979253	109.464866	0.009607	9.7
1753	-1.128805	109.429436	0.007510	10.0
1754	-0.285030	109.394038	0.005267	10.1
1755	-1.266971	109.358669	0.008724	10.4
1756	-1.192915	109.323331	0.007527	10.6
1757	-1.322793	109.288024	0.009871	9.6
1758	-1.268710	109.252747	0.007720	10.1
1759	-1.306387	109.217501	0.011110	9.4
1760	-1.177349	109.182284	0.011934	9.7
1761	-1.259060	109.147098	0.009341	9.8
1762	-0.869054	109.111942	0.009708	9.8
1763	-0.593782	109.076817	0.008075	9.7
1764	-0.231477	109.041721	0.006152	10.2
1765	-1.171836	109.006656	0.010438	9.3
1766	-1.430977	108.971620	0.010438	12.4
1767	-0.041465	108.936615	0.003623	11.6
1768	-1.308527	108.901640	0.008879	9.3
1769	-1.064432	108.866694	0.010329	10.9
1770	-1.402804	108.831779	0.012209	9.9
1771	-0.938493	108.796893	0.008356	10.1
1772	-0.710882	108.762037	0.006585	10.1
1773	-0.367528	108.727211	0.006261	10.1
1774	-1.138231	108.692415	0.008380	10.4
1775	-1.160018	108.657648	0.009161	10.2
1776	-1.174474	108.622911	0.012436	9.8
1777	-1.035892	108.588203	0.006722	9.7
1778	-0.511966	108.553525	0.006119	10.2
1779	-0.200477	108.518877	0.007319	13.1
1780	-0.378705	108.484258	0.004934	11.6
1781	-1.183670	108.449668	0.007844	10.8
1782	-1.072541	108.415108	0.012591	10.2
1783	-1.367723	108.380578	0.009976	10.7
1784	-1.336120	108.346076	0.013180	10.6
1785	-0.065265	108.311604	0.002261	10.5
1786	-0.757179	108.277161	0.007490	10.0
1787	-1.218156	108.242747	0.007899	10.9
1788	-1.286235	108.208363	0.009682	9.6
1789	-1.221704	108.174007	0.008315	10.2
1790	-0.748059	108.139681	0.008142	10.4
1791	-0.985378	108.105383	0.011976	9.7
1792	-0.890727	108.071115	0.009592	9.7
1793	-1.348254	108.036875	0.008970	10.3
1794	-1.402187	108.002665	0.012442	9.7
1795	-1.080462	107.968483	0.006960	10.0
1796	-0.319477	107.934330	0.005504	10.0
1797	-0.438598	107.900206	0.004510	10.2
1798	-0.737606	107.866111	0.010089	10.3
1799	-1.224312	107.832044	0.007663	10.1
1800	-1.159076	107.798007	0.008208	9.6
1801	-0.031961	107.763997	0.002068	10.0
1802	-0.209633	107.730017	0.003580	9.4
1803	-1.102012	107.696065	0.007775	9.6
1804	-0.303000	107.662141	0.006818	9.2
1805	-1.282309	107.628246	0.011988	10.0
1806	-1.157829	107.594379	0.009229	10.6
1807	-1.164544	107.560541	0.007788	9.7
1808	-1.152214	107.526731	0.008446	10.2
1809	-0.370404	107.492949	0.006501	10.1
1810	-1.221642	107.459196	0.009120	9.4
1811	-0.083010	107.425471	0.002320	10.6
1812	-0.738474	107.391774	0.007249	9.7
1813	-1.081406	107.358106	0.010144	9.7
1814	-0.948816	107.324465	0.010221	10.5
1815	-0.660024	107.290853	0.005544	9.8
1816	-1.103841	107.257268	0.009411	9.4
1817	-1.212075	107.223712	0.007824	9.7
1818	-1.224815	107.190184	0.008513	9.4
1819	-1.293582	107.156683	0.008660	9.3
1820	-0.884637	107.123211	0.009746	13.3
1821	-1.282283	107.089766	0.009130	11.1
1822	-0.912910	107.056349	0.007063	11.0
1823	-0.980678	107.022960	0.008128	10.1
1824	-1.056020	106.989599	0.007608	9.7
1825	-0.459553	106.956265	0.003484	10.5
1826	-1.146295	106.922960	0.009061	11.3
1827	-1.396367	106.889681	0.012540	9.7
1828	-0.304016	106.856431	0.003898	10.0
1829	-0.648991	106.823208	0.005419	9.7
1830	-1.035278	106.790012	0.011587	9.6
1831	-0.996345	106.756844	0.011217	10.3
1832	-1.188863	106.723703	0.009503	10.2
1833	-1.089237	106.690590	0.009930	10.3
1834	-0.803218	106.657505	0.007395	10.3
1835	-0.452669	106.624446	0.006330	10.8
1836	-0.976889	106.591415	0.006928	10.0
1837	-0.999764	106.558411	0.008573	10.4
1838	-0.923194	106.525435	0.009955	9.8
1839	-1.005356	106.492485	0.008274	9.8
1840	-1.111750	106.459563	0.009599	9.7
1841	-1.110658	106.426668	0.012398	10.0
1842	-1.160777	106.393800	0.011009	10.2
1843	-1.179291	106.360959	0.007917	10.4
1844	-1.342242	106.328145	0.012630	9.8
1845	-1.202720	106.295358	0.007295	10.0
1846	-1.012298	106.262598	0.006590	9.7
1847	-1.304386	106.229865	0.009310	10.1
1848	-0.145383	106.197158	0.003828	10.0
1849	-0.504148	106.164479	0.004459	9.5
1850	-1.010920	106.131826	0.007090	9.8
1851	-0.873518	106.099201	0.007747	9.5
1852	-1.080760	106.066602	0.012020	9.4
1853	-1.116531	106.034029	0.008710	10.8
1854	-1.046886	106.001483	0.010682	10.0
1855	-1.228415	105.968964	0.008664	9.9
1856	-1.470979	105.936472	0.011323	10.3
1857	-0.980123	105.904006	0.011385	9.3
1858	-1.147004	105.871566	0.007555	9.7
1859	-0.467989	105.839153	0.004823	10.6
1860	-1.136918	105.806767	0.007818	11.0
1861	-1.333795	105.774407	0.010013	14.0
1862	-0.910079	105.742073	0.010605	13.2
1863	-0.634649	105.709766	0.006912	9.8
1864	-0.269198	105.677485	0.002729	8.7
1865	-0.600177	105.645230	0.007866	10.4
1866	-0.368022	105.613001	0.004599	11.9
1867	-0.645671	105.580799	0.005997	10.7
1868	-0.166009	105.548623	0.004866	9.5
1869	-0.848316	105.516473	0.011773	10.5
1870	-0.519534	105.484349	0.007520	9.5
1871	-1.493814	105.452251	0.011386	10.6
1872	-1.131468	105.420179	0.009637	9.7
1873	-1.223193	105.388133	0.008039	10.3
1874	-1.283228	105.356113	0.012888	10.3
1875	-0.232898	105.324119	0.005182	9.6
1876	-0.501777	105.292151	0.005622	10.2
1877	-0.800253	105.260209	0.006165	10.4
1878	-0.321849	105.228293	0.005094	10.1
1879	-0.996505	105.196402	0.009334	10.2
1880	-1.214054	105.164537	0.008336	10.6
1881	-0.431358	105.132698	0.005441	10.4
1882	-1.302801	105.100885	0.008808	9.7
1883	-1.046009	105.069097	0.007510	9.7
1884	-0.955398	105.037335	0.007030	10.5
1885	-1.116381	105.005598	0.009218	10.3
1886	-0.677905	104.973887	0.006626	9.7
1887	-1.309460	104.942202	0.010006	10.0
1888	-1.081761	104.910542	0.009659	9.5
1889	-1.040864	104.878907	0.009717	9.6
1890	-0.322317	104.847298	0.004428	9.7
1891	-1.396353	104.815715	0.011104	9.5
1892	-0.631420	104.784156	0.009049	9.9
1893	-1.399776	104.752623	0.012476	10.1
1894	-0.656653	104.721116	0.008919	9.5
1895	-0.964469	104.689633	0.009795	10.0
1896	-1.116215	104.658176	0.009530	10.3
1897	-0.885995	104.626744	0.009329	10.1
1898	-0.704642	104.595337	0.005607	11.0
1899	-1.122668	104.563955	0.009542	10.0
1900	-1.357351	104.532599	0.009305	10.3
1901	-1.288280	104.501267	0.010431	12.9
1902	-1.202254	104.469960	0.007737	10.1
1903	-1.162373	104.438679	0.009465	10.8
1904	-0.698387	104.407422	0.007087	9.9
1905	-1.076574	104.376191	0.007814	9.9
1906	-1.132999	104.344984	0.007781	10.8
1907	-1.402742	104.313802	0.010725	11.6
1908	-0.815238	104.282645	0.007957	11.9
1909	-0.762694	104.251513	0.006371	10.3
1910	-1.083964	104.220405	0.008464	10.6
1911	-0.059403	104.189323	0.005669	10.4
1912	-0.666794	104.158265	0.005987	9.9
1913	-0.047683	104.127231	0.001819	10.5
1914	-0.193056	104.096222	0.005064	10.6
1915	-0.465174	104.065238	0.004398	9.9
1916	-0.983816	104.034279	0.009706	10.9
1917	-1.156843	104.003344	0.006869	10.0
1918	-0.434894	103.972433	0.004914	9.6
1919	-0.799215	103.941547	0.006907	9.7
1920	-1.363410	103.910686	0.010114	9.9
1921	-0.428621	103.879849	0.005484	9.9
1922	-1.091272	103.849036	0.009536	10.1
1923	-0.769810	103.818248	0.007938	9.9
1924	-1.139204	103.787484	0.007078	9.6
1925	-0.757945	103.756744	0.010450	9.7
1926	-1.212631	103.726029	0.009387	9.4
1927	-0.865773	103.695338	0.011296	9.5
1928	-1.085909	103.664671	0.007319	9.3
1929	-0.894066	103.634028	0.007100	10.3
1930	-0.914532	103.603409	0.007669	10.3
1931	-1.251562	103.572814	0.008354	9.8
1932	-0.817069	103.542244	0.006508	10.1
1933	-0.277117	103.511698	0.003369	10.1
1934	-0.665137	103.481175	0.006074	9.6
1935	-0.364763	103.450677	0.005084	10.2
1936	-1.209792	103.420202	0.008124	10.1
1937	-1.351937	103.389752	0.008277	9.8
1938	-1.110812	103.359325	0.010780	10.2
1939	-0.156591	103.328922	0.003775	9.6
1940	-1.004801	103.298543	0.007178	10.3
1941	-1.310094	103.268188	0.009182	9.8
1942	-1.050941	103.237857	0.009602	14.4
1943	-0.876859	103.207549	0.007456	11.2
1944	-0.442306	103.177265	0.005797	10.6
1945	-1.194822	103.147005	0.009959	9.9
1946	-0.860515	103.116768	0.006228	9.8
1947	-0.700447	103.086556	0.008699	10.0
1948	-1.012080	103.056366	0.010949	9.9
1949	-0.486198	103.026200	0.004232	9.9
1950	-0.827828	102.996058	0.010490	9.7
1951	-1.123201	102.965939	0.008050	9.4
1952	-0.388151	102.935844	0.005235	9.8
1953	-0.511697	102.905772	0.008146	9.6
1954	-0.727509	102.875724	0.005330	9.9
1955	-0.878425	102.845699	0.008531	8.8
1956	-0.679876	102.815697	0.007480	9.7
1957	-1.084393	102.785719	0.011647	9.8
1958	-1.051147	102.755764	0.010557	9.6
1959	-1.251943	102.725832	0.010540	12.2
1960	-1.043911	102.695924	0.009709	10.8
1961	-0.458911	102.666038	0.005836	12.4
1962	-1.264643	102.636176	0.008358	10.4
1963	-1.228269	102.606337	0.009403	10.3
1964	-1.105110	102.576521	0.007418	10.9
1965	-0.268336	102.546728	0.004854	10.3
1966	-1.205432	102.516959	0.008475	10.3
1967	-1.383064	102.487212	0.012318	10.3
1968	-0.081396	102.457488	0.004318	10.2
1969	-1.203402	102.427788	0.008161	9.8
1970	-1.011951	102.398110	0.007261	10.2
1971	-0.083518	102.368455	0.001776	9.5
1972	-1.160618	102.338823	0.008506	10.0
1973	-1.028154	102.309214	0.010800	10.2
1974	-1.040348	102.279628	0.009057	9.6
1975	-1.028090	102.250064	0.007106	9.8
1976	-0.611758	102.220524	0.008491	9.8
1977	-1.288370	102.191006	0.010154	9.7
1978	-1.349283	102.161511	0.009176	9.9
1979	-0.409410	102.132038	0.004111	9.8
1980	-0.441566	102.102588	0.007005	10.0
1981	-1.176706	102.073161	0.010055	9.4
1982	-1.097295	102.043757	0.007999	10.9
1983	-1.179898	102.014375	0.010472	12.2
1984	-0.573203	101.985015	0.008191	11.2
1985	-0.444366	101.955678	0.006117	10.0
1986	-1.095640	101.926364	0.008874	10.0
1987	-0.885344	101.897072	0.006105	9.9
1988	-0.787464	101.867802	0.006228	9.3
1989	-0.088823	101.838555	0.005551	9.9
1990	-0.358519	101.809330	0.004720	9.7
1991	-0.916137	101.780128	0.006559	9.7
1992	-0.672745	101.750948	0.007745	10.0
1993	-1.211034	101.721790	0.008257	9.4
1994	-0.717818	101.692654	0.007719	11.0
1995	-1.390250	101.663541	0.011814	10.2
1996	-0.861264	101.634450	0.011204	9.9
1997	-0.836376	101.605381	0.006869	10.2
1998	-0.397843	101.576335	0.005236	10.0
1999	-0.321015	101.547310	0.006175	9.0
