1:ItNr	2:Metric	3:StepSize	4:||Gradient||	Time[ms]
0	-1.377323	627.201626	0.024991	459.9
1	-0.298997	623.504937	0.007387	7.4
2	-0.954476	619.865785	0.012611	8.3
3	-0.600179	616.282728	0.009269	7.4
4	-0.463478	612.754375	0.002571	7.9
5	-1.364017	609.279381	0.025103	7.5
6	-0.904128	605.856447	0.020330	8.4
7	-1.272543	602.484317	0.036306	7.3
8	-1.312847	599.161779	0.015402	7.9
9	-0.001595	595.887656	0.000031	7.4
10	-0.734254	592.660813	0.017380	8.0
11	-1.451730	589.480151	0.021896	7.5
12	-0.812641	586.344606	0.023396	8.5
13	-0.620806	583.253145	0.012358	7.6
14	-1.227328	580.204771	0.030319	8.3
15	-0.551383	577.198517	0.003695	8.2
16	-0.361264	574.233444	0.012053	7.9
17	-1.013352	571.308645	0.016606	9.8
18	-0.563731	568.423237	0.006727	9.1
19	-1.345012	565.576365	0.018487	8.5
20	-0.718542	562.767201	0.014311	10.2
21	-1.340676	559.994938	0.018150	8.3
22	-0.554237	557.258797	0.013275	7.3
23	-0.864999	554.558018	0.024170	8.5
24	-1.342541	551.891865	0.024922	8.1
25	-0.582687	549.259621	0.006300	8.0
26	-0.633473	546.660592	0.015897	8.2
27	-1.110678	544.094102	0.027519	7.9
28	-1.141180	541.559494	0.005332	7.6
29	-0.704978	539.056129	0.005913	7.9
30	-1.118170	536.583387	0.015155	7.5
31	-0.694529	534.140663	0.012131	8.5
32	-1.471733	531.727370	0.012316	7.5
33	-1.583815	529.342935	0.020418	9.0
34	-0.686656	526.986802	0.015685	7.3
35	-1.453647	524.658430	0.015548	8.0
36	-0.785696	522.357290	0.010775	8.5
37	-0.869476	520.082868	0.011810	8.1
38	-1.377459	517.834665	0.030685	7.4
39	-0.362916	515.612193	0.007759	8.8
40	-1.415584	513.414976	0.023277	7.3
41	-0.675849	511.242551	0.012363	7.6
42	-1.497598	509.094468	0.024891	7.7
43	-1.351046	506.970285	0.014418	7.5
44	-0.927349	504.869574	0.006273	7.6
45	-1.335516	502.791916	0.024406	8.6
46	-1.039471	500.736903	0.020509	8.5
47	-1.524185	498.704137	0.024864	9.2
48	-0.696340	496.693228	0.005657	8.4
49	-1.055683	494.703798	0.018246	8.7
50	-1.443089	492.735476	0.021727	8.9
51	-1.020674	490.787900	0.023790	8.1
52	-1.490260	488.860718	0.018310	7.8
53	-1.539268	486.953585	0.012509	7.4
54	-1.466427	485.066164	0.020200	7.8
55	-0.675371	483.198126	0.014048	7.6
56	-1.413410	481.349149	0.030366	8.2
57	-0.835863	479.518920	0.016738	7.4
58	-1.258322	477.707132	0.011804	7.6
59	-1.304254	475.913485	0.031427	7.7
60	-0.556987	474.137684	0.007369	6.7
61	-1.570277	472.379445	0.024400	7.9
62	-0.766705	470.638485	0.005296	7.3
63	-1.327575	468.914531	0.021554	7.6
64	-1.377517	467.207315	0.025748	8.2
65	-0.583406	465.516573	0.025475	8.1
66	-0.255991	463.842050	0.004665	9.1
67	-0.743491	462.183494	0.013156	7.7
68	-1.345182	460.540658	0.014022	7.5
69	-1.061789	458.913303	0.017286	8.0
70	-1.425665	457.301192	0.010085	8.0
71	-1.112158	455.704096	0.014737	7.6
72	-0.058440	454.121787	0.000715	8.2
73	-0.342571	452.554045	0.005325	7.7
74	-0.485573	451.000653	0.004840	8.2
75	-1.100203	449.461399	0.020746	7.9
76	-0.183039	447.936075	0.002304	8.3
77	-1.168031	446.424477	0.014386	8.4
78	-1.251629	444.926406	0.015353	7.9
79	-1.559795	443.441666	0.022914	8.2
80	-0.571232	441.970065	0.007638	8.6
81	-1.189930	440.511415	0.017177	8.3
82	-1.337476	439.065533	0.012576	8.6
83	-1.434219	437.632238	0.016443	7.5
84	-1.553376	436.211351	0.017642	7.9
85	-1.494853	434.802701	0.010803	7.3
86	-1.426995	433.406117	0.032275	8.8
87	-0.482229	432.021430	0.012098	7.4
88	-1.259874	430.648479	0.021775	7.8
89	-0.339999	429.287101	0.005473	7.4
90	-0.508709	427.937140	0.014987	8.2
91	-1.513494	426.598440	0.018421	7.8
92	-0.213986	425.270849	0.004016	8.1
93	-1.579083	423.954220	0.023265	7.5
94	-1.131740	422.648404	0.016096	8.5
95	-1.453170	421.353259	0.024415	7.5
96	-1.502884	420.068643	0.024632	9.1
97	-0.923389	418.794419	0.012167	7.4
98	-1.024726	417.530451	0.014217	7.7
99	-0.405257	416.276604	0.005064	7.8
100	-1.605983	415.032748	0.014222	9.4
101	-1.351120	413.798754	0.030976	8.3
102	-1.442741	412.574495	0.012032	8.4
103	-0.182569	411.359849	0.002935	7.8
104	-0.815786	410.154691	0.024766	8.5
105	-1.536027	408.958904	0.024781	8.1
106	-0.618152	407.772368	0.014043	7.8
107	-0.638193	406.594968	0.008508	8.0
108	-0.335618	405.426590	0.009095	8.1
109	-0.499094	404.267122	0.009639	8.0
110	-0.364390	403.116456	0.002541	8.8
111	-1.396824	401.974481	0.015866	7.4
112	-1.203155	400.841093	0.037479	8.0
113	-0.511345	399.716187	0.011106	8.1
114	-1.494791	398.599660	0.020240	7.9
115	-1.460432	397.491411	0.020026	7.3
116	-1.239562	396.391342	0.016474	8.2
117	-1.124357	395.299353	0.011593	8.2
118	-1.611561	394.215350	0.018871	7.5
119	-0.858613	393.139238	0.011041	7.5
120	-0.281090	392.070924	0.002964	8.3
121	-1.115428	391.010316	0.011759	8.5
122	-0.572946	389.957325	0.011125	7.7
123	-0.491665	388.911862	0.005820	6.9
124	-1.194661	387.873839	0.007080	8.0
125	-0.932298	386.843173	0.032670	8.4
126	-0.567350	385.819777	0.010028	7.1
127	-1.474237	384.803569	0.013322	7.4
128	-1.160860	383.794468	0.017286	8.2
129	-0.328346	382.792393	0.006596	7.9
130	-0.222720	381.797264	0.003729	8.8
131	-0.311392	380.809005	0.006291	7.4
132	-0.726216	379.827537	0.003799	8.1
133	-0.462834	378.852786	0.005353	7.7
134	-1.435495	377.884678	0.025114	7.6
135	-0.682834	376.923138	0.003042	7.4
136	-0.085748	375.968095	0.001223	8.3
137	-0.955161	375.019479	0.020030	8.0
138	-0.673107	374.077218	0.010419	7.7
139	-1.655687	373.141244	0.014772	8.2
140	-0.994116	372.211489	0.012344	9.0
141	-0.389860	371.287887	0.003399	9.0
142	-0.626811	370.370370	0.005212	9.1
143	-0.823243	369.458876	0.014962	8.1
144	-1.528277	368.553338	0.014338	7.6
145	-0.624340	367.653696	0.010888	8.4
146	-1.237463	366.759885	0.015695	7.6
147	-0.341972	365.871846	0.003491	8.3
148	-1.371437	364.989518	0.014474	7.3
149	-0.584102	364.112841	0.007562	8.5
150	-1.035774	363.241757	0.017446	7.7
151	-1.139707	362.376208	0.011129	8.3
152	-1.447846	361.516137	0.018632	8.6
153	-1.411748	360.661488	0.017159	8.3
154	-0.740957	359.812206	0.012447	8.5
155	-1.346631	358.968236	0.014115	8.6
156	-0.877272	358.129524	0.010239	8.1
157	-0.667024	357.296018	0.011813	7.7
158	-1.548424	356.467665	0.011144	7.5
159	-1.389244	355.644414	0.011602	8.0
160	-1.364009	354.826213	0.014421	6.9
161	-1.665876	354.013012	0.018954	7.6
162	-0.708277	353.204763	0.009269	8.0
163	-0.294227	352.401415	0.002244	7.7
164	-1.471851	351.602922	0.017050	7.5
165	-1.077219	350.809235	0.014804	7.8
166	-1.300578	350.020308	0.017828	7.8
167	-1.401801	349.236095	0.029723	7.4
168	-0.242077	348.456550	0.003656	7.3
169	-1.516900	347.681627	0.019047	8.3
170	-0.685546	346.911283	0.009555	7.8
171	-0.880182	346.145474	0.012943	8.5
172	-1.562342	345.384157	0.020145	7.5
173	-0.948942	344.627288	0.008269	7.9
174	-0.978815	343.874826	0.017270	8.4
175	-1.576083	343.126729	0.018780	7.1
176	-0.726199	342.382957	0.011312	8.2
177	-1.122079	341.643469	0.013441	7.6
178	-1.564139	340.908224	0.018035	7.5
179	-0.103840	340.177184	0.001718	7.8
180	-0.493004	339.450309	0.005343	7.3
181	-0.724013	338.727561	0.003979	8.2
182	-0.867709	338.008902	0.008850	8.4
183	-0.990342	337.294295	0.007762	7.7
184	-1.579524	336.583703	0.021822	8.3
185	-1.378141	335.877089	0.013872	8.2
186	-1.605169	335.174416	0.022544	7.5
187	-1.632600	334.475651	0.015607	7.8
188	-0.492665	333.780756	0.008788	7.4
189	-0.787307	333.089698	0.023934	8.5
190	-1.544275	332.402443	0.023374	8.2
191	-0.016572	331.718955	0.000188	8.2
192	-1.280975	331.039203	0.011772	8.0
193	-0.324604	330.363153	0.001639	7.8
194	-0.183279	329.690771	0.002480	6.9
195	-0.814777	329.022027	0.014135	8.7
196	-1.532678	328.356888	0.015978	7.4
197	-0.717196	327.695322	0.006674	9.0
198	-1.598409	327.037299	0.021306	7.7
199	-0.510778	326.382787	0.007682	7.8
200	-0.692822	325.731758	0.012207	7.4
201	-1.142265	325.084179	0.012549	9.3
202	-1.170339	324.440023	0.007759	7.8
203	-1.509552	323.799258	0.018202	9.0
204	-0.195738	323.161858	0.003345	9.2
205	-0.418274	322.527792	0.009275	7.6
206	-1.260726	321.897034	0.005240	7.6
207	-0.541474	321.269554	0.003144	8.9
208	-1.375718	320.645325	0.022061	8.4
209	-0.761113	320.024320	0.016307	7.8
210	-1.320789	319.406512	0.007842	7.3
211	-0.873676	318.791875	0.022594	8.2
212	-1.452724	318.180381	0.009048	10.0
213	-0.732809	317.572005	0.011928	8.9
214	-0.028027	316.966721	0.000273	7.2
215	-0.772971	316.364504	0.010566	7.4
216	-0.143014	315.765329	0.001344	8.3
217	-0.327735	315.169170	0.004683	7.0
218	-0.369411	314.576003	0.002854	7.7
219	-1.347684	313.985804	0.011202	7.5
220	-0.829946	313.398548	0.010368	7.9
221	-0.544083	312.814213	0.012269	7.9
222	-1.167978	312.232773	0.006037	7.5
223	-0.659999	311.654207	0.013030	8.1
224	-1.588352	311.078491	0.009645	8.4
225	-0.810735	310.505602	0.007042	8.7
226	-1.033212	309.935518	0.008800	7.9
227	-0.068437	309.368217	0.001816	7.2
228	-1.451348	308.803676	0.013147	7.8
229	-0.316661	308.241874	0.005731	8.0
230	-1.528037	307.682789	0.010587	7.8
231	-1.046979	307.126400	0.009240	7.3
232	-1.432184	306.572687	0.015701	8.2
233	-0.909461	306.021627	0.014636	7.7
234	-1.410451	305.473201	0.013292	8.5
235	-1.432265	304.927388	0.022491	7.3
236	-1.557951	304.384168	0.015293	7.4
237	-1.562097	303.843521	0.010296	7.9
238	-1.453162	303.305427	0.032097	7.5
239	-1.151909	302.769867	0.006668	8.2
240	-0.177192	302.236821	0.001785	8.3
241	-1.297234	301.706270	0.024334	8.1
242	-1.523632	301.178196	0.009572	7.6
243	-1.356323	300.652580	0.012316	7.6
244	-1.211907	300.129402	0.018799	8.2
245	-1.124516	299.608645	0.019770	7.7
246	-0.823370	299.090291	0.019039	7.5
247	-1.590104	298.574321	0.017990	8.2
248	-1.591955	298.060718	0.009314	8.4
249	-1.073290	297.549465	0.021793	8.0
250	-1.201254	297.040543	0.011514	7.5
251	-0.586364	296.533936	0.018705	9.0
252	-0.176850	296.029626	0.001838	7.9
253	-1.539142	295.527597	0.015440	8.1
254	-0.127432	295.027832	0.001982	7.8
255	-0.500255	294.530315	0.008600	6.8
256	-1.342278	294.035028	0.019574	10.9
257	-1.568209	293.541956	0.020945	9.8
258	-0.872291	293.051083	0.013308	8.9
259	-1.688229	292.562393	0.022944	7.8
260	-0.840865	292.075870	0.013628	8.8
261	-1.358843	291.591498	0.014653	7.5
262	-1.700249	291.109263	0.018728	8.0
263	-1.356433	290.629149	0.016158	11.1
264	-0.926033	290.151140	0.008368	10.7
265	-1.026533	289.675222	0.008180	10.8
266	-0.603805	289.201380	0.016694	8.7
267	-1.125651	288.729600	0.010174	7.7
268	-0.272098	288.259866	0.005899	7.6
269	-1.117644	287.792165	0.023618	8.1
270	-0.768451	287.326481	0.017061	7.4
271	-1.563858	286.862802	0.022245	7.6
272	-1.627218	286.401113	0.018738	7.3
273	-0.968470	285.941400	0.010719	8.1
274	-0.883559	285.483649	0.012553	8.2
275	-1.064546	285.027847	0.006608	7.7
276	-1.351459	284.573981	0.023997	6.9
277	-1.259896	284.122037	0.009858	8.3
278	-0.736387	283.672002	0.010051	7.5
279	-0.715374	283.223863	0.007056	8.1
280	-0.982494	282.777607	0.022034	7.4
281	-0.394196	282.333221	0.005236	8.0
282	-1.166980	281.890692	0.006902	8.6
283	-1.408897	281.450008	0.018887	7.9
284	-0.751285	281.011157	0.012214	6.7
285	-1.642311	280.574125	0.012201	8.4
286	-0.708408	280.138901	0.011321	7.7
287	-1.187454	279.705473	0.016061	7.9
288	-1.629339	279.273829	0.023441	7.9
289	-0.484570	278.843956	0.013719	7.8
290	-1.388903	278.415844	0.012234	7.9
291	-0.431592	277.989479	0.004558	8.7
292	-1.645180	277.564851	0.018968	7.4
293	-1.320806	277.141949	0.016356	8.2
294	-0.939013	276.720761	0.013442	8.1
295	-1.458270	276.301275	0.020209	8.8
296	-0.733990	275.883480	0.004535	7.2
297	-1.082849	275.467366	0.025865	8.7
298	-1.144030	275.052922	0.023685	8.3
299	-0.560513	274.640136	0.014382	7.7
300	-1.513027	274.228998	0.040674	7.4
301	-1.444200	273.819497	0.013072	8.0
302	-0.367822	273.411623	0.009715	8.2
303	-0.244770	273.005365	0.001271	7.7
304	-0.457991	272.600712	0.006685	7.3
305	-0.240592	272.197655	0.004201	8.7
306	-0.469284	271.796184	0.004616	8.5
307	-1.276037	271.396287	0.030518	10.7
308	-0.230981	270.997956	0.002399	8.9
309	-0.648103	270.601180	0.005973	7.7
310	-1.437222	270.205949	0.020782	7.9
311	-0.883228	269.812254	0.009585	7.9
312	-1.613796	269.420085	0.020566	8.8
313	-0.372233	269.029432	0.006019	9.3
314	-1.263971	268.640287	0.016914	10.1
315	-0.789438	268.252638	0.014591	7.6
316	-0.550020	267.866478	0.003358	8.3
317	-1.406648	267.481796	0.025863	8.1
318	-1.521420	267.098584	0.020882	7.9
319	-1.165806	266.716833	0.009954	7.6
320	-1.316313	266.336533	0.015541	7.3
321	-1.040468	265.957676	0.003907	8.2
322	-0.962211	265.580253	0.010704	7.8
323	-0.641383	265.204254	0.006779	7.5
324	-0.501287	264.829672	0.014389	8.2
325	-1.274636	264.456497	0.025614	8.5
326	-1.514225	264.084721	0.016889	7.0
327	-1.579641	263.714335	0.016975	7.4
328	-0.721246	263.345332	0.006709	7.3
329	-1.228132	262.977702	0.009777	8.1
330	-1.487064	262.611438	0.020980	8.7
331	-1.281145	262.246531	0.016968	7.2
332	-0.682789	261.882973	0.015282	8.7
333	-0.756649	261.520756	0.008733	8.2
334	-1.054450	261.159871	0.017893	8.0
335	-0.410146	260.800312	0.003663	7.3
336	-1.624735	260.442070	0.011507	8.0
337	-0.652280	260.085137	0.006565	7.7
338	-1.513232	259.729505	0.024675	7.6
339	-0.529173	259.375167	0.007260	7.8
340	-0.627924	259.022116	0.003400	8.0
341	-1.503100	258.670343	0.011909	8.5
342	-1.274068	258.319841	0.011151	7.7
343	-1.001008	257.970602	0.019968	7.3
344	-1.443845	257.622620	0.018288	6.9
345	-1.554245	257.275887	0.017084	7.8
346	-0.706757	256.930396	0.006030	8.7
347	-1.434455	256.586139	0.016353	7.5
348	-0.414560	256.243109	0.005740	7.7
349	-1.302508	255.901300	0.010495	7.4
350	-0.890285	255.560703	0.006067	7.8
351	-1.196069	255.221313	0.012180	8.6
352	-1.101261	254.883122	0.011983	8.0
353	-0.974478	254.546124	0.008719	8.3
354	-1.152530	254.210311	0.011540	7.7
355	-0.748803	253.875677	0.020036	7.5
356	-0.577762	253.542215	0.013797	8.4
357	-1.196366	253.209918	0.007006	8.0
358	-0.235919	252.878781	0.004094	8.6
359	-1.327370	252.548795	0.007816	8.2
360	-0.712822	252.219956	0.004953	9.1
361	-1.364410	251.892255	0.022518	8.5
362	-0.757910	251.565688	0.008715	8.9
363	-0.645186	251.240247	0.008522	8.0
364	-1.340011	250.915926	0.014353	8.5
365	-0.771556	250.592720	0.007146	7.9
366	-0.635513	250.270621	0.005688	7.4
367	-0.725626	249.949624	0.015482	7.9
368	-0.993164	249.629723	0.008540	7.3
369	-1.456225	249.310911	0.027012	8.9
370	-1.086836	248.993182	0.014767	7.7
371	-0.771274	248.676531	0.007720	8.3
372	-0.119267	248.360952	0.002622	7.5
373	-0.247997	248.046438	0.003302	8.1
374	-1.495638	247.732984	0.010353	7.6
375	-0.960899	247.420584	0.004428	7.9
376	-1.535774	247.109233	0.014315	7.3
377	-0.057765	246.798924	0.000834	9.0
378	-0.870573	246.489652	0.012549	7.7
379	-0.401342	246.181412	0.001224	7.9
380	-1.056328	245.874197	0.009050	7.3
381	-1.644835	245.568002	0.010615	7.9
382	-0.963818	245.262822	0.014633	7.4
383	-0.615192	244.958652	0.003717	8.1
384	-1.585817	244.655485	0.015649	7.3
385	-0.753788	244.353317	0.010767	8.6
386	-0.949500	244.052142	0.016697	7.8
387	-0.438524	243.751955	0.001836	8.6
388	-0.770651	243.452750	0.010510	9.3
389	-1.586926	243.154523	0.020463	7.9
390	-1.203991	242.857268	0.010338	7.6
391	-1.273568	242.560980	0.009975	7.9
392	-1.613287	242.265654	0.021162	7.7
393	-1.544691	241.971285	0.020289	7.6
394	-1.512742	241.677868	0.014351	8.1
395	-0.563766	241.385397	0.013762	7.7
396	-0.976294	241.093869	0.014000	7.4
397	-1.213644	240.803278	0.022361	10.1
398	-1.086266	240.513619	0.011343	7.5
399	-1.390450	240.224887	0.032021	7.9
400	-0.665601	239.937077	0.010494	7.8
401	-0.812867	239.650186	0.009601	7.9
402	-0.723026	239.364207	0.010832	8.1
403	-1.324410	239.079136	0.009249	8.0
404	-0.798352	238.794969	0.007579	7.8
405	-1.486720	238.511701	0.006828	7.9
406	-0.762501	238.229327	0.004564	7.8
407	-0.368657	237.947843	0.003083	8.1
408	-0.723207	237.667244	0.004986	8.4
409	-0.639381	237.387526	0.005275	8.0
410	-1.544314	237.108684	0.034319	9.3
411	-0.582903	236.830714	0.011670	8.6
412	-1.611431	236.553610	0.035034	8.0
413	-0.630052	236.277370	0.016187	9.2
414	-1.509760	236.001989	0.006216	7.7
415	-0.346847	235.727461	0.006177	7.3
416	-0.705486	235.453784	0.017164	8.1
417	-1.240523	235.180952	0.036344	8.3
418	-0.890324	234.908962	0.020501	7.8
419	-0.142882	234.637809	0.002805	7.5
420	-0.655550	234.367488	0.013225	8.9
421	-1.559249	234.097997	0.015098	8.1
422	-1.035068	233.829331	0.022229	8.6
423	-0.167512	233.561485	0.001968	7.3
424	-1.658563	233.294456	0.024736	8.5
425	-1.490042	233.028239	0.013665	7.3
426	-0.662571	232.762831	0.007806	7.8
427	-1.356501	232.498228	0.007880	7.4
428	-0.655002	232.234425	0.013456	8.9
429	-1.204156	231.971419	0.011541	7.5
430	-1.090211	231.709205	0.020515	8.1
431	-1.507831	231.447781	0.010444	7.3
432	-1.186372	231.187141	0.007814	9.0
433	-1.114697	230.927283	0.014274	7.6
434	-1.544176	230.668202	0.014717	8.8
435	-1.440471	230.409895	0.018505	7.4
436	-0.715360	230.152358	0.011951	7.9
437	-1.504397	229.895587	0.011551	7.5
438	-1.397884	229.639578	0.009176	8.5
439	-0.496014	229.384329	0.007684	7.4
440	-1.265712	229.129834	0.008953	8.9
441	-1.507611	228.876091	0.015347	9.5
442	-1.355933	228.623096	0.010495	7.6
443	-1.332503	228.370846	0.011874	7.8
444	-0.664416	228.119336	0.018092	8.0
445	-0.347769	227.868563	0.005608	8.3
446	-1.651791	227.618525	0.018666	8.1
447	-1.367031	227.369216	0.009188	8.1
448	-0.336178	227.120635	0.003142	7.5
449	-1.195540	226.872777	0.007566	6.8
450	-1.019934	226.625638	0.019263	8.7
451	-1.537142	226.379217	0.029070	8.1
452	-1.621532	226.133509	0.027458	7.9
453	-0.428831	225.888510	0.004405	8.2
454	-0.537189	225.644218	0.010067	8.1
455	-1.314795	225.400630	0.014483	7.9
456	-0.631621	225.157741	0.007567	7.8
457	-1.471920	224.915549	0.013942	7.4
458	-0.902038	224.674051	0.008886	7.9
459	-1.315062	224.433242	0.022659	8.4
460	-0.328069	224.193121	0.002017	7.9
461	-1.565477	223.953684	0.013818	8.1
462	-0.593652	223.714927	0.012585	10.9
463	-0.505014	223.476848	0.002485	8.3
464	-0.598686	223.239444	0.007679	8.5
465	-1.630284	223.002710	0.012677	8.5
466	-1.383079	222.766645	0.013243	7.5
467	-0.685823	222.531245	0.008266	9.9
468	-0.977269	222.296508	0.010715	9.8
469	-1.566857	222.062429	0.010814	8.4
470	-0.374622	221.829007	0.005770	8.0
471	-0.634239	221.596238	0.015169	7.6
472	-0.596977	221.364119	0.009137	8.5
473	-0.720534	221.132647	0.007308	7.9
474	-1.113572	220.901820	0.011207	7.9
475	-1.404687	220.671634	0.012238	7.6
476	-1.506904	220.442086	0.014527	8.3
477	-1.511423	220.213174	0.010038	9.2
478	-1.525015	219.984895	0.008982	9.3
479	-0.766689	219.757246	0.003675	9.6
480	-0.734187	219.530224	0.011418	8.1
481	-0.985425	219.303826	0.005884	6.9
482	-1.369373	219.078050	0.007860	8.6
483	-1.529453	218.852893	0.010798	8.5
484	-1.042267	218.628352	0.006386	8.1
485	-0.380239	218.404424	0.006889	7.5
486	-1.446326	218.181106	0.015585	7.8
487	-1.230156	217.958397	0.011522	7.7
488	-1.449299	217.736292	0.009749	8.4
489	-0.618152	217.514790	0.002751	7.3
490	-0.301526	217.293888	0.001728	6.8
491	-1.575710	217.073584	0.024509	8.3
492	-1.494993	216.853873	0.017265	8.0
493	-1.333023	216.634755	0.004772	7.3
494	-0.446907	216.416227	0.002951	8.3
495	-1.621234	216.198285	0.018293	8.4
496	-0.670042	215.980927	0.012763	8.4
497	-0.803066	215.764151	0.008297	7.3
498	-0.626509	215.547955	0.004158	8.2
499	-1.605711	215.332335	0.017486	7.6
500	-1.639864	215.117289	0.009720	8.3
501	-0.317492	214.902815	0.004666	7.0
502	-0.202300	214.688911	0.001535	8.6
503	-0.712548	214.475573	0.012598	7.7
504	-0.304322	214.262800	0.005612	9.0
505	-1.227400	214.050588	0.009950	8.4
506	-1.302243	213.838936	0.012427	7.9
507	-0.123351	213.627842	0.001747	8.6
508	-1.411244	213.417302	0.017268	8.6
509	-1.076868	213.207314	0.008226	8.2
510	-0.974875	212.997877	0.014376	8.7
511	-1.089647	212.788987	0.004495	9.0
512	-0.435652	212.580642	0.009869	7.3
513	-1.606748	212.372841	0.009809	8.2
514	-0.527238	212.165581	0.004691	9.1
515	-1.132311	211.958859	0.013558	6.9
516	-1.151488	211.752673	0.009235	9.4
517	-0.901465	211.547021	0.010141	11.6
518	-1.118874	211.341902	0.008551	9.3
519	-0.885130	211.137311	0.012516	8.2
520	-0.385185	210.933248	0.003069	8.2
521	-1.006421	210.729710	0.007601	8.4
522	-0.684746	210.526695	0.009491	7.4
523	-1.042233	210.324200	0.013965	8.2
524	-1.435841	210.122224	0.019019	7.7
525	-0.591017	209.920765	0.004547	7.8
526	-1.448306	209.719820	0.010618	7.3
527	-0.776731	209.519387	0.010239	8.4
528	-1.531239	209.319463	0.011101	8.6
529	-1.329776	209.120048	0.012505	7.9
530	-1.524213	208.921139	0.022284	7.9
531	-1.087210	208.722733	0.010450	7.4
532	-0.615836	208.524829	0.006681	7.5
533	-1.448467	208.327425	0.017254	7.8
534	-1.001793	208.130518	0.006415	6.7
535	-1.192507	207.934107	0.017044	8.3
536	-1.679405	207.738189	0.011401	8.0
537	-0.788527	207.542762	0.011543	7.6
538	-0.917805	207.347825	0.005139	7.3
539	-1.522200	207.153376	0.008436	8.0
540	-0.398666	206.959412	0.003974	8.2
541	-1.125737	206.765932	0.012853	8.9
542	-0.974253	206.572933	0.008484	7.4
543	-1.051439	206.380414	0.024108	7.9
544	-0.960109	206.188373	0.013605	8.0
545	-0.388279	205.996807	0.001655	7.4
546	-0.705205	205.805716	0.012485	7.3
547	-0.707824	205.615096	0.010199	8.0
548	-1.391955	205.424946	0.020998	7.4
549	-1.352644	205.235265	0.010803	7.8
550	-1.337601	205.046050	0.022383	8.2
551	-0.828187	204.857299	0.009931	8.1
552	-0.769143	204.669011	0.009475	7.8
553	-1.460778	204.481184	0.016773	7.8
554	-0.940325	204.293816	0.004219	7.4
555	-1.353618	204.106905	0.020333	7.8
556	-1.004475	203.920449	0.009236	7.8
557	-1.281533	203.734447	0.015209	8.0
558	-1.471859	203.548896	0.007869	8.1
559	-1.124155	203.363795	0.011030	8.0
560	-1.452314	203.179143	0.004988	7.8
561	-1.529594	202.994937	0.008744	7.9
562	-1.110796	202.811176	0.007683	9.0
563	-1.103651	202.627857	0.011573	9.6
564	-0.193616	202.444980	0.002887	9.8
565	-1.018877	202.262543	0.008642	8.7
566	-0.682550	202.080543	0.006436	8.4
567	-1.576357	201.898979	0.015271	7.9
568	-1.580586	201.717849	0.023557	7.7
569	-0.293871	201.537153	0.001814	8.4
570	-0.724301	201.356887	0.010363	8.4
571	-1.540862	201.177050	0.017530	9.8
572	-0.582811	200.997642	0.012092	9.4
573	-0.436962	200.818659	0.003553	7.6
574	-0.934312	200.640100	0.009995	8.5
575	-0.602146	200.461965	0.007724	7.8
576	-0.995799	200.284250	0.015413	8.2
577	-0.001422	200.106955	0.000042	6.7
578	-1.558468	199.930078	0.020215	8.0
579	-1.217312	199.753617	0.007048	8.2
580	-1.066195	199.577571	0.012834	7.6
581	-1.267873	199.401938	0.009270	7.4
582	-1.519225	199.226717	0.019666	7.9
583	-0.418190	199.051905	0.006143	8.3
584	-1.196446	198.877502	0.008343	7.6
585	-1.431319	198.703506	0.023750	8.6
586	-1.169383	198.529916	0.013604	8.1
587	-1.401153	198.356729	0.020747	8.3
588	-1.404206	198.183944	0.024725	8.0
589	-0.397731	198.011560	0.006521	7.7
590	-1.068004	197.839576	0.010655	7.5
591	-1.396514	197.667989	0.027044	7.7
592	-1.443558	197.496798	0.013184	8.3
593	-1.115092	197.326002	0.009623	7.5
594	-1.511393	197.155600	0.010649	8.2
595	-0.540223	196.985589	0.002118	8.3
596	-1.013132	196.815969	0.005752	7.8
597	-0.303003	196.646738	0.004786	7.0
598	-1.248372	196.477894	0.007011	8.1
599	-1.120204	196.309436	0.009068	8.2
600	-0.717819	196.141363	0.009365	8.7
601	-1.432892	195.973673	0.013127	7.7
602	-1.426087	195.806365	0.028001	7.3
603	-1.515890	195.639437	0.010253	8.4
604	-1.316407	195.472888	0.029524	7.8
605	-0.808176	195.306717	0.008211	7.6
606	-0.953090	195.140922	0.010583	7.6
607	-0.575694	194.975501	0.008533	8.2
608	-1.017863	194.810454	0.009932	7.9
609	-0.956099	194.645779	0.004967	7.5
610	-0.620918	194.481475	0.019722	8.1
611	-1.597967	194.317540	0.011981	8.2
612	-0.947758	194.153973	0.005412	8.3
613	-0.614974	193.990773	0.008820	7.7
614	-1.253525	193.827938	0.013349	7.4
615	-1.562575	193.665467	0.022603	10.8
616	-0.507125	193.503358	0.002989	8.6
617	-1.418504	193.341611	0.017969	9.3
618	-1.419562	193.180224	0.009465	8.2
619	-1.717490	193.019196	0.022088	7.8
620	-1.563172	192.858525	0.009709	8.2
621	-1.391340	192.698210	0.012740	8.1
622	-1.508629	192.538251	0.010298	7.6
623	-1.516590	192.378644	0.009865	8.0
624	-1.089377	192.219391	0.013480	7.5
625	-1.657981	192.060488	0.019985	7.9
626	-1.262664	191.901935	0.021802	7.9
627	-1.267575	191.743730	0.013049	7.8
628	-1.324065	191.585873	0.032569	9.1
629	-1.553608	191.428362	0.020584	10.3
630	-1.378646	191.271196	0.010216	9.5
631	-0.948042	191.114374	0.011470	7.6
632	-1.175185	190.957893	0.023306	8.1
633	-1.479854	190.801755	0.014157	7.8
634	-1.549568	190.645956	0.026551	7.8
635	-0.902014	190.490495	0.011359	8.2
636	-1.631371	190.335373	0.021668	8.0
637	-0.879525	190.180587	0.008948	7.5
638	-0.950116	190.026136	0.009634	8.4
639	-1.598110	189.872019	0.018407	8.2
640	-1.441072	189.718235	0.030880	7.9
641	-1.513543	189.564782	0.025212	7.5
642	-1.338344	189.411661	0.015062	8.6
643	-0.355568	189.258868	0.007047	8.3
644	-1.257715	189.106404	0.005619	7.2
645	-1.109628	188.954267	0.009266	6.7
646	-0.095220	188.802456	0.000971	8.7
647	-1.101342	188.650969	0.010404	7.5
648	-0.724799	188.499807	0.008316	7.3
649	-1.181310	188.348967	0.009864	7.3
650	-1.210886	188.198448	0.011217	8.2
651	-1.501834	188.048250	0.015332	8.0
652	-1.516836	187.898371	0.007873	8.1
653	-1.534935	187.748810	0.016881	7.6
654	-0.199282	187.599566	0.003530	7.9
655	-1.574885	187.450638	0.015717	7.9
656	-0.877214	187.302025	0.003655	7.9
657	-1.416572	187.153725	0.017085	7.4
658	-1.497986	187.005739	0.019818	8.1
659	-0.482247	186.858064	0.016525	8.1
660	-1.636718	186.710699	0.018802	7.9
661	-1.495524	186.563645	0.009869	7.5
662	-1.559946	186.416898	0.029049	7.9
663	-1.313712	186.270459	0.017876	7.9
664	-0.713638	186.124326	0.009238	7.7
665	-1.516189	185.978499	0.013150	8.1
666	-1.059016	185.832976	0.007727	8.4
667	-0.965308	185.687756	0.004503	8.1
668	-1.296682	185.542838	0.006483	8.2
669	-1.546995	185.398222	0.013087	7.5
670	-0.789838	185.253906	0.021614	9.1
671	-0.301695	185.109889	0.004263	8.5
672	-1.546730	184.966170	0.018128	8.1
673	-0.172141	184.822748	0.002135	7.3
674	-0.861864	184.679623	0.009929	8.6
675	-1.255974	184.536792	0.011334	8.0
676	-0.093374	184.394256	0.001604	8.1
677	-1.651276	184.252013	0.018006	7.4
678	-1.489335	184.110062	0.006463	7.6
679	-1.395339	183.968403	0.009513	7.6
680	-0.854676	183.827034	0.009388	7.9
681	-1.487184	183.685954	0.013200	7.2
682	-1.412451	183.545163	0.022960	8.3
683	-0.472308	183.404658	0.008510	7.9
684	-1.113908	183.264441	0.012520	7.8
685	-1.428738	183.124509	0.010549	7.6
686	-0.529582	182.984861	0.011088	8.6
687	-0.844055	182.845497	0.007607	8.2
688	-1.541584	182.706416	0.016296	7.2
689	-1.156947	182.567616	0.007290	7.5
690	-0.559303	182.429098	0.020958	8.5
691	-1.464288	182.290859	0.006026	8.2
692	-1.481825	182.152899	0.025775	8.4
693	-1.231346	182.015217	0.017208	7.6
694	-1.085210	181.877813	0.008934	8.1
695	-1.462398	181.740684	0.016545	7.7
696	-0.271627	181.603832	0.004223	8.3
697	-1.649040	181.467253	0.028747	7.5
698	-0.085773	181.330948	0.000778	7.9
699	-0.734380	181.194916	0.019081	7.4
700	-0.535776	181.059155	0.003844	7.8
701	-1.248697	180.923666	0.024301	7.4
702	-0.133933	180.788446	0.001440	7.6
703	-1.534106	180.653496	0.009647	8.7
704	-0.393833	180.518814	0.010198	7.9
705	-1.219220	180.384399	0.019341	7.3
706	-1.340027	180.250251	0.006905	8.5
707	-1.009691	180.116369	0.006448	8.1
708	-0.007635	179.982752	0.000255	8.2
709	-1.566401	179.849398	0.010057	6.7
710	-0.547612	179.716308	0.002222	8.4
711	-0.836809	179.583480	0.005802	8.4
712	-1.079172	179.450913	0.017893	8.0
713	-1.275090	179.318607	0.011753	8.6
714	-0.979309	179.186561	0.010827	7.6
715	-1.338853	179.054774	0.011307	7.5
716	-1.570747	178.923245	0.018758	8.3
717	-1.367823	178.791973	0.010498	7.5
718	-1.605918	178.660958	0.010474	8.2
719	-1.362425	178.530199	0.015615	7.7
720	-1.386045	178.399694	0.012085	8.7
721	-1.333600	178.269444	0.018505	8.7
722	-1.498950	178.139447	0.016727	8.3
723	-0.517001	178.009702	0.004219	9.1
724	-0.951171	177.880209	0.005085	7.9
725	-1.356314	177.750967	0.008590	8.9
726	-1.593357	177.621975	0.011853	8.1
727	-1.293898	177.493232	0.016840	7.8
728	-1.664738	177.364738	0.015734	8.1
729	-1.085341	177.236492	0.007963	7.9
730	-1.500484	177.108492	0.013949	7.6
731	-1.254304	176.980739	0.004301	7.9
732	-0.916341	176.853231	0.007905	8.0
733	-0.617584	176.725968	0.006041	8.3
734	-0.416144	176.598949	0.007270	7.7
735	-1.351169	176.472173	0.010405	7.3
736	-1.621933	176.345639	0.009577	8.0
737	-0.400139	176.219348	0.001279	7.9
738	-1.014388	176.093296	0.011530	7.5
739	-0.476705	175.967486	0.003050	7.3
740	-0.982044	175.841914	0.009117	8.0
741	-1.455809	175.716581	0.014510	7.8
742	-0.808130	175.591486	0.008022	8.0
743	-1.480533	175.466629	0.020995	7.3
744	-1.563682	175.342008	0.018917	7.7
745	-1.467558	175.217622	0.015720	8.3
746	-0.359165	175.093472	0.003404	7.6
747	-0.972174	174.969556	0.011872	7.5
748	-1.436575	174.845873	0.014658	8.0
749	-0.094623	174.722423	0.001293	7.7
750	-1.604976	174.599206	0.012391	7.8
751	-1.247031	174.476220	0.015319	8.2
752	-1.468842	174.353464	0.022932	7.9
753	-1.613288	174.230939	0.014847	8.8
754	-1.429307	174.108643	0.007690	8.7
755	-1.530669	173.986576	0.015202	7.6
756	-0.173434	173.864737	0.000867	7.5
757	-0.672547	173.743124	0.008041	8.2
758	-1.430343	173.621739	0.008821	7.5
759	-1.648988	173.500579	0.017651	8.0
760	-1.568821	173.379645	0.017450	7.9
761	-0.468799	173.258935	0.011911	8.0
762	-0.714231	173.138449	0.008344	7.9
763	-0.603587	173.018186	0.002445	7.4
764	-1.518368	172.898146	0.008843	7.9
765	-1.455636	172.778327	0.016083	8.0
766	-0.977137	172.658730	0.004083	7.9
767	-0.689134	172.539353	0.008956	7.3
768	-0.937261	172.420196	0.006013	7.9
769	-0.837124	172.301258	0.007190	7.9
770	-1.261467	172.182539	0.024411	7.9
771	-1.321302	172.064037	0.007935	7.6
772	-1.600986	171.945753	0.020976	8.4
773	-1.059986	171.827686	0.007565	8.1
774	-0.625833	171.709834	0.010008	8.1
775	-1.309811	171.592198	0.011602	8.2
776	-1.399515	171.474776	0.016784	8.5
777	-1.167093	171.357568	0.010256	8.0
778	-1.423121	171.240574	0.011063	7.7
779	-0.844641	171.123793	0.011003	7.5
780	-1.416281	171.007223	0.011347	7.9
781	-0.493153	170.890865	0.011269	7.6
782	-0.907838	170.774718	0.014196	7.9
783	-1.040354	170.658782	0.004683	7.4
784	-1.052425	170.543055	0.011268	7.8
785	-1.585548	170.427537	0.012784	8.0
786	-0.601485	170.312227	0.008512	7.7
787	-1.457348	170.197125	0.005488	7.0
788	-1.202008	170.082231	0.005665	7.8
789	-1.212263	169.967543	0.005486	7.9
790	-1.325401	169.853061	0.011872	8.0
791	-1.621120	169.738784	0.014195	8.3
792	-0.447911	169.624713	0.007223	7.9
793	-1.584307	169.510845	0.016688	7.5
794	-1.698694	169.397181	0.012577	7.7
795	-1.036691	169.283720	0.009548	8.0
796	-1.406896	169.170462	0.015539	8.5
797	-0.492851	169.057405	0.004340	7.7
798	-0.780290	168.944549	0.003675	7.8
799	-0.678198	168.831895	0.017464	8.2
800	-1.334564	168.719440	0.012199	7.8
801	-1.548026	168.607185	0.019324	8.2
802	-1.362509	168.495129	0.017245	7.9
803	-0.701275	168.383271	0.006500	7.6
804	-0.775001	168.271611	0.010076	8.4
805	-0.204187	168.160148	0.002554	7.8
806	-0.949841	168.048882	0.004660	7.9
807	-1.246450	167.937812	0.009933	7.4
808	-1.192181	167.826938	0.004720	7.9
809	-0.776127	167.716258	0.014110	7.7
810	-1.042832	167.605773	0.015899	7.9
811	-1.394517	167.495482	0.011034	7.7
812	-0.611026	167.385384	0.007614	8.6
813	-0.805804	167.275479	0.009482	7.7
814	-1.531587	167.165766	0.018152	7.9
815	-0.815292	167.056245	0.009696	8.3
816	-1.335361	166.946915	0.011605	7.9
817	-1.383168	166.837776	0.007271	7.7
818	-0.987601	166.728826	0.007629	7.9
819	-0.979791	166.620067	0.012341	8.3
820	-0.359749	166.511496	0.005169	8.3
821	-0.398541	166.403113	0.001530	7.9
822	-0.014531	166.294919	0.000534	8.1
823	-0.718607	166.186912	0.008795	9.0
824	-1.468474	166.079091	0.006821	11.3
825	-0.636606	165.971458	0.009239	9.0
826	-0.622046	165.864009	0.015521	8.4
827	-0.592598	165.756747	0.016977	8.1
828	-1.020418	165.649669	0.014093	7.6
829	-1.121009	165.542775	0.016846	7.9
830	-1.204575	165.436065	0.015662	9.0
831	-1.121472	165.329538	0.008668	9.8
832	-1.556908	165.223194	0.017200	8.3
833	-1.619063	165.117032	0.013661	8.0
834	-1.343705	165.011052	0.015047	7.8
835	-1.129161	164.905253	0.009365	8.1
836	-0.871996	164.799635	0.012629	7.9
837	-1.082358	164.694197	0.014591	7.8
838	-1.315449	164.588939	0.007831	7.6
839	-0.556706	164.483859	0.009157	8.2
840	-1.229584	164.378959	0.015371	7.8
841	-1.687916	164.274237	0.011848	7.8
842	-0.594599	164.169692	0.007726	7.6
843	-1.562948	164.065325	0.011166	8.7
844	-0.867730	163.961135	0.011214	8.4
845	-1.559501	163.857120	0.009469	7.7
846	-1.549349	163.753282	0.007464	8.6
847	-1.529952	163.649619	0.012297	8.5
848	-1.068001	163.546130	0.005016	14.0
849	-1.424341	163.442816	0.006408	11.5
850	-1.319187	163.339676	0.010604	7.4
851	-0.648427	163.236709	0.012551	8.2
852	-1.255696	163.133915	0.017269	8.0
853	-0.552482	163.031294	0.005860	7.2
854	-1.552195	162.928844	0.009780	7.4
855	-0.382431	162.826566	0.006001	8.1
856	-0.757385	162.724459	0.017162	7.7
857	-0.989692	162.622523	0.013429	7.4
858	-1.530017	162.520757	0.024307	7.3
859	-1.601726	162.419160	0.017392	8.5
860	-1.425015	162.317733	0.009040	8.1
861	-0.919753	162.216474	0.008986	8.0
862	-1.248740	162.115383	0.012367	7.3
863	-0.693606	162.014461	0.006489	8.2
864	-1.609163	161.913705	0.023344	7.5
865	-0.672152	161.813117	0.007416	8.8
866	-1.154080	161.712695	0.010989	7.4
867	-1.531010	161.612439	0.024916	8.1
868	-0.810621	161.512349	0.014737	7.5
869	-0.751464	161.412424	0.010570	7.8
870	-1.608924	161.312663	0.019325	7.4
871	-1.144476	161.213067	0.006556	8.6
872	-1.566646	161.113635	0.009741	7.5
873	-0.110613	161.014366	0.002812	8.3
874	-1.525854	160.915260	0.017777	10.4
875	-1.245194	160.816316	0.016105	11.0
876	-1.307599	160.717535	0.016716	7.6
877	-1.556876	160.618915	0.011779	8.7
878	-0.939192	160.520456	0.017685	8.4
879	-0.751196	160.422158	0.006796	7.7
880	-1.376169	160.324021	0.014499	10.2
881	-1.046733	160.226043	0.011933	10.4
882	-1.575698	160.128225	0.022727	8.8
883	-1.584901	160.030566	0.007761	7.8
884	-0.446503	159.933066	0.002168	8.4
885	-1.273532	159.835723	0.012245	7.9
886	-1.321929	159.738539	0.011158	7.6
887	-0.532866	159.641512	0.008641	7.4
888	-1.257249	159.544642	0.015312	8.0
889	-0.509595	159.447929	0.002896	8.0
890	-1.518805	159.351372	0.013315	7.5
891	-0.305361	159.254971	0.001919	7.6
892	-0.660340	159.158725	0.007941	7.9
893	-1.419019	159.062634	0.009772	8.1
894	-0.827422	158.966697	0.012328	8.1
895	-1.374313	158.870915	0.013784	7.4
896	-1.619611	158.775286	0.025234	8.2
897	-0.523768	158.679811	0.003163	8.8
898	-1.455970	158.584489	0.014120	7.6
899	-0.634378	158.489319	0.009338	7.4
900	-0.833203	158.394302	0.009576	7.9
901	-0.696083	158.299436	0.011218	7.8
902	-1.409967	158.204721	0.021806	7.5
903	-0.837269	158.110158	0.008234	7.5
904	-0.449468	158.015745	0.003398	8.0
905	-0.758718	157.921482	0.010069	7.6
906	-1.163226	157.827369	0.012955	7.9
907	-0.570319	157.733406	0.016423	7.9
908	-1.473488	157.639591	0.012333	7.9
909	-1.181720	157.545925	0.013853	8.1
910	-0.842365	157.452408	0.009890	8.6
911	-1.420437	157.359038	0.032719	7.5
912	-1.030876	157.265816	0.009239	9.4
913	-1.409307	157.172741	0.013503	7.1
914	-1.309533	157.079813	0.021246	7.9
915	-0.842998	156.987031	0.006659	8.2
916	-0.355430	156.894395	0.006344	8.0
917	-1.413964	156.801904	0.013738	7.2
918	-0.815859	156.709559	0.008865	8.0
919	-1.654726	156.617359	0.015249	7.4
920	-1.112506	156.525304	0.009289	7.9
921	-1.384280	156.433392	0.007663	7.7
922	-0.684368	156.341624	0.003088	7.0
923	-1.599087	156.250000	0.017440	8.0
924	-1.605191	156.158519	0.016919	8.6
925	-0.809397	156.067180	0.006638	8.4
926	-1.546432	155.975984	0.011447	8.2
927	-0.858900	155.884930	0.004461	7.8
928	-1.328019	155.794017	0.008494	8.7
929	-0.576840	155.703246	0.004787	8.1
930	-0.845186	155.612615	0.011429	8.0
931	-1.528632	155.522125	0.011061	7.4
932	-1.149521	155.431775	0.012577	7.9
933	-1.405861	155.341565	0.023402	9.9
934	-0.868781	155.251495	0.007821	10.2
935	-1.641957	155.161563	0.009313	8.5
936	-1.099468	155.071771	0.008079	7.3
937	-0.826071	154.982117	0.017434	7.9
938	-1.417931	154.892601	0.018717	7.7
939	-0.543746	154.803222	0.001382	8.4
940	-1.031884	154.713981	0.008662	7.3
941	-0.662606	154.624878	0.006623	8.0
942	-0.069081	154.535910	0.000585	7.8
943	-1.427115	154.447080	0.010477	8.7
944	-0.395391	154.358385	0.003709	7.3
945	-1.463878	154.269826	0.014960	7.6
946	-1.269353	154.181402	0.008442	8.3
947	-1.257110	154.093114	0.010944	8.7
948	-0.427161	154.004960	0.008640	7.3
949	-1.615606	153.916940	0.011009	7.9
950	-1.545966	153.829054	0.015346	8.0
951	-1.620232	153.741303	0.013170	8.6
952	-1.479673	153.653684	0.018300	7.4
953	-0.980851	153.566198	0.017660	7.4
954	-1.318575	153.478846	0.009035	7.8
955	-0.452807	153.391625	0.007440	8.1
956	-1.306677	153.304537	0.007618	7.3
957	-1.417430	153.217580	0.011119	8.4
958	-0.436793	153.130755	0.002277	7.8
959	-1.601962	153.044061	0.028827	8.5
960	-1.464283	152.957498	0.003817	7.4
961	-0.805854	152.871065	0.007705	7.9
962	-0.243073	152.784762	0.002497	6.9
963	-1.518823	152.698589	0.018627	7.8
964	-1.441262	152.612545	0.019373	7.3
965	-1.171329	152.526631	0.007046	8.3
966	-1.053688	152.440845	0.015974	8.4
967	-0.715321	152.355188	0.006192	7.8
968	-1.315151	152.269660	0.005497	7.1
969	-0.892450	152.184259	0.013892	9.0
970	-1.473241	152.098986	0.008455	7.6
971	-0.871044	152.013840	0.010325	8.1
972	-0.977839	151.928821	0.011521	7.4
973	-1.655773	151.843928	0.008118	9.0
974	-0.772801	151.759163	0.004382	7.7
975	-1.308916	151.674523	0.011617	8.5
976	-1.643563	151.590009	0.014919	7.3
977	-1.555504	151.505620	0.012400	10.2
978	-1.194523	151.421357	0.010445	7.9
979	-1.363903	151.337218	0.010761	9.6
980	-0.132668	151.253204	0.002032	8.5
981	-1.575206	151.169314	0.022226	8.3
982	-1.378588	151.085549	0.017478	7.5
983	-1.636408	151.001907	0.010239	8.3
984	-1.044836	150.918388	0.006656	7.6
985	-1.213000	150.834992	0.019453	7.9
986	-0.985883	150.751719	0.008526	7.4
987	-1.324125	150.668569	0.018727	7.8
988	-0.473158	150.585541	0.003389	8.3
989	-1.315291	150.502634	0.014179	7.6
990	-0.331333	150.419849	0.005802	7.5
991	-1.559753	150.337186	0.013293	8.0
992	-1.344646	150.254644	0.014390	8.2
993	-1.368405	150.172222	0.015419	7.8
994	-1.447057	150.089921	0.010442	7.3
995	-1.362235	150.007740	0.010282	8.2
996	-1.544371	149.925679	0.008394	7.8
997	-1.316606	149.843737	0.007992	8.0
998	-0.908879	149.761915	0.013377	10.2
999	-1.656822	149.680212	0.017328	8.0
1000	-1.273554	149.598627	0.010529	9.2
1001	-1.301045	149.517161	0.015581	7.5
1002	-1.152124	149.435814	0.010540	8.8
1003	-1.431573	149.354584	0.010513	7.8
1004	-0.815186	149.273472	0.007013	7.6
1005	-0.467006	149.192477	0.004247	7.8
1006	-1.573986	149.111599	0.014421	7.9
1007	-1.322922	149.030838	0.010971	8.1
1008	-1.611778	148.950194	0.018146	8.0
1009	-1.045584	148.869666	0.010501	7.9
1010	-0.140357	148.789253	0.002012	8.9
1011	-0.674937	148.708957	0.012484	7.6
1012	-1.076048	148.628776	0.012742	8.2
1013	-1.492732	148.548710	0.005863	7.8
1014	-0.697222	148.468759	0.007455	8.8
1015	-0.898933	148.388923	0.009193	7.8
1016	-1.209426	148.309201	0.008483	7.9
1017	-1.558310	148.229594	0.010041	9.1
1018	-1.025931	148.150100	0.006398	8.0
1019	-1.556231	148.070719	0.006735	7.5
1020	-1.360614	147.991452	0.013746	8.2
1021	-1.289372	147.912298	0.006271	7.3
1022	-0.451187	147.833257	0.007823	8.1
1023	-1.231409	147.754329	0.015372	7.8
1024	-1.136259	147.675512	0.005566	8.0
1025	-0.272034	147.596808	0.004350	7.3
1026	-1.364246	147.518216	0.008277	7.9
1027	-0.622011	147.439735	0.006306	7.7
1028	-0.650593	147.361365	0.008824	10.9
1029	-1.228733	147.283106	0.018029	7.4
1030	-1.055133	147.204958	0.008972	9.4
1031	-1.551238	147.126920	0.011430	8.3
1032	-1.612446	147.048993	0.014946	8.6
1033	-0.460078	146.971175	0.013895	8.2
1034	-0.269371	146.893468	0.004137	7.7
1035	-1.494177	146.815869	0.010321	8.7
1036	-0.529810	146.738380	0.008046	7.6
1037	-0.865930	146.661000	0.012850	7.8
1038	-1.427670	146.583729	0.006475	7.3
1039	-1.576915	146.506566	0.011707	8.4
1040	-1.491153	146.429511	0.012395	8.3
1041	-1.441306	146.352565	0.007930	8.3
1042	-0.664320	146.275726	0.008031	7.3
1043	-0.755411	146.198994	0.006555	8.3
1044	-1.120234	146.122370	0.005343	7.6
1045	-1.410806	146.045853	0.011438	8.2
1046	-0.414602	145.969442	0.011353	7.8
1047	-0.939479	145.893139	0.010006	7.8
1048	-0.198838	145.816941	0.003149	8.1
1049	-1.535123	145.740849	0.016244	8.1
1050	-1.008544	145.664863	0.007826	7.3
1051	-0.721907	145.588983	0.010447	8.4
1052	-1.637573	145.513208	0.010595	7.8
1053	-1.294334	145.437538	0.011554	8.2
1054	-0.069019	145.361973	0.000999	7.1
1055	-1.133101	145.286513	0.019790	8.0
1056	-1.389148	145.211157	0.010241	7.3
1057	-0.882962	145.135905	0.009028	8.6
1058	-1.258836	145.060757	0.005067	7.3
1059	-0.504589	144.985712	0.004876	8.6
1060	-1.483919	144.910771	0.026199	7.7
1061	-1.594757	144.835934	0.015151	7.9
1062	-0.553393	144.761199	0.011877	7.5
1063	-0.096304	144.686567	0.001299	8.5
1064	-1.623325	144.612037	0.014774	7.7
1065	-1.086556	144.537610	0.009242	7.8
1066	-0.422319	144.463285	0.003486	8.2
1067	-1.319403	144.389062	0.024851	8.1
1068	-1.044708	144.314940	0.018271	7.6
1069	-1.526892	144.240920	0.013690	7.9
1070	-0.658377	144.167001	0.009776	7.5
1071	-1.215905	144.093182	0.010906	8.8
1072	-0.143284	144.019465	0.002829	7.4
1073	-1.566966	143.945848	0.018485	8.1
1074	-1.541528	143.872331	0.010380	7.3
1075	-1.006886	143.798914	0.007454	7.5
1076	-1.056614	143.725597	0.005994	7.7
1077	-0.522276	143.652380	0.011352	8.2
1078	-1.638640	143.579262	0.015639	7.4
1079	-0.458951	143.506243	0.007479	8.4
1080	-0.945050	143.433323	0.004614	10.6
1081	-0.998686	143.360502	0.005866	9.4
1082	-1.456775	143.287780	0.011425	8.0
1083	-1.546149	143.215155	0.012581	8.6
1084	-1.646311	143.142629	0.014210	7.3
1085	-0.842252	143.070201	0.011852	8.1
1086	-0.469647	142.997870	0.006730	7.0
1087	-1.464818	142.925637	0.012954	8.2
1088	-1.380196	142.853501	0.016632	7.3
1089	-1.672224	142.781462	0.009349	7.9
1090	-1.598835	142.709519	0.007922	7.8
1091	-1.301495	142.637674	0.020106	8.3
1092	-1.457827	142.565924	0.012349	7.7
1093	-0.890614	142.494271	0.010422	8.1
1094	-0.173187	142.422714	0.003656	8.1
1095	-1.665703	142.351252	0.011457	8.1
1096	-1.608971	142.279886	0.007341	7.9
1097	-1.561142	142.208616	0.011461	8.0
1098	-1.506726	142.137440	0.018622	9.0
1099	-1.520778	142.066360	0.014291	7.6
1100	-0.633778	141.995374	0.008535	7.4
1101	-1.221160	141.924483	0.011878	7.9
1102	-1.127686	141.853685	0.015513	8.4
1103	-0.596090	141.782983	0.006434	7.8
1104	-1.248016	141.712373	0.012936	7.8
1105	-1.292312	141.641858	0.009733	8.3
1106	-1.527295	141.571436	0.010715	7.7
1107	-0.939249	141.501108	0.006478	7.0
1108	-0.968568	141.430872	0.009971	7.3
1109	-1.538089	141.360730	0.005359	8.4
1110	-1.125299	141.290680	0.008168	8.1
1111	-0.786270	141.220722	0.009479	7.8
1112	-1.204467	141.150857	0.013344	7.2
1113	-1.389236	141.081084	0.033561	9.8
1114	-1.012189	141.011403	0.010105	7.7
1115	-1.457118	140.941813	0.016617	7.7
1116	-0.899538	140.872315	0.007190	7.3
1117	-0.581643	140.802909	0.003408	8.0
1118	-1.566675	140.733593	0.012719	9.0
1119	-1.359895	140.664369	0.014208	7.9
1120	-0.910643	140.595235	0.006949	7.7
1121	-1.662869	140.526192	0.017570	8.6
1122	-1.367204	140.457239	0.019298	10.9
1123	-1.645936	140.388376	0.014990	8.2
1124	-1.287991	140.319603	0.009294	7.8
1125	-0.218135	140.250920	0.005192	7.4
1126	-0.639579	140.182326	0.004240	7.5
1127	-1.619118	140.113822	0.020414	7.8
1128	-1.231633	140.045407	0.009481	8.2
1129	-1.044398	139.977081	0.008547	7.9
1130	-1.484223	139.908844	0.031275	7.7
1131	-1.655615	139.840696	0.026133	7.8
1132	-1.270562	139.772635	0.008753	13.2
1133	-0.032653	139.704664	0.000429	8.4
1134	-1.454489	139.636780	0.018994	8.3
1135	-0.842889	139.568984	0.011349	7.9
1136	-1.516661	139.501276	0.015325	7.3
1137	-1.448938	139.433655	0.007582	8.1
1138	-0.646209	139.366122	0.011045	8.5
1139	-1.425761	139.298676	0.019416	8.0
1140	-1.466710	139.231317	0.018624	7.3
1141	-1.220145	139.164045	0.014208	8.8
1142	-0.158896	139.096859	0.001905	7.9
1143	-1.585683	139.029760	0.020215	8.7
1144	-1.486563	138.962747	0.019464	7.3
1145	-1.559385	138.895820	0.009166	8.9
1146	-0.456266	138.828978	0.006230	7.7
1147	-0.971580	138.762223	0.009729	8.3
1148	-0.244509	138.695553	0.003738	7.2
1149	-0.186909	138.628969	0.001380	8.5
1150	-1.546985	138.562469	0.012794	8.7
1151	-0.627218	138.496055	0.006341	8.3
1152	-0.744669	138.429725	0.009464	7.0
1153	-0.654716	138.363481	0.002614	8.0
1154	-0.954418	138.297320	0.013595	7.9
1155	-0.846387	138.231244	0.006633	8.4
1156	-1.004877	138.165252	0.004665	7.7
1157	-0.930807	138.099344	0.004216	8.2
1158	-1.511214	138.033520	0.009963	8.0
1159	-0.862642	137.967779	0.016629	8.9
1160	-1.587930	137.902122	0.010769	7.8
1161	-1.101674	137.836548	0.012825	7.9
1162	-1.024258	137.771057	0.003364	7.5
1163	-0.767016	137.705649	0.009373	7.8
1164	-0.598878	137.640324	0.010826	7.8
1165	-1.254845	137.575081	0.014514	7.8
1166	-1.440303	137.509921	0.020178	8.2
1167	-0.590582	137.444842	0.011264	7.8
1168	-0.468281	137.379846	0.009891	8.2
1169	-1.462780	137.314932	0.023016	7.9
1170	-0.677732	137.250100	0.004933	8.7
1171	-0.159016	137.185349	0.002364	7.9
1172	-0.459102	137.120680	0.005550	8.7
1173	-0.253959	137.056092	0.002637	7.8
1174	-1.448634	136.991585	0.010113	6.6
1175	-1.444405	136.927158	0.011185	8.0
1176	-0.323557	136.862813	0.003084	8.3
1177	-0.771056	136.798548	0.008380	8.0
1178	-1.535466	136.734363	0.007907	8.1
1179	-0.534302	136.670259	0.014235	7.9
1180	-0.400525	136.606235	0.004757	7.6
1181	-0.578915	136.542291	0.010014	7.8
1182	-1.392944	136.478426	0.014248	7.1
1183	-0.337108	136.414641	0.003021	11.3
1184	-0.281393	136.350936	0.004600	8.9
1185	-1.173862	136.287310	0.009623	10.1
1186	-1.027396	136.223763	0.008686	7.9
1187	-1.571103	136.160295	0.015245	8.0
1188	-0.956248	136.096905	0.020649	7.4
1189	-0.628862	136.033594	0.004968	7.7
1190	-0.804914	135.970362	0.010555	9.5
1191	-0.778760	135.907208	0.008598	10.2
1192	-1.273680	135.844133	0.010660	7.6
1193	-0.425125	135.781135	0.002722	7.4
1194	-1.502645	135.718215	0.012626	8.0
1195	-0.560355	135.655373	0.004269	7.3
1196	-0.870962	135.592608	0.006781	7.8
1197	-1.136447	135.529921	0.011869	7.5
1198	-0.400201	135.467311	0.001915	8.0
1199	-0.709185	135.404778	0.007899	7.9
1200	-0.674442	135.342322	0.006513	7.6
1201	-1.298657	135.279942	0.026975	8.1
1202	-0.413006	135.217640	0.009645	7.9
1203	-1.454468	135.155413	0.010798	8.7
1204	-1.270976	135.093263	0.024747	7.9
1205	-1.594243	135.031190	0.009822	7.3
1206	-0.673328	134.969192	0.006341	7.9
1207	-1.605495	134.907270	0.012829	7.9
1208	-0.918903	134.845424	0.009317	7.9
1209	-1.210046	134.783653	0.009926	7.4
1210	-0.388071	134.721958	0.004832	8.3
1211	-1.575818	134.660338	0.014750	7.9
1212	-1.516511	134.598793	0.011327	8.0
1213	-1.620027	134.537323	0.018126	7.4
1214	-0.815379	134.475927	0.010153	8.7
1215	-1.179572	134.414607	0.012059	7.8
1216	-1.160725	134.353361	0.014622	8.2
1217	-0.933746	134.292189	0.007614	6.8
1218	-1.354541	134.231092	0.023875	8.0
1219	-0.654922	134.170068	0.002066	8.0
1220	-0.954041	134.109119	0.016966	8.0
1221	-1.479004	134.048243	0.012183	7.5
1222	-1.547580	133.987441	0.014977	7.9
1223	-0.721594	133.926713	0.007952	8.0
1224	-0.087939	133.866057	0.000902	7.9
1225	-1.410806	133.805475	0.015993	8.3
1226	-0.534862	133.744966	0.002480	7.8
1227	-1.323200	133.684530	0.009402	7.7
1228	-0.845207	133.624167	0.006627	7.9
1229	-1.552153	133.563877	0.006731	8.1
1230	-0.337731	133.503658	0.003149	7.9
1231	-1.605873	133.443513	0.029749	7.8
1232	-0.133021	133.383439	0.001738	7.9
1233	-1.147264	133.323437	0.008202	8.3
1234	-1.050931	133.263508	0.005878	8.0
1235	-1.421184	133.203650	0.018359	9.9
1236	-0.057672	133.143864	0.000975	8.8
1237	-0.062000	133.084149	0.000547	7.0
1238	-1.455026	133.024506	0.015495	7.7
1239	-1.645639	132.964934	0.020250	7.7
1240	-1.271324	132.905433	0.017020	7.9
1241	-0.720627	132.846003	0.006086	7.4
1242	-1.126642	132.786643	0.009142	10.7
1243	-1.322365	132.727355	0.024401	10.6
1244	-0.590920	132.668137	0.018976	10.5
1245	-0.639746	132.608989	0.010442	8.1
1246	-1.558074	132.549912	0.014266	7.9
1247	-1.176849	132.490904	0.009693	8.0
1248	-0.955654	132.431967	0.008051	7.4
1249	-1.625034	132.373100	0.011884	8.0
1250	-0.141052	132.314302	0.002057	7.8
1251	-1.505777	132.255574	0.013489	7.8
1252	-1.010834	132.196916	0.016120	7.4
1253	-1.173722	132.138326	0.006908	8.6
1254	-1.555121	132.079806	0.010002	8.3
1255	-1.626446	132.021355	0.027748	7.8
1256	-1.586217	131.962973	0.006306	7.5
1257	-1.206910	131.904660	0.015863	8.0
1258	-1.399895	131.846415	0.010648	8.2
1259	-0.397495	131.788239	0.004219	6.6
1260	-1.208358	131.730131	0.014780	7.5
1261	-0.484347	131.672092	0.002028	7.7
1262	-0.426431	131.614121	0.006644	7.8
1263	-0.582893	131.556217	0.009902	8.0
1264	-0.166824	131.498382	0.002117	7.3
1265	-0.727128	131.440614	0.010633	8.3
1266	-0.642878	131.382914	0.004136	8.6
1267	-0.705097	131.325282	0.011646	7.7
1268	-0.690128	131.267717	0.008580	8.3
1269	-0.925907	131.210219	0.016601	7.9
1270	-1.508006	131.152788	0.017312	7.9
1271	-1.567729	131.095424	0.013732	7.7
1272	-1.495170	131.038127	0.013135	7.3
1273	-1.065617	130.980897	0.009985	7.9
1274	-1.461931	130.923733	0.031876	7.6
1275	-1.163967	130.866636	0.019484	7.8
1276	-0.527444	130.809605	0.009774	7.5
1277	-1.218544	130.752641	0.007101	8.1
1278	-1.146816	130.695742	0.013989	7.9
1279	-1.485591	130.638910	0.009715	7.9
1280	-0.797088	130.582143	0.012541	7.6
1281	-0.920823	130.525442	0.010142	8.0
1282	-0.848127	130.468807	0.012680	7.6
1283	-0.897490	130.412237	0.013207	7.9
1284	-1.034039	130.355733	0.011448	8.1
1285	-1.649739	130.299294	0.024185	8.6
1286	-0.706521	130.242920	0.006898	8.4
1287	-0.424732	130.186611	0.009834	11.5
1288	-1.553804	130.130366	0.018323	7.7
1289	-0.605136	130.074187	0.006691	7.8
1290	-1.619958	130.018072	0.007615	8.9
1291	-1.027918	129.962022	0.010082	7.6
1292	-1.639208	129.906036	0.014107	7.8
1293	-0.986283	129.850114	0.007942	9.2
1294	-1.625538	129.794257	0.014924	8.7
1295	-1.245584	129.738463	0.008232	7.9
1296	-1.539436	129.682734	0.012086	7.9
1297	-0.399170	129.627068	0.002669	6.6
1298	-1.542984	129.571466	0.019621	7.9
1299	-0.734520	129.515927	0.010068	7.5
1300	-1.433908	129.460452	0.018598	7.8
1301	-1.486973	129.405040	0.015738	7.4
1302	-0.722032	129.349692	0.007361	8.7
1303	-1.445307	129.294406	0.006264	7.8
1304	-1.274607	129.239183	0.012372	9.4
1305	-0.758111	129.184024	0.007841	9.3
1306	-1.345754	129.128927	0.011941	8.7
1307	-1.498323	129.073892	0.007579	7.3
1308	-1.533872	129.018921	0.010253	8.1
1309	-1.197456	128.964011	0.009789	7.9
1310	-1.567609	128.909164	0.009656	7.5
1311	-1.211222	128.854379	0.009437	7.5
1312	-1.282147	128.799656	0.006345	8.0
1313	-1.159245	128.744995	0.009260	7.9
1314	-1.462421	128.690396	0.009978	7.9
1315	-0.577540	128.635858	0.009715	7.5
1316	-1.602901	128.581382	0.014286	8.5
1317	-1.542005	128.526968	0.009111	7.9
1318	-0.709657	128.472615	0.009356	7.5
1319	-1.225609	128.418323	0.007711	7.5
1320	-1.496006	128.364092	0.013624	8.0
1321	-1.400572	128.309922	0.011700	7.9
1322	-0.005741	128.255814	0.000308	8.0
1323	-0.643974	128.201766	0.010920	8.4
1324	-1.587475	128.147778	0.019261	7.9
1325	-1.236157	128.093852	0.009569	7.9
1326	-1.422989	128.039985	0.009605	7.9
1327	-1.194703	127.986180	0.010996	7.5
1328	-0.636432	127.932434	0.003229	8.4
1329	-1.082514	127.878749	0.004757	8.1
1330	-0.527897	127.825123	0.006564	7.7
1331	-0.728749	127.771558	0.016915	7.4
1332	-0.677525	127.718052	0.010951	7.9
1333	-0.964912	127.664606	0.007108	8.0
1334	-0.901139	127.611220	0.009719	7.5
1335	-0.874473	127.557893	0.005682	8.3
1336	-1.012363	127.504625	0.003570	8.1
1337	-0.764062	127.451417	0.006389	9.0
1338	-1.613229	127.398268	0.013278	11.5
1339	-1.040325	127.345178	0.004255	8.0
1340	-0.339203	127.292147	0.001713	7.3
1341	-0.840657	127.239175	0.008366	8.3
1342	-0.906840	127.186261	0.015994	8.6
1343	-0.340090	127.133407	0.003800	8.9
1344	-1.014008	127.080610	0.012915	7.6
1345	-0.512440	127.027872	0.010168	7.6
1346	-1.586914	126.975193	0.015851	8.3
1347	-0.797200	126.922572	0.011236	8.0
1348	-1.402106	126.870008	0.005716	7.6
1349	-0.569300	126.817503	0.003345	7.5
1350	-0.632600	126.765056	0.002604	7.6
1351	-0.612734	126.712667	0.007813	8.0
1352	-0.289342	126.660335	0.003560	7.4
1353	-0.930818	126.608061	0.013518	8.3
1354	-0.654551	126.555844	0.016495	8.4
1355	-0.975689	126.503685	0.003151	7.9
1356	-1.438692	126.451583	0.013223	7.5
1357	-1.599719	126.399538	0.015451	7.9
1358	-1.163376	126.347550	0.009210	7.5
1359	-0.364280	126.295619	0.005585	8.1
1360	-1.255950	126.243745	0.012978	7.6
1361	-0.730475	126.191928	0.008604	7.9
1362	-0.976733	126.140168	0.008490	8.1
1363	-0.321702	126.088464	0.002496	7.8
1364	-1.373959	126.036817	0.011725	7.3
1365	-0.959939	125.985226	0.015097	9.9
1366	-1.618882	125.933691	0.013488	9.3
1367	-1.448118	125.882212	0.017372	9.1
1368	-1.544226	125.830790	0.018161	8.5
1369	-0.658801	125.779423	0.003639	7.7
1370	-0.328151	125.728113	0.001994	7.4
1371	-1.213383	125.676858	0.006128	7.9
1372	-1.533441	125.625659	0.014665	8.4
1373	-1.659779	125.574515	0.011223	7.5
1374	-1.118349	125.523427	0.006750	7.3
1375	-1.104278	125.472394	0.008183	7.5
1376	-0.529245	125.421417	0.003867	7.2
1377	-1.523249	125.370495	0.015811	7.5
1378	-1.561700	125.319628	0.014315	8.7
1379	-0.636824	125.268815	0.003601	8.1
1380	-1.413948	125.218058	0.007386	7.6
1381	-0.760898	125.167356	0.008227	7.6
1382	-1.461556	125.116708	0.010429	8.0
1383	-1.497347	125.066115	0.006190	8.0
1384	-1.632920	125.015576	0.005863	7.8
1385	-1.282918	124.965092	0.008677	7.9
1386	-0.799697	124.914662	0.012440	8.2
1387	-0.646427	124.864287	0.011172	8.0
1388	-1.200572	124.813965	0.006837	8.1
1389	-0.997179	124.763698	0.008166	8.3
1390	-1.241290	124.713485	0.006822	11.0
1391	-1.318915	124.663325	0.005419	7.5
1392	-1.028590	124.613219	0.018779	9.8
1393	-0.754095	124.563167	0.009306	7.7
1394	-1.610750	124.513168	0.018973	8.1
1395	-1.434452	124.463223	0.016378	7.5
1396	-1.592647	124.413332	0.010976	8.7
1397	-0.824362	124.363493	0.008753	8.1
1398	-0.614399	124.313708	0.008443	8.7
1399	-0.795861	124.263976	0.004828	7.6
1400	-0.968064	124.214297	0.020260	7.3
1401	-1.520066	124.164671	0.019363	8.2
1402	-0.527765	124.115097	0.004787	8.9
1403	-1.457226	124.065577	0.009089	7.7
1404	-0.960322	124.016109	0.013293	7.6
1405	-0.709193	123.966693	0.014102	7.9
1406	-1.063209	123.917330	0.007151	8.3
1407	-1.228229	123.868020	0.011117	7.9
1408	-1.609303	123.818762	0.019755	8.4
1409	-0.681834	123.769556	0.007515	8.1
1410	-1.367605	123.720402	0.008609	7.1
1411	-1.556215	123.671300	0.008048	7.5
1412	-1.437808	123.622250	0.006169	7.5
1413	-1.096470	123.573252	0.010936	8.0
1414	-0.063797	123.524305	0.001040	8.2
1415	-1.648004	123.475411	0.007961	7.6
1416	-0.837000	123.426568	0.005588	7.5
1417	-0.387647	123.377776	0.009420	8.3
1418	-1.512653	123.329036	0.023102	8.0
1419	-1.493804	123.280347	0.011690	7.7
1420	-1.301820	123.231709	0.011612	7.8
1421	-1.447392	123.183122	0.006955	7.7
1422	-1.307521	123.134587	0.025509	7.6
1423	-1.282106	123.086102	0.007325	7.4
1424	-0.952263	123.037669	0.008582	8.9
1425	-1.445820	122.989286	0.011340	7.7
1426	-0.851712	122.940954	0.002042	8.7
1427	-1.387756	122.892672	0.017039	7.4
1428	-0.665524	122.844441	0.006198	7.6
1429	-0.212965	122.796261	0.001448	7.7
1430	-1.431032	122.748130	0.017247	8.8
1431	-1.497438	122.700050	0.016173	7.5
1432	-1.158697	122.652021	0.012041	7.6
1433	-0.722073	122.604041	0.009222	7.6
1434	-1.266369	122.556111	0.009142	8.6
1435	-1.276532	122.508232	0.012451	7.4
1436	-1.282561	122.460402	0.012758	7.8
1437	-1.591218	122.412622	0.010720	7.5
1438	-1.336822	122.364891	0.009541	8.4
1439	-0.880682	122.317210	0.005760	7.4
1440	-0.868962	122.269579	0.011112	8.3
1441	-1.374059	122.221997	0.013152	8.9
1442	-0.763986	122.174465	0.006994	9.8
1443	-1.673698	122.126981	0.016668	9.0
1444	-1.201815	122.079547	0.011263	7.7
1445	-1.542276	122.032162	0.011149	7.7
1446	-0.846588	121.984826	0.008309	8.1
1447	-0.692563	121.937539	0.006154	8.4
1448	-0.893280	121.890301	0.012464	9.1
1449	-0.837750	121.843112	0.008623	11.4
1450	-0.424267	121.795971	0.004354	6.8
1451	-0.897745	121.748879	0.010579	7.9
1452	-0.400387	121.701835	0.003554	7.8
1453	-0.404253	121.654840	0.005496	8.2
1454	-1.287392	121.607893	0.018517	7.3
1455	-0.389794	121.560994	0.008519	7.9
1456	-1.563980	121.514144	0.018946	7.7
1457	-0.615087	121.467342	0.003915	7.4
1458	-1.149346	121.420588	0.010648	7.5
1459	-1.585393	121.373882	0.014486	9.9
1460	-0.984836	121.327223	0.012337	7.9
1461	-1.472952	121.280613	0.009871	8.2
1462	-0.877790	121.234050	0.002928	7.3
1463	-0.739210	121.187535	0.002464	7.8
1464	-1.409090	121.141067	0.014016	7.8
1465	-1.484143	121.094647	0.013854	8.1
1466	-1.643026	121.048274	0.021751	8.5
1467	-1.610784	121.001949	0.016368	8.7
1468	-1.415002	120.955671	0.013301	7.7
1469	-1.397466	120.909440	0.011471	7.7
1470	-0.672436	120.863256	0.007269	8.1
1471	-1.521793	120.817119	0.010108	8.5
1472	-1.171187	120.771029	0.016205	7.4
1473	-1.595458	120.724986	0.007817	8.0
1474	-1.051466	120.678990	0.010283	7.9
1475	-1.056846	120.633040	0.016537	7.3
1476	-1.513768	120.587137	0.007390	8.8
1477	-0.944435	120.541281	0.017218	7.9
1478	-1.449091	120.495471	0.010007	8.3
1479	-1.412692	120.449707	0.007433	7.9
1480	-0.785856	120.403990	0.008540	7.4
1481	-0.930619	120.358319	0.005179	7.6
1482	-1.274717	120.312694	0.010565	7.8
1483	-0.705722	120.267115	0.013419	7.0
1484	-0.463473	120.221582	0.013312	7.9
1485	-1.537866	120.176096	0.009869	8.2
1486	-0.668470	120.130655	0.003353	8.4
1487	-1.486296	120.085260	0.013920	8.1
1488	-1.487818	120.039910	0.011430	8.6
1489	-1.179568	119.994606	0.006624	8.6
1490	-1.390097	119.949348	0.018966	9.4
1491	-0.628307	119.904135	0.009119	8.0
1492	-1.367522	119.858968	0.018301	7.6
1493	-1.323493	119.813846	0.023194	7.7
1494	-0.839022	119.768769	0.011561	10.2
1495	-0.415172	119.723738	0.012815	10.6
1496	-1.354336	119.678752	0.010941	11.0
1497	-0.860815	119.633810	0.007333	9.9
1498	-0.350061	119.588914	0.002548	7.8
1499	-1.479456	119.544062	0.009357	8.0
1500	-0.343209	119.499256	0.003749	8.2
1501	-1.543449	119.454494	0.012708	8.5
1502	-1.568253	119.409777	0.007163	7.6
1503	-1.212044	119.365104	0.005116	8.8
1504	-0.637321	119.320476	0.010767	7.5
1505	-1.111894	119.275893	0.010398	8.8
1506	-1.309038	119.231353	0.008218	7.6
1507	-0.935066	119.186859	0.005048	7.4
1508	-0.803841	119.142408	0.006717	7.4
1509	-1.533226	119.098002	0.012447	8.4
1510	-1.578668	119.053639	0.012741	8.2
1511	-0.731090	119.009321	0.004020	8.8
1512	-1.376133	118.965047	0.014835	8.9
1513	-1.112318	118.920816	0.005494	7.7
1514	-1.014748	118.876630	0.012525	7.5
1515	-0.450248	118.832487	0.005162	7.5
1516	-0.393490	118.788388	0.002784	7.4
1517	-0.825109	118.744332	0.009304	8.2
1518	-0.608103	118.700320	0.008471	7.6
1519	-0.652099	118.656352	0.004374	8.4
1520	-1.054023	118.612427	0.004215	7.4
1521	-0.794248	118.568545	0.007477	7.8
1522	-1.486213	118.524706	0.010608	8.2
1523	-0.722280	118.480911	0.007679	8.8
1524	-0.500811	118.437159	0.002346	7.5
1525	-1.530516	118.393450	0.009989	8.2
1526	-1.188453	118.349784	0.010886	7.9
1527	-0.599170	118.306160	0.012752	8.5
1528	-0.693520	118.262580	0.009017	7.7
1529	-1.121603	118.219042	0.010040	7.8
1530	-0.294408	118.175548	0.003960	8.5
1531	-1.516390	118.132095	0.015538	8.7
1532	-1.303275	118.088686	0.012010	8.1
1533	-0.475712	118.045319	0.003503	7.9
1534	-0.745318	118.001994	0.016619	7.4
1535	-1.321570	117.958712	0.010223	7.6
1536	-1.399644	117.915472	0.009338	7.9
1537	-1.397726	117.872274	0.008591	7.8
1538	-1.417665	117.829118	0.008020	10.4
1539	-0.295173	117.786005	0.002638	8.1
1540	-1.485901	117.742933	0.010421	7.8
1541	-1.014790	117.699904	0.006573	7.8
1542	-0.750092	117.656916	0.007297	7.5
1543	-1.237494	117.613971	0.011375	8.7
1544	-0.594320	117.571067	0.006323	10.4
1545	-0.631356	117.528205	0.006504	7.7
1546	-0.689718	117.485384	0.004613	9.2
1547	-1.023597	117.442605	0.007825	7.5
1548	-0.956658	117.399867	0.003391	8.2
1549	-0.098796	117.357171	0.000631	7.8
1550	-1.386877	117.314517	0.005411	8.0
1551	-1.573894	117.271903	0.011400	9.3
1552	-1.655106	117.229331	0.030530	10.2
1553	-0.211990	117.186800	0.002947	7.4
1554	-0.371688	117.144311	0.002910	8.0
1555	-1.081940	117.101862	0.005631	8.2
1556	-0.730229	117.059454	0.014271	7.8
1557	-0.739596	117.017087	0.015927	7.3
1558	-0.904083	116.974762	0.010708	8.6
1559	-1.368274	116.932476	0.012241	8.7
1560	-1.657891	116.890232	0.013229	7.7
1561	-1.554709	116.848028	0.010681	7.6
1562	-0.451355	116.805865	0.007240	8.2
1563	-1.351775	116.763743	0.011966	8.4
1564	-1.542606	116.721661	0.010457	7.6
1565	-0.985802	116.679619	0.006647	7.7
1566	-0.850717	116.637618	0.005388	7.4
1567	-1.357985	116.595657	0.009698	8.7
1568	-1.256024	116.553736	0.014395	7.7
1569	-0.668225	116.511855	0.009889	8.0
1570	-1.593209	116.470015	0.020046	7.4
1571	-1.168307	116.428214	0.005662	7.6
1572	-1.509800	116.386454	0.016905	8.0
1573	-0.261295	116.344733	0.002358	7.3
1574	-0.961412	116.303052	0.012313	8.1
1575	-1.586838	116.261412	0.009505	7.4
1576	-1.546143	116.219810	0.010466	7.6
1577	-1.466138	116.178249	0.009020	8.6
1578	-1.640875	116.136727	0.012308	8.9
1579	-1.299526	116.095245	0.012058	7.9
1580	-1.210343	116.053802	0.006418	7.8
1581	-1.534912	116.012398	0.028681	8.3
1582	-1.541323	115.971034	0.019144	7.2
1583	-0.677384	115.929710	0.009314	7.6
1584	-1.193079	115.888424	0.013628	7.8
1585	-0.661906	115.847178	0.007769	7.8
1586	-0.881741	115.805970	0.005392	8.5
1587	-1.515733	115.764802	0.007572	7.7
1588	-0.728064	115.723673	0.003519	9.2
1589	-0.717171	115.682583	0.008548	7.8
1590	-1.012887	115.641532	0.007166	7.6
1591	-1.432439	115.600519	0.006122	8.2
1592	-1.172355	115.559546	0.005366	7.5
1593	-1.518828	115.518610	0.010242	8.2
1594	-0.602933	115.477714	0.011954	7.4
1595	-0.902558	115.436856	0.007834	10.7
1596	-0.369862	115.396037	0.007273	7.7
1597	-1.226947	115.355256	0.006215	9.0
1598	-1.541288	115.314514	0.011789	7.6
1599	-0.532577	115.273810	0.003220	8.0
1600	-1.083430	115.233144	0.004457	7.7
1601	-0.770020	115.192517	0.008600	8.6
1602	-1.393285	115.151927	0.009123	7.8
1603	-0.678303	115.111376	0.005874	7.9
1604	-0.512774	115.070863	0.009073	8.4
1605	-0.617689	115.030388	0.009655	7.6
1606	-0.859372	114.989951	0.009891	7.7
1607	-1.074812	114.949551	0.009323	8.1
1608	-1.488355	114.909190	0.008615	8.2
1609	-1.255098	114.868866	0.005325	10.4
1610	-1.518580	114.828580	0.017339	7.6
1611	-0.821916	114.788332	0.013134	9.5
1612	-1.290524	114.748121	0.011759	7.8
1613	-0.601013	114.707948	0.003686	7.7
1614	-0.087115	114.667812	0.000998	8.1
1615	-1.553465	114.627714	0.016737	8.0
1616	-0.896290	114.587653	0.009586	7.9
1617	-1.067050	114.547629	0.006485	7.1
1618	-1.436501	114.507643	0.006769	8.0
1619	-0.948843	114.467693	0.015287	7.5
1620	-1.540953	114.427781	0.014875	7.6
1621	-0.560312	114.387907	0.012481	8.3
1622	-0.256147	114.348069	0.004068	7.8
1623	-1.470220	114.308268	0.010164	7.9
1624	-1.552996	114.268504	0.010012	7.7
1625	-0.686898	114.228777	0.006799	8.0
1626	-0.272413	114.189086	0.004427	7.5
1627	-1.581764	114.149433	0.038715	7.7
1628	-0.741216	114.109816	0.005574	8.7
1629	-1.511386	114.070235	0.008438	7.4
1630	-0.334167	114.030692	0.004294	7.8
1631	-1.508708	113.991185	0.009448	7.7
1632	-1.535815	113.951714	0.010891	7.4
1633	-1.489558	113.912280	0.015564	7.6
1634	-0.855075	113.872882	0.013271	8.8
1635	-1.356689	113.833521	0.018362	7.7
1636	-0.662212	113.794195	0.009308	7.4
1637	-1.580506	113.754906	0.009251	8.4
1638	-0.559720	113.715653	0.007096	8.8
1639	-1.636853	113.676437	0.008134	7.9
1640	-0.913884	113.637256	0.005022	7.5
1641	-0.790970	113.598111	0.007552	7.8
1642	-0.068397	113.559002	0.001425	8.8
1643	-1.324482	113.519929	0.009693	7.9
1644	-0.857004	113.480892	0.008854	7.9
1645	-0.573126	113.441891	0.003961	7.5
1646	-1.362003	113.402925	0.013781	8.6
1647	-1.003106	113.363995	0.015070	10.4
1648	-1.069668	113.325101	0.015706	9.7
1649	-0.632671	113.286242	0.018095	7.6
1650	-0.083537	113.247419	0.001494	8.2
1651	-1.496768	113.208631	0.014609	7.8
1652	-1.485891	113.169879	0.017684	8.0
1653	-1.486303	113.131162	0.013352	7.8
1654	-1.697982	113.092480	0.011539	8.6
1655	-1.325504	113.053833	0.011252	7.3
1656	-1.366455	113.015222	0.012380	7.9
1657	-1.586345	112.976646	0.039148	7.7
1658	-1.483297	112.938105	0.016391	7.9
1659	-0.879545	112.899599	0.016761	8.9
1660	-1.520849	112.861128	0.015021	8.0
1661	-1.558064	112.822692	0.020141	8.0
1662	-1.344190	112.784291	0.018870	8.1
1663	-0.000000	112.745924	0.000000	7.3
1664	-1.303049	112.707593	0.014125	8.4
1665	-1.018990	112.669296	0.020814	7.7
1666	-0.922642	112.631034	0.007572	7.9
1667	-1.288850	112.592806	0.009289	7.3
1668	-0.955475	112.554613	0.007978	8.4
1669	-1.548168	112.516455	0.008692	8.3
1670	-0.792827	112.478331	0.005785	7.9
1671	-1.553216	112.440241	0.015034	7.5
1672	-1.288034	112.402186	0.008991	8.1
1673	-1.249997	112.364165	0.008382	7.9
1674	-0.782937	112.326179	0.004828	7.8
1675	-0.915682	112.288227	0.012174	7.5
1676	-0.796246	112.250309	0.005635	8.8
1677	-1.655418	112.212425	0.011157	9.5
1678	-0.549702	112.174575	0.008905	7.7
1679	-1.164386	112.136759	0.007277	7.6
1680	-1.423182	112.098977	0.017575	8.0
1681	-0.954161	112.061229	0.006527	7.7
1682	-1.660235	112.023515	0.011468	10.1
1683	-0.187419	111.985834	0.002126	8.8
1684	-0.653526	111.948188	0.008263	7.3
1685	-0.841943	111.910575	0.015473	9.2
1686	-0.153588	111.872996	0.001697	7.7
1687	-0.389639	111.835450	0.003532	8.1
1688	-0.588006	111.797939	0.010851	7.7
1689	-0.649025	111.760460	0.008569	7.8
1690	-1.600834	111.723015	0.010579	7.7
1691	-1.274595	111.685604	0.006522	8.2
1692	-0.704769	111.648226	0.008067	7.3
1693	-1.526617	111.610881	0.009514	7.8
1694	-0.848047	111.573570	0.007947	7.5
1695	-0.382848	111.536292	0.007185	8.6
1696	-0.000034	111.499047	0.000009	7.4
1697	-1.223831	111.461835	0.011340	8.6
1698	-0.306147	111.424656	0.001211	9.6
1699	-0.262259	111.387510	0.003419	9.1
1700	-0.573600	111.350398	0.004888	8.4
1701	-1.010313	111.313318	0.017124	7.9
1702	-0.767447	111.276271	0.005598	7.6
1703	-0.486358	111.239257	0.004310	8.5
1704	-1.559203	111.202276	0.016964	8.3
1705	-1.051056	111.165328	0.015444	7.7
1706	-1.439686	111.128412	0.011610	7.4
1707	-1.641096	111.091529	0.019593	7.9
1708	-0.804853	111.054679	0.004548	8.2
1709	-1.481282	111.017861	0.016203	7.6
1710	-1.282509	110.981076	0.006781	7.2
1711	-1.559740	110.944323	0.009580	8.1
1712	-1.430163	110.907603	0.016843	7.6
1713	-1.513483	110.870915	0.009145	7.9
1714	-1.386496	110.834259	0.009856	7.5
1715	-1.370012	110.797636	0.014461	8.0
1716	-1.054029	110.761045	0.004950	8.9
1717	-1.505605	110.724486	0.012813	7.5
1718	-1.219284	110.687959	0.005298	7.3
1719	-0.847722	110.651465	0.012460	7.9
1720	-1.514333	110.615002	0.009326	7.9
1721	-0.915991	110.578572	0.009651	7.9
1722	-0.460393	110.542173	0.001897	6.9
1723	-1.202727	110.505807	0.010633	7.9
1724	-0.791691	110.469472	0.003786	7.7
1725	-0.971583	110.433169	0.008629	7.6
1726	-1.453776	110.396898	0.008590	7.9
1727	-0.563016	110.360659	0.007320	7.8
1728	-1.534956	110.324451	0.014586	8.0
1729	-1.332632	110.288276	0.010019	7.5
1730	-1.108311	110.252131	0.010905	7.9
1731	-0.754334	110.216019	0.006866	8.2
1732	-1.556984	110.179937	0.010895	11.5
1733	-0.674375	110.143888	0.005603	7.8
1734	-1.349476	110.107869	0.010413	8.4
1735	-0.460704	110.071882	0.007419	7.4
1736	-0.729352	110.035927	0.007394	8.8
1737	-0.799353	110.000003	0.010686	8.0
1738	-0.751873	109.964110	0.009330	7.8
1739	-0.564254	109.928248	0.013531	7.4
1740	-1.056341	109.892417	0.021403	8.2
1741	-1.470928	109.856618	0.014038	7.9
1742	-1.274019	109.820850	0.011288	8.6
1743	-0.205201	109.785112	0.004097	7.4
1744	-0.364836	109.749406	0.006407	8.5
1745	-0.883913	109.713730	0.012876	8.1
1746	-1.662803	109.678086	0.022097	7.7
1747	-1.580255	109.642472	0.010546	7.9
1748	-0.117131	109.606890	0.001256	8.2
1749	-1.241029	109.571337	0.011550	9.4
1750	-0.645701	109.535816	0.009217	9.9
1751	-0.880676	109.500326	0.005160	7.7
1752	-1.390703	109.464866	0.015078	8.7
1753	-1.560416	109.429436	0.014581	7.3
1754	-1.636804	109.394038	0.010139	8.1
1755	-1.208583	109.358669	0.011127	8.1
1756	-0.421513	109.323331	0.004428	8.2
1757	-1.549356	109.288024	0.009189	7.7
1758	-0.547391	109.252747	0.009355	8.3
1759	-1.603983	109.217501	0.010082	7.4
1760	-1.205604	109.182284	0.006387	8.1
1761	-1.083523	109.147098	0.009540	7.5
1762	-1.450576	109.111942	0.016752	7.9
1763	-1.437245	109.076817	0.009493	7.1
1764	-1.546920	109.041721	0.006740	8.2
1765	-0.105045	109.006656	0.001817	8.3
1766	-1.663301	108.971620	0.014265	8.2
1767	-1.432250	108.936615	0.008121	7.6
1768	-0.951180	108.901640	0.009148	8.4
1769	-0.688665	108.866694	0.006647	7.4
1770	-1.604588	108.831779	0.016070	8.2
1771	-1.551197	108.796893	0.010768	8.6
1772	-0.101232	108.762037	0.000753	6.6
1773	-0.723678	108.727211	0.014773	10.1
1774	-0.768979	108.692415	0.007430	9.4
1775	-0.008517	108.657648	0.000821	8.3
1776	-1.319168	108.622911	0.012381	8.0
1777	-0.229858	108.588203	0.002988	7.3
1778	-1.576441	108.553525	0.013463	8.2
1779	-1.551816	108.518877	0.011488	8.0
1780	-1.363546	108.484258	0.006391	8.1
1781	-1.244603	108.449668	0.015273	7.9
1782	-0.684850	108.415108	0.008652	7.4
1783	-1.432912	108.380578	0.003760	8.4
1784	-1.095126	108.346076	0.010486	8.1
1785	-1.117647	108.311604	0.007274	8.6
1786	-0.364056	108.277161	0.001808	8.1
1787	-1.516855	108.242747	0.006874	7.9
1788	-1.084014	108.208363	0.021965	7.6
1789	-0.691187	108.174007	0.012621	8.4
1790	-1.448756	108.139681	0.009390	7.3
1791	-0.942075	108.105383	0.011522	8.7
1792	-0.795167	108.071115	0.010873	7.8
1793	-0.222089	108.036875	0.002434	8.7
1794	-1.004717	108.002665	0.012407	8.4
1795	-0.785011	107.968483	0.005070	7.7
1796	-1.177216	107.934330	0.017538	8.0
1797	-0.784620	107.900206	0.013154	8.4
1798	-1.407860	107.866111	0.010974	8.1
1799	-1.380694	107.832044	0.008337	7.9
1800	-0.791150	107.798007	0.006692	9.4
1801	-0.606438	107.763997	0.011158	9.8
1802	-1.157473	107.730017	0.010377	7.9
1803	-0.818233	107.696065	0.010246	10.4
1804	-1.221116	107.662141	0.018882	8.8
1805	-0.767610	107.628246	0.007426	7.3
1806	-0.893135	107.594379	0.012239	7.6
1807	-1.351752	107.560541	0.018528	8.6
1808	-0.180975	107.526731	0.002888	9.4
1809	-1.192944	107.492949	0.004382	10.4
1810	-0.698671	107.459196	0.007292	7.8
1811	-1.302716	107.425471	0.011572	7.4
1812	-0.925784	107.391774	0.007349	8.0
1813	-0.843407	107.358106	0.004601	8.2
1814	-1.267437	107.324465	0.007584	7.6
1815	-1.063299	107.290853	0.013413	7.4
1816	-1.463664	107.257268	0.013647	8.8
1817	-1.537328	107.223712	0.010357	8.3
1818	-1.600994	107.190184	0.012620	7.3
1819	-0.779822	107.156683	0.009301	7.3
1820	-1.574663	107.123211	0.009751	8.0
1821	-1.543494	107.089766	0.007143	8.3
1822	-1.521413	107.056349	0.016938	7.6
1823	-1.535038	107.022960	0.011152	8.0
1824	-1.573109	106.989599	0.011934	7.9
1825	-0.474755	106.956265	0.003145	7.4
1826	-0.709633	106.922960	0.009071	7.6
1827	-1.389575	106.889681	0.012741	7.9
1828	-1.307045	106.856431	0.011315	8.3
1829	-1.640613	106.823208	0.032530	7.9
1830	-1.313125	106.790012	0.015470	8.1
1831	-1.383269	106.756844	0.008845	8.1
1832	-0.148567	106.723703	0.001267	8.7
1833	-1.304686	106.690590	0.009337	8.2
1834	-1.545550	106.657505	0.008238	7.7
1835	-1.451459	106.624446	0.011027	7.6
1836	-1.378046	106.591415	0.011849	9.0
1837	-1.329589	106.558411	0.009665	7.9
1838	-1.282827	106.525435	0.010461	7.9
1839	-0.909607	106.492485	0.010050	7.9
1840	-1.202342	106.459563	0.014168	7.3
1841	-1.369509	106.426668	0.007920	8.6
1842	-1.480560	106.393800	0.009598	8.1
1843	-0.392643	106.360959	0.007321	7.9
1844	-1.302134	106.328145	0.013515	7.3
1845	-0.192168	106.295358	0.002824	7.8
1846	-0.637171	106.262598	0.009942	7.9
1847	-1.633498	106.229865	0.007860	7.7
1848	-0.837579	106.197158	0.010970	7.4
1849	-0.869432	106.164479	0.007453	7.6
1850	-0.830772	106.131826	0.010600	7.6
1851	-1.380596	106.099201	0.011176	7.5
1852	-0.611536	106.066602	0.004127	10.2
1853	-0.843850	106.034029	0.004595	9.1
1854	-1.176493	106.001483	0.012501	11.3
1855	-1.284752	105.968964	0.009483	8.1
1856	-1.608867	105.936472	0.015523	8.2
1857	-1.659769	105.904006	0.013486	8.7
1858	-0.620472	105.871566	0.005914	7.9
1859	-1.361838	105.839153	0.014491	9.9
1860	-1.592277	105.806767	0.034355	9.7
1861	-1.181133	105.774407	0.005519	8.7
1862	-0.697746	105.742073	0.010817	8.1
1863	-0.740286	105.709766	0.008884	7.4
1864	-1.468569	105.677485	0.010308	7.9
1865	-1.224472	105.645230	0.011267	7.7
1866	-0.287235	105.613001	0.002585	6.9
1867	-0.143628	105.580799	0.001205	7.5
1868	-1.281886	105.548623	0.007297	8.7
1869	-1.584933	105.516473	0.019416	7.4
1870	-0.802955	105.484349	0.012888	8.2
1871	-0.923313	105.452251	0.011565	8.3
1872	-0.820194	105.420179	0.011263	7.9
1873	-1.398745	105.388133	0.014253	7.5
1874	-0.716411	105.356113	0.005666	8.0
1875	-1.455991	105.324119	0.011515	7.2
1876	-0.576701	105.292151	0.007693	8.6
1877	-1.509436	105.260209	0.008298	7.4
1878	-0.939428	105.228293	0.007030	8.4
1879	-0.750429	105.196402	0.014334	7.3
1880	-1.301561	105.164537	0.008823	8.6
1881	-1.054791	105.132698	0.012932	7.5
1882	-1.616896	105.100885	0.015728	7.9
1883	-0.836058	105.069097	0.010064	7.3
1884	-0.536887	105.037335	0.004868	8.4
1885	-0.662196	105.005598	0.007828	8.3
1886	-1.023910	104.973887	0.007523	8.1
1887	-0.544220	104.942202	0.008531	8.1
1888	-1.521406	104.910542	0.012689	7.8
1889	-1.583453	104.878907	0.008234	7.5
1890	-0.674690	104.847298	0.006973	7.8
1891	-1.619325	104.815715	0.018842	7.4
1892	-0.079022	104.784156	0.001101	8.8
1893	-0.940992	104.752623	0.010506	7.6
1894	-0.796628	104.721116	0.006987	8.1
1895	-0.735953	104.689633	0.008996	7.3
1896	-0.772041	104.658176	0.006897	8.7
1897	-0.321840	104.626744	0.006882	7.6
1898	-1.066832	104.595337	0.011929	8.2
1899	-0.783702	104.563955	0.004516	7.4
1900	-1.457577	104.532599	0.019647	8.7
1901	-0.799874	104.501267	0.004411	7.7
1902	-1.388190	104.469960	0.006094	8.8
1903	-1.134879	104.438679	0.007060	9.3
1904	-0.995830	104.407422	0.007173	10.7
1905	-0.660141	104.376191	0.010056	7.5
1906	-0.642795	104.344984	0.004477	8.5
1907	-1.608981	104.313802	0.008174	7.8
1908	-1.639567	104.282645	0.015305	7.8
1909	-1.666900	104.251513	0.009802	7.5
1910	-0.897943	104.220405	0.006684	8.2
1911	-0.729701	104.189323	0.009547	7.5
1912	-0.111107	104.158265	0.001873	7.5
1913	-1.524166	104.127231	0.021104	7.4
1914	-0.664304	104.096222	0.008838	8.2
1915	-1.416750	104.065238	0.013975	8.2
1916	-1.233493	104.034279	0.013921	7.1
1917	-1.733188	104.003344	0.005998	8.0
1918	-0.790482	103.972433	0.009249	7.9
1919	-1.108520	103.941547	0.006412	9.6
1920	-0.876844	103.910686	0.013274	9.3
1921	-1.021226	103.879849	0.011612	9.9
1922	-1.148151	103.849036	0.007261	7.4
1923	-0.072456	103.818248	0.000574	6.7
1924	-0.620498	103.787484	0.002372	7.7
1925	-0.536047	103.756744	0.004983	8.1
1926	-1.515261	103.726029	0.006230	7.4
1927	-1.047997	103.695338	0.005704	8.5
1928	-0.542828	103.664671	0.007875	7.5
1929	-1.649908	103.634028	0.007714	7.9
1930	-0.316423	103.603409	0.002530	7.4
1931	-0.280488	103.572814	0.003501	8.9
1932	-0.829678	103.542244	0.010646	7.5
1933	-1.446544	103.511698	0.009788	9.0
1934	-1.524415	103.481175	0.010593	7.3
1935	-1.002705	103.450677	0.009287	7.8
1936	-0.548434	103.420202	0.004029	7.5
1937	-1.628392	103.389752	0.011033	7.8
1938	-1.274534	103.359325	0.009558	7.4
1939	-0.609859	103.328922	0.002646	8.0
1940	-0.732327	103.298543	0.020315	8.4
1941	-1.714556	103.268188	0.012749	8.1
1942	-0.495204	103.237857	0.006836	7.3
1943	-1.175025	103.207549	0.011813	8.8
1944	-0.294391	103.177265	0.002491	7.9
1945	-0.937074	103.147005	0.007135	8.1
1946	-1.229672	103.116768	0.007891	7.4
1947	-1.548413	103.086556	0.007642	8.7
1948	-0.994472	103.056366	0.005962	7.7
1949	-0.951979	103.026200	0.006014	8.4
1950	-1.258180	102.996058	0.011546	7.3
1951	-1.021222	102.965939	0.007345	7.6
1952	-0.821874	102.935844	0.012614	7.4
1953	-0.680146	102.905772	0.006712	8.2
1954	-1.226712	102.875724	0.008732	7.4
1955	-1.030407	102.845699	0.006678	10.6
1956	-1.572077	102.815697	0.014782	7.7
1957	-1.155513	102.785719	0.007606	8.3
1958	-0.945337	102.755764	0.009173	8.9
1959	-0.733640	102.725832	0.019640	8.1
1960	-1.003397	102.695924	0.008875	7.3
1961	-1.544799	102.666038	0.008213	8.2
1962	-0.555526	102.636176	0.006327	7.9
1963	-1.539377	102.606337	0.013728	7.6
1964	-1.662785	102.576521	0.018202	8.0
1965	-0.665355	102.546728	0.006945	8.8
1966	-0.629492	102.516959	0.011708	8.1
1967	-1.575833	102.487212	0.026108	7.7
1968	-1.591569	102.457488	0.014152	7.4
1969	-1.523912	102.427788	0.012381	8.5
1970	-0.798196	102.398110	0.011709	8.0
1971	-1.642710	102.368455	0.009495	7.6
1972	-1.267797	102.338823	0.006728	6.6
1973	-1.575836	102.309214	0.016526	7.9
1974	-1.652697	102.279628	0.020755	8.0
1975	-0.534196	102.250064	0.002126	7.3
1976	-1.326056	102.220524	0.018039	11.8
1977	-1.581838	102.191006	0.009681	8.2
1978	-0.536699	102.161511	0.005131	9.4
1979	-1.094969	102.132038	0.007181	7.5
1980	-1.627731	102.102588	0.016177	8.6
1981	-0.685935	102.073161	0.004510	7.4
1982	-0.705590	102.043757	0.006531	8.7
1983	-1.444648	102.014375	0.011658	7.8
1984	-1.602550	101.985015	0.010021	7.4
1985	-1.314524	101.955678	0.005867	7.4
1986	-0.506871	101.926364	0.004654	8.6
1987	-0.736123	101.897072	0.012660	7.5
1988	-0.975619	101.867802	0.006300	8.5
1989	-1.434135	101.838555	0.009737	7.4
1990	-1.194832	101.809330	0.008337	8.7
1991	-0.842244	101.780128	0.014532	7.6
1992	-0.554990	101.750948	0.005832	8.3
1993	-1.680357	101.721790	0.016091	7.4
1994	-1.399417	101.692654	0.005583	7.9
1995	-0.841591	101.663541	0.008281	7.9
1996	-1.562787	101.634450	0.009677	8.7
1997	-0.703675	101.605381	0.006932	7.5
1998	-0.586691	101.576335	0.009195	7.8
1999	-1.336356	101.547310	0.019911	7.7
