1:ItNr	2:Metric	3:StepSize	4:||Gradient||	Time[ms]
0	-1.001624	627.201626	0.009176	473.2
1	-1.119580	623.504937	0.011484	8.4
2	-0.723519	619.865785	0.012094	8.1
3	-1.155187	616.282728	0.009509	7.5
4	-0.222276	612.754375	0.001562	9.6
5	-1.270204	609.279381	0.016022	8.7
6	-0.959632	605.856447	0.012168	8.5
7	-0.016009	602.484317	0.000165	8.5
8	-0.626761	599.161779	0.006667	7.7
9	-0.635581	595.887656	0.006548	8.2
10	-0.739151	592.660813	0.004028	7.9
11	-0.627624	589.480151	0.009219	9.1
12	-0.796796	586.344606	0.009728	8.7
13	-0.859335	583.253145	0.012029	10.8
14	-1.098483	580.204771	0.015846	7.8
15	-1.205615	577.198517	0.012508	7.8
16	-1.051564	574.233444	0.010559	9.9
17	-1.155955	571.308645	0.007976	7.6
18	-1.218870	568.423237	0.015825	12.0
19	-0.550141	565.576365	0.008030	8.3
20	-0.008092	562.767201	0.000653	8.2
21	-0.360079	559.994938	0.003998	7.9
22	-0.578887	557.258797	0.008151	9.0
23	-0.981735	554.558018	0.008782	8.7
24	-1.242897	551.891865	0.011510	8.5
25	-0.978965	549.259621	0.011353	8.2
26	-1.164207	546.660592	0.006567	7.5
27	-0.941723	544.094102	0.010754	13.1
28	-0.954303	541.559494	0.015719	12.3
29	-1.322132	539.056129	0.015663	13.0
30	-1.051390	536.583387	0.010771	15.1
31	-0.277707	534.140663	0.003921	8.0
32	-0.180764	531.727370	0.003251	9.4
33	-0.733514	529.342935	0.008874	8.6
34	-1.259223	526.986802	0.023295	9.6
35	-1.079425	524.658430	0.012270	10.2
36	-0.520741	522.357290	0.004650	11.6
37	-0.299742	520.082868	0.003985	7.7
38	-1.072611	517.834665	0.011807	8.0
39	-1.004033	515.612193	0.007797	9.1
40	-0.670884	513.414976	0.010818	8.0
41	-0.654323	511.242551	0.006701	8.5
42	-1.253758	509.094468	0.011125	10.5
43	-1.051120	506.970285	0.010683	10.2
44	-0.718661	504.869574	0.009739	8.7
45	-0.679834	502.791916	0.007735	7.8
46	-0.476841	500.736903	0.002971	8.9
47	-1.210074	498.704137	0.014692	7.8
48	-1.155904	496.693228	0.014917	8.3
49	-0.492855	494.703798	0.006018	9.4
50	-0.739949	492.735476	0.004686	9.5
51	-0.042435	490.787900	0.001695	7.3
52	-0.825020	488.860718	0.007366	8.9
53	-1.251983	486.953585	0.011385	8.6
54	-1.218923	485.066164	0.010601	7.9
55	-0.865606	483.198126	0.010702	8.5
56	-1.049767	481.349149	0.011160	9.4
57	-0.662675	479.518920	0.008881	10.3
58	-0.869536	477.707132	0.007784	8.4
59	-1.042399	475.913485	0.011534	8.4
60	-0.683018	474.137684	0.005694	8.2
61	-0.971072	472.379445	0.011635	7.8
62	-0.017924	470.638485	0.000092	7.4
63	-0.091478	468.914531	0.002028	7.9
64	-0.523410	467.207315	0.007747	8.2
65	-1.134872	465.516573	0.007726	8.2
66	-0.414571	463.842050	0.007371	7.5
67	-0.573359	462.183494	0.008874	8.3
68	-0.685676	460.540658	0.007255	8.6
69	-0.598180	458.913303	0.005922	8.6
70	-0.157568	457.301192	0.002253	7.9
71	-1.278777	455.704096	0.015660	13.6
72	-0.540028	454.121787	0.004060	12.8
73	-1.346309	452.554045	0.012561	8.6
74	-0.953089	451.000653	0.007590	7.5
75	-1.231101	449.461399	0.013839	8.1
76	-0.166897	447.936075	0.003767	10.2
77	-0.810638	446.424477	0.006532	10.2
78	-0.443346	444.926406	0.004231	7.7
79	-1.091723	443.441666	0.010319	8.0
80	-1.183520	441.970065	0.009257	7.5
81	-1.179941	440.511415	0.012187	8.9
82	-1.033090	439.065533	0.008525	8.2
83	-0.696764	437.632238	0.009643	8.6
84	-0.820863	436.211351	0.008256	10.0
85	-1.040180	434.802701	0.007796	12.6
86	-0.251624	433.406117	0.003588	13.2
87	-1.176778	432.021430	0.013547	10.9
88	-0.934380	430.648479	0.008973	12.1
89	-0.815984	429.287101	0.007615	14.4
90	-0.915447	427.937140	0.009112	8.7
91	-0.530622	426.598440	0.010483	10.0
92	-1.009914	425.270849	0.007935	11.0
93	-0.290742	423.954220	0.002748	9.6
94	-1.049333	422.648404	0.008876	9.1
95	-0.260423	421.353259	0.005544	11.1
96	-0.604097	420.068643	0.008227	9.6
97	-0.181309	418.794419	0.002793	8.4
98	-1.200371	417.530451	0.009855	9.2
99	-0.840264	416.276604	0.009621	8.3
100	-0.703180	415.032748	0.007136	8.2
101	-1.352257	413.798754	0.015119	8.1
102	-0.816899	412.574495	0.006016	8.4
103	-0.967449	411.359849	0.009161	7.3
104	-1.208762	410.154691	0.010194	7.9
105	-0.560003	408.958904	0.007402	7.7
106	-0.534299	407.772368	0.006461	9.4
107	-0.712592	406.594968	0.007526	11.2
108	-0.330999	405.426590	0.005015	9.0
109	-0.961539	404.267122	0.007555	7.6
110	-1.275457	403.116456	0.011172	8.5
111	-1.167128	401.974481	0.007482	7.6
112	-0.669099	400.841093	0.005087	10.0
113	-1.294591	399.716187	0.008951	12.2
114	-1.287116	398.599660	0.008707	8.5
115	-1.163799	397.491411	0.010580	9.9
116	-0.678498	396.391342	0.007977	14.8
117	-0.668082	395.299353	0.008056	12.6
118	-1.210141	394.215350	0.011200	12.0
119	-1.159865	393.139238	0.008022	12.3
120	-1.248150	392.070924	0.018678	12.1
121	-1.281056	391.010316	0.010072	11.6
122	-0.247531	389.957325	0.002718	13.2
123	-1.156277	388.911862	0.013958	14.7
124	-0.660212	387.873839	0.007213	16.5
125	-0.577349	386.843173	0.005815	13.5
126	-0.952689	385.819777	0.009127	8.5
127	-1.301183	384.803569	0.007296	7.6
128	-1.021913	383.794468	0.008867	8.4
129	-1.032399	382.792393	0.008955	8.3
130	-0.501643	381.797264	0.008212	10.1
131	-1.232857	380.809005	0.009303	8.2
132	-1.196577	379.827537	0.007547	8.9
133	-0.398630	378.852786	0.003924	7.5
134	-1.116961	377.884678	0.010214	8.2
135	-0.744044	376.923138	0.008102	9.2
136	-1.134402	375.968095	0.008668	13.8
137	-0.706341	375.019479	0.007407	14.1
138	-1.170180	374.077218	0.009388	13.6
139	-1.079588	373.141244	0.012051	10.3
140	-0.762324	372.211489	0.006304	8.3
141	-0.959772	371.287887	0.008980	10.9
142	-1.127842	370.370370	0.011981	8.2
143	-1.040174	369.458876	0.006051	8.3
144	-1.003588	368.553338	0.012307	12.5
145	-1.198706	367.653696	0.011992	10.0
146	-1.099098	366.759885	0.006177	8.6
147	-0.780100	365.871846	0.005057	7.2
148	-0.873999	364.989518	0.008392	8.3
149	-0.615122	364.112841	0.006437	8.2
150	-0.981867	363.241757	0.006080	7.7
151	-0.611249	362.376208	0.006195	7.3
152	-1.020909	361.516137	0.007860	8.1
153	-0.655109	360.661488	0.009317	7.9
154	-0.365898	359.812206	0.008246	7.7
155	-0.773729	358.968236	0.008370	12.3
156	-1.369560	358.129524	0.011624	8.8
157	-1.249722	357.296018	0.008191	8.2
158	-0.414801	356.467665	0.004863	8.1
159	-0.577196	355.644414	0.007963	8.2
160	-1.039393	354.826213	0.006690	7.8
161	-0.734019	354.013012	0.010766	12.0
162	-0.040942	353.204763	0.001101	8.2
163	-0.112671	352.401415	0.002576	7.7
164	-0.661549	351.602922	0.004458	11.3
165	-1.236328	350.809235	0.007522	7.7
166	-0.445003	350.020308	0.007041	8.2
167	-1.309181	349.236095	0.011125	9.2
168	-1.064839	348.456550	0.008352	9.6
169	-0.557290	347.681627	0.005388	8.3
170	-0.961421	346.911283	0.006703	7.9
171	-0.903266	346.145474	0.008983	8.1
172	-0.923013	345.384157	0.008305	7.6
173	-0.743563	344.627288	0.004776	8.9
174	-1.256223	343.874826	0.010173	10.1
175	-1.192461	343.126729	0.008142	9.1
176	-0.944891	342.382957	0.009969	8.7
177	-0.851956	341.643469	0.005991	8.0
178	-0.776295	340.908224	0.004784	7.0
179	-0.600373	340.177184	0.009702	8.2
180	-1.284965	339.450309	0.010459	8.3
181	-0.812986	338.727561	0.007970	8.1
182	-1.174998	338.008902	0.014517	7.4
183	-0.906818	337.294295	0.007512	10.5
184	-0.975060	336.583703	0.009479	9.0
185	-0.650073	335.877089	0.007733	8.4
186	-0.538030	335.174416	0.006681	8.3
187	-1.319094	334.475651	0.009933	7.6
188	-1.086159	333.780756	0.008988	10.9
189	-0.392127	333.089698	0.005615	7.9
190	-0.024320	332.402443	0.001697	8.0
191	-0.610467	331.718955	0.007197	8.2
192	-0.825881	331.039203	0.009337	8.2
193	-0.420178	330.363153	0.005766	7.5
194	-0.993475	329.690771	0.005918	13.9
195	-0.975804	329.022027	0.008089	12.6
196	-1.185608	328.356888	0.006796	13.8
197	-0.833297	327.695322	0.005501	10.4
198	-1.016869	327.037299	0.006539	9.9
199	-0.085005	326.382787	0.000714	9.7
200	-0.826096	325.731758	0.007881	8.9
201	-0.010518	325.084179	0.001366	11.0
202	-0.887300	324.440023	0.006957	9.9
203	-1.226052	323.799258	0.007596	12.1
204	-0.407343	323.161858	0.005342	8.1
205	-0.067746	322.527792	0.002777	8.7
206	-0.866316	321.897034	0.007435	11.0
207	-1.187746	321.269554	0.008238	8.2
208	-1.316548	320.645325	0.008220	8.8
209	-1.140426	320.024320	0.009694	8.8
210	-0.315515	319.406512	0.004076	8.7
211	-0.785903	318.791875	0.007971	8.6
212	-1.181996	318.180381	0.007754	7.8
213	-0.602245	317.572005	0.007639	8.4
214	-1.194937	316.966721	0.009078	8.0
215	-0.295578	316.364504	0.002584	9.0
216	-0.545681	315.765329	0.002362	8.6
217	-0.420304	315.169170	0.002885	9.0
218	-1.196883	314.576003	0.009500	8.2
219	-1.276837	313.985804	0.009227	8.1
220	-1.310152	313.398548	0.014029	9.6
221	-0.311751	312.814213	0.003933	9.6
222	-1.270478	312.232773	0.008913	8.8
223	-0.330849	311.654207	0.003587	8.2
224	-1.124216	311.078491	0.006807	7.6
225	-0.128830	310.505602	0.001044	7.2
226	-0.577462	309.935518	0.004260	8.6
227	-0.893549	309.368217	0.010416	8.5
228	-0.963725	308.803676	0.007532	8.1
229	-0.654571	308.241874	0.005618	9.7
230	-0.727387	307.682789	0.008048	8.7
231	-0.728865	307.126400	0.011406	9.2
232	-0.822297	306.572687	0.008099	9.0
233	-1.068133	306.021627	0.009567	9.6
234	-1.321377	305.473201	0.010985	7.7
235	-0.995699	304.927388	0.009412	8.6
236	-0.625809	304.384168	0.007551	8.4
237	-0.517449	303.843521	0.004126	7.5
238	-1.056359	303.305427	0.007490	8.9
239	-1.239302	302.769867	0.010314	10.0
240	-0.862726	302.236821	0.007239	8.7
241	-0.824243	301.706270	0.012299	10.2
242	-1.339444	301.178196	0.018352	9.4
243	-0.570807	300.652580	0.003666	8.6
244	-1.248419	300.129402	0.007651	9.0
245	-1.284975	299.608645	0.009642	8.8
246	-0.205616	299.090291	0.002069	7.4
247	-1.078199	298.574321	0.004763	8.1
248	-1.203035	298.060718	0.017559	8.5
249	-0.532991	297.549465	0.006507	8.4
250	-0.832208	297.040543	0.009305	8.5
251	-0.677837	296.533936	0.005162	9.0
252	-0.065049	296.029626	0.000752	12.5
253	-1.347765	295.527597	0.012817	12.6
254	-0.949867	295.027832	0.008511	15.4
255	-0.435379	294.530315	0.004749	9.3
256	-1.173437	294.035028	0.005888	11.1
257	-1.299475	293.541956	0.017546	8.0
258	-1.032924	293.051083	0.009476	8.1
259	-0.495112	292.562393	0.004664	8.5
260	-0.615986	292.075870	0.006454	8.8
261	-1.259734	291.591498	0.009168	9.9
262	-1.029543	291.109263	0.007679	8.9
263	-1.153000	290.629149	0.015541	8.2
264	-1.090497	290.151140	0.013661	8.3
265	-0.710154	289.675222	0.008629	8.1
266	-1.045776	289.201380	0.006643	7.7
267	-0.042905	288.729600	0.000502	8.1
268	-0.651703	288.259866	0.004965	8.2
269	-1.352874	287.792165	0.009804	8.3
270	-0.961374	287.326481	0.005267	7.5
271	-0.451271	286.862802	0.006088	9.1
272	-1.139426	286.401113	0.009230	7.2
273	-1.257487	285.941400	0.006243	8.5
274	-0.906185	285.483649	0.004399	7.5
275	-0.802279	285.027847	0.006184	8.9
276	-0.851547	284.573981	0.008566	7.9
277	-0.881494	284.122037	0.004454	8.5
278	-1.246798	283.672002	0.009158	8.0
279	-1.002294	283.223863	0.008038	7.8
280	-1.317533	282.777607	0.007849	9.2
281	-0.280213	282.333221	0.002696	8.4
282	-1.161749	281.890692	0.009482	8.2
283	-0.744852	281.450008	0.006748	8.2
284	-0.907191	281.011157	0.009130	8.4
285	-1.225755	280.574125	0.008503	8.8
286	-1.298372	280.138901	0.008578	7.6
287	-1.297083	279.705473	0.010823	8.2
288	-0.941720	279.273829	0.008985	7.8
289	-0.387217	278.843956	0.003674	8.0
290	-0.818005	278.415844	0.006500	7.9
291	-1.075786	277.989479	0.008510	8.1
292	-0.578146	277.564851	0.006001	8.5
293	-0.351757	277.141949	0.003571	7.6
294	-1.025887	276.720761	0.008643	8.1
295	-0.434325	276.301275	0.004192	8.4
296	-1.285216	275.883480	0.008010	8.7
297	-1.132503	275.467366	0.005404	7.7
298	-0.543421	275.052922	0.002615	8.6
299	-0.627120	274.640136	0.008157	8.4
300	-1.124471	274.228998	0.006956	8.5
301	-0.817522	273.819497	0.010218	7.4
302	-0.170975	273.411623	0.002947	7.3
303	-1.231142	273.005365	0.007426	8.0
304	-0.088720	272.600712	0.002628	8.4
305	-1.025323	272.197655	0.006489	7.5
306	-0.638741	271.796184	0.008140	9.6
307	-0.276677	271.396287	0.002795	8.2
308	-0.197344	270.997956	0.001971	8.9
309	-0.701717	270.601180	0.007259	8.1
310	-0.993501	270.205949	0.009475	8.3
311	-0.590794	269.812254	0.007581	7.8
312	-0.842066	269.420085	0.008756	8.3
313	-1.153204	269.029432	0.005702	12.2
314	-0.448906	268.640287	0.005142	12.1
315	-0.869047	268.252638	0.005009	14.1
316	-0.664338	267.866478	0.006543	12.6
317	-0.640893	267.481796	0.003462	9.8
318	-0.065568	267.098584	0.000695	7.7
319	-0.205710	266.716833	0.002788	8.0
320	-0.771566	266.336533	0.007948	8.4
321	-0.403162	265.957676	0.004058	8.9
322	-0.264472	265.580253	0.004077	9.4
323	-1.085880	265.204254	0.008392	10.3
324	-0.759224	264.829672	0.007143	8.1
325	-1.206575	264.456497	0.009255	7.9
326	-1.145167	264.084721	0.007920	9.2
327	-0.707513	263.714335	0.005490	8.1
328	-1.121290	263.345332	0.008123	9.8
329	-0.293345	262.977702	0.003898	8.3
330	-0.739653	262.611438	0.008226	8.1
331	-0.884587	262.246531	0.007352	7.6
332	-0.723481	261.882973	0.006627	8.1
333	-1.291432	261.520756	0.016789	7.7
334	-1.304324	261.159871	0.014557	9.0
335	-1.151902	260.800312	0.009618	7.5
336	-1.071584	260.442070	0.006663	8.5
337	-1.275914	260.085137	0.008227	8.7
338	-1.209653	259.729505	0.010015	8.1
339	-0.183331	259.375167	0.001878	8.3
340	-0.372796	259.022116	0.003860	7.6
341	-1.218290	258.670343	0.014992	8.0
342	-0.371687	258.319841	0.004659	8.0
343	-1.206679	257.970602	0.008277	7.5
344	-1.104004	257.622620	0.006387	8.4
345	-0.836391	257.275887	0.009550	9.3
346	-1.113955	256.930396	0.008721	8.5
347	-0.572349	256.586139	0.004742	8.7
348	-0.664571	256.243109	0.007978	7.6
349	-0.957706	255.901300	0.008069	8.2
350	-0.812637	255.560703	0.005605	8.2
351	-0.255915	255.221313	0.003228	8.1
352	-0.683621	254.883122	0.005739	7.7
353	-0.779138	254.546124	0.009661	8.4
354	-0.737494	254.210311	0.003920	7.8
355	-0.723196	253.875677	0.006205	8.2
356	-0.564179	253.542215	0.005069	8.0
357	-0.350929	253.209918	0.003878	7.8
358	-0.849163	252.878781	0.004246	7.9
359	-1.113911	252.548795	0.006308	8.4
360	-0.235818	252.219956	0.002913	7.9
361	-1.180592	251.892255	0.012420	7.9
362	-1.133505	251.565688	0.010119	8.7
363	-0.455746	251.240247	0.001858	7.5
364	-0.262100	250.915926	0.001559	8.2
365	-0.473991	250.592720	0.005295	7.8
366	-0.885855	250.270621	0.007911	7.6
367	-1.227675	249.949624	0.009403	7.8
368	-0.974013	249.629723	0.008335	8.0
369	-0.775503	249.310911	0.003745	7.9
370	-0.347899	248.993182	0.002719	7.9
371	-1.167822	248.676531	0.007436	9.2
372	-1.092892	248.360952	0.007317	11.0
373	-1.215569	248.046438	0.012589	9.6
374	-0.945820	247.732984	0.009212	10.4
375	-1.253518	247.420584	0.007535	11.3
376	-0.644644	247.109233	0.007646	11.7
377	-0.625787	246.798924	0.006220	12.0
378	-0.832157	246.489652	0.007149	8.9
379	-0.089835	246.181412	0.001931	9.8
380	-0.887032	245.874197	0.004705	8.4
381	-1.058707	245.568002	0.008853	8.4
382	-0.325846	245.262822	0.006330	8.0
383	-0.982104	244.958652	0.006155	9.2
384	-1.268694	244.655485	0.007378	10.3
385	-0.989554	244.353317	0.009137	9.6
386	-0.981470	244.052142	0.011902	7.7
387	-0.608201	243.751955	0.004451	8.8
388	-0.784397	243.452750	0.009350	7.9
389	-0.889544	243.154523	0.007511	8.4
390	-1.230821	242.857268	0.007612	8.1
391	-1.285806	242.560980	0.007924	8.6
392	-1.146908	242.265654	0.007573	8.1
393	-0.196016	241.971285	0.003041	8.3
394	-1.127891	241.677868	0.007736	7.8
395	-0.966111	241.385397	0.007199	7.6
396	-0.861587	241.093869	0.005455	8.5
397	-1.391172	240.803278	0.013669	8.2
398	-1.289472	240.513619	0.004218	8.4
399	-0.574192	240.224887	0.005329	9.9
400	-0.278382	239.937077	0.003962	8.9
401	-0.687576	239.650186	0.002900	8.6
402	-0.449360	239.364207	0.005953	8.4
403	-1.129646	239.079136	0.007612	7.9
404	-1.027076	238.794969	0.006357	9.6
405	-0.132852	238.511701	0.001983	8.5
406	-1.129186	238.229327	0.008931	8.4
407	-1.343633	237.947843	0.010454	8.3
408	-1.298418	237.667244	0.005907	8.3
409	-0.301548	237.387526	0.003705	7.4
410	-0.320294	237.108684	0.003541	8.2
411	-1.025291	236.830714	0.006859	8.2
412	-1.008519	236.553610	0.007782	8.3
413	-0.619726	236.277370	0.006220	7.4
414	-0.715200	236.001989	0.005332	8.1
415	-1.005407	235.727461	0.007214	9.4
416	-1.214892	235.453784	0.010046	8.9
417	-0.509694	235.180952	0.007462	7.9
418	-1.308799	234.908962	0.008860	7.5
419	-0.877238	234.637809	0.007354	8.1
420	-1.341044	234.367488	0.006433	8.4
421	-0.880880	234.097997	0.004132	9.7
422	-1.250345	233.829331	0.006610	7.5
423	-0.838211	233.561485	0.005549	9.0
424	-0.429276	233.294456	0.004120	8.2
425	-0.413898	233.028239	0.004129	8.7
426	-0.634425	232.762831	0.007604	8.0
427	-1.277687	232.498228	0.006612	8.0
428	-1.126610	232.234425	0.006936	12.4
429	-0.887311	231.971419	0.007230	7.6
430	-1.139357	231.709205	0.009362	8.9
431	-0.749341	231.447781	0.007177	8.3
432	-1.058984	231.187141	0.006870	8.8
433	-0.896221	230.927283	0.004510	7.6
434	-0.887276	230.668202	0.006086	12.4
435	-0.527972	230.409895	0.003972	11.0
436	-0.176810	230.152358	0.001800	13.5
437	-0.300304	229.895587	0.004209	10.3
438	-0.512506	229.639578	0.002306	9.6
439	-0.411632	229.384329	0.006055	8.0
440	-0.998781	229.129834	0.014553	8.1
441	-0.864235	228.876091	0.009275	7.8
442	-1.283319	228.623096	0.010235	8.7
443	-1.131428	228.370846	0.007813	10.8
444	-0.879975	228.119336	0.005601	8.6
445	-0.992537	227.868563	0.008453	8.5
446	-0.714377	227.618525	0.007028	7.7
447	-1.170635	227.369216	0.009505	8.8
448	-1.144337	227.120635	0.007414	7.8
449	-1.108306	226.872777	0.008079	8.9
450	-1.219311	226.625638	0.009018	7.8
451	-0.742975	226.379217	0.005961	8.0
452	-0.598104	226.133509	0.005520	8.3
453	-0.855178	225.888510	0.003789	8.1
454	-1.098093	225.644218	0.008327	7.8
455	-1.198398	225.400630	0.006525	7.7
456	-0.885406	225.157741	0.009533	8.5
457	-0.959729	224.915549	0.006491	7.9
458	-0.615170	224.674051	0.004960	7.9
459	-0.004690	224.433242	0.000575	8.2
460	-1.152228	224.193121	0.006079	8.3
461	-0.323497	223.953684	0.005417	8.3
462	-0.779376	223.714927	0.006633	8.2
463	-0.129769	223.476848	0.002227	6.9
464	-0.580739	223.239444	0.005124	8.3
465	-0.695920	223.002710	0.006981	7.1
466	-1.381109	222.766645	0.009292	7.9
467	-1.369059	222.531245	0.007950	7.9
468	-0.346030	222.296508	0.004813	8.5
469	-0.963719	222.062429	0.007189	7.9
470	-0.645532	221.829007	0.005351	8.1
471	-0.549657	221.596238	0.005330	8.4
472	-0.963704	221.364119	0.006611	7.6
473	-1.304643	221.132647	0.006934	8.1
474	-1.086480	220.901820	0.004757	8.6
475	-1.090871	220.671634	0.009399	8.7
476	-1.032731	220.442086	0.007433	7.7
477	-1.291997	220.213174	0.010252	8.4
478	-0.125446	219.984895	0.001310	8.3
479	-1.142063	219.757246	0.007789	8.2
480	-1.275352	219.530224	0.008246	8.0
481	-0.998666	219.303826	0.005896	8.5
482	-1.016230	219.078050	0.010609	8.7
483	-0.730315	218.852893	0.003974	8.1
484	-1.198813	218.628352	0.006705	8.5
485	-1.182286	218.404424	0.010153	7.7
486	-0.412762	218.181106	0.002407	9.1
487	-0.728582	217.958397	0.005593	9.4
488	-1.070045	217.736292	0.006503	8.5
489	-0.774106	217.514790	0.007890	9.0
490	-0.319424	217.293888	0.003753	7.9
491	-0.586164	217.073584	0.003232	7.6
492	-0.317211	216.853873	0.003337	8.6
493	-0.612005	216.634755	0.006843	7.6
494	-1.231100	216.416227	0.006710	8.0
495	-1.205436	216.198285	0.009651	7.9
496	-0.543030	215.980927	0.005008	11.9
497	-0.833624	215.764151	0.009868	12.4
498	-0.988465	215.547955	0.007500	13.7
499	-1.311929	215.332335	0.010714	10.6
500	-0.943906	215.117289	0.007548	8.7
501	-1.053239	214.902815	0.007095	8.1
502	-0.783375	214.688911	0.006589	7.9
503	-1.281187	214.475573	0.008799	8.1
504	-0.821152	214.262800	0.006630	8.5
505	-1.236516	214.050588	0.011409	9.7
506	-1.115453	213.838936	0.005569	9.5
507	-1.377380	213.627842	0.009605	8.2
508	-0.724325	213.417302	0.004709	7.7
509	-0.057333	213.207314	0.001858	8.2
510	-0.632592	212.997877	0.005726	8.3
511	-1.085993	212.788987	0.006914	8.3
512	-0.706465	212.580642	0.004778	7.3
513	-0.002022	212.372841	0.000050	7.9
514	-0.775093	212.165581	0.009400	9.1
515	-0.192436	211.958859	0.003592	7.3
516	-0.831270	211.752673	0.004496	7.6
517	-1.267648	211.547021	0.005343	8.2
518	-0.574894	211.341902	0.006604	8.0
519	-1.228256	211.137311	0.006336	8.0
520	-1.110750	210.933248	0.008037	7.6
521	-0.474600	210.729710	0.005111	8.9
522	-1.141188	210.526695	0.005031	10.4
523	-1.294869	210.324200	0.009573	7.6
524	-0.873596	210.122224	0.006378	8.3
525	-0.581171	209.920765	0.002847	7.4
526	-0.842424	209.719820	0.005815	8.5
527	-0.107044	209.519387	0.002210	8.0
528	-0.725171	209.319463	0.007252	8.0
529	-1.360617	209.120048	0.006815	8.3
530	-1.057081	208.921139	0.012711	7.9
531	-0.614048	208.722733	0.005029	7.4
532	-1.196888	208.524829	0.011908	8.6
533	-1.150309	208.327425	0.007134	7.7
534	-0.010999	208.130518	0.000055	7.1
535	-1.181920	207.934107	0.007522	7.6
536	-0.326162	207.738189	0.003179	8.8
537	-0.925550	207.542762	0.006737	6.9
538	-1.322022	207.347825	0.005368	8.9
539	-0.360700	207.153376	0.007192	7.8
540	-0.191924	206.959412	0.002943	8.9
541	-1.205128	206.765932	0.011334	7.7
542	-0.359717	206.572933	0.007926	8.7
543	-1.326787	206.380414	0.011367	11.0
544	-0.611361	206.188373	0.005738	8.6
545	-0.767916	205.996807	0.005327	8.4
546	-1.101770	205.805716	0.009859	8.3
547	-1.229080	205.615096	0.005401	8.2
548	-1.353438	205.424946	0.012061	7.6
549	-1.050382	205.235265	0.008239	9.0
550	-1.046750	205.046050	0.006829	7.8
551	-1.230974	204.857299	0.006398	8.4
552	-0.655864	204.669011	0.005877	7.5
553	-0.874396	204.481184	0.004671	8.2
554	-0.499889	204.293816	0.004173	7.8
555	-0.751636	204.106905	0.008513	8.6
556	-0.957867	203.920449	0.006989	7.6
557	-0.825931	203.734447	0.007382	12.5
558	-1.034547	203.548896	0.008962	11.3
559	-1.149113	203.363795	0.006934	8.2
560	-1.006789	203.179143	0.009311	8.8
561	-1.250476	202.994937	0.008796	14.0
562	-1.196502	202.811176	0.010074	9.7
563	-0.181358	202.627857	0.002025	8.0
564	-0.603811	202.444980	0.004770	8.7
565	-1.357375	202.262543	0.009705	8.2
566	-0.198628	202.080543	0.003305	8.2
567	-1.236847	201.898979	0.008136	8.4
568	-0.826284	201.717849	0.006412	8.2
569	-1.274885	201.537153	0.007753	10.4
570	-0.592514	201.356887	0.006669	9.9
571	-0.494868	201.177050	0.004550	8.3
572	-0.964756	200.997642	0.006463	8.9
573	-1.396658	200.818659	0.009658	8.4
574	-0.659892	200.640100	0.008941	8.2
575	-0.010008	200.461965	0.000966	7.5
576	-0.843186	200.284250	0.005964	7.2
577	-0.628307	200.106955	0.007854	8.1
578	-0.667894	199.930078	0.005890	8.2
579	-0.684008	199.753617	0.006114	9.1
580	-0.776844	199.577571	0.009261	8.8
581	-0.754600	199.401938	0.007168	7.7
582	-0.693355	199.226717	0.006405	8.5
583	-1.139544	199.051905	0.007253	7.5
584	-1.306385	198.877502	0.010957	8.4
585	-1.231860	198.703506	0.005411	8.0
586	-0.946640	198.529916	0.005482	8.8
587	-0.199224	198.356729	0.001148	7.0
588	-1.080221	198.183944	0.008594	7.7
589	-0.447774	198.011560	0.004025	7.1
590	-0.317779	197.839576	0.004756	8.2
591	-0.368186	197.667989	0.003776	7.6
592	-1.157054	197.496798	0.006328	9.3
593	-0.173772	197.326002	0.003052	8.5
594	-1.017441	197.155600	0.006558	8.6
595	-0.612525	196.985589	0.005964	8.1
596	-0.957076	196.815969	0.006273	7.6
597	-0.921340	196.646738	0.010382	7.9
598	-0.551718	196.477894	0.005724	8.4
599	-0.888846	196.309436	0.008657	8.2
600	-0.244504	196.141363	0.003314	8.2
601	-0.439013	195.973673	0.002741	9.9
602	-1.102566	195.806365	0.009320	9.7
603	-1.196703	195.639437	0.005734	8.1
604	-0.886906	195.472888	0.003389	9.0
605	-0.808175	195.306717	0.007465	7.8
606	-0.260352	195.140922	0.003702	7.2
607	-1.107910	194.975501	0.006257	9.0
608	-0.101568	194.810454	0.001755	10.7
609	-1.296825	194.645779	0.008821	9.0
610	-0.411005	194.481475	0.002752	9.0
611	-1.218164	194.317540	0.004841	8.8
612	-1.416066	194.153973	0.010372	8.2
613	-1.306206	193.990773	0.007169	7.7
614	-0.999795	193.827938	0.007940	8.5
615	-0.814083	193.665467	0.010145	8.3
616	-0.784940	193.503358	0.009168	8.1
617	-1.183493	193.341611	0.007116	8.6
618	-0.648801	193.180224	0.004244	12.4
619	-0.230864	193.019196	0.004526	10.6
620	-0.920024	192.858525	0.008480	13.5
621	-1.132697	192.698210	0.004342	10.7
622	-0.689606	192.538251	0.005531	8.5
623	-1.261981	192.378644	0.009473	7.8
624	-0.945379	192.219391	0.008514	7.4
625	-0.754210	192.060488	0.007539	7.9
626	-1.193901	191.901935	0.007835	8.1
627	-1.075745	191.743730	0.007375	8.3
628	-0.716342	191.585873	0.005759	8.1
629	-1.131278	191.428362	0.009146	8.3
630	-1.125100	191.271196	0.009023	8.6
631	-1.183544	191.114374	0.007465	8.8
632	-1.093056	190.957893	0.007566	6.8
633	-1.098860	190.801755	0.010017	8.9
634	-0.634058	190.645956	0.007151	7.8
635	-1.277777	190.490495	0.006425	8.8
636	-0.647723	190.335373	0.006504	8.6
637	-0.461902	190.180587	0.002786	8.8
638	-0.435339	190.026136	0.005025	9.4
639	-0.395767	189.872019	0.003111	8.8
640	-1.254201	189.718235	0.007235	8.7
641	-1.273039	189.564782	0.005573	8.9
642	-0.816170	189.411661	0.007316	8.9
643	-0.678690	189.258868	0.005530	10.6
644	-1.318330	189.106404	0.012423	8.1
645	-1.322029	188.954267	0.006613	8.4
646	-1.360006	188.802456	0.009534	8.1
647	-1.160178	188.650969	0.009878	8.2
648	-1.268919	188.499807	0.009992	8.2
649	-0.847906	188.348967	0.007461	7.7
650	-0.551645	188.198448	0.005818	8.1
651	-0.247993	188.048250	0.002223	8.4
652	-1.110521	187.898371	0.007512	8.0
653	-0.047042	187.748810	0.000356	7.4
654	-1.305041	187.599566	0.009336	8.4
655	-0.685458	187.450638	0.005598	8.5
656	-1.029471	187.302025	0.009378	8.0
657	-0.658868	187.153725	0.008632	8.9
658	-1.020827	187.005739	0.006647	11.6
659	-0.608238	186.858064	0.004777	7.8
660	-0.276835	186.710699	0.003715	8.1
661	-0.598528	186.563645	0.006581	8.2
662	-0.428265	186.416898	0.003844	7.3
663	-0.929670	186.270459	0.005472	7.9
664	-0.758234	186.124326	0.007984	8.5
665	-0.245950	185.978499	0.001694	8.2
666	-1.215143	185.832976	0.009774	8.1
667	-0.886461	185.687756	0.007685	8.1
668	-1.241996	185.542838	0.005482	8.0
669	-1.109333	185.398222	0.006488	8.2
670	-1.273534	185.253906	0.009104	8.5
671	-1.131872	185.109889	0.009507	8.3
672	-1.309472	184.966170	0.008416	7.7
673	-1.261968	184.822748	0.008767	8.7
674	-0.815589	184.679623	0.004908	7.8
675	-1.296378	184.536792	0.007038	7.9
676	-1.266255	184.394256	0.007633	7.5
677	-1.198495	184.252013	0.010124	8.5
678	-1.221801	184.110062	0.007628	7.8
679	-0.590649	183.968403	0.003969	12.9
680	-0.230375	183.827034	0.002701	12.8
681	-0.765980	183.685954	0.006213	13.1
682	-0.000113	183.545163	0.000085	7.8
683	-1.261925	183.404658	0.009561	10.0
684	-1.146414	183.264441	0.009486	8.5
685	-0.464811	183.124509	0.004057	8.9
686	-0.582865	182.984861	0.006753	8.7
687	-1.021216	182.845497	0.008723	8.5
688	-0.642687	182.706416	0.008569	9.9
689	-0.772851	182.567616	0.006818	8.7
690	-0.131838	182.429098	0.002015	7.9
691	-0.596689	182.290859	0.004714	8.9
692	-1.213583	182.152899	0.006838	8.4
693	-1.293500	182.015217	0.008573	8.0
694	-1.181136	181.877813	0.007423	7.7
695	-1.129065	181.740684	0.007391	8.6
696	-1.219870	181.603832	0.008395	8.2
697	-1.315145	181.467253	0.008375	8.3
698	-0.711730	181.330948	0.006625	7.6
699	-1.388804	181.194916	0.010559	9.0
700	-0.181790	181.059155	0.002780	7.9
701	-0.311169	180.923666	0.003557	8.6
702	-1.274100	180.788446	0.010849	7.4
703	-0.500125	180.653496	0.004114	8.2
704	-0.713360	180.518814	0.005447	8.0
705	-0.731881	180.384399	0.006849	8.8
706	-1.219166	180.250251	0.007877	7.8
707	-1.178873	180.116369	0.009774	7.7
708	-0.826698	179.982752	0.006443	8.2
709	-1.258435	179.849398	0.006131	8.6
710	-0.097070	179.716308	0.000804	8.3
711	-0.736805	179.583480	0.005313	8.2
712	-0.133232	179.450913	0.001684	7.0
713	-1.296445	179.318607	0.007926	8.0
714	-0.145482	179.186561	0.001734	7.9
715	-0.948767	179.054774	0.007773	8.0
716	-1.079919	178.923245	0.008330	12.0
717	-0.806768	178.791973	0.006607	7.7
718	-0.990236	178.660958	0.007050	8.8
719	-0.993821	178.530199	0.007415	9.0
720	-0.677813	178.399694	0.005516	8.3
721	-1.337722	178.269444	0.008032	6.8
722	-1.196447	178.139447	0.007414	9.2
723	-0.085458	178.009702	0.002799	8.1
724	-1.396115	177.880209	0.009990	8.6
725	-0.905969	177.750967	0.008806	7.9
726	-0.149511	177.621975	0.001587	7.9
727	-1.201573	177.493232	0.005393	8.2
728	-0.544751	177.364738	0.005580	9.0
729	-0.697869	177.236492	0.005290	8.6
730	-1.261026	177.108492	0.008593	8.6
731	-1.091008	176.980739	0.007977	7.2
732	-1.292257	176.853231	0.007623	8.6
733	-0.935859	176.725968	0.006280	9.3
734	-1.195947	176.598949	0.010017	8.7
735	-0.357966	176.472173	0.005310	9.1
736	-1.326542	176.345639	0.006624	7.6
737	-1.297769	176.219348	0.006649	8.1
738	-1.165461	176.093296	0.006888	8.5
739	-0.618187	175.967486	0.005743	8.6
740	-1.327288	175.841914	0.009411	12.7
741	-0.377131	175.716581	0.004359	12.7
742	-0.783521	175.591486	0.007367	11.5
743	-1.236800	175.466629	0.008314	10.6
744	-0.448516	175.342008	0.005821	10.3
745	-0.586888	175.217622	0.003495	7.6
746	-1.012116	175.093472	0.005656	7.8
747	-0.877997	174.969556	0.005470	8.2
748	-1.176903	174.845873	0.007371	7.8
749	-0.598847	174.722423	0.006541	9.7
750	-1.342405	174.599206	0.007525	11.0
751	-0.251646	174.476220	0.002556	8.1
752	-1.255061	174.353464	0.007826	8.8
753	-1.318386	174.230939	0.010172	7.6
754	-0.801081	174.108643	0.006316	8.1
755	-0.885869	173.986576	0.006201	8.3
756	-1.308159	173.864737	0.008399	8.3
757	-0.878581	173.743124	0.006107	8.0
758	-0.798433	173.621739	0.009894	8.1
759	-1.339019	173.500579	0.009440	20.7
760	-0.698290	173.379645	0.008513	19.1
761	-0.645018	173.258935	0.007087	15.4
762	-1.266459	173.138449	0.010076	14.2
763	-1.113902	173.018186	0.006895	11.5
764	-1.111237	172.898146	0.009614	8.8
765	-0.768031	172.778327	0.003564	12.2
766	-1.175183	172.658730	0.005510	13.3
767	-1.310158	172.539353	0.010657	14.7
768	-1.255979	172.420196	0.005498	12.1
769	-1.190665	172.301258	0.008414	11.2
770	-0.210306	172.182539	0.004625	13.2
771	-1.077116	172.064037	0.005900	11.3
772	-0.370858	171.945753	0.005133	12.5
773	-1.143239	171.827686	0.004262	11.8
774	-0.966445	171.709834	0.009152	12.0
775	-1.351383	171.592198	0.008143	11.9
776	-1.145468	171.474776	0.006943	11.6
777	-1.225919	171.357568	0.008289	12.8
778	-0.585463	171.240574	0.004238	16.6
779	-0.582856	171.123793	0.003400	17.5
780	-1.211453	171.007223	0.005415	15.2
781	-1.061724	170.890865	0.007651	11.0
782	-0.876709	170.774718	0.004707	11.3
783	-0.574598	170.658782	0.005184	8.9
784	-0.784016	170.543055	0.006357	8.7
785	-1.361097	170.427537	0.008458	12.4
786	-1.130312	170.312227	0.009292	14.2
787	-0.855979	170.197125	0.005831	8.9
788	-1.139399	170.082231	0.011202	9.0
789	-0.060275	169.967543	0.001341	10.9
790	-1.276187	169.853061	0.007239	9.5
791	-1.184036	169.738784	0.008505	8.4
792	-0.747156	169.624713	0.005897	8.2
793	-0.573758	169.510845	0.006356	6.9
794	-1.370441	169.397181	0.009956	13.4
795	-1.366264	169.283720	0.011648	10.6
796	-0.969569	169.170462	0.006698	11.5
797	-0.668680	169.057405	0.009437	12.4
798	-0.576891	168.944549	0.004948	9.5
799	-1.124166	168.831895	0.005987	8.0
800	-1.377133	168.719440	0.005487	9.1
801	-0.685686	168.607185	0.005869	8.1
802	-0.744564	168.495129	0.007702	12.8
803	-1.245021	168.383271	0.007616	8.7
804	-1.263339	168.271611	0.010332	8.3
805	-1.353416	168.160148	0.007948	9.0
806	-1.127939	168.048882	0.006600	11.6
807	-1.203888	167.937812	0.012062	9.6
808	-1.248160	167.826938	0.010160	8.4
809	-0.275597	167.716258	0.002163	8.4
810	-0.603052	167.605773	0.004637	11.1
811	-1.315534	167.495482	0.010451	12.1
812	-1.255459	167.385384	0.007466	13.5
813	-1.096374	167.275479	0.007960	9.1
814	-0.489263	167.165766	0.005124	11.4
815	-1.296086	167.056245	0.006633	13.2
816	-0.286052	166.946915	0.003200	9.9
817	-0.841560	166.837776	0.003653	11.2
818	-1.139631	166.728826	0.007262	10.6
819	-0.749662	166.620067	0.005748	11.8
820	-0.333247	166.511496	0.004667	9.3
821	-0.705910	166.403113	0.005388	12.0
822	-1.067099	166.294919	0.012699	12.0
823	-1.358296	166.186912	0.010269	8.7
824	-1.324137	166.079091	0.008571	9.0
825	-1.072909	165.971458	0.008001	11.8
826	-0.543156	165.864009	0.007358	20.9
827	-0.478676	165.756747	0.004022	17.1
828	-1.201205	165.649669	0.007653	15.2
829	-1.144851	165.542775	0.008436	16.2
830	-0.302208	165.436065	0.004754	15.5
831	-1.233631	165.329538	0.008777	18.9
832	-0.924457	165.223194	0.007797	21.0
833	-1.184662	165.117032	0.011043	24.7
834	-1.217022	165.011052	0.007201	20.9
835	-1.138411	164.905253	0.009258	19.0
836	-0.842542	164.799635	0.005987	16.9
837	-0.685963	164.694197	0.006969	10.9
838	-1.269984	164.588939	0.009167	8.2
839	-1.327389	164.483859	0.006054	7.5
840	-0.447359	164.378959	0.004190	8.6
841	-1.288095	164.274237	0.008599	10.5
842	-0.708263	164.169692	0.007635	9.2
843	-0.378499	164.065325	0.002981	12.0
844	-1.118733	163.961135	0.004770	8.2
845	-0.685656	163.857120	0.002745	11.0
846	-1.340799	163.753282	0.008307	11.0
847	-0.999499	163.649619	0.007260	8.8
848	-1.379373	163.546130	0.007188	8.6
849	-0.362577	163.442816	0.005022	7.8
850	-0.905376	163.339676	0.007279	10.6
851	-0.841309	163.236709	0.006867	16.0
852	-0.440761	163.133915	0.004108	8.9
853	-0.523381	163.031294	0.003260	11.0
854	-0.222671	162.928844	0.000754	9.9
855	-0.957992	162.826566	0.004084	9.8
856	-0.700829	162.724459	0.008559	9.6
857	-0.378844	162.622523	0.004031	13.9
858	-1.001207	162.520757	0.004817	9.9
859	-1.170775	162.419160	0.004767	11.6
860	-1.278746	162.317733	0.013957	9.5
861	-0.988361	162.216474	0.005497	11.5
862	-1.128187	162.115383	0.007601	8.9
863	-0.629334	162.014461	0.004456	11.0
864	-0.080197	161.913705	0.001585	8.0
865	-0.662717	161.813117	0.006876	10.1
866	-0.554117	161.712695	0.003268	9.6
867	-1.017809	161.612439	0.007744	11.0
868	-1.227316	161.512349	0.005146	8.7
869	-1.347805	161.412424	0.006980	9.8
870	-1.322951	161.312663	0.005495	12.8
871	-0.004397	161.213067	0.000577	9.6
872	-1.082468	161.113635	0.006146	8.4
873	-0.515170	161.014366	0.005010	10.8
874	-0.378387	160.915260	0.002679	8.2
875	-1.339683	160.816316	0.009210	10.7
876	-0.796211	160.717535	0.006355	9.2
877	-1.127070	160.618915	0.009151	9.3
878	-0.615577	160.520456	0.005648	10.3
879	-0.845872	160.422158	0.005937	13.1
880	-0.882169	160.324021	0.005264	13.5
881	-1.159666	160.226043	0.006518	15.6
882	-0.599330	160.128225	0.004735	13.1
883	-0.859036	160.030566	0.007561	8.6
884	-1.218097	159.933066	0.008235	12.2
885	-1.215001	159.835723	0.006421	10.4
886	-1.214347	159.738539	0.010708	8.4
887	-1.190074	159.641512	0.008324	9.1
888	-1.154154	159.544642	0.009674	13.1
889	-1.280127	159.447929	0.008210	9.7
890	-1.026526	159.351372	0.007810	11.5
891	-0.330995	159.254971	0.003877	15.6
892	-0.756245	159.158725	0.004673	14.6
893	-0.165056	159.062634	0.002353	8.3
894	-1.338002	158.966697	0.007845	8.8
895	-0.305723	158.870915	0.003903	12.2
896	-1.203400	158.775286	0.012597	15.7
897	-1.288322	158.679811	0.006095	13.6
898	-1.241083	158.584489	0.007821	13.1
899	-1.412654	158.489319	0.008969	10.6
900	-0.273815	158.394302	0.004840	7.6
901	-0.869604	158.299436	0.006618	8.6
902	-0.808971	158.204721	0.006752	10.4
903	-0.223102	158.110158	0.003386	10.2
904	-0.322839	158.015745	0.003021	10.3
905	-0.198532	157.921482	0.002546	9.5
906	-0.125100	157.827369	0.003243	9.7
907	-0.311212	157.733406	0.006631	11.2
908	-0.583644	157.639591	0.005183	8.6
909	-1.379227	157.545925	0.010336	8.6
910	-0.942281	157.452408	0.009017	9.1
911	-1.269565	157.359038	0.006916	9.8
912	-1.358441	157.265816	0.008646	10.8
913	-1.258479	157.172741	0.008394	8.1
914	-0.947042	157.079813	0.003509	9.0
915	-1.207969	156.987031	0.007284	9.7
916	-0.532479	156.894395	0.005618	9.7
917	-1.284194	156.801904	0.009555	8.4
918	-1.240938	156.709559	0.007434	8.0
919	-1.108610	156.617359	0.007500	12.8
920	-0.858569	156.525304	0.008257	9.0
921	-1.404787	156.433392	0.006895	7.9
922	-1.016015	156.341624	0.005857	9.3
923	-0.752127	156.250000	0.007444	11.2
924	-1.275138	156.158519	0.009090	8.8
925	-0.963169	156.067180	0.005992	10.2
926	-1.225531	155.975984	0.009322	9.1
927	-1.311036	155.884930	0.007090	11.2
928	-0.922573	155.794017	0.005921	12.5
929	-1.276313	155.703246	0.005123	12.8
930	-1.112457	155.612615	0.004688	19.2
931	-0.680999	155.522125	0.006516	14.9
932	-1.072004	155.431775	0.006380	8.9
933	-1.336516	155.341565	0.007276	8.6
934	-0.161161	155.251495	0.001300	15.1
935	-1.035880	155.161563	0.009657	11.1
936	-0.410521	155.071771	0.002562	9.6
937	-0.740405	154.982117	0.004037	10.9
938	-1.043356	154.892601	0.007617	11.8
939	-1.058957	154.803222	0.009130	11.1
940	-0.126268	154.713981	0.002395	11.8
941	-1.208563	154.624878	0.008070	8.4
942	-0.892125	154.535910	0.008455	11.5
943	-0.686869	154.447080	0.006467	16.0
944	-1.229345	154.358385	0.006489	9.7
945	-0.246718	154.269826	0.004506	6.8
946	-0.405534	154.181402	0.002599	13.0
947	-0.701152	154.093114	0.006953	9.1
948	-1.297043	154.004960	0.007506	8.6
949	-1.194309	153.916940	0.010925	8.8
950	-1.170406	153.829054	0.004614	10.3
951	-0.620345	153.741303	0.006311	11.9
952	-0.990137	153.653684	0.007503	9.6
953	-1.237256	153.566198	0.006867	8.7
954	-0.732475	153.478846	0.004877	10.4
955	-0.264491	153.391625	0.002669	9.2
956	-1.037718	153.304537	0.007633	9.6
957	-0.966610	153.217580	0.009421	8.4
958	-0.446887	153.130755	0.006371	10.1
959	-0.729210	153.044061	0.003283	8.4
960	-0.433300	152.957498	0.006101	10.7
961	-1.263443	152.871065	0.008589	8.6
962	-1.322899	152.784762	0.006043	9.2
963	-0.645886	152.698589	0.006598	10.7
964	-1.245145	152.612545	0.011480	8.4
965	-1.031127	152.526631	0.004424	7.7
966	-0.656096	152.440845	0.005481	9.6
967	-1.095765	152.355188	0.007372	10.7
968	-0.908294	152.269660	0.006747	7.3
969	-1.242356	152.184259	0.010026	9.5
970	-1.136412	152.098986	0.008368	7.8
971	-1.014094	152.013840	0.005629	11.2
972	-0.951403	151.928821	0.006135	8.7
973	-1.286768	151.843928	0.004792	8.2
974	-1.075247	151.759163	0.007266	8.1
975	-1.353527	151.674523	0.010072	8.4
976	-1.010317	151.590009	0.007109	12.1
977	-1.134379	151.505620	0.008592	8.1
978	-1.103659	151.421357	0.008670	10.6
979	-0.587260	151.337218	0.004790	9.2
980	-1.105892	151.253204	0.005971	14.3
981	-1.386944	151.169314	0.008186	14.0
982	-0.751248	151.085549	0.006380	17.9
983	-1.228874	151.001907	0.005580	11.2
984	-1.122512	150.918388	0.009063	9.1
985	-1.334944	150.834992	0.009513	8.8
986	-1.352108	150.751719	0.007416	11.2
987	-0.775629	150.668569	0.009475	8.5
988	-1.111661	150.585541	0.005689	9.7
989	-1.285784	150.502634	0.007784	8.5
990	-0.902961	150.419849	0.005001	9.5
991	-1.254215	150.337186	0.006259	12.6
992	-0.801334	150.254644	0.004893	13.2
993	-1.232606	150.172222	0.005206	8.2
994	-1.135835	150.089921	0.005989	11.7
995	-0.101668	150.007740	0.002448	7.9
996	-0.932195	149.925679	0.007012	11.9
997	-1.084368	149.843737	0.007283	10.5
998	-1.179754	149.761915	0.006517	10.6
999	-1.240582	149.680212	0.006873	12.2
1000	-1.345843	149.598627	0.005264	8.5
1001	-0.850907	149.517161	0.004693	9.6
1002	-0.702837	149.435814	0.008560	11.6
1003	-0.803523	149.354584	0.006571	9.2
1004	-1.087523	149.273472	0.010886	10.7
1005	-0.530463	149.192477	0.007868	8.6
1006	-1.378316	149.111599	0.012049	10.8
1007	-0.922393	149.030838	0.005637	10.5
1008	-1.301525	148.950194	0.013797	8.5
1009	-1.329567	148.869666	0.006004	9.7
1010	-0.859962	148.789253	0.007965	11.1
1011	-0.842306	148.708957	0.006791	8.8
1012	-1.270966	148.628776	0.007100	10.5
1013	-1.311340	148.548710	0.011950	7.1
1014	-0.433866	148.468759	0.002792	10.3
1015	-0.504444	148.388923	0.005429	9.4
1016	-1.263215	148.309201	0.008673	10.1
1017	-1.348740	148.229594	0.006378	8.4
1018	-0.827516	148.150100	0.006623	9.1
1019	-0.308560	148.070719	0.005113	11.3
1020	-1.262670	147.991452	0.009512	8.2
1021	-1.170140	147.912298	0.006233	8.6
1022	-0.860869	147.833257	0.004746	7.9
1023	-1.177776	147.754329	0.009166	10.6
1024	-1.289086	147.675512	0.006875	10.0
1025	-0.569554	147.596808	0.006044	9.5
1026	-1.038948	147.518216	0.005433	8.6
1027	-0.625390	147.439735	0.004690	9.9
1028	-0.783632	147.361365	0.005178	10.2
1029	-1.181568	147.283106	0.005674	9.0
1030	-1.219210	147.204958	0.007340	8.3
1031	-0.678922	147.126920	0.006850	9.9
1032	-0.587276	147.048993	0.005361	12.9
1033	-0.705749	146.971175	0.006765	14.5
1034	-0.627622	146.893468	0.006722	16.7
1035	-1.271543	146.815869	0.007048	11.5
1036	-0.882796	146.738380	0.008162	8.9
1037	-1.315111	146.661000	0.006762	8.3
1038	-1.157208	146.583729	0.006428	9.6
1039	-1.348318	146.506566	0.011061	9.6
1040	-0.164440	146.429511	0.001821	12.5
1041	-1.254953	146.352565	0.006629	17.9
1042	-1.209269	146.275726	0.006660	19.0
1043	-0.444352	146.198994	0.002595	11.8
1044	-0.128674	146.122370	0.001358	10.7
1045	-1.175036	146.045853	0.006244	13.8
1046	-0.340380	145.969442	0.004704	13.5
1047	-1.300685	145.893139	0.006675	12.0
1048	-0.613160	145.816941	0.005004	14.7
1049	-0.856804	145.740849	0.008349	11.1
1050	-0.727625	145.664863	0.005443	11.0
1051	-1.217100	145.588983	0.010270	14.6
1052	-1.134963	145.513208	0.007701	15.3
1053	-0.660072	145.437538	0.007759	10.9
1054	-1.110187	145.361973	0.009818	9.7
1055	-1.258632	145.286513	0.005896	14.9
1056	-0.284413	145.211157	0.001856	15.1
1057	-0.521890	145.135905	0.002143	10.5
1058	-0.894237	145.060757	0.007564	10.4
1059	-0.915246	144.985712	0.006765	11.3
1060	-0.768880	144.910771	0.005612	85.0
1061	-1.107576	144.835934	0.006511	51.0
1062	-0.184851	144.761199	0.002626	19.9
1063	-0.658860	144.686567	0.005843	24.6
1064	-0.783386	144.612037	0.006482	12.7
1065	-0.626635	144.537610	0.007434	13.4
1066	-0.960376	144.463285	0.005687	9.9
1067	-0.858941	144.389062	0.005678	11.5
1068	-1.208476	144.314940	0.007032	8.7
1069	-0.511957	144.240920	0.005408	8.5
1070	-0.944592	144.167001	0.006785	8.8
1071	-1.360745	144.093182	0.008795	11.6
1072	-0.895806	144.019465	0.007175	8.6
1073	-0.835940	143.945848	0.005912	9.3
1074	-0.992102	143.872331	0.010324	8.8
1075	-0.819864	143.798914	0.007004	11.0
1076	-0.746460	143.725597	0.006443	8.7
1077	-1.331982	143.652380	0.007855	7.7
1078	-1.268695	143.579262	0.008387	8.6
1079	-0.596764	143.506243	0.004374	11.7
1080	-1.173874	143.433323	0.009803	8.5
1081	-1.243154	143.360502	0.008358	8.6
1082	-0.893389	143.287780	0.008856	8.7
1083	-1.042696	143.215155	0.008231	8.8
1084	-0.619012	143.142629	0.006570	12.3
1085	-0.951645	143.070201	0.006158	9.3
1086	-0.448844	142.997870	0.008829	8.1
1087	-0.700042	142.925637	0.010949	11.9
1088	-0.852366	142.853501	0.005496	11.2
1089	-1.017821	142.781462	0.008775	9.4
1090	-0.697032	142.709519	0.004428	12.8
1091	-0.641022	142.637674	0.005096	17.5
1092	-1.182727	142.565924	0.005312	12.3
1093	-0.608678	142.494271	0.005210	10.0
1094	-0.687701	142.422714	0.006144	11.0
1095	-1.110050	142.351252	0.005241	13.5
1096	-0.706599	142.279886	0.006333	9.5
1097	-1.115315	142.208616	0.005326	10.4
1098	-0.412714	142.137440	0.002767	9.6
1099	-0.603381	142.066360	0.002138	12.9
1100	-1.104311	141.995374	0.007476	10.5
1101	-0.812796	141.924483	0.005375	10.6
1102	-0.847017	141.853685	0.008555	9.2
1103	-1.106105	141.782983	0.007763	11.7
1104	-0.801819	141.712373	0.004837	8.6
1105	-0.987049	141.641858	0.005866	8.6
1106	-1.184956	141.571436	0.010183	9.5
1107	-0.847567	141.501108	0.005440	8.9
1108	-1.352906	141.430872	0.008492	11.9
1109	-1.296147	141.360730	0.008401	9.3
1110	-0.086888	141.290680	0.002673	9.4
1111	-1.281338	141.220722	0.006938	11.4
1112	-0.840446	141.150857	0.005096	8.0
1113	-0.353176	141.081084	0.003878	10.0
1114	-0.804967	141.011403	0.004553	8.6
1115	-0.287345	140.941813	0.001536	8.1
1116	-0.377390	140.872315	0.002305	11.0
1117	-0.816820	140.802909	0.002819	10.0
1118	-0.524660	140.733593	0.003005	12.3
1119	-1.269731	140.664369	0.007528	13.3
1120	-0.685267	140.595235	0.003874	11.9
1121	-0.179765	140.526192	0.001789	8.6
1122	-0.947191	140.457239	0.004523	9.6
1123	-0.551392	140.388376	0.004900	12.0
1124	-0.637407	140.319603	0.003765	9.1
1125	-1.275650	140.250920	0.008740	9.1
1126	-1.209813	140.182326	0.006586	9.7
1127	-0.407182	140.113822	0.004487	10.2
1128	-0.618039	140.045407	0.007158	11.0
1129	-1.359983	139.977081	0.011044	9.4
1130	-0.140096	139.908844	0.001674	9.3
1131	-1.222530	139.840696	0.006605	12.6
1132	-0.526135	139.772635	0.003993	10.8
1133	-0.617467	139.704664	0.004519	9.4
1134	-1.248067	139.636780	0.009207	10.7
1135	-0.639366	139.568984	0.003823	12.2
1136	-0.755356	139.501276	0.003593	9.0
1137	-0.274667	139.433655	0.002650	9.3
1138	-0.808849	139.366122	0.004781	8.3
1139	-1.268147	139.298676	0.007874	10.8
1140	-0.921132	139.231317	0.007414	10.8
1141	-1.122364	139.164045	0.005871	17.0
1142	-1.040610	139.096859	0.008495	15.8
1143	-0.710746	139.029760	0.004793	14.4
1144	-0.927767	138.962747	0.005460	14.0
1145	-0.444998	138.895820	0.005709	17.0
1146	-1.103213	138.828978	0.005476	12.0
1147	-0.703224	138.762223	0.005303	10.6
1148	-1.292588	138.695553	0.012509	8.7
1149	-1.058344	138.628969	0.006366	11.4
1150	-0.799895	138.562469	0.006530	8.2
1151	-0.847773	138.496055	0.003851	7.5
1152	-0.903268	138.429725	0.005753	8.6
1153	-1.268632	138.363481	0.006192	8.1
1154	-0.296382	138.297320	0.002061	9.7
1155	-0.921426	138.231244	0.004600	8.6
1156	-0.596950	138.165252	0.005945	7.6
1157	-1.324566	138.099344	0.008519	8.1
1158	-1.122437	138.033520	0.008513	8.2
1159	-0.699995	137.967779	0.006894	10.3
1160	-0.972930	137.902122	0.004867	8.4
1161	-1.129850	137.836548	0.008251	8.1
1162	-1.133929	137.771057	0.006856	7.9
1163	-0.476717	137.705649	0.005328	8.9
1164	-1.150845	137.640324	0.009084	11.2
1165	-0.938794	137.575081	0.006046	8.6
1166	-1.023249	137.509921	0.007210	11.9
1167	-1.158927	137.444842	0.007660	8.3
1168	-0.845417	137.379846	0.005239	11.3
1169	-0.747801	137.314932	0.003647	8.7
1170	-0.555261	137.250100	0.002443	8.2
1171	-1.215168	137.185349	0.006104	8.6
1172	-1.272529	137.120680	0.007632	11.2
1173	-0.223166	137.056092	0.001009	7.1
1174	-1.138886	136.991585	0.009124	8.6
1175	-0.610319	136.927158	0.005197	9.1
1176	-1.290186	136.862813	0.008174	8.9
1177	-0.460467	136.798548	0.004697	11.5
1178	-0.940645	136.734363	0.007499	9.1
1179	-0.349227	136.670259	0.004706	8.5
1180	-0.952305	136.606235	0.008814	8.4
1181	-0.315664	136.542291	0.001989	10.6
1182	-1.109130	136.478426	0.007072	7.7
1183	-1.407150	136.414641	0.010216	8.5
1184	-1.019157	136.350936	0.007543	8.1
1185	-1.288912	136.287310	0.010067	8.2
1186	-1.236451	136.223763	0.006534	10.1
1187	-0.571977	136.160295	0.005966	8.8
1188	-0.352433	136.096905	0.004313	8.1
1189	-1.406612	136.033594	0.007424	8.2
1190	-1.321968	135.970362	0.010132	8.6
1191	-0.852461	135.907208	0.006049	11.6
1192	-1.103416	135.844133	0.007360	7.7
1193	-1.169039	135.781135	0.006100	9.0
1194	-0.009976	135.718215	0.000198	7.6
1195	-0.637169	135.655373	0.004655	12.8
1196	-0.569152	135.592608	0.008213	8.9
1197	-0.087633	135.529921	0.000725	9.5
1198	-1.305361	135.467311	0.008107	10.1
1199	-1.331976	135.404778	0.006871	11.5
1200	-1.214772	135.342322	0.008162	10.7
1201	-1.242781	135.279942	0.007995	9.1
1202	-0.240113	135.217640	0.005837	8.3
1203	-0.947670	135.155413	0.009023	11.4
1204	-1.147651	135.093263	0.005176	9.6
1205	-0.742242	135.031190	0.006831	9.6
1206	-0.656157	134.969192	0.005978	8.9
1207	-0.791920	134.907270	0.005324	10.4
1208	-0.628748	134.845424	0.005221	9.8
1209	-1.328359	134.783653	0.005532	9.9
1210	-0.950849	134.721958	0.004758	9.2
1211	-0.921279	134.660338	0.004072	10.9
1212	-0.944482	134.598793	0.006222	8.9
1213	-1.044986	134.537323	0.006040	9.9
1214	-0.884893	134.475927	0.008868	9.5
1215	-1.388569	134.414607	0.011920	11.1
1216	-0.046177	134.353361	0.002339	9.5
1217	-0.941685	134.292189	0.004981	8.3
1218	-0.617871	134.231092	0.005182	8.5
1219	-0.774843	134.170068	0.006503	7.8
1220	-0.072802	134.109119	0.001531	11.5
1221	-1.322756	134.048243	0.006362	10.0
1222	-0.987299	133.987441	0.005242	8.4
1223	-0.840569	133.926713	0.006104	9.0
1224	-1.268097	133.866057	0.006471	12.2
1225	-0.827863	133.805475	0.004131	8.6
1226	-0.921115	133.744966	0.006673	9.1
1227	-0.385716	133.684530	0.003929	8.6
1228	-1.329201	133.624167	0.006645	10.8
1229	-0.735567	133.563877	0.007665	8.3
1230	-1.235782	133.503658	0.005162	8.8
1231	-1.160060	133.443513	0.005653	8.5
1232	-1.169766	133.383439	0.004152	10.0
1233	-0.870022	133.323437	0.006963	10.8
1234	-0.639920	133.263508	0.004806	8.6
1235	-1.264900	133.203650	0.007144	9.4
1236	-0.852592	133.143864	0.006878	9.2
1237	-0.886956	133.084149	0.005299	9.5
1238	-0.931139	133.024506	0.006395	8.6
1239	-0.844212	132.964934	0.006625	8.8
1240	-1.323032	132.905433	0.006476	8.7
1241	-0.841258	132.846003	0.006505	10.6
1242	-0.571277	132.786643	0.002286	8.4
1243	-1.111716	132.727355	0.008740	9.7
1244	-1.255755	132.668137	0.007353	9.1
1245	-1.344134	132.608989	0.012284	12.0
1246	-0.998751	132.549912	0.006474	10.7
1247	-0.899009	132.490904	0.008132	8.4
1248	-0.793534	132.431967	0.004452	9.1
1249	-0.563866	132.373100	0.005315	11.0
1250	-1.017350	132.314302	0.008579	9.9
1251	-0.723824	132.255574	0.006315	9.8
1252	-0.729150	132.196916	0.005446	8.8
1253	-1.082357	132.138326	0.006500	12.3
1254	-0.871119	132.079806	0.009497	11.1
1255	-0.122364	132.021355	0.002293	11.5
1256	-0.521324	131.962973	0.005165	9.9
1257	-1.248989	131.904660	0.006660	14.0
1258	-0.922659	131.846415	0.007520	11.9
1259	-0.633336	131.788239	0.003812	10.1
1260	-0.307850	131.730131	0.002288	10.0
1261	-0.987451	131.672092	0.006858	11.9
1262	-1.075572	131.614121	0.004584	8.9
1263	-1.324817	131.556217	0.006590	10.0
1264	-0.791827	131.498382	0.006167	8.9
1265	-1.329001	131.440614	0.006118	10.4
1266	-1.088836	131.382914	0.005815	9.2
1267	-1.118658	131.325282	0.007755	9.1
1268	-0.165667	131.267717	0.003057	8.7
1269	-1.335227	131.210219	0.009879	12.0
1270	-1.143418	131.152788	0.007140	9.1
1271	-0.687468	131.095424	0.006040	9.4
1272	-0.609890	131.038127	0.005323	9.4
1273	-0.492634	130.980897	0.002990	10.3
1274	-0.882371	130.923733	0.005230	9.4
1275	-0.764249	130.866636	0.006417	9.3
1276	-0.961753	130.809605	0.006174	8.7
1277	-1.065640	130.752641	0.005940	10.5
1278	-1.241062	130.695742	0.007006	10.1
1279	-1.222378	130.638910	0.007930	8.8
1280	-1.328085	130.582143	0.012310	8.0
1281	-0.000007	130.525442	0.000007	9.3
1282	-0.629530	130.468807	0.004269	11.5
1283	-0.292540	130.412237	0.001869	8.8
1284	-1.259387	130.355733	0.009448	8.9
1285	-1.352374	130.299294	0.005654	8.2
1286	-0.238014	130.242920	0.002206	10.7
1287	-1.303835	130.186611	0.010547	7.9
1288	-0.799224	130.130366	0.007723	8.7
1289	-0.634304	130.074187	0.004511	8.7
1290	-0.698250	130.018072	0.005302	8.2
1291	-0.786032	129.962022	0.008181	11.8
1292	-0.006303	129.906036	0.000149	8.5
1293	-0.241874	129.850114	0.001611	8.5
1294	-0.425592	129.794257	0.003429	8.0
1295	-1.277861	129.738463	0.007512	11.0
1296	-0.191736	129.682734	0.001902	9.3
1297	-1.106901	129.627068	0.004145	8.6
1298	-0.759841	129.571466	0.006461	9.3
1299	-1.344237	129.515927	0.008427	9.0
1300	-0.798361	129.460452	0.003380	11.0
1301	-1.142173	129.405040	0.008744	8.9
1302	-1.234470	129.349692	0.006600	8.3
1303	-0.148675	129.294406	0.001474	9.2
1304	-1.281806	129.239183	0.009477	11.4
1305	-0.761073	129.184024	0.007231	9.3
1306	-0.705694	129.128927	0.009091	9.3
1307	-1.011700	129.073892	0.007953	8.2
1308	-0.678635	129.018921	0.005122	10.9
1309	-0.123696	128.964011	0.001881	8.8
1310	-0.712222	128.909164	0.006623	9.1
1311	-1.368031	128.854379	0.006425	8.2
1312	-0.408655	128.799656	0.003377	10.5
1313	-1.202826	128.744995	0.008611	9.1
1314	-1.041062	128.690396	0.008509	8.5
1315	-1.124200	128.635858	0.006569	9.1
1316	-1.269071	128.581382	0.007963	9.1
1317	-0.940832	128.526968	0.006332	10.3
1318	-1.214819	128.472615	0.007206	8.8
1319	-1.074346	128.418323	0.003285	8.0
1320	-0.382370	128.364092	0.004452	9.0
1321	-1.088043	128.309922	0.005913	10.7
1322	-1.076848	128.255814	0.005596	9.0
1323	-1.073353	128.201766	0.007263	9.1
1324	-1.225180	128.147778	0.005475	9.5
1325	-0.828857	128.093852	0.005048	9.9
1326	-1.346506	128.039985	0.007783	8.7
1327	-1.052545	127.986180	0.007013	8.4
1328	-1.269210	127.932434	0.008411	8.8
1329	-1.321536	127.878749	0.007461	9.0
1330	-0.223755	127.825123	0.002474	10.0
1331	-0.511951	127.771558	0.002341	7.6
1332	-1.022825	127.718052	0.005854	8.8
1333	-0.396254	127.664606	0.003237	8.2
1334	-1.351639	127.611220	0.010911	11.2
1335	-0.513158	127.557893	0.004866	7.9
1336	-0.927711	127.504625	0.006627	9.0
1337	-0.881942	127.451417	0.006282	9.4
1338	-1.083555	127.398268	0.004084	9.5
1339	-0.596616	127.345178	0.005486	10.1
1340	-0.192520	127.292147	0.001928	8.8
1341	-0.636728	127.239175	0.007544	8.6
1342	-1.354844	127.186261	0.005900	7.7
1343	-1.267960	127.133407	0.007251	11.0
1344	-1.236613	127.080610	0.007649	8.9
1345	-0.237043	127.027872	0.003083	7.9
1346	-1.279414	126.975193	0.008836	8.5
1347	-0.927341	126.922572	0.009869	8.8
1348	-0.748431	126.870008	0.007681	11.5
1349	-0.197854	126.817503	0.002263	7.9
1350	-1.203273	126.765056	0.006017	8.8
1351	-0.700421	126.712667	0.006864	8.5
1352	-1.117265	126.660335	0.006230	10.8
1353	-0.686255	126.608061	0.004072	8.8
1354	-0.363198	126.555844	0.002951	8.5
1355	-0.820117	126.503685	0.003911	8.0
1356	-0.928024	126.451583	0.004544	8.0
1357	-1.332412	126.399538	0.006318	11.3
1358	-1.236455	126.347550	0.006273	8.5
1359	-0.048153	126.295619	0.001047	8.1
1360	-1.112146	126.243745	0.008209	9.7
1361	-1.163728	126.191928	0.006519	10.9
1362	-0.586861	126.140168	0.005644	9.2
1363	-0.915676	126.088464	0.004820	8.2
1364	-0.345361	126.036817	0.002521	7.2
1365	-0.005963	125.985226	0.000572	8.3
1366	-1.084978	125.933691	0.006910	10.7
1367	-1.146396	125.882212	0.006750	9.0
1368	-1.294912	125.830790	0.008071	8.7
1369	-1.232665	125.779423	0.009411	8.3
1370	-0.698105	125.728113	0.004189	8.5
1371	-0.618066	125.676858	0.004605	11.3
1372	-0.813783	125.625659	0.007361	8.7
1373	-1.364376	125.574515	0.007012	8.4
1374	-0.707983	125.523427	0.006025	11.0
1375	-0.989684	125.472394	0.006511	10.6
1376	-1.194795	125.421417	0.008269	8.3
1377	-1.164394	125.370495	0.007110	8.3
1378	-1.291281	125.319628	0.008212	8.0
1379	-1.196047	125.268815	0.007516	10.8
1380	-1.308785	125.218058	0.006984	8.6
1381	-0.683191	125.167356	0.006215	8.4
1382	-1.231875	125.116708	0.007470	8.9
1383	-0.749320	125.066115	0.006014	11.0
1384	-1.239811	125.015576	0.008844	8.8
1385	-0.972361	124.965092	0.007632	8.0
1386	-0.781061	124.914662	0.004020	8.3
1387	-0.758862	124.864287	0.005969	8.3
1388	-0.985134	124.813965	0.006506	10.5
1389	-1.262497	124.763698	0.008949	9.4
1390	-0.643204	124.713485	0.004788	8.8
1391	-0.997913	124.663325	0.009214	8.5
1392	-0.973135	124.613219	0.009691	8.3
1393	-0.776165	124.563167	0.002604	10.7
1394	-0.735211	124.513168	0.004333	8.6
1395	-1.004141	124.463223	0.008844	8.7
1396	-0.549944	124.413332	0.006924	10.2
1397	-1.208213	124.363493	0.007324	10.9
1398	-0.520099	124.313708	0.008260	9.1
1399	-1.046866	124.263976	0.004584	8.5
1400	-0.876349	124.214297	0.008777	8.6
1401	-0.709643	124.164671	0.005776	14.9
1402	-0.520747	124.115097	0.001719	9.2
1403	-0.798383	124.065577	0.007168	8.7
1404	-1.080311	124.016109	0.008344	12.6
1405	-0.706437	123.966693	0.007578	11.2
1406	-1.249602	123.917330	0.007235	8.8
1407	-1.099266	123.868020	0.005963	8.8
1408	-0.883960	123.818762	0.004674	8.2
1409	-1.280890	123.769556	0.007678	10.6
1410	-0.787016	123.720402	0.005012	9.7
1411	-0.483778	123.671300	0.006335	9.6
1412	-0.743901	123.622250	0.006023	8.1
1413	-0.952294	123.573252	0.006265	8.5
1414	-1.301203	123.524305	0.008132	11.3
1415	-1.289028	123.475411	0.006555	8.8
1416	-1.394720	123.426568	0.010393	8.8
1417	-0.948409	123.377776	0.004153	8.2
1418	-0.908613	123.329036	0.005724	12.9
1419	-0.509634	123.280347	0.006339	9.7
1420	-1.154330	123.231709	0.006759	9.0
1421	-0.209671	123.183122	0.002509	9.0
1422	-1.254456	123.134587	0.006963	12.7
1423	-0.714514	123.086102	0.006780	8.3
1424	-1.382143	123.037669	0.011742	9.8
1425	-1.248072	122.989286	0.006917	9.7
1426	-0.487233	122.940954	0.002697	8.2
1427	-1.052114	122.892672	0.005986	10.5
1428	-0.680296	122.844441	0.006620	8.5
1429	-1.214677	122.796261	0.005793	8.3
1430	-0.487834	122.748130	0.004057	8.4
1431	-1.049564	122.700050	0.007462	10.6
1432	-0.830471	122.652021	0.009555	9.0
1433	-0.674237	122.604041	0.009121	8.9
1434	-0.621188	122.556111	0.007132	16.0
1435	-0.019728	122.508232	0.000676	17.9
1436	-0.690352	122.460402	0.004625	13.6
1437	-0.906273	122.412622	0.007456	14.9
1438	-1.404715	122.364891	0.007077	13.4
1439	-1.223306	122.317210	0.008640	15.6
1440	-0.940157	122.269579	0.004835	13.3
1441	-1.010245	122.221997	0.006079	9.0
1442	-0.155430	122.174465	0.002437	8.2
1443	-0.004739	122.126981	0.000090	8.7
1444	-0.328139	122.079547	0.005069	8.9
1445	-0.622416	122.032162	0.005164	11.6
1446	-1.377295	121.984826	0.011951	7.8
1447	-0.937992	121.937539	0.007218	9.5
1448	-1.234334	121.890301	0.008854	8.5
1449	-0.924798	121.843112	0.005437	12.1
1450	-1.008836	121.795971	0.004595	8.5
1451	-0.759670	121.748879	0.006548	7.9
1452	-1.318285	121.701835	0.006353	9.2
1453	-1.252244	121.654840	0.006584	10.4
1454	-0.281764	121.607893	0.003218	8.1
1455	-0.842528	121.560994	0.006712	8.3
1456	-0.772212	121.514144	0.005152	8.3
1457	-0.898105	121.467342	0.008210	7.8
1458	-0.469109	121.420588	0.003126	10.3
1459	-1.419155	121.373882	0.006308	8.6
1460	-1.061931	121.327223	0.006702	8.0
1461	-1.044993	121.280613	0.004793	8.1
1462	-0.414012	121.234050	0.005540	8.0
1463	-0.788017	121.187535	0.008293	10.3
1464	-1.194517	121.141067	0.006707	7.5
1465	-0.930110	121.094647	0.007571	8.4
1466	-1.071314	121.048274	0.004790	7.6
1467	-0.929696	121.001949	0.005429	8.3
1468	-0.681911	120.955671	0.006507	9.9
1469	-0.904192	120.909440	0.007080	8.7
1470	-0.216446	120.863256	0.002141	9.2
1471	-0.975444	120.817119	0.005790	9.0
1472	-0.731880	120.771029	0.002786	9.2
1473	-1.174870	120.724986	0.006588	9.9
1474	-0.224891	120.678990	0.002743	8.4
1475	-1.274669	120.633040	0.006991	8.6
1476	-0.932563	120.587137	0.006491	8.4
1477	-0.984024	120.541281	0.004892	12.2
1478	-1.144941	120.495471	0.006974	8.8
1479	-1.184550	120.449707	0.006772	10.5
1480	-1.066058	120.403990	0.006867	10.8
1481	-0.964684	120.358319	0.004796	11.8
1482	-1.211748	120.312694	0.007194	9.4
1483	-0.058886	120.267115	0.000769	9.3
1484	-0.813784	120.221582	0.006260	8.8
1485	-1.252628	120.176096	0.006950	11.5
1486	-0.594769	120.130655	0.005959	10.0
1487	-1.154850	120.085260	0.008432	8.0
1488	-1.218231	120.039910	0.008807	11.2
1489	-1.177663	119.994606	0.008179	9.8
1490	-1.198957	119.949348	0.005012	10.3
1491	-1.146390	119.904135	0.008721	9.2
1492	-1.358849	119.858968	0.007267	8.6
1493	-1.325155	119.813846	0.006145	10.6
1494	-1.213388	119.768769	0.009748	9.3
1495	-1.062040	119.723738	0.007532	10.7
1496	-1.091707	119.678752	0.008349	9.3
1497	-0.492997	119.633810	0.005326	11.1
1498	-0.889953	119.588914	0.006166	10.3
1499	-0.576646	119.544062	0.004008	9.7
1500	-1.169445	119.499256	0.008720	9.2
1501	-0.923341	119.454494	0.006385	10.7
1502	-0.588629	119.409777	0.003201	10.3
1503	-1.251097	119.365104	0.007303	9.2
1504	-0.557366	119.320476	0.004660	9.6
1505	-1.343805	119.275893	0.008984	10.9
1506	-0.773217	119.231353	0.003672	9.6
1507	-1.330269	119.186859	0.008679	9.4
1508	-1.223062	119.142408	0.007155	9.0
1509	-1.295415	119.098002	0.010089	11.9
1510	-1.328464	119.053639	0.008391	9.4
1511	-1.139891	119.009321	0.005132	9.8
1512	-0.691748	118.965047	0.004697	9.6
1513	-0.320100	118.920816	0.002290	12.0
1514	-0.135826	118.876630	0.001087	9.5
1515	-0.914110	118.832487	0.006122	9.3
1516	-1.145764	118.788388	0.009390	9.2
1517	-1.261172	118.744332	0.007382	11.6
1518	-0.516115	118.700320	0.003918	8.9
1519	-0.729289	118.656352	0.005269	9.0
1520	-1.329024	118.612427	0.008188	9.2
1521	-0.694013	118.568545	0.005861	9.9
1522	-0.931117	118.524706	0.006057	10.9
1523	-1.366993	118.480911	0.014469	9.2
1524	-0.617747	118.437159	0.004659	9.0
1525	-1.175342	118.393450	0.008677	9.8
1526	-1.058099	118.349784	0.006674	9.1
1527	-1.186248	118.306160	0.006951	8.1
1528	-0.930092	118.262580	0.004810	9.0
1529	-1.144742	118.219042	0.009378	8.3
1530	-0.615129	118.175548	0.008162	10.4
1531	-0.876883	118.132095	0.006978	8.2
1532	-1.347415	118.088686	0.015039	9.1
1533	-1.340648	118.045319	0.007641	8.4
1534	-0.619583	118.001994	0.004815	9.1
1535	-1.085666	117.958712	0.005610	11.0
1536	-1.216790	117.915472	0.006510	8.1
1537	-0.573337	117.872274	0.002898	7.7
1538	-1.371342	117.829118	0.009213	8.2
1539	-0.893705	117.786005	0.005899	11.1
1540	-1.103193	117.742933	0.006181	8.0
1541	-1.388939	117.699904	0.009219	8.7
1542	-0.908689	117.656916	0.006021	8.3
1543	-1.044381	117.613971	0.004265	8.5
1544	-1.222150	117.571067	0.006895	11.9
1545	-0.924847	117.528205	0.008165	7.7
1546	-1.295153	117.485384	0.007585	8.8
1547	-0.986222	117.442605	0.009119	8.0
1548	-1.297172	117.399867	0.008782	11.1
1549	-1.241577	117.357171	0.004678	8.7
1550	-1.387748	117.314517	0.008104	10.2
1551	-0.518385	117.271903	0.004580	8.3
1552	-0.356286	117.229331	0.003062	8.9
1553	-1.090288	117.186800	0.009693	11.3
1554	-0.721242	117.144311	0.005593	8.5
1555	-1.091049	117.101862	0.005303	9.7
1556	-1.232390	117.059454	0.008651	10.5
1557	-1.229902	117.017087	0.008489	10.3
1558	-1.182661	116.974762	0.007521	10.3
1559	-0.734061	116.932476	0.006779	9.7
1560	-0.712002	116.890232	0.005486	11.4
1561	-0.920748	116.848028	0.007946	9.8
1562	-0.565677	116.805865	0.005807	9.2
1563	-0.136505	116.763743	0.003550	10.4
1564	-1.358692	116.721661	0.005519	12.3
1565	-1.419003	116.679619	0.012046	9.3
1566	-1.083053	116.637618	0.006317	9.1
1567	-0.658081	116.595657	0.006586	10.0
1568	-0.416624	116.553736	0.005286	11.8
1569	-0.248041	116.511855	0.002760	9.1
1570	-0.736412	116.470015	0.005601	10.2
1571	-0.816520	116.428214	0.008350	9.5
1572	-1.191986	116.386454	0.007913	10.6
1573	-0.815977	116.344733	0.006601	9.4
1574	-0.790475	116.303052	0.005327	8.6
1575	-1.240182	116.261412	0.006440	8.7
1576	-1.246700	116.219810	0.006216	10.0
1577	-1.239637	116.178249	0.007648	9.9
1578	-1.394269	116.136727	0.009372	8.9
1579	-0.732694	116.095245	0.007005	8.5
1580	-1.290375	116.053802	0.007856	9.8
1581	-0.752278	116.012398	0.006353	11.6
1582	-1.274941	115.971034	0.007196	9.1
1583	-1.362957	115.929710	0.009975	8.5
1584	-1.321389	115.888424	0.009957	7.7
1585	-0.210162	115.847178	0.001651	11.5
1586	-0.473341	115.805970	0.002380	8.9
1587	-0.450077	115.764802	0.003356	10.1
1588	-1.393415	115.723673	0.007946	9.6
1589	-0.830485	115.682583	0.006584	10.1
1590	-0.848427	115.641532	0.006290	8.6
1591	-0.357145	115.600519	0.003855	9.0
1592	-0.195030	115.559546	0.002253	9.5
1593	-1.194052	115.518610	0.007223	10.4
1594	-1.415761	115.477714	0.006836	9.8
1595	-1.310091	115.436856	0.009227	8.7
1596	-0.995865	115.396037	0.006461	8.6
1597	-1.187937	115.355256	0.008934	9.1
1598	-1.300121	115.314514	0.008200	12.7
1599	-0.934338	115.273810	0.007522	13.7
1600	-1.275766	115.233144	0.007760	9.5
1601	-0.387796	115.192517	0.006455	11.2
1602	-1.229982	115.151927	0.006475	8.5
1603	-0.896948	115.111376	0.006628	9.4
1604	-1.331381	115.070863	0.004960	9.0
1605	-0.632790	115.030388	0.004210	8.7
1606	-0.618378	114.989951	0.005760	11.4
1607	-1.033067	114.949551	0.007257	9.8
1608	-0.989322	114.909190	0.007268	8.7
1609	-1.329506	114.868866	0.005054	11.1
1610	-0.686836	114.828580	0.006108	14.5
1611	-1.289702	114.788332	0.005890	17.0
1612	-1.282234	114.748121	0.004242	14.8
1613	-1.061760	114.707948	0.006232	16.4
1614	-1.155113	114.667812	0.006389	9.2
1615	-0.738439	114.627714	0.007407	13.7
1616	-0.913814	114.587653	0.008123	9.0
1617	-0.605599	114.547629	0.005930	8.5
1618	-0.599805	114.507643	0.008471	9.1
1619	-1.230976	114.467693	0.004509	8.2
1620	-0.048122	114.427781	0.000374	11.1
1621	-0.763157	114.387907	0.002653	9.1
1622	-0.897926	114.348069	0.006071	8.4
1623	-0.778427	114.308268	0.006198	8.2
1624	-1.216314	114.268504	0.009722	11.1
1625	-0.615679	114.228777	0.005652	8.7
1626	-0.428541	114.189086	0.003324	8.2
1627	-1.115656	114.149433	0.003976	8.2
1628	-0.910327	114.109816	0.008629	9.5
1629	-0.310648	114.070235	0.003483	10.3
1630	-1.340595	114.030692	0.010258	8.3
1631	-1.078214	113.991185	0.007129	8.8
1632	-0.782824	113.951714	0.005406	14.2
1633	-0.425471	113.912280	0.003640	9.6
1634	-1.245146	113.872882	0.008193	9.8
1635	-1.144976	113.833521	0.007537	8.8
1636	-1.038184	113.794195	0.006930	8.2
1637	-0.764183	113.754906	0.005713	10.0
1638	-0.945362	113.715653	0.005172	8.6
1639	-1.309107	113.676437	0.006456	12.6
1640	-0.737231	113.637256	0.004621	19.0
1641	-1.007383	113.598111	0.005327	22.2
1642	-1.015497	113.559002	0.008915	15.4
1643	-0.632891	113.519929	0.003558	15.1
1644	-1.275304	113.480892	0.009701	9.5
1645	-0.728809	113.441891	0.007593	10.6
1646	-1.242954	113.402925	0.007029	9.7
1647	-1.293876	113.363995	0.006661	8.1
1648	-1.345957	113.325101	0.007759	8.6
1649	-0.746757	113.286242	0.006316	8.9
1650	-1.201168	113.247419	0.005582	10.9
1651	-0.774511	113.208631	0.003096	8.7
1652	-1.023908	113.169879	0.006516	8.9
1653	-0.436073	113.131162	0.004744	8.3
1654	-1.204919	113.092480	0.008024	8.3
1655	-0.572127	113.053833	0.005040	11.2
1656	-0.355933	113.015222	0.002767	8.3
1657	-1.173243	112.976646	0.006541	8.0
1658	-0.233439	112.938105	0.003824	8.2
1659	-1.179106	112.899599	0.007943	11.0
1660	-1.073489	112.861128	0.008719	8.1
1661	-0.934763	112.822692	0.004486	8.4
1662	-0.722437	112.784291	0.004624	7.7
1663	-0.366043	112.745924	0.002371	8.7
1664	-0.760414	112.707593	0.004941	11.1
1665	-1.091891	112.669296	0.005529	8.4
1666	-0.548839	112.631034	0.006232	8.5
1667	-0.633136	112.592806	0.005622	8.1
1668	-1.343749	112.554613	0.009953	9.4
1669	-0.878173	112.516455	0.008613	10.0
1670	-1.169351	112.478331	0.004953	8.8
1671	-1.244993	112.440241	0.005813	8.5
1672	-0.555332	112.402186	0.008254	8.8
1673	-0.141771	112.364165	0.001720	10.7
1674	-1.338883	112.326179	0.005886	9.0
1675	-1.326157	112.288227	0.007604	8.4
1676	-0.821085	112.250309	0.006129	8.2
1677	-1.096774	112.212425	0.006350	9.3
1678	-1.075774	112.174575	0.009814	10.7
1679	-0.443086	112.136759	0.004045	8.6
1680	-0.648520	112.098977	0.006138	8.3
1681	-0.344547	112.061229	0.002237	8.5
1682	-1.159367	112.023515	0.006272	11.1
1683	-0.624127	111.985834	0.005468	8.3
1684	-1.259374	111.948188	0.008862	8.9
1685	-1.284667	111.910575	0.005714	9.3
1686	-0.709936	111.872996	0.007109	10.4
1687	-0.762115	111.835450	0.004627	8.6
1688	-0.449286	111.797939	0.002433	8.1
1689	-0.766454	111.760460	0.005666	8.6
1690	-0.724142	111.723015	0.007098	9.6
1691	-0.775525	111.685604	0.005249	10.9
1692	-0.747905	111.648226	0.004159	9.6
1693	-1.200194	111.610881	0.006256	9.4
1694	-1.389500	111.573570	0.012603	8.8
1695	-0.813123	111.536292	0.009701	12.3
1696	-0.842999	111.499047	0.005436	8.7
1697	-0.911108	111.461835	0.006562	8.2
1698	-1.404521	111.424656	0.006821	8.6
1699	-0.991170	111.387510	0.005606	9.8
1700	-0.966197	111.350398	0.003314	8.4
1701	-1.263199	111.313318	0.008834	9.5
1702	-0.497990	111.276271	0.004958	9.6
1703	-1.398385	111.239257	0.007015	11.0
1704	-1.327215	111.202276	0.006722	9.1
1705	-1.296793	111.165328	0.009044	8.7
1706	-0.706107	111.128412	0.006862	10.6
1707	-0.124051	111.091529	0.001538	10.9
1708	-1.328019	111.054679	0.007109	9.5
1709	-0.684555	111.017861	0.004789	10.1
1710	-0.830526	110.981076	0.006972	9.8
1711	-0.092921	110.944323	0.002030	11.2
1712	-1.092028	110.907603	0.007286	13.9
1713	-0.241274	110.870915	0.001299	11.0
1714	-1.077461	110.834259	0.005889	11.0
1715	-1.114074	110.797636	0.007599	10.3
1716	-1.182250	110.761045	0.012991	8.8
1717	-1.376287	110.724486	0.006615	10.0
1718	-1.105525	110.687959	0.006668	10.2
1719	-0.391156	110.651465	0.002602	10.0
1720	-1.288877	110.615002	0.010481	9.9
1721	-0.974308	110.578572	0.005338	9.8
1722	-0.695266	110.542173	0.006075	9.8
1723	-1.180084	110.505807	0.005273	11.6
1724	-1.086401	110.469472	0.005793	8.6
1725	-0.871397	110.433169	0.009921	8.2
1726	-1.157662	110.396898	0.007999	8.8
1727	-0.554400	110.360659	0.006064	11.4
1728	-1.223613	110.324451	0.009667	8.5
1729	-1.300732	110.288276	0.008958	10.7
1730	-1.013499	110.252131	0.006530	8.6
1731	-0.030989	110.216019	0.000973	10.8
1732	-1.255489	110.179937	0.008007	8.2
1733	-1.275648	110.143888	0.006417	9.3
1734	-0.306236	110.107869	0.004345	8.0
1735	-1.206816	110.071882	0.006144	10.7
1736	-1.361330	110.035927	0.007542	8.4
1737	-0.839496	110.000003	0.008085	8.3
1738	-0.777653	109.964110	0.007027	8.4
1739	-0.698097	109.928248	0.006738	8.5
1740	-1.021169	109.892417	0.006487	11.4
1741	-1.319549	109.856618	0.009226	8.3
1742	-1.007304	109.820850	0.007972	8.6
1743	-0.981026	109.785112	0.008540	8.3
1744	-1.337095	109.749406	0.008896	10.7
1745	-1.056337	109.713730	0.006475	8.8
1746	-1.053200	109.678086	0.005258	9.1
1747	-1.286204	109.642472	0.008937	8.9
1748	-1.364358	109.606890	0.009271	9.5
1749	-1.276120	109.571337	0.007074	11.4
1750	-0.786566	109.535816	0.007675	8.6
1751	-0.030186	109.500326	0.001455	7.5
1752	-0.841853	109.464866	0.006744	9.4
1753	-0.782912	109.429436	0.005360	12.4
1754	-1.144213	109.394038	0.008922	10.3
1755	-1.397984	109.358669	0.006866	8.9
1756	-1.374667	109.323331	0.008877	10.5
1757	-0.339170	109.288024	0.004204	9.3
1758	-0.220187	109.252747	0.004418	9.4
1759	-0.620432	109.217501	0.004335	9.5
1760	-1.357817	109.182284	0.007540	11.3
1761	-0.425104	109.147098	0.005994	9.6
1762	-1.197544	109.111942	0.005228	9.9
1763	-0.955480	109.076817	0.007832	9.6
1764	-1.278503	109.041721	0.008605	11.2
1765	-1.352935	109.006656	0.007905	8.7
1766	-1.234973	108.971620	0.007872	9.4
1767	-0.831401	108.936615	0.006436	10.2
1768	-0.726027	108.901640	0.005271	10.6
1769	-1.359894	108.866694	0.006101	9.4
1770	-1.239259	108.831779	0.006639	9.6
1771	-1.177428	108.796893	0.005066	9.2
1772	-0.700066	108.762037	0.004919	10.9
1773	-1.314467	108.727211	0.008766	9.8
1774	-1.293565	108.692415	0.006300	8.8
1775	-1.222439	108.657648	0.005341	9.3
1776	-0.074207	108.622911	0.001266	8.7
1777	-1.294941	108.588203	0.006926	11.1
1778	-1.288650	108.553525	0.005603	8.1
1779	-1.091160	108.518877	0.006020	12.1
1780	-0.604093	108.484258	0.002481	14.2
1781	-0.373482	108.449668	0.003518	12.0
1782	-0.887545	108.415108	0.005139	7.8
1783	-0.890260	108.380578	0.006199	9.1
1784	-1.394482	108.346076	0.008932	10.3
1785	-1.181841	108.311604	0.005964	9.3
1786	-1.181334	108.277161	0.006963	8.3
1787	-0.734995	108.242747	0.006107	8.8
1788	-0.515913	108.208363	0.004256	9.7
1789	-1.163285	108.174007	0.006043	9.8
1790	-0.475356	108.139681	0.005289	8.5
1791	-1.336092	108.105383	0.008765	11.3
1792	-0.496120	108.071115	0.004628	9.2
1793	-1.283914	108.036875	0.006223	9.3
1794	-1.143964	108.002665	0.006850	8.0
1795	-1.160429	107.968483	0.006223	8.7
1796	-1.325780	107.934330	0.006404	11.0
1797	-0.813332	107.900206	0.007358	11.0
1798	-0.999894	107.866111	0.009664	10.1
1799	-0.808565	107.832044	0.006111	9.5
1800	-0.750099	107.798007	0.009034	9.1
1801	-0.960511	107.763997	0.008009	10.8
1802	-1.295693	107.730017	0.007162	9.7
1803	-1.352772	107.696065	0.008469	8.9
1804	-0.976958	107.662141	0.005777	10.1
1805	-0.634614	107.628246	0.004246	10.5
1806	-1.082931	107.594379	0.006455	13.7
1807	-0.717893	107.560541	0.006576	14.7
1808	-0.745199	107.526731	0.007802	18.4
1809	-0.195325	107.492949	0.002213	15.9
1810	-1.286337	107.459196	0.008293	14.8
1811	-1.195957	107.425471	0.006026	10.6
1812	-0.471838	107.391774	0.006335	9.9
1813	-0.964266	107.358106	0.007107	9.1
1814	-1.334447	107.324465	0.007663	11.0
1815	-0.860799	107.290853	0.005438	8.6
1816	-1.165316	107.257268	0.005400	7.7
1817	-0.812222	107.223712	0.004250	8.0
1818	-0.604294	107.190184	0.006816	9.0
1819	-0.860405	107.156683	0.005472	10.7
1820	-1.293234	107.123211	0.005488	8.6
1821	-1.388193	107.089766	0.009209	9.6
1822	-0.908028	107.056349	0.003619	8.6
1823	-0.963572	107.022960	0.005619	10.9
1824	-1.043269	106.989599	0.008035	8.4
1825	-1.093365	106.956265	0.007784	9.4
1826	-1.244829	106.922960	0.007441	9.5
1827	-0.411134	106.889681	0.002229	11.9
1828	-0.621829	106.856431	0.004154	8.8
1829	-1.324805	106.823208	0.006933	9.7
1830	-0.848264	106.790012	0.005327	9.2
1831	-1.162167	106.756844	0.006284	11.1
1832	-1.377507	106.723703	0.007204	9.1
1833	-0.733593	106.690590	0.003677	10.3
1834	-0.743567	106.657505	0.005159	9.0
1835	-1.272932	106.624446	0.005907	10.3
1836	-1.284883	106.591415	0.007627	9.5
1837	-1.120954	106.558411	0.005601	10.3
1838	-1.309292	106.525435	0.011183	8.9
1839	-0.805911	106.492485	0.009607	10.6
1840	-1.288301	106.459563	0.008527	8.7
1841	-0.573620	106.426668	0.003946	9.6
1842	-1.181991	106.393800	0.006235	9.7
1843	-0.850734	106.360959	0.006620	10.7
1844	-1.291138	106.328145	0.007396	9.6
1845	-0.575478	106.295358	0.005219	9.4
1846	-1.301462	106.262598	0.006512	8.8
1847	-0.636029	106.229865	0.006005	11.2
1848	-0.747500	106.197158	0.007253	10.2
1849	-1.094331	106.164479	0.006400	9.0
1850	-0.834054	106.131826	0.004095	9.4
1851	-1.343096	106.099201	0.007964	12.3
1852	-1.263363	106.066602	0.007000	9.2
1853	-1.320032	106.034029	0.007256	9.6
1854	-0.572118	106.001483	0.005528	9.0
1855	-1.115909	105.968964	0.006237	11.3
1856	-0.556026	105.936472	0.005208	8.0
1857	-1.175856	105.904006	0.008732	9.5
1858	-0.246976	105.871566	0.002332	9.3
1859	-0.629418	105.839153	0.005697	9.6
1860	-1.086661	105.806767	0.006294	11.4
1861	-0.978604	105.774407	0.005573	8.8
1862	-0.260018	105.742073	0.003219	8.7
1863	-1.426298	105.709766	0.011042	9.4
1864	-1.072570	105.677485	0.007863	10.8
1865	-1.221770	105.645230	0.006191	9.5
1866	-0.372707	105.613001	0.004416	8.6
1867	-0.331971	105.580799	0.003682	9.6
1868	-1.281298	105.548623	0.006216	10.6
1869	-0.886492	105.516473	0.006348	12.6
1870	-0.385766	105.484349	0.006054	14.8
1871	-0.805913	105.452251	0.003838	20.9
1872	-0.611741	105.420179	0.005967	10.4
1873	-1.245632	105.388133	0.007758	10.5
1874	-0.334406	105.356113	0.003107	11.8
1875	-0.914169	105.324119	0.004227	9.1
1876	-0.960611	105.292151	0.003903	8.9
1877	-1.214399	105.260209	0.005076	13.9
1878	-0.838867	105.228293	0.002530	12.6
1879	-1.455775	105.196402	0.008323	9.1
1880	-1.257844	105.164537	0.006030	8.8
1881	-1.058538	105.132698	0.005581	11.0
1882	-1.012618	105.100885	0.009890	8.8
1883	-1.335347	105.069097	0.006146	11.3
1884	-0.809351	105.037335	0.004244	10.5
1885	-0.988818	105.005598	0.007460	10.9
1886	-0.147900	104.973887	0.000697	8.9
1887	-0.903848	104.942202	0.008414	14.6
1888	-1.333439	104.910542	0.014828	16.2
1889	-0.626367	104.878907	0.004153	13.0
1890	-0.709614	104.847298	0.007086	12.3
1891	-0.962232	104.815715	0.009350	11.4
1892	-0.298289	104.784156	0.003149	9.2
1893	-1.228907	104.752623	0.008320	7.6
1894	-0.829629	104.721116	0.006044	9.3
1895	-0.932183	104.689633	0.007526	8.1
1896	-1.022524	104.658176	0.009530	10.3
1897	-0.078310	104.626744	0.000845	7.7
1898	-0.393701	104.595337	0.002639	8.8
1899	-0.860256	104.563955	0.005654	8.8
1900	-1.400333	104.532599	0.008464	8.2
1901	-0.740027	104.501267	0.005435	14.0
1902	-1.156321	104.469960	0.006093	9.2
1903	-1.331089	104.438679	0.009320	10.0
1904	-1.049757	104.407422	0.004721	9.0
1905	-0.755336	104.376191	0.006912	9.7
1906	-0.422284	104.344984	0.002074	10.4
1907	-1.030129	104.313802	0.002842	7.9
1908	-0.700778	104.282645	0.007827	8.6
1909	-0.373159	104.251513	0.002881	12.1
1910	-1.328963	104.220405	0.007832	8.8
1911	-1.271451	104.189323	0.006706	8.5
1912	-1.419563	104.158265	0.009786	9.4
1913	-0.762616	104.127231	0.006456	12.1
1914	-0.535638	104.096222	0.003509	9.0
1915	-1.001736	104.065238	0.004219	9.2
1916	-0.734361	104.034279	0.004337	10.7
1917	-1.292743	104.003344	0.008520	11.2
1918	-1.336526	103.972433	0.005671	9.1
1919	-1.410563	103.941547	0.008273	8.9
1920	-1.361988	103.910686	0.007962	10.7
1921	-1.210819	103.879849	0.010031	10.9
1922	-0.080847	103.849036	0.003533	9.0
1923	-1.014138	103.818248	0.005524	8.9
1924	-0.193375	103.787484	0.002165	10.2
1925	-1.206050	103.756744	0.009020	10.9
1926	-1.321700	103.726029	0.009704	9.5
1927	-0.799776	103.695338	0.005790	9.3
1928	-0.222691	103.664671	0.001979	9.2
1929	-0.845710	103.634028	0.008283	9.4
1930	-0.790681	103.603409	0.005343	11.1
1931	-0.737106	103.572814	0.006527	9.1
1932	-1.287491	103.542244	0.007913	10.6
1933	-1.175303	103.511698	0.006534	11.1
1934	-1.356955	103.481175	0.006955	9.0
1935	-1.264982	103.450677	0.006411	9.3
1936	-0.672963	103.420202	0.004257	10.4
1937	-1.130231	103.389752	0.014418	9.0
1938	-1.040416	103.359325	0.006277	9.6
1939	-1.206053	103.328922	0.006055	9.4
1940	-0.233504	103.298543	0.003535	11.5
1941	-1.187175	103.268188	0.007559	10.1
1942	-1.289386	103.237857	0.007433	8.5
1943	-1.338154	103.207549	0.007866	10.1
1944	-1.182892	103.177265	0.005666	11.1
1945	-0.214166	103.147005	0.004201	8.8
1946	-0.278786	103.116768	0.002830	9.8
1947	-0.122272	103.086556	0.001999	8.8
1948	-1.316893	103.056366	0.006414	11.5
1949	-1.259369	103.026200	0.005612	8.9
1950	-1.097777	102.996058	0.006720	8.2
1951	-0.075615	102.965939	0.000742	8.6
1952	-0.487046	102.935844	0.002915	9.0
1953	-1.383350	102.905772	0.007473	10.3
1954	-0.822095	102.875724	0.003311	8.1
1955	-0.519825	102.845699	0.004715	8.5
1956	-0.425988	102.815697	0.002868	9.4
1957	-1.271099	102.785719	0.004048	10.0
1958	-0.958082	102.755764	0.006814	8.2
1959	-1.270035	102.725832	0.008406	9.1
1960	-1.187995	102.695924	0.008452	8.6
1961	-0.292713	102.666038	0.004168	8.0
1962	-1.115181	102.636176	0.005027	11.8
1963	-1.391468	102.606337	0.008954	8.6
1964	-1.059160	102.576521	0.003373	7.7
1965	-1.037266	102.546728	0.005332	8.2
1966	-1.216483	102.516959	0.008618	11.1
1967	-1.023548	102.487212	0.010021	10.6
1968	-1.398132	102.457488	0.005431	9.5
1969	-0.587672	102.427788	0.005562	8.4
1970	-0.123617	102.398110	0.001755	8.7
1971	-0.381590	102.368455	0.004728	7.8
1972	-0.743585	102.338823	0.006298	8.2
1973	-0.350335	102.309214	0.003533	8.3
1974	-1.182240	102.279628	0.006873	8.7
1975	-0.634913	102.250064	0.003832	9.9
1976	-1.402038	102.220524	0.007291	8.8
1977	-0.667039	102.191006	0.003587	8.6
1978	-1.388886	102.161511	0.009797	8.1
1979	-0.738505	102.132038	0.006624	8.8
1980	-1.274384	102.102588	0.007281	13.9
1981	-1.201899	102.073161	0.006971	10.9
1982	-0.208046	102.043757	0.002670	12.7
1983	-1.227961	102.014375	0.008785	13.1
1984	-1.234181	101.985015	0.007331	9.1
1985	-0.246381	101.955678	0.001936	7.8
1986	-0.569339	101.926364	0.004725	8.2
1987	-1.245115	101.897072	0.009108	10.7
1988	-1.374592	101.867802	0.009910	9.3
1989	-1.103468	101.838555	0.004776	8.4
1990	-0.791215	101.809330	0.005146	9.2
1991	-0.530276	101.780128	0.003152	9.0
1992	-0.308947	101.750948	0.003613	9.8
1993	-0.831433	101.721790	0.004770	8.6
1994	-1.306687	101.692654	0.006293	8.0
1995	-0.810576	101.663541	0.006091	10.3
1996	-0.275510	101.634450	0.002554	10.5
1997	-0.710030	101.605381	0.005270	11.8
1998	-0.926055	101.576335	0.007908	8.8
1999	-1.301443	101.547310	0.007482	12.5
