1:ItNr	2:Metric	3:StepSize	4:||Gradient||	Time[ms]
0	-0.335490	627.201626	0.003454	558.4
1	-1.815855	623.504937	0.021055	7.6
2	-1.374953	619.865785	0.014110	8.1
3	-0.293921	616.282728	0.004580	8.0
4	-0.989661	612.754375	0.007631	10.6
5	-1.788979	609.279381	0.023980	8.7
6	-0.534280	605.856447	0.011005	8.5
7	-0.681528	602.484317	0.009238	8.2
8	-1.696370	599.161779	0.023790	7.9
9	-1.495694	595.887656	0.018980	11.1
10	-0.613277	592.660813	0.006116	8.7
11	-0.226753	589.480151	0.005131	8.9
12	-1.954389	586.344606	0.032908	8.1
13	-0.985804	583.253145	0.028191	10.2
14	-1.269084	580.204771	0.008141	8.1
15	-0.496419	577.198517	0.018602	9.2
16	-1.524951	574.233444	0.041470	10.7
17	-1.677257	571.308645	0.015629	11.5
18	-0.575244	568.423237	0.006300	9.0
19	-1.423129	565.576365	0.034600	9.7
20	-1.627543	562.767201	0.018695	9.2
21	-1.383548	559.994938	0.037595	12.2
22	-1.448011	557.258797	0.020139	16.0
23	-0.283942	554.558018	0.001359	9.3
24	-0.963352	551.891865	0.008954	26.4
25	-0.951644	549.259621	0.009280	18.4
26	-0.513743	546.660592	0.006092	25.4
27	-1.913205	544.094102	0.024962	25.5
28	-0.268906	541.559494	0.004222	15.7
29	-0.843914	539.056129	0.009995	13.4
30	-1.793656	536.583387	0.030517	15.5
31	-1.920112	534.140663	0.021661	15.9
32	-0.766002	531.727370	0.013424	10.8
33	-1.009369	529.342935	0.013361	12.7
34	-1.033133	526.986802	0.004250	9.3
35	-0.545969	524.658430	0.001808	11.0
36	-0.274389	522.357290	0.003030	8.1
37	-0.878803	520.082868	0.013302	8.1
38	-0.549040	517.834665	0.005715	8.7
39	-0.352284	515.612193	0.006153	10.4
40	-1.060940	513.414976	0.006557	9.2
41	-0.897922	511.242551	0.005473	9.1
42	-1.410851	509.094468	0.013218	7.7
43	-1.633685	506.970285	0.022194	9.3
44	-0.558629	504.869574	0.006955	10.9
45	-1.099538	502.791916	0.010414	8.6
46	-1.574462	500.736903	0.012775	7.3
47	-0.233314	498.704137	0.003032	9.1
48	-0.531448	496.693228	0.004449	10.3
49	-1.011447	494.703798	0.016689	8.5
50	-0.579815	492.735476	0.005589	8.6
51	-0.850822	490.787900	0.010824	9.8
52	-0.775143	488.860718	0.008540	11.2
53	-0.291705	486.953585	0.003548	8.2
54	-1.432975	485.066164	0.010558	9.3
55	-1.890301	483.198126	0.012307	10.1
56	-1.651914	481.349149	0.037251	14.9
57	-0.172102	479.518920	0.003102	11.7
58	-0.776509	477.707132	0.008893	13.9
59	-1.086555	475.913485	0.016828	15.8
60	-1.453510	474.137684	0.008709	10.8
61	-1.384576	472.379445	0.008170	14.4
62	-1.033068	470.638485	0.011456	15.3
63	-1.440660	468.914531	0.014152	14.4
64	-1.035149	467.207315	0.004954	13.2
65	-0.034301	465.516573	0.000415	13.9
66	-1.979065	463.842050	0.014009	13.1
67	-0.724511	462.183494	0.009120	14.1
68	-0.548474	460.540658	0.002962	16.0
69	-0.448277	458.913303	0.004380	12.4
70	-0.600599	457.301192	0.003971	11.7
71	-0.290684	455.704096	0.003128	15.5
72	-0.754913	454.121787	0.007752	11.4
73	-1.831435	452.554045	0.024001	9.2
74	-1.652387	451.000653	0.025829	9.2
75	-0.693291	449.461399	0.008055	11.6
76	-1.867696	447.936075	0.015546	8.4
77	-0.494117	446.424477	0.005603	7.9
78	-1.812386	444.926406	0.006801	9.3
79	-1.343162	443.441666	0.007346	9.3
80	-1.145382	441.970065	0.009057	10.3
81	-0.629112	440.511415	0.006733	8.0
82	-1.917141	439.065533	0.030667	8.1
83	-0.584012	437.632238	0.015482	8.2
84	-1.368666	436.211351	0.021079	10.4
85	-1.536220	434.802701	0.037003	8.6
86	-0.434783	433.406117	0.009410	9.0
87	-1.450465	432.021430	0.025980	8.5
88	-1.946204	430.648479	0.023284	9.2
89	-0.843153	429.287101	0.013206	9.6
90	-0.529296	427.937140	0.010186	8.5
91	-1.407196	426.598440	0.010337	8.3
92	-1.394500	425.270849	0.021178	9.0
93	-1.767742	423.954220	0.027764	12.0
94	-1.474862	422.648404	0.023738	7.9
95	-0.505356	421.353259	0.005977	8.9
96	-0.309910	420.068643	0.004715	8.9
97	-1.381115	418.794419	0.008452	9.9
98	-1.265712	417.530451	0.022072	10.7
99	-1.490262	416.276604	0.014846	8.1
100	-1.403864	415.032748	0.012028	7.1
101	-1.131782	413.798754	0.012092	8.3
102	-1.019263	412.574495	0.018260	10.5
103	-1.327565	411.359849	0.017993	8.6
104	-1.162666	410.154691	0.007858	8.7
105	-1.650970	408.958904	0.027743	7.7
106	-0.255464	407.772368	0.005517	10.3
107	-1.658000	406.594968	0.028736	9.6
108	-1.607713	405.426590	0.016813	8.0
109	-1.494048	404.267122	0.046031	8.7
110	-1.011510	403.116456	0.015857	8.6
111	-0.169700	401.974481	0.003207	11.2
112	-0.990174	400.841093	0.007864	8.7
113	-1.486662	399.716187	0.012603	8.6
114	-0.648124	398.599660	0.005627	8.0
115	-0.473128	397.491411	0.002578	10.2
116	-0.460012	396.391342	0.005938	11.0
117	-0.694041	395.299353	0.008758	9.8
118	-0.324416	394.215350	0.003809	9.2
119	-1.124638	393.139238	0.020899	10.9
120	-0.865534	392.070924	0.001915	8.3
121	-1.291449	391.010316	0.013863	8.0
122	-1.669886	389.957325	0.033437	10.6
123	-1.924442	388.911862	0.030618	8.7
124	-1.119294	387.873839	0.008777	10.4
125	-1.884815	386.843173	0.025348	9.5
126	-0.814774	385.819777	0.009628	9.5
127	-0.317711	384.803569	0.004778	9.7
128	-1.448803	383.794468	0.014631	9.9
129	-1.417797	382.792393	0.014034	10.4
130	-1.632689	381.797264	0.009892	8.9
131	-1.546444	380.809005	0.035504	10.3
132	-0.782376	379.827537	0.005608	9.1
133	-1.658416	378.852786	0.019469	8.0
134	-1.097877	377.884678	0.014982	8.4
135	-0.795779	376.923138	0.005968	8.1
136	-1.715823	375.968095	0.005767	10.4
137	-0.905618	375.019479	0.006429	9.9
138	-1.290640	374.077218	0.008633	11.6
139	-1.948621	373.141244	0.014798	9.3
140	-0.625107	372.211489	0.005999	10.4
141	-0.877122	371.287887	0.011739	8.7
142	-1.568128	370.370370	0.024180	8.8
143	-0.473324	369.458876	0.005094	7.7
144	-0.416158	368.553338	0.007905	9.0
145	-0.910576	367.653696	0.004580	10.2
146	-1.901504	366.759885	0.017644	8.4
147	-1.631617	365.871846	0.007747	8.1
148	-0.546255	364.989518	0.003766	8.4
149	-0.194943	364.112841	0.002917	10.6
150	-0.213157	363.241757	0.003530	8.7
151	-1.890510	362.376208	0.018583	8.8
152	-1.310836	361.516137	0.014580	8.2
153	-0.921373	360.661488	0.012397	9.3
154	-1.539467	359.812206	0.005915	9.9
155	-1.074226	358.968236	0.006396	7.8
156	-1.480975	358.129524	0.017825	7.7
157	-0.508191	357.296018	0.008267	8.9
158	-0.694611	356.467665	0.004869	10.6
159	-1.438446	355.644414	0.020646	7.7
160	-1.883541	354.826213	0.029587	8.3
161	-1.500276	354.013012	0.015523	7.9
162	-1.239256	353.204763	0.011117	8.4
163	-0.303616	352.401415	0.001984	9.8
164	-0.935465	351.602922	0.019810	8.2
165	-1.147712	350.809235	0.010184	8.9
166	-1.136936	350.020308	0.009735	8.2
167	-1.657440	349.236095	0.022465	7.7
168	-0.230719	348.456550	0.001738	9.9
169	-1.339766	347.681627	0.009994	9.1
170	-1.774196	346.911283	0.026916	10.2
171	-1.232070	346.145474	0.012927	10.6
172	-0.201985	345.384157	0.002075	13.3
173	-0.549106	344.627288	0.004465	9.1
174	-1.445829	343.874826	0.019501	11.3
175	-0.810044	343.126729	0.014333	9.2
176	-0.230706	342.382957	0.003078	10.2
177	-0.352449	341.643469	0.007454	9.4
178	-0.267790	340.908224	0.004860	9.0
179	-1.787760	340.177184	0.012000	10.1
180	-1.258068	339.450309	0.007661	12.4
181	-1.334947	338.727561	0.015559	11.2
182	-1.098217	338.008902	0.009875	8.8
183	-1.246909	337.294295	0.010606	9.6
184	-1.568541	336.583703	0.015528	12.1
185	-1.879710	335.877089	0.038745	8.5
186	-0.957755	335.174416	0.005491	8.7
187	-0.737023	334.475651	0.018415	8.9
188	-0.979971	333.780756	0.012305	9.0
189	-1.628946	333.089698	0.011640	11.6
190	-1.994198	332.402443	0.030191	10.5
191	-0.970383	331.718955	0.010856	10.0
192	-1.852908	331.039203	0.017422	10.6
193	-0.517466	330.363153	0.006381	11.0
194	-1.323507	329.690771	0.011148	9.8
195	-1.921159	329.022027	0.022283	8.8
196	-1.766894	328.356888	0.023981	11.3
197	-1.553040	327.695322	0.022009	8.1
198	-0.485862	327.037299	0.004063	12.0
199	-0.782164	326.382787	0.015429	9.4
200	-1.415070	325.731758	0.008704	11.9
201	-1.101427	325.084179	0.004586	9.7
202	-0.795073	324.440023	0.007246	9.5
203	-1.284650	323.799258	0.014514	9.1
204	-0.506375	323.161858	0.004077	10.5
205	-1.708063	322.527792	0.039325	11.0
206	-1.525532	321.897034	0.011734	9.3
207	-1.244998	321.269554	0.007365	13.9
208	-0.213596	320.645325	0.005862	13.2
209	-0.179629	320.024320	0.002106	8.3
210	-1.840096	319.406512	0.035446	10.9
211	-1.668281	318.791875	0.018217	9.3
212	-1.565740	318.180381	0.020807	12.9
213	-0.968791	317.572005	0.010818	11.9
214	-0.923969	316.966721	0.004502	8.5
215	-1.704497	316.364504	0.018783	43.3
216	-1.355479	315.765329	0.014280	37.1
217	-0.469922	315.169170	0.002662	44.2
218	-0.240536	314.576003	0.001033	21.1
219	-1.290926	313.985804	0.018577	32.3
220	-1.847057	313.398548	0.025237	24.2
221	-1.693283	312.814213	0.008397	23.8
222	-1.566520	312.232773	0.030271	11.4
223	-1.323353	311.654207	0.012969	9.0
224	-0.461089	311.078491	0.005925	10.1
225	-0.847029	310.505602	0.015137	11.3
226	-0.359751	309.935518	0.002899	7.9
227	-0.971969	309.368217	0.007433	9.2
228	-1.072592	308.803676	0.008111	9.3
229	-1.721369	308.241874	0.011828	11.0
230	-0.671249	307.682789	0.007905	12.8
231	-2.048457	307.126400	0.007297	14.9
232	-1.924705	306.572687	0.024303	14.0
233	-1.569334	306.021627	0.022885	9.7
234	-1.559686	305.473201	0.010893	43.7
235	-1.585575	304.927388	0.011288	25.8
236	-0.445274	304.384168	0.009295	46.2
237	-0.629127	303.843521	0.004739	39.6
238	-0.968385	303.305427	0.005811	28.5
239	-1.281859	302.769867	0.008077	12.2
240	-0.671217	302.236821	0.018204	15.0
241	-0.862658	301.706270	0.003976	12.6
242	-0.723120	301.178196	0.003983	14.1
243	-0.620599	300.652580	0.004686	16.4
244	-1.945522	300.129402	0.016209	9.4
245	-1.835164	299.608645	0.012004	12.7
246	-1.570628	299.090291	0.030420	9.7
247	-2.032109	298.574321	0.022201	13.9
248	-0.547780	298.060718	0.005044	8.8
249	-1.445366	297.549465	0.012722	9.9
250	-1.835964	297.040543	0.012523	9.0
251	-0.596286	296.533936	0.004881	11.3
252	-1.176804	296.029626	0.009643	9.3
253	-0.541900	295.527597	0.007491	10.0
254	-1.209676	295.027832	0.008428	10.6
255	-1.555118	294.530315	0.005863	13.3
256	-1.837249	294.035028	0.019611	14.1
257	-1.058858	293.541956	0.006979	9.9
258	-1.648927	293.051083	0.012000	7.8
259	-1.931254	292.562393	0.015877	13.0
260	-0.079991	292.075870	0.000829	23.2
261	-1.753680	291.591498	0.019054	24.5
262	-1.863307	291.109263	0.029943	26.0
263	-1.092643	290.629149	0.006349	24.2
264	-1.590287	290.151140	0.007298	18.4
265	-1.889872	289.675222	0.022485	16.0
266	-1.717685	289.201380	0.039895	22.5
267	-1.075163	288.729600	0.004452	15.8
268	-0.976773	288.259866	0.011541	21.5
269	-1.154000	287.792165	0.004660	13.2
270	-0.591846	287.326481	0.008184	17.6
271	-1.208158	286.862802	0.011724	22.3
272	-1.416465	286.401113	0.023225	18.0
273	-0.443219	285.941400	0.006914	17.1
274	-1.946345	285.483649	0.035104	60.9
275	-1.063991	285.027847	0.011585	17.1
276	-0.617737	284.573981	0.004590	7.9
277	-1.810225	284.122037	0.022118	8.1
278	-0.705246	283.672002	0.013215	10.6
279	-1.062245	283.223863	0.005180	9.1
280	-1.214047	282.777607	0.020180	9.3
281	-0.680496	282.333221	0.005170	12.1
282	-1.468686	281.890692	0.020507	11.2
283	-1.843250	281.450008	0.020645	8.5
284	-1.588616	281.011157	0.011550	8.0
285	-1.833714	280.574125	0.030264	12.7
286	-0.754750	280.138901	0.013183	9.9
287	-0.187456	279.705473	0.001933	7.9
288	-0.257710	279.273829	0.003754	8.3
289	-1.151924	278.843956	0.009485	10.2
290	-0.929920	278.415844	0.004866	7.8
291	-0.486264	277.989479	0.004112	10.5
292	-1.389655	277.564851	0.018896	8.1
293	-0.691320	277.141949	0.013030	12.7
294	-1.876583	276.720761	0.022396	8.5
295	-1.876638	276.301275	0.007892	10.2
296	-0.674664	275.883480	0.007366	8.0
297	-1.467888	275.467366	0.012381	7.7
298	-0.703856	275.052922	0.014475	7.9
299	-2.014330	274.640136	0.022402	10.5
300	-1.332765	274.228998	0.016638	8.2
301	-1.775820	273.819497	0.021930	8.4
302	-1.681768	273.411623	0.018927	7.6
303	-0.281819	273.005365	0.003840	18.2
304	-0.583831	272.600712	0.003524	18.8
305	-1.759648	272.197655	0.013866	17.1
306	-1.928074	271.796184	0.013321	23.7
307	-1.826281	271.396287	0.015258	17.9
308	-0.412947	270.997956	0.002691	15.1
309	-1.480117	270.601180	0.014683	25.1
310	-1.400327	270.205949	0.007528	19.2
311	-1.903111	269.812254	0.012269	15.5
312	-0.402279	269.420085	0.004269	10.4
313	-0.834938	269.029432	0.005690	8.1
314	-1.417322	268.640287	0.011935	7.8
315	-0.782376	268.252638	0.015824	8.3
316	-1.588370	267.866478	0.021883	10.8
317	-1.819986	267.481796	0.021095	7.9
318	-1.868418	267.098584	0.025797	8.1
319	-1.636905	266.716833	0.014305	7.9
320	-0.617486	266.336533	0.004565	6.9
321	-1.371275	265.957676	0.006039	9.1
322	-0.631933	265.580253	0.005252	8.0
323	-1.643874	265.204254	0.034465	8.0
324	-0.563532	264.829672	0.003872	7.6
325	-0.227628	264.456497	0.003075	7.9
326	-1.280724	264.084721	0.008760	10.9
327	-1.793320	263.714335	0.018636	8.3
328	-1.130497	263.345332	0.007585	8.5
329	-0.306889	262.977702	0.005016	8.2
330	-1.885274	262.611438	0.014334	8.8
331	-1.155061	262.246531	0.012907	15.7
332	-1.919042	261.882973	0.023666	10.4
333	-1.002575	261.520756	0.008775	8.8
334	-0.748667	261.159871	0.005918	12.1
335	-0.287266	260.800312	0.005575	12.0
336	-0.396604	260.442070	0.005001	17.5
337	-0.601058	260.085137	0.003985	26.9
338	-1.275895	259.729505	0.025433	11.5
339	-1.726476	259.375167	0.018973	14.8
340	-0.192888	259.022116	0.002380	21.6
341	-1.122479	258.670343	0.009205	14.2
342	-0.191923	258.319841	0.001528	8.4
343	-1.857946	257.970602	0.014469	11.2
344	-0.323709	257.622620	0.003127	13.8
345	-0.414167	257.275887	0.016837	9.1
346	-1.902256	256.930396	0.012866	9.4
347	-1.685324	256.586139	0.013986	13.6
348	-1.468318	256.243109	0.021250	9.4
349	-1.983334	255.901300	0.007735	8.5
350	-1.325873	255.560703	0.017284	8.3
351	-0.976820	255.221313	0.020000	8.5
352	-0.749852	254.883122	0.007575	10.1
353	-0.177956	254.546124	0.002641	8.4
354	-1.798305	254.210311	0.033504	8.5
355	-0.319441	253.875677	0.001610	8.6
356	-0.544395	253.542215	0.003465	9.8
357	-1.214049	253.209918	0.019413	8.0
358	-0.700811	252.878781	0.010161	7.7
359	-0.838580	252.548795	0.008871	8.9
360	-1.163314	252.219956	0.009052	9.5
361	-1.576368	251.892255	0.010215	12.0
362	-1.019469	251.565688	0.010539	10.1
363	-1.417294	251.240247	0.016160	10.6
364	-0.204493	250.915926	0.002590	8.6
365	-0.551736	250.592720	0.007478	9.6
366	-1.104304	250.270621	0.015781	8.7
367	-1.839871	249.949624	0.014245	8.0
368	-0.811853	249.629723	0.007757	8.0
369	-1.907102	249.310911	0.035304	9.8
370	-1.745083	248.993182	0.021075	9.0
371	-0.579199	248.676531	0.009070	9.6
372	-1.025271	248.360952	0.004527	8.0
373	-1.559830	248.046438	0.038520	9.4
374	-1.900817	247.732984	0.014388	8.4
375	-1.916476	247.420584	0.014058	9.5
376	-1.473844	247.109233	0.015764	9.0
377	-0.682496	246.798924	0.003879	9.6
378	-1.695016	246.489652	0.010682	11.5
379	-0.406585	246.181412	0.002615	7.8
380	-0.487757	245.874197	0.003630	9.3
381	-1.909512	245.568002	0.041031	11.6
382	-1.922279	245.262822	0.029415	11.0
383	-1.865825	244.958652	0.012647	9.2
384	-1.260591	244.655485	0.010329	8.2
385	-0.620508	244.353317	0.006575	10.3
386	-1.589634	244.052142	0.037288	12.6
387	-1.850166	243.751955	0.022782	8.7
388	-1.341881	243.452750	0.009397	8.9
389	-0.729889	243.154523	0.003239	10.8
390	-0.900930	242.857268	0.023234	10.9
391	-0.660573	242.560980	0.006433	9.1
392	-1.099439	242.265654	0.009307	8.7
393	-1.399113	241.971285	0.014989	9.2
394	-1.844060	241.677868	0.022286	13.3
395	-1.706270	241.385397	0.008507	9.4
396	-1.799145	241.093869	0.010984	9.4
397	-1.028411	240.803278	0.008931	11.1
398	-1.913714	240.513619	0.029660	11.0
399	-0.329380	240.224887	0.003696	11.2
400	-1.889169	239.937077	0.009347	9.8
401	-1.499157	239.650186	0.007543	11.1
402	-0.299832	239.364207	0.003024	20.1
403	-0.307746	239.079136	0.003678	22.3
404	-2.056377	238.794969	0.011025	27.6
405	-1.227717	238.511701	0.013560	25.2
406	-0.598877	238.229327	0.005557	23.2
407	-1.204502	237.947843	0.010114	33.7
408	-1.785788	237.667244	0.018348	26.5
409	-1.410211	237.387526	0.017950	27.7
410	-1.364394	237.108684	0.022253	19.2
411	-0.026133	236.830714	0.000626	25.4
412	-2.018393	236.553610	0.014093	19.5
413	-0.515156	236.277370	0.004992	15.4
414	-0.438742	236.001989	0.004128	19.3
415	-1.862232	235.727461	0.023721	17.8
416	-0.929280	235.453784	0.015927	21.9
417	-0.573767	235.180952	0.003031	17.1
418	-1.904364	234.908962	0.033499	19.6
419	-0.341364	234.637809	0.003793	17.9
420	-1.490376	234.367488	0.014467	19.1
421	-0.451232	234.097997	0.006180	22.1
422	-1.724770	233.829331	0.020114	16.7
423	-1.721651	233.561485	0.010441	20.1
424	-1.197841	233.294456	0.012684	9.9
425	-1.907110	233.028239	0.013456	13.2
426	-1.208356	232.762831	0.005895	15.5
427	-0.667389	232.498228	0.006264	14.2
428	-0.513231	232.234425	0.007326	18.7
429	-1.672043	231.971419	0.019144	15.5
430	-1.615523	231.709205	0.012451	12.6
431	-0.403187	231.447781	0.011193	9.4
432	-1.960245	231.187141	0.014783	12.5
433	-1.546360	230.927283	0.008945	19.0
434	-0.969341	230.668202	0.006162	10.6
435	-0.203910	230.409895	0.002374	19.5
436	-1.935282	230.152358	0.007953	20.3
437	-1.848070	229.895587	0.019824	29.8
438	-0.919128	229.639578	0.013067	19.0
439	-0.505129	229.384329	0.004825	21.7
440	-0.456526	229.129834	0.002279	18.6
441	-1.288972	228.876091	0.016386	27.1
442	-0.303017	228.623096	0.002926	17.4
443	-1.877053	228.370846	0.014830	22.8
444	-1.547207	228.119336	0.006234	17.8
445	-1.123269	227.868563	0.010930	11.5
446	-0.243661	227.618525	0.002987	13.9
447	-1.754524	227.369216	0.012993	9.4
448	-1.716507	227.120635	0.011439	9.3
449	-1.701132	226.872777	0.010089	8.1
450	-1.404939	226.625638	0.022251	11.4
451	-0.751080	226.379217	0.009469	9.1
452	-1.992569	226.133509	0.016321	9.2
453	-0.499485	225.888510	0.003932	13.1
454	-1.844291	225.644218	0.008921	16.5
455	-0.697442	225.400630	0.004935	19.7
456	-1.952730	225.157741	0.016384	19.2
457	-1.426561	224.915549	0.008791	20.4
458	-0.651445	224.674051	0.003451	18.9
459	-1.021230	224.433242	0.014380	21.8
460	-0.941065	224.193121	0.013580	19.5
461	-0.134039	223.953684	0.001544	16.6
462	-1.865183	223.714927	0.009219	18.9
463	-0.676994	223.476848	0.006161	22.2
464	-1.033843	223.239444	0.015283	15.7
465	-0.692512	223.002710	0.008996	19.4
466	-1.556272	222.766645	0.015794	16.3
467	-1.265490	222.531245	0.015282	15.9
468	-1.457017	222.296508	0.047517	18.2
469	-1.603715	222.062429	0.008938	17.9
470	-0.671783	221.829007	0.007305	16.8
471	-1.620311	221.596238	0.031574	24.7
472	-1.131881	221.364119	0.014621	14.6
473	-1.767816	221.132647	0.014620	15.7
474	-0.692214	220.901820	0.005539	21.3
475	-0.710508	220.671634	0.005558	25.9
476	-1.779751	220.442086	0.012131	20.7
477	-1.621916	220.213174	0.012695	25.0
478	-1.115936	219.984895	0.006887	19.4
479	-0.933454	219.757246	0.011417	25.2
480	-0.942518	219.530224	0.017319	18.8
481	-1.591935	219.303826	0.007915	17.2
482	-1.936077	219.078050	0.010665	21.5
483	-1.379159	218.852893	0.007773	18.1
484	-0.505946	218.628352	0.004619	18.7
485	-1.858903	218.404424	0.017391	16.1
486	-1.832699	218.181106	0.012299	17.2
487	-1.583889	217.958397	0.005490	16.2
488	-0.572964	217.736292	0.003338	16.8
489	-0.525754	217.514790	0.016387	23.1
490	-0.286919	217.293888	0.007693	19.3
491	-1.308498	217.073584	0.017700	21.0
492	-1.335814	216.853873	0.008295	17.1
493	-1.372983	216.634755	0.011318	22.2
494	-0.644008	216.416227	0.009169	18.7
495	-1.715758	216.198285	0.010533	13.9
496	-0.207759	215.980927	0.001092	26.3
497	-1.184245	215.764151	0.007045	16.9
498	-0.454398	215.547955	0.002780	18.4
499	-1.848366	215.332335	0.012496	24.8
500	-0.556089	215.117289	0.003387	20.7
501	-1.145061	214.902815	0.011586	20.5
502	-1.579112	214.688911	0.009099	16.3
503	-1.381093	214.475573	0.013900	19.1
504	-1.980963	214.262800	0.008420	15.1
505	-1.070468	214.050588	0.010658	16.8
506	-0.379855	213.838936	0.005347	22.0
507	-1.877083	213.627842	0.007970	18.5
508	-1.420393	213.417302	0.025037	19.1
509	-1.374324	213.207314	0.006155	17.0
510	-1.842613	212.997877	0.007513	18.6
511	-1.294284	212.788987	0.016271	18.3
512	-1.611719	212.580642	0.012195	24.9
513	-0.605323	212.372841	0.007297	18.7
514	-0.532311	212.165581	0.003609	22.5
515	-0.785035	211.958859	0.003648	18.7
516	-0.551855	211.752673	0.004004	19.1
517	-1.964681	211.547021	0.011742	17.8
518	-1.224685	211.341902	0.006868	17.1
519	-1.265793	211.137311	0.006795	21.1
520	-0.651638	210.933248	0.007762	14.4
521	-1.891899	210.729710	0.012677	18.0
522	-1.326106	210.526695	0.020280	17.9
523	-0.865520	210.324200	0.012561	14.8
524	-1.290037	210.122224	0.007399	14.9
525	-1.644466	209.920765	0.020010	14.4
526	-0.515338	209.719820	0.007181	8.3
527	-1.775096	209.519387	0.016586	10.1
528	-0.091996	209.319463	0.001005	11.1
529	-0.507207	209.120048	0.012706	13.0
530	-0.397125	208.921139	0.004069	9.2
531	-1.397462	208.722733	0.007697	10.3
532	-1.460679	208.524829	0.014251	10.8
533	-1.471460	208.327425	0.007700	13.5
534	-0.824032	208.130518	0.014867	10.7
535	-0.922149	207.934107	0.003796	10.7
536	-0.543900	207.738189	0.001291	10.6
537	-0.748657	207.542762	0.008937	16.4
538	-0.556777	207.347825	0.005424	12.3
539	-0.444397	207.153376	0.007981	9.9
540	-1.233256	206.959412	0.008396	10.4
541	-1.763838	206.765932	0.025266	12.7
542	-1.435574	206.572933	0.005393	9.3
543	-1.283595	206.380414	0.009702	11.0
544	-0.124650	206.188373	0.000818	9.3
545	-1.226227	205.996807	0.024915	12.8
546	-1.667871	205.805716	0.007129	8.6
547	-0.511837	205.615096	0.003753	18.2
548	-0.743326	205.424946	0.004934	14.4
549	-1.143160	205.235265	0.022732	15.5
550	-1.247363	205.046050	0.008057	16.5
551	-1.596752	204.857299	0.010260	24.1
552	-0.307916	204.669011	0.005752	39.8
553	-1.706084	204.481184	0.021818	46.2
554	-1.657685	204.293816	0.024474	20.9
555	-1.539752	204.106905	0.013164	25.3
556	-1.795712	203.920449	0.025004	21.6
557	-1.109502	203.734447	0.013366	23.3
558	-1.320627	203.548896	0.007312	17.1
559	-0.645545	203.363795	0.005237	10.0
560	-0.646222	203.179143	0.005419	11.5
561	-2.035244	202.994937	0.022522	9.5
562	-2.024061	202.811176	0.016797	10.0
563	-1.062283	202.627857	0.009230	13.4
564	-0.671482	202.444980	0.012676	12.2
565	-1.984635	202.262543	0.018881	8.7
566	-0.171354	202.080543	0.001791	9.0
567	-1.416979	201.898979	0.014874	35.9
568	-1.799528	201.717849	0.011255	31.0
569	-0.995293	201.537153	0.021037	28.2
570	-0.820801	201.356887	0.006863	31.2
571	-0.510602	201.177050	0.008767	20.1
572	-0.684721	200.997642	0.003271	22.8
573	-1.273842	200.818659	0.009490	21.2
574	-0.797615	200.640100	0.009126	24.6
575	-0.477151	200.461965	0.003816	14.2
576	-1.660239	200.284250	0.029850	10.9
577	-0.456800	200.106955	0.005808	12.1
578	-1.188552	199.930078	0.005987	9.6
579	-1.974173	199.753617	0.031696	9.4
580	-1.656879	199.577571	0.015923	8.8
581	-0.977244	199.401938	0.008118	13.7
582	-1.729712	199.226717	0.005663	11.9
583	-1.639019	199.051905	0.013778	13.4
584	-0.957510	198.877502	0.007826	15.6
585	-0.538071	198.703506	0.002542	11.4
586	-1.464725	198.529916	0.006366	9.0
587	-1.518652	198.356729	0.032329	9.1
588	-0.678935	198.183944	0.006670	13.2
589	-1.075606	198.011560	0.009473	9.3
590	-1.922179	197.839576	0.019704	8.6
591	-1.365769	197.667989	0.011491	9.9
592	-1.481854	197.496798	0.010754	8.4
593	-0.969470	197.326002	0.004075	9.7
594	-1.732189	197.155600	0.012903	8.3
595	-1.280796	196.985589	0.014220	9.3
596	-0.107902	196.815969	0.001235	12.3
597	-1.980969	196.646738	0.003211	11.6
598	-1.059694	196.477894	0.027925	8.7
599	-1.073528	196.309436	0.005653	7.9
600	-1.761823	196.141363	0.020278	9.2
601	-1.580342	195.973673	0.010682	9.5
602	-1.491642	195.806365	0.016511	7.5
603	-0.561215	195.639437	0.010407	8.8
604	-1.951119	195.472888	0.025014	8.1
605	-1.673068	195.306717	0.022129	11.0
606	-1.550410	195.140922	0.012772	8.8
607	-0.969454	194.975501	0.009933	7.9
608	-1.824021	194.810454	0.022889	7.7
609	-1.300484	194.645779	0.005350	8.7
610	-0.324728	194.481475	0.005201	19.1
611	-1.478950	194.317540	0.018996	24.9
612	-1.225348	194.153973	0.004614	23.2
613	-0.881829	193.990773	0.007231	21.2
614	-0.222322	193.827938	0.002805	22.4
615	-0.604146	193.665467	0.003523	20.9
616	-1.993911	193.503358	0.011223	15.1
617	-1.357265	193.341611	0.005324	17.9
618	-1.486474	193.180224	0.008167	20.7
619	-1.100123	193.019196	0.005365	15.3
620	-0.191258	192.858525	0.003335	17.9
621	-0.378431	192.698210	0.003479	13.4
622	-1.085556	192.538251	0.007264	8.5
623	-1.911776	192.378644	0.005329	7.7
624	-0.456302	192.219391	0.002442	9.5
625	-0.751109	192.060488	0.009859	11.8
626	-1.910663	191.901935	0.011047	8.4
627	-1.143336	191.743730	0.003339	14.3
628	-1.750269	191.585873	0.024403	10.2
629	-1.735124	191.428362	0.012909	8.8
630	-1.860432	191.271196	0.004321	7.6
631	-1.928240	191.114374	0.011115	12.0
632	-1.755831	190.957893	0.007515	11.8
633	-1.223235	190.801755	0.007153	12.3
634	-1.651570	190.645956	0.017087	20.4
635	-0.658890	190.490495	0.013911	13.4
636	-0.592131	190.335373	0.006463	9.7
637	-1.369587	190.180587	0.011428	11.9
638	-0.199270	190.026136	0.003173	11.1
639	-1.674068	189.872019	0.009283	16.3
640	-1.648486	189.718235	0.013632	21.3
641	-1.748398	189.564782	0.006427	28.2
642	-0.269841	189.411661	0.001898	19.4
643	-1.605181	189.258868	0.019424	21.6
644	-1.711096	189.106404	0.007976	25.3
645	-2.084344	188.954267	0.008016	21.8
646	-0.596518	188.802456	0.003794	16.8
647	-0.289361	188.650969	0.004325	18.8
648	-1.657877	188.499807	0.014254	15.9
649	-0.264038	188.348967	0.001623	19.1
650	-0.844246	188.198448	0.005926	21.3
651	-1.309254	188.048250	0.005642	18.2
652	-1.940209	187.898371	0.013232	23.4
653	-1.605972	187.748810	0.019687	23.7
654	-0.583240	187.599566	0.006131	27.2
655	-1.850321	187.450638	0.011846	17.3
656	-0.860060	187.302025	0.007098	11.3
657	-0.470563	187.153725	0.010739	13.1
658	-1.521321	187.005739	0.009044	10.4
659	-0.889812	186.858064	0.005145	10.1
660	-1.131976	186.710699	0.010683	10.7
661	-1.191475	186.563645	0.012311	12.8
662	-0.902082	186.416898	0.009165	10.7
663	-1.352410	186.270459	0.013098	12.9
664	-1.024624	186.124326	0.016938	9.5
665	-1.442530	185.978499	0.011407	14.4
666	-1.122483	185.832976	0.011312	11.9
667	-0.904060	185.687756	0.014948	12.3
668	-2.054876	185.542838	0.019220	18.4
669	-1.717933	185.398222	0.010436	12.7
670	-1.792190	185.253906	0.008793	9.0
671	-1.331372	185.109889	0.009326	9.8
672	-1.789946	184.966170	0.030019	14.3
673	-1.150062	184.822748	0.005645	7.9
674	-0.257036	184.679623	0.004791	8.4
675	-0.085812	184.536792	0.000800	9.5
676	-0.206183	184.394256	0.002456	8.6
677	-0.784210	184.252013	0.014445	11.5
678	-1.582007	184.110062	0.024037	8.5
679	-1.419941	183.968403	0.007301	8.5
680	-0.253332	183.827034	0.002439	8.8
681	-1.763997	183.685954	0.014238	13.5
682	-1.987294	183.545163	0.029761	12.1
683	-0.915209	183.404658	0.006124	7.7
684	-1.056273	183.264441	0.015684	13.6
685	-1.898632	183.124509	0.011777	10.5
686	-1.640816	182.984861	0.007396	8.1
687	-1.250167	182.845497	0.014635	8.9
688	-0.376293	182.706416	0.004260	9.2
689	-1.063364	182.567616	0.007285	20.4
690	-1.679509	182.429098	0.043681	11.6
691	-0.744064	182.290859	0.003360	14.1
692	-1.533915	182.152899	0.019007	8.9
693	-0.222083	182.015217	0.003939	9.6
694	-0.977202	181.877813	0.012839	8.4
695	-1.595895	181.740684	0.029352	9.8
696	-1.679264	181.603832	0.022229	9.9
697	-1.773457	181.467253	0.003987	9.1
698	-1.688160	181.330948	0.036505	11.6
699	-1.758201	181.194916	0.009725	12.1
700	-0.834218	181.059155	0.005477	8.1
701	-0.437332	180.923666	0.004778	8.5
702	-1.758159	180.788446	0.002844	7.6
703	-1.526304	180.653496	0.009105	8.1
704	-1.797713	180.518814	0.009491	11.5
705	-1.911350	180.384399	0.017077	8.8
706	-1.753083	180.250251	0.009979	8.3
707	-1.864929	180.116369	0.014099	8.4
708	-1.573447	179.982752	0.025673	8.3
709	-1.513732	179.849398	0.009296	10.5
710	-1.835868	179.716308	0.020842	7.9
711	-0.300183	179.583480	0.006226	8.2
712	-0.573884	179.450913	0.008141	7.7
713	-1.576119	179.318607	0.014840	9.8
714	-0.149774	179.186561	0.001869	10.4
715	-1.176223	179.054774	0.007704	8.6
716	-1.540538	178.923245	0.020910	10.3
717	-1.328555	178.791973	0.025703	10.3
718	-1.815617	178.660958	0.007721	8.4
719	-1.924302	178.530199	0.021023	8.7
720	-1.092735	178.399694	0.010090	12.2
721	-0.293632	178.269444	0.006532	13.6
722	-1.101316	178.139447	0.003503	10.6
723	-1.662555	178.009702	0.023622	9.3
724	-1.960954	177.880209	0.007306	8.7
725	-1.460262	177.750967	0.012122	11.5
726	-1.616920	177.621975	0.011480	10.5
727	-0.822159	177.493232	0.007722	9.9
728	-1.244680	177.364738	0.010054	9.3
729	-1.251260	177.236492	0.005852	13.9
730	-1.567251	177.108492	0.012578	9.9
731	-1.877843	176.980739	0.006094	9.1
732	-0.639377	176.853231	0.003536	10.5
733	-1.629463	176.725968	0.012658	10.5
734	-2.012634	176.598949	0.014151	9.1
735	-1.063293	176.472173	0.005553	9.2
736	-0.720172	176.345639	0.002572	10.3
737	-0.626504	176.219348	0.003714	11.7
738	-1.976134	176.093296	0.015477	10.5
739	-1.974622	175.967486	0.009128	10.4
740	-1.860763	175.841914	0.012643	10.1
741	-0.419467	175.716581	0.010172	11.9
742	-1.723684	175.591486	0.011667	9.2
743	-1.978909	175.466629	0.008081	9.1
744	-1.650475	175.342008	0.004582	8.5
745	-0.995710	175.217622	0.005957	10.1
746	-1.730059	175.093472	0.018451	11.6
747	-1.799025	174.969556	0.016410	8.0
748	-0.538308	174.845873	0.011274	8.3
749	-1.160533	174.722423	0.004832	12.6
750	-1.407992	174.599206	0.006525	11.3
751	-0.675939	174.476220	0.006233	12.7
752	-1.375980	174.353464	0.024763	10.6
753	-1.629367	174.230939	0.024481	15.7
754	-0.155633	174.108643	0.001501	11.8
755	-0.955585	173.986576	0.007585	12.0
756	-0.731377	173.864737	0.007832	14.2
757	-0.540626	173.743124	0.005303	11.9
758	-0.449898	173.621739	0.011544	13.1
759	-0.655377	173.500579	0.008395	13.3
760	-1.681681	173.379645	0.011410	12.7
761	-1.622268	173.258935	0.031143	12.3
762	-0.220878	173.138449	0.003057	36.9
763	-1.701267	173.018186	0.019545	26.0
764	-1.515541	172.898146	0.003096	19.1
765	-1.560652	172.778327	0.016264	17.5
766	-1.798954	172.658730	0.010526	14.1
767	-1.859756	172.539353	0.010132	12.0
768	-0.175692	172.420196	0.000867	11.0
769	-0.700025	172.301258	0.012087	11.7
770	-0.811746	172.182539	0.008357	11.9
771	-1.789399	172.064037	0.011647	13.0
772	-1.887038	171.945753	0.018153	11.6
773	-0.909817	171.827686	0.007628	11.4
774	-0.963509	171.709834	0.006651	10.7
775	-1.369974	171.592198	0.011604	11.0
776	-1.330468	171.474776	0.007597	10.7
777	-0.274854	171.357568	0.003741	9.1
778	-1.570339	171.240574	0.003515	11.5
779	-0.961310	171.123793	0.009978	10.5
780	-0.548548	171.007223	0.009799	8.9
781	-1.481062	170.890865	0.004738	11.6
782	-1.525708	170.774718	0.005078	10.9
783	-1.947149	170.658782	0.013987	8.1
784	-0.203024	170.543055	0.001327	7.4
785	-1.938421	170.427537	0.016439	11.6
786	-2.075759	170.312227	0.010927	13.0
787	-1.479914	170.197125	0.010488	8.2
788	-1.342911	170.082231	0.007969	7.5
789	-1.985192	169.967543	0.009782	9.5
790	-1.900872	169.853061	0.007657	7.8
791	-0.614449	169.738784	0.010229	11.6
792	-1.450820	169.624713	0.010913	12.3
793	-1.604512	169.510845	0.012381	12.1
794	-0.747634	169.397181	0.007720	12.3
795	-1.820611	169.283720	0.029484	12.1
796	-1.910525	169.170462	0.011969	11.1
797	-1.196269	169.057405	0.010777	12.1
798	-1.401447	168.944549	0.016880	17.6
799	-0.739172	168.831895	0.005743	14.9
800	-1.999241	168.719440	0.021277	10.1
801	-0.518282	168.607185	0.004739	9.5
802	-1.746445	168.495129	0.025040	11.5
803	-0.731255	168.383271	0.015570	9.6
804	-0.307239	168.271611	0.003173	8.5
805	-1.745992	168.160148	0.015381	9.5
806	-1.384898	168.048882	0.012951	15.9
807	-0.229944	167.937812	0.003558	11.0
808	-1.768497	167.826938	0.032015	10.8
809	-1.977103	167.716258	0.010130	10.7
810	-0.254293	167.605773	0.002504	10.4
811	-1.827972	167.495482	0.013799	11.5
812	-2.041971	167.385384	0.015722	14.9
813	-0.160358	167.275479	0.001061	8.9
814	-0.610151	167.165766	0.004342	12.2
815	-1.844138	167.056245	0.007740	11.7
816	-1.246353	166.946915	0.017980	10.8
817	-1.784198	166.837776	0.012294	10.9
818	-0.354256	166.728826	0.005735	9.3
819	-1.287042	166.620067	0.009071	15.5
820	-0.912684	166.511496	0.005958	10.2
821	-1.650015	166.403113	0.007069	13.8
822	-0.490103	166.294919	0.003556	13.6
823	-0.570559	166.186912	0.004235	9.1
824	-0.283721	166.079091	0.006822	8.3
825	-1.747557	165.971458	0.013050	7.8
826	-1.962858	165.864009	0.025448	9.2
827	-1.365630	165.756747	0.013881	12.0
828	-1.376948	165.649669	0.010253	8.7
829	-1.961487	165.542775	0.009635	9.0
830	-1.705528	165.436065	0.016026	8.8
831	-1.843305	165.329538	0.022372	10.7
832	-0.413694	165.223194	0.004822	9.3
833	-0.263647	165.117032	0.003469	9.8
834	-0.669619	165.011052	0.008317	24.0
835	-0.581003	164.905253	0.015495	25.4
836	-1.755142	164.799635	0.020678	21.9
837	-0.730114	164.694197	0.009146	22.4
838	-1.697286	164.588939	0.011738	35.9
839	-1.641363	164.483859	0.015092	13.5
840	-1.292020	164.378959	0.015571	10.1
841	-1.899243	164.274237	0.010256	8.5
842	-0.238770	164.169692	0.002291	11.9
843	-1.701375	164.065325	0.011017	8.5
844	-1.853337	163.961135	0.014896	8.8
845	-1.595572	163.857120	0.040526	8.6
846	-0.566462	163.753282	0.004235	8.9
847	-2.012466	163.649619	0.004914	10.9
848	-1.976946	163.546130	0.007639	8.0
849	-0.780148	163.442816	0.003852	9.0
850	-0.191206	163.339676	0.002137	5.9
851	-0.997519	163.236709	0.006253	9.2
852	-0.824267	163.133915	0.005439	8.1
853	-0.228893	163.031294	0.001298	9.0
854	-1.893450	162.928844	0.013056	7.4
855	-0.232523	162.826566	0.002183	9.6
856	-1.826193	162.724459	0.018336	10.9
857	-1.473311	162.622523	0.025001	8.4
858	-0.691215	162.520757	0.006337	8.7
859	-1.349874	162.419160	0.016160	9.2
860	-1.831698	162.317733	0.013380	13.0
861	-0.494274	162.216474	0.016321	8.8
862	-1.841315	162.115383	0.014206	8.6
863	-1.283349	162.014461	0.003158	7.7
864	-1.945039	161.913705	0.021070	10.6
865	-1.647758	161.813117	0.012469	7.9
866	-0.378585	161.712695	0.005685	8.9
867	-0.796002	161.612439	0.004024	8.2
868	-0.348960	161.512349	0.002159	10.5
869	-1.795764	161.412424	0.012937	9.9
870	-1.604873	161.312663	0.006215	8.6
871	-1.100060	161.213067	0.006246	7.9
872	-0.583325	161.113635	0.005530	8.8
873	-0.564282	161.014366	0.005047	9.9
874	-0.617198	160.915260	0.012070	8.2
875	-0.682300	160.816316	0.007783	8.5
876	-0.686285	160.717535	0.007613	8.1
877	-0.978158	160.618915	0.002690	7.8
878	-0.516503	160.520456	0.005889	10.3
879	-0.189978	160.422158	0.001365	7.9
880	-1.840007	160.324021	0.019318	7.4
881	-1.684241	160.226043	0.010392	8.0
882	-0.761247	160.128225	0.011499	7.8
883	-1.117105	160.030566	0.008996	10.4
884	-1.359354	159.933066	0.004447	8.1
885	-1.867890	159.835723	0.030858	9.3
886	-1.964817	159.738539	0.021675	8.8
887	-1.445900	159.641512	0.012920	10.7
888	-0.563312	159.544642	0.003261	12.4
889	-1.936618	159.447929	0.028831	13.5
890	-0.412474	159.351372	0.006535	15.3
891	-1.701968	159.254971	0.006981	17.4
892	-1.746803	159.158725	0.006054	16.7
893	-1.214022	159.062634	0.004224	13.0
894	-1.106491	158.966697	0.006168	20.4
895	-1.568318	158.870915	0.009801	20.4
896	-0.559897	158.775286	0.007230	14.6
897	-1.765962	158.679811	0.010743	8.7
898	-0.501058	158.584489	0.005946	19.9
899	-1.514279	158.489319	0.008166	16.4
900	-1.607270	158.394302	0.010838	10.5
901	-0.245389	158.299436	0.001895	14.9
902	-0.229477	158.204721	0.002818	17.9
903	-2.025335	158.110158	0.011133	14.2
904	-0.258255	158.015745	0.002126	12.1
905	-1.185132	157.921482	0.007378	8.9
906	-1.069431	157.827369	0.004263	15.8
907	-0.619444	157.733406	0.003285	11.6
908	-0.981567	157.639591	0.011025	10.7
909	-1.486887	157.545925	0.030250	8.4
910	-1.193561	157.452408	0.011609	8.6
911	-1.582800	157.359038	0.021397	7.4
912	-1.267744	157.265816	0.012310	11.8
913	-1.246409	157.172741	0.014900	9.2
914	-0.981783	157.079813	0.008914	8.4
915	-0.342367	156.987031	0.003020	8.3
916	-1.709706	156.894395	0.007559	9.9
917	-1.838119	156.801904	0.011077	8.5
918	-1.650294	156.709559	0.025838	8.4
919	-1.819931	156.617359	0.017101	9.9
920	-1.816834	156.525304	0.025287	10.0
921	-0.658375	156.433392	0.011804	10.2
922	-0.263860	156.341624	0.003952	8.9
923	-0.124902	156.250000	0.001736	7.4
924	-2.003125	156.158519	0.013368	9.8
925	-0.476791	156.067180	0.006312	11.8
926	-0.530946	155.975984	0.002907	8.7
927	-1.788323	155.884930	0.009260	8.7
928	-1.568905	155.794017	0.011974	8.8
929	-1.625569	155.703246	0.011095	12.1
930	-1.454424	155.612615	0.010142	7.0
931	-1.043218	155.522125	0.005241	9.1
932	-1.399196	155.431775	0.007680	8.3
933	-0.255515	155.341565	0.002633	8.4
934	-0.923551	155.251495	0.014239	11.3
935	-0.848494	155.161563	0.020526	9.4
936	-1.564838	155.071771	0.016843	13.4
937	-0.917438	154.982117	0.012596	17.1
938	-1.059615	154.892601	0.009635	19.5
939	-1.024021	154.803222	0.023259	16.0
940	-0.268382	154.713981	0.001736	20.5
941	-1.958670	154.624878	0.013433	22.8
942	-1.727152	154.535910	0.019443	20.5
943	-0.670081	154.447080	0.004523	16.7
944	-0.631819	154.358385	0.010292	21.9
945	-0.813813	154.269826	0.011724	17.2
946	-0.809402	154.181402	0.003308	14.9
947	-0.597345	154.093114	0.010289	21.9
948	-1.498862	154.004960	0.024771	13.0
949	-0.223472	153.916940	0.002061	17.3
950	-2.070921	153.829054	0.019870	13.5
951	-1.324420	153.741303	0.017274	8.2
952	-0.446002	153.653684	0.005459	7.9
953	-0.283089	153.566198	0.005793	8.9
954	-1.844862	153.478846	0.007390	7.6
955	-1.755884	153.391625	0.022648	10.0
956	-1.569230	153.304537	0.016759	7.9
957	-0.520515	153.217580	0.006741	8.8
958	-1.939331	153.130755	0.020040	9.8
959	-0.752575	153.044061	0.004751	8.6
960	-0.634032	152.957498	0.007689	10.8
961	-1.549408	152.871065	0.013157	8.7
962	-1.538879	152.784762	0.010518	7.8
963	-0.928494	152.698589	0.006029	8.0
964	-0.519882	152.612545	0.006750	10.2
965	-1.577012	152.526631	0.025221	8.6
966	-2.023854	152.440845	0.010010	8.1
967	-0.412281	152.355188	0.003356	8.2
968	-1.233721	152.269660	0.008415	8.6
969	-1.982304	152.184259	0.015422	11.2
970	-0.815206	152.098986	0.024260	8.5
971	-1.934899	152.013840	0.015455	8.5
972	-1.941724	151.928821	0.022864	9.3
973	-0.219491	151.843928	0.002886	10.4
974	-0.204347	151.759163	0.001456	8.6
975	-1.921159	151.674523	0.008998	7.3
976	-1.959877	151.590009	0.010828	8.1
977	-1.149491	151.505620	0.008188	8.8
978	-0.124420	151.421357	0.000725	11.0
979	-1.213555	151.337218	0.005702	9.3
980	-0.329390	151.253204	0.003477	7.1
981	-0.768636	151.169314	0.019473	8.4
982	-1.056450	151.085549	0.009823	13.3
983	-0.444870	151.001907	0.005407	9.1
984	-1.730456	150.918388	0.006502	10.1
985	-1.467676	150.834992	0.005237	9.6
986	-0.188107	150.751719	0.002440	12.7
987	-0.577621	150.668569	0.004634	9.6
988	-1.964258	150.585541	0.008806	9.6
989	-1.084247	150.502634	0.007700	10.5
990	-1.489751	150.419849	0.008466	12.7
991	-1.743045	150.337186	0.005266	9.2
992	-1.870143	150.254644	0.009641	11.7
993	-1.874337	150.172222	0.009483	10.5
994	-1.916738	150.089921	0.007997	12.4
995	-0.760080	150.007740	0.007077	8.9
996	-0.285257	149.925679	0.003979	10.4
997	-0.279826	149.843737	0.002070	8.9
998	-1.594117	149.761915	0.012161	13.5
999	-0.835484	149.680212	0.009662	11.4
1000	-1.184094	149.598627	0.015222	9.0
1001	-0.739276	149.517161	0.007821	10.7
1002	-1.825640	149.435814	0.016190	13.0
1003	-1.571059	149.354584	0.009596	8.6
1004	-1.763979	149.273472	0.019575	10.3
1005	-1.283939	149.192477	0.004563	9.0
1006	-1.850692	149.111599	0.008804	12.5
1007	-1.739655	149.030838	0.018286	9.8
1008	-0.256698	148.950194	0.002362	9.9
1009	-0.781414	148.869666	0.008012	9.9
1010	-1.667722	148.789253	0.004740	12.0
1011	-1.455363	148.708957	0.010872	11.0
1012	-1.461921	148.628776	0.010609	9.8
1013	-1.835336	148.548710	0.011470	10.3
1014	-1.736747	148.468759	0.010032	11.5
1015	-1.699767	148.388923	0.026892	10.0
1016	-1.114504	148.309201	0.017573	9.8
1017	-1.351715	148.229594	0.009288	9.1
1018	-0.930081	148.150100	0.008893	12.4
1019	-1.570310	148.070719	0.022450	9.4
1020	-1.011491	147.991452	0.007971	9.7
1021	-1.884754	147.912298	0.024360	10.8
1022	-0.571220	147.833257	0.004554	11.2
1023	-0.531014	147.754329	0.004955	10.6
1024	-0.681463	147.675512	0.020220	12.7
1025	-0.507159	147.596808	0.007059	26.1
1026	-0.354055	147.518216	0.009326	13.9
1027	-0.773664	147.439735	0.010931	9.8
1028	-1.764654	147.361365	0.023625	11.1
1029	-1.930770	147.283106	0.016696	11.8
1030	-0.848735	147.204958	0.005908	11.0
1031	-0.788155	147.126920	0.009702	8.8
1032	-1.376899	147.048993	0.024421	10.8
1033	-0.305490	146.971175	0.003923	14.0
1034	-1.544485	146.893468	0.011692	10.2
1035	-0.543442	146.815869	0.005479	10.5
1036	-1.125864	146.738380	0.015183	11.5
1037	-1.588189	146.661000	0.005975	10.3
1038	-1.780763	146.583729	0.026847	10.7
1039	-0.920372	146.506566	0.025990	12.1
1040	-0.892516	146.429511	0.009674	10.9
1041	-0.651992	146.352565	0.008055	10.1
1042	-0.192834	146.275726	0.001342	10.0
1043	-1.607754	146.198994	0.014007	13.3
1044	-1.395897	146.122370	0.006231	8.7
1045	-1.027164	146.045853	0.014674	10.0
1046	-0.223529	145.969442	0.004146	9.8
1047	-1.305064	145.893139	0.012458	12.2
1048	-1.895282	145.816941	0.007413	11.6
1049	-0.949623	145.740849	0.010072	19.1
1050	-0.854659	145.664863	0.005104	20.3
1051	-1.946827	145.588983	0.015443	17.4
1052	-0.340117	145.513208	0.005188	13.7
1053	-1.736709	145.437538	0.007186	13.1
1054	-1.935484	145.361973	0.016945	11.2
1055	-1.177187	145.286513	0.009003	9.0
1056	-1.505055	145.211157	0.008990	10.9
1057	-1.260085	145.135905	0.016098	13.3
1058	-1.781813	145.060757	0.009856	9.2
1059	-1.764462	144.985712	0.015627	12.8
1060	-1.837524	144.910771	0.021604	11.1
1061	-1.880899	144.835934	0.008841	13.0
1062	-0.799322	144.761199	0.004536	9.1
1063	-1.296975	144.686567	0.009816	10.5
1064	-0.892817	144.612037	0.007242	11.4
1065	-0.574075	144.537610	0.007452	11.4
1066	-1.545604	144.463285	0.008928	11.7
1067	-1.755267	144.389062	0.014375	10.3
1068	-1.201163	144.314940	0.016455	8.8
1069	-1.915503	144.240920	0.023413	13.9
1070	-1.536981	144.167001	0.017366	10.0
1071	-0.565331	144.093182	0.006469	9.6
1072	-0.472185	144.019465	0.004448	11.1
1073	-1.997241	143.945848	0.007367	12.1
1074	-1.833755	143.872331	0.024997	11.5
1075	-1.228191	143.798914	0.007234	10.5
1076	-1.801845	143.725597	0.017988	11.5
1077	-0.820430	143.652380	0.006650	11.4
1078	-1.317381	143.579262	0.009316	10.2
1079	-0.667280	143.506243	0.013146	10.2
1080	-1.171671	143.433323	0.009147	10.7
1081	-2.014795	143.360502	0.008567	10.8
1082	-1.795975	143.287780	0.018215	10.8
1083	-1.826645	143.215155	0.008480	9.4
1084	-1.730535	143.142629	0.005975	13.2
1085	-1.776323	143.070201	0.007622	9.3
1086	-0.109704	142.997870	0.000849	9.4
1087	-1.016759	142.925637	0.008631	10.6
1088	-1.045573	142.853501	0.006303	12.3
1089	-1.896478	142.781462	0.013519	10.0
1090	-1.075225	142.709519	0.004277	11.2
1091	-1.862213	142.637674	0.003258	9.9
1092	-0.969312	142.565924	0.006553	12.2
1093	-1.544725	142.494271	0.006417	11.9
1094	-1.526481	142.422714	0.012018	10.4
1095	-1.789314	142.351252	0.013625	11.3
1096	-1.792087	142.279886	0.034936	11.8
1097	-0.526717	142.208616	0.003232	9.1
1098	-0.575325	142.137440	0.008014	11.2
1099	-1.853859	142.066360	0.008822	10.0
1100	-1.142328	141.995374	0.009375	13.4
1101	-1.970427	141.924483	0.022514	9.1
1102	-1.593638	141.853685	0.011028	10.7
1103	-1.442951	141.782983	0.014819	8.8
1104	-0.537929	141.712373	0.009159	13.6
1105	-2.074886	141.641858	0.011287	10.7
1106	-1.356574	141.571436	0.004429	11.3
1107	-1.750739	141.501108	0.021198	10.2
1108	-1.752668	141.430872	0.033869	12.9
1109	-1.329706	141.360730	0.009292	9.3
1110	-1.325201	141.290680	0.006008	9.7
1111	-0.468703	141.220722	0.015445	11.9
1112	-0.138131	141.150857	0.000755	11.4
1113	-1.621458	141.081084	0.004193	11.6
1114	-1.539025	141.011403	0.025371	10.8
1115	-1.755687	140.941813	0.008921	9.3
1116	-1.172394	140.872315	0.006708	12.2
1117	-1.451974	140.802909	0.033602	10.6
1118	-1.731711	140.733593	0.017364	9.3
1119	-1.920376	140.664369	0.016365	10.6
1120	-1.895127	140.595235	0.009265	11.7
1121	-2.016510	140.526192	0.013141	9.2
1122	-0.546485	140.457239	0.002840	11.1
1123	-1.853238	140.388376	0.005281	9.9
1124	-1.683139	140.319603	0.006414	11.8
1125	-1.348546	140.250920	0.011833	11.7
1126	-1.055796	140.182326	0.005180	8.7
1127	-0.545272	140.113822	0.010388	9.0
1128	-1.828256	140.045407	0.017029	13.4
1129	-0.594500	139.977081	0.004268	11.2
1130	-1.451246	139.908844	0.015635	10.9
1131	-1.784673	139.840696	0.021981	10.7
1132	-0.501209	139.772635	0.008171	12.1
1133	-1.086123	139.704664	0.006777	10.0
1134	-1.470482	139.636780	0.006361	10.0
1135	-0.156407	139.568984	0.001661	9.2
1136	-1.589903	139.501276	0.006195	12.7
1137	-1.812396	139.433655	0.015439	9.3
1138	-1.663522	139.366122	0.008804	9.4
1139	-1.308562	139.298676	0.010093	11.5
1140	-0.742609	139.231317	0.004551	12.6
1141	-0.625089	139.164045	0.007777	10.8
1142	-0.612083	139.096859	0.010484	10.1
1143	-0.300370	139.029760	0.003970	11.2
1144	-1.302376	138.962747	0.012793	13.2
1145	-0.597117	138.895820	0.010573	9.1
1146	-0.512944	138.828978	0.009634	11.6
1147	-1.920564	138.762223	0.019937	9.4
1148	-1.894834	138.695553	0.013788	12.2
1149	-1.780209	138.628969	0.019941	10.8
1150	-0.762851	138.562469	0.006385	8.7
1151	-1.018830	138.496055	0.007272	9.4
1152	-1.871757	138.429725	0.017121	10.3
1153	-1.879683	138.363481	0.005807	8.7
1154	-1.584065	138.297320	0.010284	7.8
1155	-0.583197	138.231244	0.004976	8.5
1156	-0.264472	138.165252	0.002236	8.2
1157	-1.828872	138.099344	0.019183	11.0
1158	-2.001944	138.033520	0.007792	8.4
1159	-0.598335	137.967779	0.004442	6.5
1160	-1.383613	137.902122	0.014295	7.9
1161	-1.736687	137.836548	0.004789	10.6
1162	-1.233742	137.771057	0.031623	8.9
1163	-1.895175	137.705649	0.022242	7.6
1164	-0.265338	137.640324	0.003220	8.9
1165	-1.925241	137.575081	0.008474	7.6
1166	-1.970797	137.509921	0.008265	10.3
1167	-0.157037	137.444842	0.001528	9.3
1168	-0.154994	137.379846	0.002078	8.2
1169	-1.916094	137.314932	0.010957	8.4
1170	-1.234911	137.250100	0.014178	8.4
1171	-1.564995	137.185349	0.025114	11.0
1172	-1.569505	137.120680	0.025291	7.5
1173	-1.777113	137.056092	0.014052	8.4
1174	-1.216696	136.991585	0.017163	8.3
1175	-1.681318	136.927158	0.018391	10.1
1176	-2.031814	136.862813	0.008676	8.3
1177	-0.784069	136.798548	0.009456	8.1
1178	-1.804605	136.734363	0.017567	7.7
1179	-1.793719	136.670259	0.005223	8.2
1180	-0.267815	136.606235	0.003736	10.4
1181	-0.634143	136.542291	0.003004	9.0
1182	-0.924121	136.478426	0.004020	8.3
1183	-1.706278	136.414641	0.012549	7.6
1184	-1.968179	136.350936	0.006296	8.2
1185	-1.578042	136.287310	0.010724	11.9
1186	-0.710652	136.223763	0.007671	8.8
1187	-0.241177	136.160295	0.003993	8.6
1188	-1.969246	136.096905	0.024454	8.2
1189	-0.705259	136.033594	0.003024	11.7
1190	-0.511006	135.970362	0.008984	8.1
1191	-0.972461	135.907208	0.006615	9.3
1192	-0.409231	135.844133	0.005271	8.6
1193	-1.907886	135.781135	0.015322	9.4
1194	-1.748445	135.718215	0.009568	10.5
1195	-0.295729	135.655373	0.005886	9.4
1196	-1.427064	135.592608	0.006324	8.5
1197	-1.642410	135.529921	0.008938	8.8
1198	-0.392932	135.467311	0.002486	11.1
1199	-0.126336	135.404778	0.001249	9.1
1200	-0.980575	135.342322	0.016096	7.8
1201	-1.690942	135.279942	0.017113	8.1
1202	-0.492525	135.217640	0.007954	10.3
1203	-0.573989	135.155413	0.008497	8.6
1204	-1.009752	135.093263	0.010831	8.3
1205	-0.501649	135.031190	0.006698	8.2
1206	-1.441713	134.969192	0.008175	8.3
1207	-0.455987	134.907270	0.005117	11.1
1208	-1.690819	134.845424	0.006727	8.2
1209	-1.941919	134.783653	0.010764	8.1
1210	-1.580376	134.721958	0.005255	8.6
1211	-0.399096	134.660338	0.008300	10.5
1212	-0.788156	134.598793	0.003801	7.4
1213	-1.405929	134.537323	0.007134	7.8
1214	-1.806893	134.475927	0.023192	8.4
1215	-1.843861	134.414607	0.009819	8.2
1216	-1.645972	134.353361	0.007824	10.3
1217	-1.478006	134.292189	0.011413	8.2
1218	-0.709988	134.231092	0.014075	7.7
1219	-1.654951	134.170068	0.012381	7.9
1220	-1.509748	134.109119	0.010900	7.7
1221	-0.811036	134.048243	0.013056	10.2
1222	-0.513252	133.987441	0.007950	7.9
1223	-1.113728	133.926713	0.012379	8.4
1224	-1.286972	133.866057	0.018706	7.6
1225	-1.742243	133.805475	0.023776	8.6
1226	-1.255042	133.744966	0.010515	10.2
1227	-1.579497	133.684530	0.013958	7.7
1228	-1.556399	133.624167	0.007404	8.4
1229	-0.633926	133.563877	0.008277	7.9
1230	-0.613384	133.503658	0.004834	8.5
1231	-1.023582	133.443513	0.024764	9.7
1232	-0.182831	133.383439	0.002333	8.7
1233	-1.333350	133.323437	0.009597	8.1
1234	-1.358541	133.263508	0.004441	8.2
1235	-1.805204	133.203650	0.018469	7.7
1236	-1.832253	133.143864	0.008946	10.0
1237	-1.912768	133.084149	0.014569	8.1
1238	-1.073384	133.024506	0.007422	8.0
1239	-0.356803	132.964934	0.004052	8.1
1240	-0.990836	132.905433	0.008589	7.7
1241	-1.431612	132.846003	0.004953	10.4
1242	-0.658460	132.786643	0.005921	7.6
1243	-0.326646	132.727355	0.003273	8.0
1244	-1.453448	132.668137	0.017335	7.8
1245	-1.848249	132.608989	0.016543	8.6
1246	-0.464807	132.549912	0.005172	11.3
1247	-1.339961	132.490904	0.005386	8.3
1248	-0.844202	132.431967	0.004168	9.0
1249	-1.981719	132.373100	0.008881	8.5
1250	-1.520357	132.314302	0.011948	8.3
1251	-1.139947	132.255574	0.003714	13.3
1252	-1.974920	132.196916	0.030251	7.9
1253	-1.530531	132.138326	0.011508	8.7
1254	-1.889186	132.079806	0.003946	9.8
1255	-1.492580	132.021355	0.026126	13.4
1256	-1.291490	131.962973	0.018415	9.0
1257	-1.776061	131.904660	0.014505	8.7
1258	-1.938764	131.846415	0.009348	10.5
1259	-1.211841	131.788239	0.013781	10.1
1260	-1.548137	131.730131	0.010145	9.5
1261	-1.108193	131.672092	0.013183	8.7
1262	-0.796996	131.614121	0.003516	8.3
1263	-1.310884	131.556217	0.005241	10.5
1264	-1.182437	131.498382	0.026974	8.0
1265	-0.392584	131.440614	0.004619	8.7
1266	-0.840557	131.382914	0.009996	9.3
1267	-1.869007	131.325282	0.020666	10.3
1268	-1.129834	131.267717	0.009027	8.4
1269	-1.753577	131.210219	0.015994	8.1
1270	-1.082843	131.152788	0.011087	8.6
1271	-0.145028	131.095424	0.001620	7.7
1272	-1.553913	131.038127	0.020973	9.8
1273	-1.620318	130.980897	0.012590	8.2
1274	-1.512571	130.923733	0.006848	8.9
1275	-1.643497	130.866636	0.010150	8.1
1276	-1.088850	130.809605	0.004741	7.9
1277	-1.675720	130.752641	0.013150	9.9
1278	-1.972685	130.695742	0.004175	8.5
1279	-0.553264	130.638910	0.005919	8.5
1280	-1.933453	130.582143	0.022151	8.6
1281	-1.862323	130.525442	0.007888	9.0
1282	-2.009171	130.468807	0.009706	11.2
1283	-1.888819	130.412237	0.021656	8.7
1284	-1.098476	130.355733	0.006193	8.2
1285	-1.901323	130.299294	0.013069	9.2
1286	-0.658982	130.242920	0.005438	12.0
1287	-1.200273	130.186611	0.006044	10.0
1288	-0.841345	130.130366	0.004775	9.7
1289	-1.902936	130.074187	0.015804	11.3
1290	-0.338863	130.018072	0.002782	10.4
1291	-0.858070	129.962022	0.007771	8.6
1292	-1.081879	129.906036	0.004928	8.4
1293	-0.516951	129.850114	0.004698	9.6
1294	-1.195856	129.794257	0.004372	10.8
1295	-1.191156	129.738463	0.011656	9.0
1296	-1.178262	129.682734	0.004049	8.6
1297	-1.975957	129.627068	0.016606	9.4
1298	-0.613458	129.571466	0.005485	9.6
1299	-0.599851	129.515927	0.007011	10.2
1300	-1.746039	129.460452	0.015530	8.6
1301	-0.400260	129.405040	0.005574	11.6
1302	-1.905804	129.349692	0.013983	9.6
1303	-0.708429	129.294406	0.004099	7.9
1304	-0.634266	129.239183	0.002584	8.6
1305	-1.239606	129.184024	0.009205	8.4
1306	-0.344155	129.128927	0.002470	11.9
1307	-1.363941	129.073892	0.009430	10.9
1308	-1.237302	129.018921	0.006589	8.5
1309	-1.922376	128.964011	0.018917	8.9
1310	-1.144413	128.909164	0.020653	9.7
1311	-0.567648	128.854379	0.010435	8.2
1312	-1.482547	128.799656	0.016156	9.1
1313	-0.520346	128.744995	0.005813	8.5
1314	-1.970530	128.690396	0.017246	12.6
1315	-1.755246	128.635858	0.012392	8.7
1316	-1.291150	128.581382	0.017906	8.2
1317	-1.604636	128.526968	0.011107	8.5
1318	-1.690359	128.472615	0.003453	9.5
1319	-1.327132	128.418323	0.004537	8.2
1320	-1.088836	128.364092	0.003998	8.3
1321	-0.031453	128.309922	0.000577	8.4
1322	-1.809042	128.255814	0.023704	9.1
1323	-0.738044	128.201766	0.014479	12.0
1324	-1.948615	128.147778	0.016668	8.8
1325	-1.056144	128.093852	0.009542	8.5
1326	-2.015794	128.039985	0.028915	10.7
1327	-1.085542	127.986180	0.007969	11.4
1328	-1.739053	127.932434	0.010721	10.1
1329	-0.405196	127.878749	0.003338	9.0
1330	-0.326953	127.825123	0.005952	9.1
1331	-0.882061	127.771558	0.004486	9.0
1332	-0.905939	127.718052	0.007807	8.3
1333	-0.733491	127.664606	0.006937	8.0
1334	-1.393604	127.611220	0.007446	8.2
1335	-1.835428	127.557893	0.025426	10.5
1336	-2.020191	127.504625	0.017759	8.1
1337	-1.252051	127.451417	0.008448	10.9
1338	-1.388691	127.398268	0.011639	8.5
1339	-1.799926	127.345178	0.008995	10.2
1340	-0.341291	127.292147	0.003685	8.0
1341	-0.837712	127.239175	0.009503	9.4
1342	-1.788170	127.186261	0.015751	8.2
1343	-0.751993	127.133407	0.002460	8.5
1344	-0.925748	127.080610	0.008803	11.1
1345	-1.305846	127.027872	0.008149	9.2
1346	-1.622809	126.975193	0.013570	8.1
1347	-2.067270	126.922572	0.011633	8.0
1348	-1.495507	126.870008	0.004179	10.2
1349	-0.405460	126.817503	0.006519	8.2
1350	-1.524750	126.765056	0.013402	8.8
1351	-0.243090	126.712667	0.002913	9.3
1352	-1.783500	126.660335	0.012309	8.8
1353	-1.763323	126.608061	0.022818	11.0
1354	-0.984570	126.555844	0.008292	7.9
1355	-0.587655	126.503685	0.007811	8.5
1356	-0.764628	126.451583	0.012636	8.3
1357	-0.461166	126.399538	0.007729	10.2
1358	-1.200290	126.347550	0.010914	8.4
1359	-1.717764	126.295619	0.014743	8.0
1360	-1.966374	126.243745	0.012945	8.5
1361	-0.093663	126.191928	0.000616	7.3
1362	-0.550455	126.140168	0.004677	10.4
1363	-1.232114	126.088464	0.028040	8.3
1364	-0.678262	126.036817	0.005724	7.5
1365	-1.606235	125.985226	0.005647	8.3
1366	-1.841848	125.933691	0.022007	8.5
1367	-1.334262	125.882212	0.010566	10.6
1368	-0.532122	125.830790	0.006149	10.2
1369	-1.702436	125.779423	0.021671	8.5
1370	-1.760680	125.728113	0.010274	8.6
1371	-1.552365	125.676858	0.008345	8.8
1372	-0.202935	125.625659	0.001433	9.2
1373	-1.273339	125.574515	0.010075	8.6
1374	-0.313764	125.523427	0.003535	8.5
1375	-0.376961	125.472394	0.003136	8.9
1376	-1.379073	125.421417	0.018840	10.9
1377	-0.557227	125.370495	0.005651	8.4
1378	-1.636448	125.319628	0.017317	8.3
1379	-0.553915	125.268815	0.010897	8.2
1380	-0.334160	125.218058	0.004805	10.9
1381	-1.524412	125.167356	0.004591	8.5
1382	-1.423915	125.116708	0.019994	7.9
1383	-1.967936	125.066115	0.017409	8.2
1384	-1.317221	125.015576	0.011067	7.8
1385	-0.963426	124.965092	0.006591	10.1
1386	-1.320202	124.914662	0.016905	8.2
1387	-1.643058	124.864287	0.005894	8.8
1388	-1.803081	124.813965	0.011039	8.5
1389	-1.020772	124.763698	0.008554	8.0
1390	-1.584311	124.713485	0.005844	11.3
1391	-1.441679	124.663325	0.009852	8.2
1392	-0.651952	124.613219	0.008176	9.2
1393	-1.909085	124.563167	0.029338	8.5
1394	-1.319096	124.513168	0.021180	9.1
1395	-0.649092	124.463223	0.003908	10.5
1396	-1.778701	124.413332	0.020499	8.0
1397	-0.293804	124.363493	0.003922	7.7
1398	-0.927093	124.313708	0.018652	9.2
1399	-0.576566	124.263976	0.007162	10.4
1400	-0.437937	124.214297	0.002726	7.8
1401	-0.554057	124.164671	0.007762	8.5
1402	-1.882896	124.115097	0.017584	7.4
1403	-1.055269	124.065577	0.008946	7.9
1404	-1.381132	124.016109	0.012922	10.3
1405	-0.756602	123.966693	0.009800	8.2
1406	-1.355733	123.917330	0.011476	7.8
1407	-0.462803	123.868020	0.005879	7.5
1408	-1.104530	123.818762	0.007044	9.6
1409	-1.683791	123.769556	0.024735	10.6
1410	-1.185923	123.720402	0.009815	8.3
1411	-1.080609	123.671300	0.014732	7.9
1412	-1.179070	123.622250	0.012022	8.3
1413	-0.615971	123.573252	0.005369	10.2
1414	-1.502083	123.524305	0.013087	8.0
1415	-0.445504	123.475411	0.003092	7.7
1416	-1.814682	123.426568	0.008241	8.3
1417	-1.856568	123.377776	0.023859	8.1
1418	-1.847376	123.329036	0.010324	10.8
1419	-1.273376	123.280347	0.012466	8.8
1420	-0.500455	123.231709	0.004621	8.0
1421	-1.918240	123.183122	0.015005	9.1
1422	-0.582297	123.134587	0.006674	10.3
1423	-0.534267	123.086102	0.005463	10.7
1424	-0.637555	123.037669	0.007340	9.0
1425	-1.864928	122.989286	0.010183	7.3
1426	-1.937455	122.940954	0.015155	8.1
1427	-1.684190	122.892672	0.007418	9.7
1428	-1.894090	122.844441	0.011948	8.2
1429	-0.799730	122.796261	0.007977	8.5
1430	-1.105673	122.748130	0.012126	8.0
1431	-1.755217	122.700050	0.017257	7.8
1432	-1.761555	122.652021	0.020000	10.2
1433	-0.565194	122.604041	0.008080	7.9
1434	-0.550413	122.556111	0.003841	8.5
1435	-2.017101	122.508232	0.010083	8.8
1436	-2.007545	122.460402	0.015429	8.0
1437	-0.106422	122.412622	0.001556	10.9
1438	-0.757883	122.364891	0.004889	7.8
1439	-0.352186	122.317210	0.008043	7.7
1440	-0.674959	122.269579	0.003486	6.9
1441	-1.731292	122.221997	0.008197	9.5
1442	-1.359159	122.174465	0.007196	7.8
1443	-0.042400	122.126981	0.000652	6.4
1444	-0.377177	122.079547	0.005947	7.8
1445	-1.967339	122.032162	0.010429	8.8
1446	-1.745495	121.984826	0.023167	10.5
1447	-0.536243	121.937539	0.005734	7.9
1448	-0.497007	121.890301	0.005089	7.9
1449	-0.280352	121.843112	0.003026	8.2
1450	-0.759478	121.795971	0.004902	8.6
1451	-0.842850	121.748879	0.005783	9.5
1452	-1.501379	121.701835	0.011263	8.1
1453	-1.415301	121.654840	0.012106	7.6
1454	-1.083671	121.607893	0.009755	8.1
1455	-1.863789	121.560994	0.022787	8.2
1456	-0.506740	121.514144	0.013275	9.8
1457	-1.729967	121.467342	0.022020	7.7
1458	-1.282273	121.420588	0.020516	7.7
1459	-1.516162	121.373882	0.009391	8.2
1460	-0.875879	121.327223	0.016782	8.7
1461	-1.294911	121.280613	0.013841	9.8
1462	-0.990640	121.234050	0.005931	7.6
1463	-1.917083	121.187535	0.012184	7.8
1464	-0.260909	121.141067	0.004303	8.3
1465	-0.567206	121.094647	0.005774	8.3
1466	-0.538153	121.048274	0.002113	10.1
1467	-1.336578	121.001949	0.013977	8.0
1468	-1.125464	120.955671	0.007331	7.6
1469	-1.418472	120.909440	0.016419	8.6
1470	-0.563886	120.863256	0.003286	7.5
1471	-0.285028	120.817119	0.005794	10.6
1472	-0.273978	120.771029	0.004655	7.9
1473	-1.524250	120.724986	0.011857	7.9
1474	-0.791900	120.678990	0.010446	8.1
1475	-1.031989	120.633040	0.006661	9.0
1476	-0.911103	120.587137	0.013115	9.6
1477	-1.671130	120.541281	0.016806	7.9
1478	-1.994659	120.495471	0.025462	7.8
1479	-2.008872	120.449707	0.008548	8.4
1480	-1.805678	120.403990	0.008490	8.2
1481	-1.690859	120.358319	0.004336	10.3
1482	-0.525784	120.312694	0.003700	8.3
1483	-1.922481	120.267115	0.015325	7.3
1484	-0.304835	120.221582	0.002143	8.3
1485	-0.875119	120.176096	0.004020	6.8
1486	-0.966993	120.130655	0.014922	9.9
1487	-1.527662	120.085260	0.007166	7.6
1488	-0.298400	120.039910	0.005130	8.0
1489	-1.370076	119.994606	0.032393	8.2
1490	-0.877676	119.949348	0.014896	8.1
1491	-1.661313	119.904135	0.004930	10.1
1492	-1.074502	119.858968	0.004590	7.5
1493	-1.106682	119.813846	0.003790	7.5
1494	-0.434380	119.768769	0.006319	8.4
1495	-1.838661	119.723738	0.019255	8.3
1496	-1.728189	119.678752	0.016209	10.0
1497	-0.920912	119.633810	0.007931	7.5
1498	-1.339227	119.588914	0.010271	7.5
1499	-1.970816	119.544062	0.007194	8.4
1500	-1.900360	119.499256	0.015037	8.2
1501	-1.439120	119.454494	0.012621	9.8
1502	-0.290156	119.409777	0.004870	7.7
1503	-0.751491	119.365104	0.013462	7.6
1504	-0.398097	119.320476	0.005206	7.8
1505	-0.589469	119.275893	0.008396	8.2
1506	-0.442367	119.231353	0.002685	10.0
1507	-0.586476	119.186859	0.010238	8.1
1508	-1.418412	119.142408	0.004838	7.7
1509	-0.836252	119.098002	0.006529	8.1
1510	-0.705060	119.053639	0.003467	8.0
1511	-0.502013	119.009321	0.008557	10.1
1512	-0.338627	118.965047	0.006690	7.9
1513	-0.432037	118.920816	0.006571	7.3
1514	-0.851670	118.876630	0.004392	7.5
1515	-1.584296	118.832487	0.017724	8.5
1516	-0.613192	118.788388	0.008677	10.3
1517	-0.652765	118.744332	0.015322	7.4
1518	-1.830563	118.700320	0.006870	8.7
1519	-1.457521	118.656352	0.008920	7.5
1520	-2.017519	118.612427	0.010303	8.2
1521	-0.643753	118.568545	0.004292	10.3
1522	-0.508151	118.524706	0.003166	8.2
1523	-2.000151	118.480911	0.025232	7.5
1524	-1.800626	118.437159	0.007318	10.5
1525	-1.923007	118.393450	0.014950	11.8
1526	-1.792226	118.349784	0.027245	8.9
1527	-1.942334	118.306160	0.009699	8.8
1528	-2.011738	118.262580	0.020958	8.1
1529	-1.799572	118.219042	0.011687	8.3
1530	-1.971163	118.175548	0.009826	10.5
1531	-1.750360	118.132095	0.012294	7.8
1532	-1.623297	118.088686	0.011319	8.3
1533	-1.845477	118.045319	0.005794	8.4
1534	-1.996086	118.001994	0.014083	9.9
1535	-1.094776	117.958712	0.004434	7.8
1536	-1.788768	117.915472	0.020674	7.8
1537	-1.828340	117.872274	0.011471	9.6
1538	-1.182056	117.829118	0.004864	6.8
1539	-1.880646	117.786005	0.023385	10.3
1540	-1.287429	117.742933	0.018701	7.9
1541	-1.894207	117.699904	0.011228	8.2
1542	-1.998748	117.656916	0.009104	8.0
1543	-1.861358	117.613971	0.003742	8.3
1544	-1.899788	117.571067	0.015352	8.2
1545	-1.946113	117.528205	0.011541	8.7
1546	-1.469846	117.485384	0.011470	6.9
1547	-0.913652	117.442605	0.008398	7.7
1548	-1.462270	117.399867	0.020649	7.7
1549	-0.392571	117.357171	0.006308	7.7
1550	-0.695919	117.314517	0.007136	8.4
1551	-1.752366	117.271903	0.008985	8.3
1552	-0.355116	117.229331	0.006275	7.9
1553	-0.650659	117.186800	0.004506	7.0
1554	-1.792361	117.144311	0.006730	6.7
1555	-0.473879	117.101862	0.003506	7.2
1556	-1.606141	117.059454	0.013824	8.0
1557	-1.935096	117.017087	0.008534	7.5
1558	-0.890383	116.974762	0.008023	7.8
1559	-0.796631	116.932476	0.003664	7.9
1560	-0.304729	116.890232	0.004542	8.0
1561	-1.804417	116.848028	0.008516	8.0
1562	-1.892734	116.805865	0.015152	8.4
1563	-1.642242	116.763743	0.021857	8.6
1564	-1.902718	116.721661	0.009118	7.7
1565	-1.714063	116.679619	0.007660	7.5
1566	-0.671570	116.637618	0.008183	8.3
1567	-0.837427	116.595657	0.009527	8.1
1568	-1.847789	116.553736	0.009273	7.6
1569	-1.818539	116.511855	0.010027	7.7
1570	-1.781819	116.470015	0.018581	9.0
1571	-1.030730	116.428214	0.011900	8.0
1572	-1.237802	116.386454	0.013345	7.9
1573	-1.575762	116.344733	0.018416	7.7
1574	-1.321019	116.303052	0.016514	7.6
1575	-1.913815	116.261412	0.013709	7.7
1576	-1.069157	116.219810	0.009711	7.9
1577	-1.979865	116.178249	0.005664	7.8
1578	-0.932876	116.136727	0.003836	8.3
1579	-0.808044	116.095245	0.004181	8.9
1580	-1.399320	116.053802	0.014326	8.3
1581	-2.027377	116.012398	0.005579	8.1
1582	-1.585022	115.971034	0.010691	7.6
1583	-1.885260	115.929710	0.019530	8.5
1584	-1.756627	115.888424	0.015456	8.3
1585	-1.864068	115.847178	0.011972	8.1
1586	-1.964372	115.805970	0.014618	7.4
1587	-0.686618	115.764802	0.005908	7.6
1588	-1.144793	115.723673	0.004444	8.3
1589	-0.535932	115.682583	0.009506	8.3
1590	-1.278564	115.641532	0.003550	7.5
1591	-1.274453	115.600519	0.004347	8.9
1592	-1.378167	115.559546	0.008058	7.6
1593	-0.312299	115.518610	0.002166	8.9
1594	-1.036119	115.477714	0.009274	8.6
1595	-2.036376	115.436856	0.008958	8.6
1596	-0.662834	115.396037	0.007829	7.6
1597	-0.445539	115.355256	0.003842	13.3
1598	-1.228955	115.314514	0.003714	8.9
1599	-1.769883	115.273810	0.011788	11.8
1600	-0.669042	115.233144	0.006835	8.9
1601	-0.730080	115.192517	0.003774	12.0
1602	-1.527184	115.151927	0.008215	11.0
1603	-1.074711	115.111376	0.006908	9.5
1604	-1.731566	115.070863	0.028738	10.5
1605	-1.517374	115.030388	0.018806	12.2
1606	-0.297576	114.989951	0.002489	9.1
1607	-0.676782	114.949551	0.006066	10.1
1608	-1.859991	114.909190	0.010560	11.2
1609	-1.498647	114.868866	0.010348	9.6
1610	-2.035043	114.828580	0.013885	10.2
1611	-0.515131	114.788332	0.006289	8.7
1612	-1.854170	114.748121	0.017733	11.3
1613	-1.774674	114.707948	0.016913	10.0
1614	-1.472211	114.667812	0.021737	9.1
1615	-0.971983	114.627714	0.005572	10.8
1616	-1.732924	114.587653	0.010046	9.2
1617	-0.621889	114.547629	0.012996	9.3
1618	-0.291491	114.507643	0.003502	10.7
1619	-1.604443	114.467693	0.052140	10.5
1620	-0.155475	114.427781	0.001251	10.3
1621	-0.291451	114.387907	0.001464	10.2
1622	-1.927398	114.348069	0.011917	8.3
1623	-0.411540	114.308268	0.006420	11.0
1624	-1.125263	114.268504	0.004336	7.7
1625	-0.957268	114.228777	0.006834	8.2
1626	-0.715685	114.189086	0.012569	8.1
1627	-1.512982	114.149433	0.015852	8.2
1628	-1.520167	114.109816	0.007646	7.0
1629	-1.365333	114.070235	0.008850	8.1
1630	-1.778311	114.030692	0.016092	8.6
1631	-0.816271	113.991185	0.007758	7.5
1632	-1.204641	113.951714	0.009010	8.6
1633	-0.330329	113.912280	0.006023	7.7
1634	-1.983130	113.872882	0.014530	8.7
1635	-1.246360	113.833521	0.009048	8.1
1636	-0.966346	113.794195	0.006423	7.4
1637	-1.941515	113.754906	0.011996	8.4
1638	-1.329148	113.715653	0.007970	9.0
1639	-0.906246	113.676437	0.006869	8.2
1640	-1.959478	113.637256	0.014669	8.6
1641	-1.420392	113.598111	0.020330	9.0
1642	-1.628812	113.559002	0.020156	8.5
1643	-1.227018	113.519929	0.007045	10.4
1644	-0.237776	113.480892	0.002896	9.1
1645	-0.862038	113.441891	0.016366	9.9
1646	-0.332671	113.402925	0.005882	9.0
1647	-1.507279	113.363995	0.008680	10.7
1648	-0.363001	113.325101	0.005214	9.7
1649	-2.035266	113.286242	0.011284	9.0
1650	-1.854903	113.247419	0.012806	10.0
1651	-1.670182	113.208631	0.017979	11.7
1652	-0.775353	113.169879	0.010150	9.2
1653	-0.597201	113.131162	0.009382	10.3
1654	-1.778784	113.092480	0.010883	8.5
1655	-0.532858	113.053833	0.004491	10.1
1656	-1.977680	113.015222	0.015814	9.9
1657	-0.631450	112.976646	0.006196	8.0
1658	-1.051169	112.938105	0.003389	10.3
1659	-1.722701	112.899599	0.018124	10.7
1660	-1.964536	112.861128	0.011776	9.1
1661	-0.981932	112.822692	0.003807	9.2
1662	-1.298110	112.784291	0.004253	8.1
1663	-0.373572	112.745924	0.002915	12.8
1664	-1.975474	112.707593	0.010086	13.1
1665	-1.809728	112.669296	0.021623	9.2
1666	-1.768341	112.631034	0.003761	11.0
1667	-1.974290	112.592806	0.011489	10.7
1668	-1.016675	112.554613	0.024193	9.4
1669	-1.788459	112.516455	0.010344	9.4
1670	-1.886928	112.478331	0.008960	7.9
1671	-0.286966	112.440241	0.003374	8.6
1672	-1.162890	112.402186	0.011052	8.4
1673	-1.541995	112.364165	0.015122	9.0
1674	-0.477574	112.326179	0.002892	9.3
1675	-1.920234	112.288227	0.008945	8.8
1676	-1.982449	112.250309	0.021301	9.1
1677	-1.127420	112.212425	0.008770	12.1
1678	-2.055469	112.174575	0.013364	12.6
1679	-1.830551	112.136759	0.029200	12.4
1680	-1.521766	112.098977	0.011247	12.5
1681	-1.087605	112.061229	0.007757	12.8
1682	-0.812454	112.023515	0.009002	12.0
1683	-1.333918	111.985834	0.012432	8.7
1684	-1.132686	111.948188	0.005388	8.4
1685	-0.384460	111.910575	0.005052	12.2
1686	-1.660527	111.872996	0.005711	15.3
1687	-1.872852	111.835450	0.013777	15.8
1688	-1.533185	111.797939	0.006190	13.6
1689	-1.999378	111.760460	0.002281	11.5
1690	-0.488493	111.723015	0.004213	9.1
1691	-1.719123	111.685604	0.011571	8.3
1692	-1.604492	111.648226	0.022520	9.0
1693	-0.773404	111.610881	0.004363	7.4
1694	-0.279253	111.573570	0.003868	8.1
1695	-1.372868	111.536292	0.001890	8.3
1696	-1.501147	111.499047	0.013822	8.3
1697	-1.621377	111.461835	0.034069	7.6
1698	-1.624863	111.424656	0.036842	8.1
1699	-1.881053	111.387510	0.010954	7.7
1700	-1.604988	111.350398	0.005615	8.1
1701	-1.387925	111.313318	0.005333	7.9
1702	-1.621082	111.276271	0.018037	8.4
1703	-0.343367	111.239257	0.002492	8.3
1704	-1.445953	111.202276	0.019714	8.4
1705	-1.500226	111.165328	0.015323	8.3
1706	-2.053780	111.128412	0.013127	8.7
1707	-1.879961	111.091529	0.011039	8.5
1708	-1.032708	111.054679	0.008619	8.4
1709	-1.784945	111.017861	0.012290	9.0
1710	-0.658838	110.981076	0.011676	8.3
1711	-2.034727	110.944323	0.021805	8.0
1712	-1.524358	110.907603	0.022925	8.0
1713	-0.491162	110.870915	0.002434	9.0
1714	-0.279226	110.834259	0.004206	8.6
1715	-1.928479	110.797636	0.006323	8.9
1716	-0.464683	110.761045	0.003045	8.8
1717	-1.953488	110.724486	0.015201	9.3
1718	-2.030913	110.687959	0.014042	11.6
1719	-1.393233	110.651465	0.009594	9.9
1720	-1.513583	110.615002	0.003914	9.2
1721	-0.617444	110.578572	0.003485	9.1
1722	-2.076317	110.542173	0.007877	9.8
1723	-0.983448	110.505807	0.003701	12.3
1724	-1.562321	110.469472	0.013053	10.4
1725	-0.856850	110.433169	0.002895	9.3
1726	-1.684478	110.396898	0.005506	11.1
1727	-0.311780	110.360659	0.006768	13.1
1728	-1.508668	110.324451	0.023562	8.5
1729	-1.941963	110.288276	0.007367	9.8
1730	-0.905671	110.252131	0.003897	9.9
1731	-0.673902	110.216019	0.002594	9.3
1732	-0.605084	110.179937	0.003078	11.7
1733	-1.373047	110.143888	0.011292	9.8
1734	-0.747097	110.107869	0.010934	9.7
1735	-0.421797	110.071882	0.006750	11.3
1736	-1.788098	110.035927	0.012057	9.4
1737	-1.761190	110.000003	0.008982	12.0
1738	-0.824329	109.964110	0.006527	13.1
1739	-2.042224	109.928248	0.020189	14.2
1740	-2.024614	109.892417	0.013913	17.6
1741	-1.137863	109.856618	0.009723	12.9
1742	-2.027318	109.820850	0.002260	14.9
1743	-0.640861	109.785112	0.006254	11.6
1744	-2.026048	109.749406	0.006679	14.6
1745	-1.786704	109.713730	0.005710	14.8
1746	-1.782101	109.678086	0.034482	15.5
1747	-1.255384	109.642472	0.004716	14.2
1748	-1.739450	109.606890	0.009989	12.6
1749	-1.835505	109.571337	0.011421	12.4
1750	-0.639632	109.535816	0.017487	17.0
1751	-1.161874	109.500326	0.008296	14.2
1752	-0.515106	109.464866	0.005936	10.3
1753	-0.778964	109.429436	0.004535	9.3
1754	-0.462733	109.394038	0.003086	8.7
1755	-0.353704	109.358669	0.004998	8.2
1756	-1.418734	109.323331	0.006049	7.9
1757	-0.628636	109.288024	0.005225	7.5
1758	-1.757741	109.252747	0.015185	9.8
1759	-1.327304	109.217501	0.005420	7.9
1760	-0.619219	109.182284	0.008057	8.5
1761	-2.008365	109.147098	0.008231	7.8
1762	-1.977338	109.111942	0.006796	8.3
1763	-1.590141	109.076817	0.019596	7.7
1764	-0.618328	109.041721	0.007031	7.9
1765	-1.893552	109.006656	0.019619	7.5
1766	-1.883327	108.971620	0.025555	8.0
1767	-0.527522	108.936615	0.009765	7.5
1768	-0.751966	108.901640	0.010098	8.4
1769	-1.931483	108.866694	0.013898	7.6
1770	-2.083179	108.831779	0.010726	8.1
1771	-0.308493	108.796893	0.005019	7.6
1772	-0.348951	108.762037	0.006833	8.5
1773	-1.423901	108.727211	0.007570	7.5
1774	-0.805474	108.692415	0.003993	10.2
1775	-0.405387	108.657648	0.002792	7.0
1776	-1.031040	108.622911	0.006157	8.2
1777	-1.900517	108.588203	0.026258	8.4
1778	-0.536109	108.553525	0.006323	7.9
1779	-1.562898	108.518877	0.012805	8.4
1780	-1.051818	108.484258	0.008903	8.6
1781	-0.740752	108.449668	0.007260	8.6
1782	-0.611753	108.415108	0.005510	8.8
1783	-0.968773	108.380578	0.024122	8.3
1784	-2.004439	108.346076	0.016756	14.0
1785	-1.903046	108.311604	0.006425	16.6
1786	-0.633680	108.277161	0.005866	15.2
1787	-0.734515	108.242747	0.008884	10.7
1788	-1.498048	108.208363	0.008487	17.2
1789	-1.093328	108.174007	0.011271	16.9
1790	-1.274641	108.139681	0.010202	24.1
1791	-1.732000	108.105383	0.008678	15.9
1792	-0.721891	108.071115	0.008500	21.8
1793	-1.598006	108.036875	0.015817	23.7
1794	-0.892764	108.002665	0.008702	14.3
1795	-0.617428	107.968483	0.004870	15.5
1796	-1.466118	107.934330	0.010478	20.9
1797	-0.957695	107.900206	0.004149	14.8
1798	-1.438159	107.866111	0.009584	14.9
1799	-0.476660	107.832044	0.005945	26.0
1800	-1.585006	107.798007	0.008334	16.8
1801	-1.777352	107.763997	0.026073	17.7
1802	-0.624007	107.730017	0.007598	16.5
1803	-1.022824	107.696065	0.013100	19.1
1804	-1.668388	107.662141	0.008745	14.4
1805	-1.994127	107.628246	0.009143	13.6
1806	-0.881732	107.594379	0.012242	24.8
1807	-1.583897	107.560541	0.017339	14.8
1808	-1.854548	107.526731	0.026652	9.5
1809	-1.465254	107.492949	0.012355	12.6
1810	-1.450948	107.459196	0.006275	20.0
1811	-0.775828	107.425471	0.008017	22.1
1812	-1.205540	107.391774	0.007275	12.6
1813	-1.803454	107.358106	0.029741	14.5
1814	-1.985928	107.324465	0.007113	12.9
1815	-1.616649	107.290853	0.013209	9.9
1816	-0.919975	107.257268	0.006738	11.5
1817	-0.464521	107.223712	0.004145	11.4
1818	-0.347714	107.190184	0.006097	10.1
1819	-1.337221	107.156683	0.005344	10.7
1820	-0.859106	107.123211	0.006861	8.9
1821	-1.529035	107.089766	0.011980	7.6
1822	-0.381026	107.056349	0.004714	9.1
1823	-1.141259	107.022960	0.004307	8.6
1824	-1.752289	106.989599	0.020387	9.3
1825	-2.021064	106.956265	0.020253	9.1
1826	-1.526366	106.922960	0.015150	11.5
1827	-1.880006	106.889681	0.011580	11.8
1828	-1.645880	106.856431	0.006580	13.6
1829	-1.898274	106.823208	0.010172	12.2
1830	-1.819240	106.790012	0.014174	7.7
1831	-1.835739	106.756844	0.009650	8.8
1832	-1.915353	106.723703	0.016772	8.0
1833	-1.682971	106.690590	0.004468	9.9
1834	-0.830038	106.657505	0.010280	8.4
1835	-1.254730	106.624446	0.005040	8.0
1836	-1.947853	106.591415	0.015995	8.2
1837	-1.388014	106.558411	0.008068	8.6
1838	-0.402026	106.525435	0.002712	8.2
1839	-1.448316	106.492485	0.029946	8.1
1840	-1.763836	106.459563	0.015527	8.0
1841	-0.716967	106.426668	0.007116	8.1
1842	-0.370881	106.393800	0.006793	8.7
1843	-1.331218	106.360959	0.018868	8.2
1844	-1.842051	106.328145	0.012161	8.0
1845	-0.556754	106.295358	0.003935	8.4
1846	-1.786024	106.262598	0.005874	8.1
1847	-1.727171	106.229865	0.006683	8.4
1848	-0.285842	106.197158	0.005790	8.0
1849	-0.385679	106.164479	0.004520	7.9
1850	-1.009382	106.131826	0.008129	8.5
1851	-1.901315	106.099201	0.005113	8.1
1852	-0.945483	106.066602	0.005500	8.0
1853	-1.970120	106.034029	0.019422	7.5
1854	-1.649965	106.001483	0.004534	9.6
1855	-0.813041	105.968964	0.004178	8.7
1856	-0.753068	105.936472	0.013717	8.7
1857	-1.886963	105.904006	0.012561	9.0
1858	-1.628727	105.871566	0.014230	7.9
1859	-0.645652	105.839153	0.003475	8.0
1860	-0.308723	105.806767	0.004533	8.9
1861	-0.549047	105.774407	0.003842	8.0
1862	-1.544714	105.742073	0.004715	8.2
1863	-1.782842	105.709766	0.010207	9.9
1864	-0.807387	105.677485	0.012702	8.8
1865	-1.831327	105.645230	0.011109	7.8
1866	-1.712025	105.613001	0.016642	8.6
1867	-1.333601	105.580799	0.011963	8.6
1868	-2.026944	105.548623	0.014573	8.5
1869	-0.425248	105.516473	0.002218	7.2
1870	-0.865168	105.484349	0.003943	8.8
1871	-0.610404	105.452251	0.005336	7.8
1872	-1.634831	105.420179	0.002665	8.2
1873	-1.816075	105.388133	0.013906	7.4
1874	-0.847489	105.356113	0.015372	8.8
1875	-0.639593	105.324119	0.008008	7.8
1876	-1.174960	105.292151	0.014916	9.7
1877	-1.813976	105.260209	0.015283	8.8
1878	-0.751685	105.228293	0.008085	8.2
1879	-0.613747	105.196402	0.006475	6.9
1880	-0.794474	105.164537	0.006534	8.3
1881	-1.938333	105.132698	0.015606	8.3
1882	-1.947903	105.100885	0.018997	7.8
1883	-0.597924	105.069097	0.007908	7.4
1884	-1.352486	105.037335	0.005402	8.2
1885	-1.380866	105.005598	0.006692	8.1
1886	-1.465369	104.973887	0.023339	10.4
1887	-1.814824	104.942202	0.008902	12.4
1888	-1.428503	104.910542	0.015499	12.0
1889	-1.716038	104.878907	0.010093	11.1
1890	-0.672829	104.847298	0.004483	9.7
1891	-1.844306	104.815715	0.013469	9.2
1892	-1.753808	104.784156	0.020090	8.5
1893	-1.063217	104.752623	0.006580	8.5
1894	-1.395185	104.721116	0.007982	7.6
1895	-1.439816	104.689633	0.008683	8.4
1896	-1.502683	104.658176	0.005618	9.2
1897	-1.906728	104.626744	0.014639	10.5
1898	-1.265764	104.595337	0.004007	11.3
1899	-1.779416	104.563955	0.012176	10.2
1900	-1.946065	104.532599	0.007316	9.5
1901	-1.834819	104.501267	0.011159	9.7
1902	-1.851761	104.469960	0.011679	10.0
1903	-0.495652	104.438679	0.008289	10.6
1904	-1.072976	104.407422	0.004331	10.1
1905	-1.522382	104.376191	0.010844	10.5
1906	-1.439322	104.344984	0.010643	11.1
1907	-1.696479	104.313802	0.015393	9.6
1908	-0.618340	104.282645	0.002569	9.1
1909	-1.828769	104.251513	0.014088	10.9
1910	-1.190332	104.220405	0.015868	8.9
1911	-0.317550	104.189323	0.003629	10.4
1912	-1.327940	104.158265	0.007963	12.5
1913	-1.170507	104.127231	0.009106	8.5
1914	-1.098564	104.096222	0.010471	10.6
1915	-1.653921	104.065238	0.014429	9.3
1916	-0.663586	104.034279	0.008419	8.7
1917	-1.465958	104.003344	0.007034	8.9
1918	-1.818249	103.972433	0.016573	8.6
1919	-1.771197	103.941547	0.012119	8.8
1920	-1.923224	103.910686	0.012592	8.2
1921	-1.396947	103.879849	0.009528	8.0
1922	-1.802724	103.849036	0.006814	6.9
1923	-0.949417	103.818248	0.005230	8.3
1924	-0.358593	103.787484	0.006647	7.4
1925	-1.228204	103.756744	0.011753	9.4
1926	-1.949731	103.726029	0.019610	8.7
1927	-1.378410	103.695338	0.014997	9.5
1928	-1.913171	103.664671	0.024982	8.9
1929	-0.724430	103.634028	0.004237	11.7
1930	-1.545409	103.603409	0.005775	8.9
1931	-0.681591	103.572814	0.006303	8.2
1932	-0.296946	103.542244	0.002431	8.3
1933	-1.797550	103.511698	0.011970	9.1
1934	-0.917603	103.481175	0.006418	8.9
1935	-0.301572	103.450677	0.003298	7.9
1936	-0.978011	103.420202	0.005294	10.8
1937	-1.745406	103.389752	0.012631	10.5
1938	-1.991970	103.359325	0.015067	10.5
1939	-1.233674	103.328922	0.006578	9.4
1940	-0.097239	103.298543	0.000766	8.8
1941	-1.503724	103.268188	0.004884	7.0
1942	-1.495817	103.237857	0.006689	13.6
1943	-0.536709	103.207549	0.005959	14.1
1944	-0.725752	103.177265	0.012022	16.2
1945	-1.965075	103.147005	0.019616	11.4
1946	-1.966895	103.116768	0.015869	9.5
1947	-1.887457	103.086556	0.014000	9.7
1948	-1.180972	103.056366	0.013766	9.9
1949	-0.231197	103.026200	0.003396	9.4
1950	-0.472893	102.996058	0.003113	11.1
1951	-1.937184	102.965939	0.023275	10.1
1952	-1.160084	102.935844	0.015644	8.8
1953	-1.982239	102.905772	0.010777	10.3
1954	-1.265451	102.875724	0.005114	9.2
1955	-1.938486	102.845699	0.005507	10.6
1956	-0.789960	102.815697	0.004913	8.7
1957	-1.928754	102.785719	0.008203	10.6
1958	-2.015033	102.755764	0.017288	11.9
1959	-1.994592	102.725832	0.009339	9.2
1960	-0.584398	102.695924	0.005949	10.4
1961	-1.453962	102.666038	0.011169	9.2
1962	-1.039844	102.636176	0.009560	9.1
1963	-0.757002	102.606337	0.006932	9.8
1964	-1.235079	102.576521	0.009469	7.8
1965	-1.981263	102.546728	0.012592	9.9
1966	-1.335773	102.516959	0.011781	8.7
1967	-1.752151	102.487212	0.009945	9.1
1968	-1.967630	102.457488	0.006656	10.3
1969	-1.283372	102.427788	0.008865	8.5
1970	-1.645035	102.398110	0.010858	10.2
1971	-1.966433	102.368455	0.010699	8.3
1972	-0.449688	102.338823	0.002967	8.2
1973	-0.273826	102.309214	0.003937	10.5
1974	-2.015324	102.279628	0.023548	8.8
1975	-1.076244	102.250064	0.005438	9.4
1976	-1.580240	102.220524	0.008166	9.8
1977	-0.237471	102.191006	0.002237	9.2
1978	-1.996033	102.161511	0.007997	8.5
1979	-0.714842	102.132038	0.006941	9.1
1980	-1.701488	102.102588	0.008917	11.0
1981	-1.313878	102.073161	0.013055	10.7
1982	-1.911818	102.043757	0.010063	8.7
1983	-1.960404	102.014375	0.020783	9.6
1984	-0.902633	101.985015	0.006616	8.7
1985	-1.729876	101.955678	0.003178	8.4
1986	-0.292216	101.926364	0.003459	9.8
1987	-2.008413	101.897072	0.015188	8.7
1988	-0.317353	101.867802	0.002482	9.0
1989	-1.652573	101.838555	0.006373	9.0
1990	-0.751191	101.809330	0.008452	10.0
1991	-1.698591	101.780128	0.005442	9.1
1992	-2.007874	101.750948	0.006328	8.1
1993	-1.791223	101.721790	0.021019	9.9
1994	-0.370144	101.692654	0.002545	9.3
1995	-2.049305	101.663541	0.015554	11.6
1996	-2.013434	101.634450	0.018932	10.9
1997	-1.882310	101.605381	0.010595	8.8
1998	-0.605946	101.576335	0.005318	10.2
1999	-0.651078	101.547310	0.005735	10.9
