1:ItNr	2:Metric	3:StepSize	4:||Gradient||	Time[ms]
0	-0.347375	627.201626	0.002412	479.0
1	-1.688423	623.504937	0.022750	7.7
2	-1.359391	619.865785	0.013785	8.7
3	-0.377237	616.282728	0.007189	8.0
4	-1.095601	612.754375	0.006495	9.9
5	-1.732522	609.279381	0.025958	8.0
6	-0.520506	605.856447	0.010509	9.5
7	-0.922169	602.484317	0.011366	7.7
8	-1.780446	599.161779	0.011585	9.4
9	-1.589184	595.887656	0.012952	13.1
10	-0.673405	592.660813	0.008514	8.2
11	-0.283393	589.480151	0.005993	8.0
12	-1.943745	586.344606	0.021520	7.7
13	-1.321168	583.253145	0.025797	10.7
14	-1.275437	580.204771	0.006235	8.1
15	-0.356393	577.198517	0.010367	9.0
16	-1.536012	574.233444	0.045696	8.4
17	-1.693726	571.308645	0.013114	10.2
18	-0.298635	568.423237	0.010798	9.2
19	-1.372303	565.576365	0.031479	9.0
20	-1.513362	562.767201	0.023897	8.2
21	-1.187138	559.994938	0.037484	8.0
22	-1.588022	557.258797	0.008382	11.2
23	-0.272527	554.558018	0.001464	6.8
24	-0.960342	551.891865	0.010829	9.0
25	-1.011901	549.259621	0.008532	9.0
26	-0.433565	546.660592	0.011191	10.5
27	-1.834875	544.094102	0.019837	8.2
28	-0.298439	541.559494	0.004053	9.6
29	-0.787661	539.056129	0.009486	8.2
30	-1.625530	536.583387	0.028676	8.8
31	-1.735454	534.140663	0.025935	12.7
32	-0.652479	531.727370	0.008970	8.7
33	-1.050888	529.342935	0.011812	8.9
34	-1.000446	526.986802	0.011363	9.3
35	-0.285814	524.658430	0.005163	11.4
36	-0.321879	522.357290	0.002969	10.6
37	-0.910361	520.082868	0.015075	9.1
38	-0.344140	517.834665	0.006897	10.2
39	-0.352390	515.612193	0.005408	10.1
40	-0.835288	513.414976	0.015619	9.0
41	-0.970781	511.242551	0.007666	8.8
42	-1.327995	509.094468	0.011360	11.1
43	-1.576411	506.970285	0.019920	11.6
44	-0.694035	504.869574	0.008191	12.2
45	-1.040304	502.791916	0.012054	9.5
46	-1.544726	500.736903	0.017090	11.6
47	-0.241331	498.704137	0.002625	12.3
48	-0.530258	496.693228	0.004665	9.6
49	-0.951902	494.703798	0.014847	11.3
50	-0.349590	492.735476	0.008739	11.7
51	-0.837144	490.787900	0.012030	8.6
52	-0.603488	488.860718	0.012231	8.8
53	-0.309727	486.953585	0.002992	10.8
54	-1.249284	485.066164	0.015639	8.2
55	-1.787862	483.198126	0.030125	9.7
56	-1.598736	481.349149	0.028516	7.9
57	-0.167694	479.518920	0.003218	8.2
58	-0.928048	477.707132	0.007473	11.3
59	-1.248560	475.913485	0.014395	10.1
60	-1.454080	474.137684	0.009634	9.7
61	-1.282817	472.379445	0.022994	10.1
62	-1.083369	470.638485	0.003627	10.5
63	-1.360797	468.914531	0.025582	9.6
64	-0.818038	467.207315	0.011133	9.2
65	-0.033891	465.516573	0.000498	11.0
66	-1.945481	463.842050	0.015253	10.5
67	-0.727484	462.183494	0.008087	12.9
68	-0.432585	460.540658	0.006198	9.0
69	-0.579306	458.913303	0.005471	14.2
70	-0.662428	457.301192	0.006234	9.3
71	-0.342738	455.704096	0.006004	10.1
72	-0.500520	454.121787	0.012295	10.8
73	-1.802166	452.554045	0.032393	14.0
74	-1.621061	451.000653	0.020213	12.5
75	-0.437828	449.461399	0.018333	10.8
76	-1.742196	447.936075	0.024945	9.4
77	-0.608932	446.424477	0.008551	11.7
78	-1.736358	444.926406	0.021343	12.9
79	-1.497184	443.441666	0.008297	9.5
80	-1.192405	441.970065	0.010986	9.3
81	-0.616147	440.511415	0.006793	13.3
82	-1.935217	439.065533	0.007312	9.7
83	-0.351116	437.632238	0.005250	10.6
84	-1.408395	436.211351	0.012946	10.1
85	-1.574359	434.802701	0.030010	10.7
86	-0.566021	433.406117	0.011269	11.6
87	-1.364200	432.021430	0.019467	8.8
88	-1.891110	430.648479	0.028538	8.6
89	-0.871720	429.287101	0.013138	10.2
90	-0.296706	427.937140	0.008957	8.6
91	-1.270242	426.598440	0.021019	11.3
92	-1.379427	425.270849	0.006731	10.1
93	-1.822501	423.954220	0.025522	11.1
94	-1.405634	422.648404	0.016595	9.0
95	-0.645682	421.353259	0.008054	7.8
96	-0.341285	420.068643	0.004169	8.8
97	-1.405821	418.794419	0.007937	9.3
98	-1.214656	417.530451	0.016632	10.1
99	-1.466798	416.276604	0.011024	8.3
100	-1.364624	415.032748	0.013105	10.1
101	-1.120813	413.798754	0.013848	8.0
102	-1.224012	412.574495	0.015858	10.0
103	-1.364901	411.359849	0.017860	9.4
104	-1.127921	410.154691	0.011732	8.3
105	-1.466153	408.958904	0.011909	8.9
106	-0.231953	407.772368	0.006045	10.7
107	-1.797484	406.594968	0.012163	9.5
108	-1.720409	405.426590	0.013774	11.1
109	-1.489481	404.267122	0.030115	8.5
110	-1.289980	403.116456	0.020154	11.1
111	-0.170709	401.974481	0.003768	7.8
112	-1.016591	400.841093	0.008626	9.9
113	-1.483875	399.716187	0.019665	7.7
114	-0.818511	398.599660	0.015679	8.1
115	-0.543264	397.491411	0.003269	14.2
116	-0.514622	396.391342	0.005725	7.6
117	-0.515344	395.299353	0.008432	8.4
118	-0.342750	394.215350	0.002829	8.1
119	-1.179191	393.139238	0.021079	11.5
120	-0.867978	392.070924	0.002446	8.2
121	-1.296257	391.010316	0.010840	9.3
122	-1.604168	389.957325	0.023970	7.7
123	-1.871558	388.911862	0.011880	10.2
124	-1.285885	387.873839	0.014643	12.0
125	-1.838236	386.843173	0.021257	7.9
126	-0.942367	385.819777	0.013252	10.2
127	-0.365967	384.803569	0.001942	8.9
128	-1.663515	383.794468	0.011233	9.2
129	-1.292681	382.792393	0.028658	9.2
130	-1.647580	381.797264	0.012869	8.0
131	-1.676937	380.809005	0.018861	8.3
132	-0.828373	379.827537	0.004498	10.4
133	-1.599611	378.852786	0.022675	9.6
134	-1.240598	377.884678	0.017123	8.5
135	-0.801769	376.923138	0.005768	7.7
136	-1.500085	375.968095	0.028193	7.9
137	-0.890656	375.019479	0.007817	10.8
138	-1.202057	374.077218	0.030443	8.1
139	-1.787795	373.141244	0.016769	9.3
140	-0.647398	372.211489	0.004951	8.5
141	-0.876433	371.287887	0.014312	10.4
142	-1.604690	370.370370	0.019641	9.1
143	-0.618028	369.458876	0.008782	8.5
144	-0.391210	368.553338	0.007457	7.9
145	-0.896484	367.653696	0.008945	11.1
146	-1.859090	366.759885	0.018304	11.1
147	-1.572332	365.871846	0.015198	19.9
148	-0.558329	364.989518	0.001668	15.2
149	-0.211895	364.112841	0.003307	14.1
150	-0.234390	363.241757	0.004324	10.8
151	-1.942960	362.376208	0.020172	13.3
152	-1.305733	361.516137	0.013522	10.7
153	-0.828724	360.661488	0.015465	12.9
154	-1.343744	359.812206	0.010439	10.0
155	-1.043378	358.968236	0.005850	12.2
156	-1.230131	358.129524	0.028786	17.1
157	-0.345468	357.296018	0.011446	13.8
158	-0.715888	356.467665	0.001834	17.9
159	-1.565913	355.644414	0.028535	15.7
160	-1.761351	354.826213	0.027036	10.4
161	-1.604187	354.013012	0.012802	9.2
162	-1.380568	353.204763	0.016537	12.2
163	-0.349712	352.401415	0.002355	8.8
164	-0.912128	351.602922	0.021057	10.6
165	-1.163730	350.809235	0.005974	10.7
166	-1.218783	350.020308	0.003996	12.0
167	-1.641573	349.236095	0.009269	9.4
168	-0.234870	348.456550	0.001159	10.1
169	-1.379631	347.681627	0.008666	13.1
170	-1.720878	346.911283	0.018261	12.5
171	-1.374383	346.145474	0.002792	10.5
172	-0.219922	345.384157	0.002532	9.2
173	-0.362796	344.627288	0.004263	12.4
174	-1.145664	343.874826	0.022338	11.0
175	-0.880860	343.126729	0.014834	9.1
176	-0.230097	342.382957	0.003303	10.5
177	-0.450266	341.643469	0.007713	11.3
178	-0.265793	340.908224	0.006078	9.8
179	-1.732778	340.177184	0.013417	13.0
180	-1.163263	339.450309	0.007462	8.7
181	-1.440970	338.727561	0.028470	12.1
182	-1.201519	338.008902	0.010251	12.1
183	-1.406637	337.294295	0.013749	10.0
184	-1.565905	336.583703	0.010407	10.7
185	-1.701068	335.877089	0.054518	11.6
186	-0.954907	335.174416	0.007404	12.8
187	-0.636999	334.475651	0.014161	9.0
188	-0.837638	333.780756	0.014978	9.7
189	-1.614409	333.089698	0.008244	10.9
190	-1.938859	332.402443	0.018898	8.1
191	-1.087350	331.718955	0.009566	9.6
192	-1.835940	331.039203	0.017011	8.7
193	-0.355235	330.363153	0.003906	9.9
194	-1.310952	329.690771	0.017308	12.4
195	-1.824639	329.022027	0.018647	8.1
196	-1.657722	328.356888	0.039735	8.6
197	-1.571077	327.695322	0.020864	8.1
198	-0.483677	327.037299	0.004753	10.8
199	-0.996973	326.382787	0.023542	9.5
200	-1.423117	325.731758	0.008801	8.6
201	-1.102419	325.084179	0.003794	8.1
202	-0.530306	324.440023	0.018985	11.3
203	-1.222405	323.799258	0.025889	9.7
204	-0.410496	323.161858	0.005633	8.1
205	-1.489698	322.527792	0.027691	9.5
206	-1.495565	321.897034	0.015100	11.9
207	-1.193403	321.269554	0.011679	9.3
208	-0.237890	320.645325	0.004796	10.8
209	-0.229745	320.024320	0.002970	10.0
210	-1.859404	319.406512	0.017198	12.5
211	-1.563369	318.791875	0.015696	10.2
212	-1.481371	318.180381	0.018178	11.3
213	-0.989805	317.572005	0.007999	11.1
214	-0.931583	316.966721	0.003348	12.8
215	-1.710600	316.364504	0.013834	9.4
216	-1.366443	315.765329	0.012475	10.7
217	-0.471606	315.169170	0.003169	11.4
218	-0.240285	314.576003	0.001122	13.4
219	-1.422225	313.985804	0.010792	10.8
220	-1.854227	313.398548	0.014892	11.4
221	-1.614121	312.814213	0.022024	12.3
222	-1.702239	312.232773	0.023758	13.0
223	-1.331012	311.654207	0.014156	11.8
224	-0.537297	311.078491	0.006624	10.4
225	-0.829936	310.505602	0.012521	13.9
226	-0.390799	309.935518	0.002747	8.4
227	-1.231977	309.368217	0.009702	9.4
228	-0.847705	308.803676	0.022124	8.2
229	-1.649368	308.241874	0.018210	10.8
230	-0.431871	307.682789	0.009078	14.4
231	-1.889922	307.126400	0.016714	10.5
232	-1.883858	306.572687	0.034980	9.2
233	-1.461784	306.021627	0.014957	12.2
234	-1.556513	305.473201	0.009760	12.1
235	-1.556990	304.927388	0.014153	12.7
236	-0.218635	304.384168	0.007353	9.5
237	-0.642776	303.843521	0.003205	12.9
238	-0.975182	303.305427	0.005836	12.1
239	-1.452315	302.769867	0.016297	10.8
240	-0.402961	302.236821	0.013678	12.7
241	-0.857241	301.706270	0.006386	11.6
242	-0.796651	301.178196	0.006111	12.9
243	-0.538559	300.652580	0.010465	10.8
244	-1.802766	300.129402	0.017603	13.6
245	-1.835654	299.608645	0.017732	11.4
246	-1.507829	299.090291	0.023516	11.1
247	-1.982770	298.574321	0.006054	11.4
248	-0.651929	298.060718	0.006725	11.7
249	-1.598687	297.549465	0.009380	11.0
250	-1.820272	297.040543	0.014897	9.2
251	-0.622566	296.533936	0.004950	14.1
252	-1.177193	296.029626	0.011540	9.2
253	-0.312179	295.527597	0.008035	10.3
254	-1.219318	295.027832	0.017006	9.3
255	-1.535952	294.530315	0.014574	13.3
256	-1.756845	294.035028	0.019874	13.5
257	-1.059457	293.541956	0.006200	9.5
258	-1.647702	293.051083	0.007426	9.8
259	-1.954940	292.562393	0.009150	11.0
260	-0.081775	292.075870	0.000566	13.5
261	-1.773927	291.591498	0.004406	13.5
262	-1.880954	291.109263	0.025036	11.3
263	-0.853774	290.629149	0.012164	11.8
264	-1.478487	290.151140	0.009713	7.9
265	-1.835808	289.675222	0.016194	12.1
266	-1.728376	289.201380	0.026361	12.9
267	-1.164141	288.729600	0.004729	9.2
268	-0.995227	288.259866	0.017280	13.9
269	-1.140565	287.792165	0.008905	6.9
270	-0.378409	287.326481	0.010453	13.1
271	-1.218468	286.862802	0.008744	11.3
272	-1.440282	286.401113	0.025304	11.5
273	-0.275474	285.941400	0.004721	8.9
274	-1.919221	285.483649	0.029121	12.8
275	-1.229139	285.027847	0.012366	23.9
276	-0.622769	284.573981	0.004629	21.2
277	-1.731813	284.122037	0.024877	23.0
278	-0.862018	283.672002	0.008104	20.7
279	-1.078277	283.223863	0.003252	24.1
280	-1.210634	282.777607	0.017624	21.3
281	-0.697452	282.333221	0.002505	23.5
282	-1.507848	281.890692	0.018162	27.0
283	-1.720124	281.450008	0.022918	20.6
284	-1.505597	281.011157	0.014174	15.0
285	-1.786585	280.574125	0.027189	16.1
286	-0.477070	280.138901	0.015726	22.5
287	-0.191506	279.705473	0.001444	19.6
288	-0.136586	279.273829	0.002142	36.6
289	-0.987954	278.843956	0.020421	33.1
290	-0.915399	278.415844	0.007520	46.1
291	-0.411979	277.989479	0.008274	22.0
292	-1.398006	277.564851	0.015363	37.7
293	-0.445815	277.141949	0.011517	16.0
294	-1.876072	276.720761	0.019895	11.7
295	-1.872185	276.301275	0.010635	9.6
296	-0.471110	275.883480	0.008195	11.6
297	-1.433607	275.467366	0.017148	9.7
298	-0.559650	275.052922	0.013869	10.9
299	-1.996457	274.640136	0.012995	9.8
300	-1.110115	274.228998	0.017154	9.7
301	-1.619063	273.819497	0.016562	9.6
302	-1.607156	273.411623	0.022992	12.8
303	-0.336783	273.005365	0.003763	11.0
304	-0.597453	272.600712	0.002274	12.4
305	-1.608376	272.197655	0.013454	14.2
306	-1.872235	271.796184	0.017186	20.7
307	-1.803109	271.396287	0.012803	15.4
308	-0.422171	270.997956	0.003038	12.3
309	-1.454589	270.601180	0.013733	10.4
310	-1.413553	270.205949	0.007770	9.3
311	-1.815657	269.812254	0.028138	9.2
312	-0.453740	269.420085	0.010059	16.3
313	-0.845476	269.029432	0.004649	13.2
314	-1.406169	268.640287	0.013973	14.6
315	-0.560244	268.252638	0.015027	14.2
316	-1.649478	267.866478	0.019484	8.9
317	-1.621319	267.481796	0.017408	9.9
318	-1.777915	267.098584	0.032462	8.6
319	-1.375429	266.716833	0.019839	11.7
320	-0.624218	266.336533	0.004790	7.0
321	-1.376872	265.957676	0.008591	8.3
322	-0.722886	265.580253	0.006200	9.1
323	-1.649767	265.204254	0.025087	8.7
324	-0.571289	264.829672	0.002732	11.9
325	-0.308682	264.456497	0.005988	8.6
326	-1.287463	264.084721	0.011042	9.2
327	-1.751531	263.714335	0.012805	11.0
328	-1.145298	263.345332	0.004748	12.7
329	-0.346678	262.977702	0.008442	12.2
330	-1.827735	262.611438	0.014774	9.8
331	-1.301264	262.246531	0.026061	9.6
332	-1.801051	261.882973	0.018036	11.5
333	-1.215064	261.520756	0.012023	9.9
334	-0.767995	261.159871	0.006018	12.2
335	-0.423635	260.800312	0.008387	18.2
336	-0.207811	260.442070	0.003953	16.1
337	-0.380769	260.085137	0.008901	17.4
338	-1.062800	259.729505	0.022382	20.4
339	-1.579604	259.375167	0.018337	15.4
340	-0.221511	259.022116	0.003215	25.8
341	-0.888238	258.670343	0.019811	15.3
342	-0.198240	258.319841	0.001526	18.4
343	-1.742855	257.970602	0.011547	19.6
344	-0.367853	257.622620	0.003450	17.4
345	-0.331813	257.275887	0.008711	22.8
346	-1.872348	256.930396	0.006823	15.9
347	-1.529577	256.586139	0.016062	19.0
348	-1.366203	256.243109	0.022458	21.7
349	-2.003315	255.901300	0.004477	11.8
350	-1.114324	255.560703	0.025362	13.0
351	-0.784216	255.221313	0.027526	11.2
352	-0.754384	254.883122	0.006304	9.6
353	-0.232454	254.546124	0.004283	8.6
354	-1.657491	254.210311	0.031411	9.0
355	-0.315968	253.875677	0.002439	10.6
356	-0.562784	253.542215	0.003239	7.6
357	-1.192838	253.209918	0.011063	8.3
358	-0.501061	252.878781	0.012692	8.9
359	-0.812887	252.548795	0.012554	10.2
360	-1.177602	252.219956	0.023286	12.3
361	-1.520625	251.892255	0.014358	11.8
362	-1.062284	251.565688	0.006565	16.4
363	-1.320621	251.240247	0.023420	14.3
364	-0.219888	250.915926	0.002650	15.5
365	-0.570637	250.592720	0.007295	17.8
366	-1.229954	250.270621	0.014492	18.5
367	-1.724412	249.949624	0.010343	16.2
368	-0.931994	249.629723	0.016675	19.5
369	-1.806496	249.310911	0.030756	12.6
370	-1.725944	248.993182	0.023181	11.6
371	-0.409470	248.676531	0.004521	8.8
372	-1.012598	248.360952	0.010528	7.8
373	-1.477704	248.046438	0.022584	10.3
374	-1.876313	247.732984	0.022508	8.0
375	-1.747389	247.420584	0.016613	11.0
376	-1.462487	247.109233	0.015755	8.8
377	-0.685411	246.798924	0.003866	8.2
378	-1.484191	246.489652	0.013734	9.6
379	-0.451353	246.181412	0.003655	15.5
380	-0.393948	245.874197	0.002971	11.2
381	-1.884393	245.568002	0.017009	8.3
382	-1.829075	245.262822	0.038976	10.0
383	-1.779972	244.958652	0.025605	8.1
384	-1.327853	244.655485	0.016154	7.6
385	-0.796136	244.353317	0.007540	8.5
386	-1.628549	244.052142	0.021109	8.1
387	-1.826619	243.751955	0.017749	10.9
388	-1.374595	243.452750	0.007282	8.9
389	-0.728027	243.154523	0.003894	8.0
390	-0.966456	242.857268	0.026798	9.1
391	-0.700776	242.560980	0.011557	8.1
392	-0.825343	242.265654	0.019533	10.7
393	-1.426074	241.971285	0.011839	8.2
394	-1.695612	241.677868	0.027456	8.1
395	-1.684406	241.385397	0.008164	8.4
396	-1.756512	241.093869	0.008412	11.5
397	-1.046850	240.803278	0.009313	8.6
398	-1.922597	240.513619	0.023197	8.2
399	-0.392321	240.224887	0.004405	8.6
400	-1.831100	239.937077	0.015539	10.5
401	-1.495436	239.650186	0.007070	11.5
402	-0.328672	239.364207	0.002704	9.1
403	-0.348443	239.079136	0.002840	10.2
404	-1.998169	238.794969	0.020774	10.4
405	-1.344413	238.511701	0.017016	10.7
406	-0.374229	238.229327	0.011757	14.3
407	-1.291320	237.947843	0.009891	8.5
408	-1.690316	237.667244	0.027946	15.1
409	-1.322411	237.387526	0.009649	13.0
410	-1.182003	237.108684	0.024939	22.9
411	-0.026502	236.830714	0.000599	12.7
412	-2.013021	236.553610	0.010647	10.9
413	-0.638926	236.277370	0.011480	9.0
414	-0.561365	236.001989	0.007687	14.8
415	-1.799096	235.727461	0.023198	16.5
416	-1.128589	235.453784	0.016519	10.5
417	-0.343588	235.180952	0.007283	11.9
418	-1.869901	234.908962	0.034534	9.3
419	-0.293897	234.637809	0.007282	9.8
420	-1.404262	234.367488	0.015813	9.4
421	-0.335557	234.097997	0.007211	13.0
422	-1.711199	233.829331	0.014907	17.8
423	-1.718816	233.561485	0.009232	13.2
424	-1.188771	233.294456	0.017088	15.8
425	-1.765030	233.028239	0.016025	15.1
426	-0.912305	232.762831	0.022648	8.9
427	-0.657587	232.498228	0.006691	13.4
428	-0.422474	232.234425	0.004321	14.2
429	-1.470002	231.971419	0.020071	12.7
430	-1.524512	231.709205	0.017852	13.1
431	-0.477635	231.447781	0.009918	10.8
432	-1.806098	231.187141	0.006706	10.3
433	-1.510589	230.927283	0.009704	9.0
434	-0.958460	230.668202	0.007715	11.9
435	-0.220593	230.409895	0.002140	8.8
436	-1.899342	230.152358	0.020885	8.6
437	-1.872918	229.895587	0.015608	12.5
438	-0.834389	229.639578	0.016459	12.0
439	-0.645241	229.384329	0.011159	10.7
440	-0.474155	229.129834	0.003049	9.0
441	-1.490437	228.876091	0.027538	8.6
442	-0.312421	228.623096	0.001763	8.9
443	-1.834730	228.370846	0.016456	9.3
444	-1.522927	228.119336	0.007625	10.7
445	-1.231790	227.868563	0.012562	10.0
446	-0.244088	227.618525	0.003335	13.4
447	-1.620960	227.369216	0.014980	15.3
448	-1.696340	227.120635	0.006033	29.3
449	-1.725899	226.872777	0.008295	24.7
450	-1.444950	226.625638	0.014922	26.7
451	-0.788466	226.379217	0.010421	11.9
452	-1.899580	226.133509	0.020719	16.2
453	-0.537196	225.888510	0.003081	13.2
454	-1.812810	225.644218	0.018592	12.5
455	-0.701853	225.400630	0.004665	8.2
456	-1.957189	225.157741	0.012469	11.2
457	-1.440301	224.915549	0.006034	19.0
458	-0.651974	224.674051	0.003390	12.3
459	-0.842627	224.433242	0.019107	10.1
460	-1.067491	224.193121	0.015802	11.1
461	-0.131826	223.953684	0.001818	9.1
462	-1.740487	223.714927	0.014480	9.6
463	-0.434039	223.476848	0.012626	9.9
464	-1.049195	223.239444	0.010580	8.6
465	-0.416147	223.002710	0.012234	8.7
466	-1.440726	222.766645	0.016208	8.6
467	-1.211907	222.531245	0.010180	11.3
468	-1.365327	222.296508	0.036532	9.1
469	-1.613415	222.062429	0.008752	8.2
470	-0.716017	221.829007	0.005523	8.2
471	-1.335495	221.596238	0.031429	10.4
472	-1.166553	221.364119	0.011002	8.5
473	-1.730213	221.132647	0.019553	7.9
474	-0.591607	220.901820	0.008322	8.5
475	-0.713891	220.671634	0.005524	8.0
476	-1.595368	220.442086	0.017965	10.0
477	-1.580272	220.213174	0.011825	8.6
478	-1.073011	219.984895	0.008284	6.6
479	-0.750706	219.757246	0.009233	7.9
480	-0.697517	219.530224	0.020526	8.9
481	-1.561552	219.303826	0.006617	10.0
482	-1.909659	219.078050	0.023440	8.1
483	-1.373480	218.852893	0.013841	8.4
484	-0.653874	218.628352	0.013426	8.2
485	-1.820533	218.404424	0.018394	8.3
486	-1.658653	218.181106	0.019107	10.0
487	-1.598628	217.958397	0.004639	8.4
488	-0.648824	217.736292	0.004551	8.1
489	-0.391855	217.514790	0.005973	8.7
490	-0.357409	217.293888	0.007627	9.0
491	-1.123572	217.073584	0.013838	11.1
492	-1.316849	216.853873	0.011079	8.6
493	-1.375360	216.634755	0.013716	9.0
494	-0.654877	216.416227	0.013541	8.1
495	-1.774303	216.198285	0.005370	9.7
496	-0.210391	215.980927	0.000820	8.4
497	-1.177417	215.764151	0.006307	7.8
498	-0.461223	215.547955	0.001713	8.0
499	-1.882916	215.332335	0.009365	8.3
500	-0.299190	215.117289	0.006746	11.2
501	-1.212109	214.902815	0.015741	8.2
502	-1.553737	214.688911	0.016794	8.0
503	-1.483380	214.475573	0.012246	8.4
504	-1.874947	214.262800	0.025765	8.4
505	-0.943482	214.050588	0.016257	11.5
506	-0.228448	213.838936	0.005675	8.3
507	-1.857680	213.627842	0.018861	7.9
508	-1.425075	213.417302	0.030094	7.5
509	-1.383524	213.207314	0.005103	8.2
510	-1.749417	212.997877	0.037438	12.5
511	-1.030128	212.788987	0.020518	11.7
512	-1.617147	212.580642	0.016351	11.6
513	-0.669392	212.372841	0.013588	12.0
514	-0.561278	212.165581	0.003171	11.8
515	-0.774116	211.958859	0.006476	11.1
516	-0.377645	211.752673	0.006028	11.2
517	-1.770066	211.547021	0.022832	10.7
518	-1.202687	211.341902	0.008530	8.2
519	-1.196648	211.137311	0.009103	9.6
520	-0.892148	210.933248	0.011505	7.8
521	-1.827714	210.729710	0.023208	8.9
522	-1.341368	210.526695	0.023774	10.9
523	-0.816295	210.324200	0.011678	8.2
524	-1.458205	210.122224	0.022630	9.2
525	-1.497720	209.920765	0.025576	8.1
526	-0.461518	209.719820	0.003575	10.2
527	-1.670908	209.519387	0.020169	7.5
528	-0.094828	209.319463	0.000600	8.6
529	-0.542857	209.120048	0.005060	8.4
530	-0.383381	208.921139	0.006687	8.9
531	-1.401163	208.722733	0.004019	10.5
532	-1.485233	208.524829	0.005811	8.8
533	-1.397081	208.327425	0.018273	7.9
534	-0.589427	208.130518	0.014944	9.1
535	-0.907192	207.934107	0.006935	9.1
536	-0.539027	207.738189	0.001624	11.4
537	-0.753515	207.542762	0.010144	8.4
538	-0.313738	207.347825	0.006384	9.3
539	-0.521141	207.153376	0.008515	8.0
540	-1.226339	206.959412	0.008919	9.7
541	-1.666909	206.765932	0.034363	7.8
542	-1.447583	206.572933	0.009604	9.2
543	-1.284274	206.380414	0.010402	7.6
544	-0.127153	206.188373	0.000480	8.1
545	-1.132042	205.996807	0.018806	10.1
546	-1.642762	205.805716	0.005146	8.3
547	-0.523889	205.615096	0.003013	12.6
548	-0.648330	205.424946	0.004301	17.2
549	-0.746947	205.235265	0.023371	18.2
550	-1.153083	205.046050	0.009488	8.8
551	-1.507882	204.857299	0.020092	31.2
552	-0.342681	204.669011	0.005482	8.2
553	-1.591870	204.481184	0.023123	8.6
554	-1.469541	204.293816	0.040809	9.5
555	-1.498125	204.106905	0.018951	8.6
556	-1.746994	203.920449	0.031982	10.0
557	-0.745439	203.734447	0.024214	8.0
558	-1.299251	203.548896	0.015867	8.0
559	-0.630984	203.363795	0.006697	7.7
560	-0.741404	203.179143	0.011185	11.0
561	-1.958492	202.994937	0.022223	9.4
562	-1.964554	202.811176	0.009259	14.6
563	-0.957285	202.627857	0.010252	7.9
564	-0.622855	202.444980	0.005828	10.1
565	-1.985018	202.262543	0.017903	8.1
566	-0.181222	202.080543	0.002107	8.5
567	-1.216264	201.898979	0.026511	8.1
568	-1.822575	201.717849	0.014133	9.8
569	-0.751934	201.537153	0.024694	10.9
570	-0.837553	201.356887	0.009161	8.4
571	-0.704390	201.177050	0.009387	8.4
572	-0.664398	200.997642	0.005745	7.9
573	-1.285536	200.818659	0.011671	10.6
574	-1.016446	200.640100	0.010638	8.3
575	-0.549432	200.461965	0.004523	8.1
576	-1.658417	200.284250	0.026978	7.7
577	-0.321067	200.106955	0.002550	8.2
578	-1.130365	199.930078	0.011866	9.2
579	-1.917234	199.753617	0.025130	8.0
580	-1.655508	199.577571	0.016006	7.2
581	-1.078381	199.401938	0.009894	8.4
582	-1.677741	199.226717	0.021140	6.6
583	-1.600410	199.051905	0.011453	10.9
584	-0.947623	198.877502	0.010036	8.5
585	-0.537339	198.703506	0.002626	7.8
586	-1.445869	198.529916	0.006119	8.6
587	-1.288498	198.356729	0.028605	7.9
588	-0.668573	198.183944	0.007263	10.1
589	-1.074037	198.011560	0.010436	8.4
590	-1.900360	197.839576	0.012300	9.8
591	-1.317219	197.667989	0.014083	8.9
592	-1.498031	197.496798	0.013783	10.9
593	-0.986537	197.326002	0.006327	9.0
594	-1.744515	197.155600	0.022202	9.9
595	-1.281299	196.985589	0.012497	8.9
596	-0.109366	196.815969	0.000935	9.4
597	-1.997116	196.646738	0.007348	9.1
598	-0.787648	196.477894	0.023832	8.7
599	-1.064914	196.309436	0.007008	6.4
600	-1.772795	196.141363	0.025129	9.0
601	-1.625778	195.973673	0.006874	9.5
602	-1.579574	195.806365	0.020662	9.1
603	-0.455884	195.639437	0.007267	8.5
604	-1.785851	195.472888	0.017738	8.3
605	-1.653473	195.306717	0.019531	10.0
606	-1.667279	195.140922	0.024728	9.0
607	-1.011194	194.975501	0.009756	8.3
608	-1.669826	194.810454	0.027770	7.9
609	-1.264554	194.645779	0.016430	8.2
610	-0.419240	194.481475	0.008768	10.5
611	-1.488397	194.317540	0.017034	8.3
612	-1.214935	194.153973	0.005978	8.0
613	-0.880448	193.990773	0.005838	12.0
614	-0.276243	193.827938	0.004282	13.3
615	-0.317107	193.665467	0.009674	14.0
616	-1.974428	193.503358	0.014277	13.2
617	-1.337893	193.341611	0.009429	14.6
618	-1.518084	193.180224	0.006983	11.4
619	-1.088686	193.019196	0.008445	7.9
620	-0.243932	192.858525	0.004825	7.8
621	-0.243678	192.698210	0.004216	13.9
622	-0.991306	192.538251	0.010639	9.7
623	-1.827377	192.378644	0.040632	7.5
624	-0.450161	192.219391	0.003241	8.8
625	-0.918507	192.060488	0.016482	13.5
626	-1.882155	191.901935	0.027878	7.8
627	-1.136258	191.743730	0.004672	8.2
628	-1.599312	191.585873	0.018816	8.8
629	-1.759702	191.428362	0.012829	9.3
630	-1.861238	191.271196	0.012444	7.4
631	-1.757892	191.114374	0.012660	7.5
632	-1.503712	190.957893	0.011292	9.5
633	-1.180874	190.801755	0.013615	9.9
634	-1.536973	190.645956	0.033789	8.4
635	-0.791366	190.490495	0.016731	8.1
636	-0.737766	190.335373	0.008794	8.0
637	-1.152467	190.180587	0.027904	10.6
638	-0.220117	190.026136	0.003300	7.8
639	-1.648683	189.872019	0.013888	9.3
640	-1.664514	189.718235	0.011652	8.4
641	-1.563144	189.564782	0.004774	9.1
642	-0.271773	189.411661	0.001983	9.9
643	-1.391280	189.258868	0.017963	9.1
644	-1.676267	189.106404	0.015395	8.3
645	-1.984794	188.954267	0.017930	8.0
646	-0.603533	188.802456	0.002856	9.3
647	-0.339192	188.650969	0.004574	8.3
648	-1.680517	188.499807	0.016754	8.7
649	-0.300981	188.348967	0.001892	8.3
650	-0.962401	188.198448	0.022252	10.1
651	-1.128495	188.048250	0.020752	8.7
652	-1.868875	187.898371	0.015807	7.9
653	-1.672181	187.748810	0.018192	8.3
654	-0.321131	187.599566	0.003270	8.3
655	-1.819005	187.450638	0.017079	10.0
656	-0.781909	187.302025	0.003227	11.1
657	-0.555758	187.153725	0.005143	8.2
658	-1.519038	187.005739	0.006182	9.3
659	-0.764323	186.858064	0.002324	8.5
660	-0.888766	186.710699	0.021012	8.9
661	-1.190125	186.563645	0.013538	9.2
662	-0.957225	186.416898	0.019270	10.1
663	-1.319749	186.270459	0.012303	8.6
664	-0.823515	186.124326	0.020330	9.8
665	-1.476339	185.978499	0.007158	8.3
666	-1.086596	185.832976	0.020875	8.5
667	-0.802510	185.687756	0.018121	8.8
668	-2.025533	185.542838	0.014180	9.8
669	-1.793972	185.398222	0.009201	8.9
670	-1.801300	185.253906	0.013512	9.0
671	-1.371345	185.109889	0.010838	8.2
672	-1.647871	184.966170	0.033744	11.6
673	-1.152217	184.822748	0.006630	9.7
674	-0.394964	184.679623	0.008947	9.6
675	-0.085423	184.536792	0.000801	8.2
676	-0.224864	184.394256	0.002196	8.3
677	-0.488568	184.252013	0.012653	11.7
678	-1.577201	184.110062	0.026767	8.3
679	-1.403796	183.968403	0.007093	8.7
680	-0.265186	183.827034	0.002811	7.9
681	-1.752599	183.685954	0.012272	11.0
682	-1.991245	183.545163	0.017566	8.1
683	-1.014309	183.404658	0.005691	8.7
684	-1.097076	183.264441	0.018575	8.7
685	-1.755830	183.124509	0.030257	8.7
686	-1.611823	182.984861	0.005850	11.2
687	-1.181716	182.845497	0.025444	8.5
688	-0.325135	182.706416	0.005546	8.5
689	-1.268546	182.567616	0.014264	8.1
690	-1.597806	182.429098	0.031306	11.0
691	-0.742340	182.290859	0.004469	7.8
692	-1.555466	182.152899	0.021950	9.2
693	-0.250985	182.015217	0.003928	8.4
694	-1.139379	181.877813	0.022485	9.5
695	-1.477278	181.740684	0.016526	11.6
696	-1.720482	181.603832	0.008406	8.7
697	-1.676927	181.467253	0.022294	8.5
698	-1.716982	181.330948	0.027849	8.6
699	-1.781691	181.194916	0.007312	10.5
700	-0.883885	181.059155	0.005100	7.7
701	-0.523762	180.923666	0.005446	8.9
702	-1.758488	180.788446	0.008153	8.7
703	-1.393391	180.653496	0.015195	9.8
704	-1.767655	180.518814	0.017456	11.2
705	-1.910741	180.384399	0.021438	8.2
706	-1.744903	180.250251	0.007111	8.4
707	-1.852155	180.116369	0.008010	8.4
708	-1.447438	179.982752	0.021969	10.1
709	-1.601427	179.849398	0.024728	7.7
710	-1.623684	179.716308	0.035544	9.5
711	-0.395627	179.583480	0.007609	7.7
712	-0.510420	179.450913	0.005820	8.3
713	-1.536501	179.318607	0.006142	9.9
714	-0.152063	179.186561	0.001705	8.9
715	-0.950355	179.054774	0.009213	8.4
716	-1.420005	178.923245	0.023688	9.1
717	-1.324527	178.791973	0.024292	11.1
718	-1.738316	178.660958	0.018693	8.6
719	-1.917727	178.530199	0.023162	8.8
720	-1.107959	178.399694	0.004861	7.8
721	-0.322149	178.269444	0.007778	9.0
722	-1.068465	178.139447	0.008414	10.2
723	-1.682024	178.009702	0.014203	9.2
724	-1.903494	177.880209	0.016599	9.3
725	-1.464378	177.750967	0.010096	8.4
726	-1.577490	177.621975	0.009198	11.0
727	-0.839755	177.493232	0.007941	7.6
728	-1.352583	177.364738	0.011925	9.0
729	-1.224366	177.236492	0.013688	8.2
730	-1.582887	177.108492	0.008319	8.7
731	-1.913130	176.980739	0.012699	10.8
732	-0.717338	176.853231	0.009708	8.6
733	-1.608073	176.725968	0.009561	8.2
734	-1.858916	176.598949	0.016766	8.6
735	-1.187767	176.472173	0.012305	8.6
736	-0.717399	176.345639	0.003568	13.1
737	-0.561525	176.219348	0.005220	9.5
738	-1.903451	176.093296	0.019946	8.1
739	-1.956166	175.967486	0.017609	9.5
740	-1.872556	175.841914	0.005560	10.2
741	-0.527643	175.716581	0.005606	9.1
742	-1.614094	175.591486	0.017745	8.7
743	-1.996727	175.466629	0.004626	8.0
744	-1.576269	175.342008	0.019394	10.7
745	-1.003147	175.217622	0.008507	7.3
746	-1.463237	175.093472	0.020580	8.9
747	-1.801934	174.969556	0.017329	8.0
748	-0.556852	174.845873	0.009375	7.8
749	-1.240631	174.722423	0.016435	10.6
750	-1.340823	174.599206	0.012684	8.7
751	-0.799808	174.476220	0.007004	7.9
752	-1.153769	174.353464	0.035167	7.9
753	-1.576500	174.230939	0.029110	7.7
754	-0.159223	174.108643	0.001102	10.8
755	-1.112386	173.986576	0.004137	8.3
756	-0.782297	173.864737	0.002836	8.2
757	-0.262819	173.743124	0.007449	8.7
758	-0.480316	173.621739	0.004664	9.7
759	-0.888035	173.500579	0.009044	11.2
760	-1.689137	173.379645	0.009284	8.0
761	-1.756522	173.258935	0.017461	8.2
762	-0.243700	173.138449	0.003004	8.4
763	-1.739889	173.018186	0.013583	16.9
764	-1.522129	172.898146	0.002745	11.4
765	-1.475389	172.778327	0.020128	12.2
766	-1.828626	172.658730	0.010995	8.2
767	-1.808196	172.539353	0.013171	10.8
768	-0.193167	172.420196	0.000909	7.3
769	-0.516270	172.301258	0.008659	8.2
770	-0.500723	172.182539	0.011314	8.6
771	-1.853431	172.064037	0.027426	7.6
772	-1.811401	171.945753	0.014913	10.2
773	-0.784386	171.827686	0.013557	8.2
774	-0.980030	171.709834	0.004610	7.6
775	-1.551925	171.592198	0.015138	8.1
776	-1.390370	171.474776	0.017000	8.7
777	-0.311162	171.357568	0.003455	10.0
778	-1.560279	171.240574	0.008948	7.9
779	-0.931895	171.123793	0.009538	8.1
780	-0.357624	171.007223	0.003794	8.1
781	-1.478356	170.890865	0.006509	8.4
782	-1.477865	170.774718	0.009986	10.0
783	-1.859697	170.658782	0.023709	8.5
784	-0.227853	170.543055	0.001157	9.5
785	-1.922703	170.427537	0.017790	8.5
786	-1.935516	170.312227	0.019501	7.7
787	-1.473149	170.197125	0.010236	11.4
788	-1.308557	170.082231	0.005531	8.5
789	-1.864200	169.967543	0.022100	8.2
790	-1.763444	169.853061	0.013852	7.9
791	-0.516302	169.738784	0.004808	10.3
792	-1.312698	169.624713	0.020913	7.8
793	-1.561377	169.510845	0.016580	8.4
794	-0.991438	169.397181	0.010016	8.1
795	-1.584531	169.283720	0.025841	8.0
796	-1.894962	169.170462	0.018367	10.3
797	-1.280436	169.057405	0.021988	7.8
798	-1.140498	168.944549	0.016834	8.4
799	-0.799276	168.831895	0.005675	7.0
800	-1.915553	168.719440	0.025362	8.7
801	-0.449895	168.607185	0.003433	10.7
802	-1.776356	168.495129	0.014669	8.1
803	-0.487146	168.383271	0.014786	8.0
804	-0.358304	168.271611	0.003747	7.8
805	-1.641404	168.160148	0.044798	8.2
806	-1.499542	168.048882	0.025404	10.0
807	-0.248622	167.937812	0.003209	8.1
808	-1.620188	167.826938	0.020632	7.7
809	-1.848793	167.716258	0.012363	8.8
810	-0.267973	167.605773	0.003042	8.1
811	-1.688528	167.495482	0.018669	10.6
812	-1.962794	167.385384	0.018395	8.5
813	-0.161188	167.275479	0.001012	8.8
814	-0.626372	167.165766	0.004004	8.0
815	-1.830844	167.056245	0.016138	9.8
816	-1.073592	166.946915	0.023727	10.6
817	-1.736557	166.837776	0.016201	6.7
818	-0.404124	166.728826	0.007176	8.0
819	-1.313726	166.620067	0.005700	7.4
820	-0.900908	166.511496	0.003752	8.5
821	-1.671231	166.403113	0.008648	8.8
822	-0.495536	166.294919	0.002557	8.4
823	-0.369949	166.186912	0.006782	7.8
824	-0.323274	166.079091	0.005942	7.5
825	-1.704315	165.971458	0.015045	10.5
826	-1.949720	165.864009	0.020752	8.6
827	-1.440413	165.756747	0.012228	8.3
828	-1.461994	165.649669	0.014771	7.6
829	-1.832290	165.542775	0.033891	8.0
830	-1.622392	165.436065	0.013162	10.3
831	-1.739157	165.329538	0.015509	8.1
832	-0.357850	165.223194	0.002779	8.4
833	-0.275740	165.117032	0.003559	7.8
834	-0.688026	165.011052	0.011874	7.7
835	-0.665181	164.905253	0.009343	9.9
836	-1.760015	164.799635	0.012738	9.2
837	-0.580320	164.694197	0.014166	7.7
838	-1.581258	164.588939	0.011169	11.5
839	-1.443020	164.483859	0.024809	22.5
840	-1.335513	164.378959	0.008556	26.0
841	-1.824070	164.274237	0.019148	20.3
842	-0.282581	164.169692	0.003910	15.8
843	-1.665247	164.065325	0.018358	7.6
844	-1.764695	163.961135	0.020657	9.3
845	-1.673270	163.857120	0.029514	9.6
846	-0.586034	163.753282	0.002828	8.2
847	-1.881912	163.649619	0.014065	7.8
848	-1.780874	163.546130	0.007234	8.2
849	-0.809450	163.442816	0.007140	8.1
850	-0.197658	163.339676	0.002586	8.0
851	-1.000388	163.236709	0.008027	6.3
852	-0.817697	163.133915	0.004781	7.9
853	-0.253295	163.031294	0.001416	8.4
854	-1.862470	162.928844	0.014659	13.2
855	-0.237148	162.826566	0.001500	9.5
856	-1.766249	162.724459	0.020686	8.8
857	-1.462109	162.622523	0.019008	8.3
858	-0.727735	162.520757	0.006857	7.4
859	-1.296681	162.419160	0.018160	10.4
860	-1.850803	162.317733	0.017648	7.7
861	-0.496916	162.216474	0.010486	8.9
862	-1.718969	162.115383	0.019586	7.3
863	-1.299902	162.014461	0.004266	8.0
864	-1.827456	161.913705	0.011602	10.6
865	-1.660603	161.813117	0.011100	8.0
866	-0.256017	161.712695	0.005466	8.4
867	-0.791194	161.612439	0.004200	8.5
868	-0.378190	161.512349	0.002315	8.5
869	-1.773891	161.412424	0.013634	11.9
870	-1.610006	161.312663	0.011969	9.0
871	-1.091243	161.213067	0.011025	10.6
872	-0.781001	161.113635	0.006709	7.7
873	-0.344357	161.014366	0.005418	12.0
874	-0.367554	160.915260	0.007801	7.8
875	-0.374021	160.816316	0.007872	8.4
876	-0.624900	160.717535	0.012837	8.2
877	-0.982183	160.618915	0.003070	10.2
878	-0.677378	160.520456	0.008177	8.5
879	-0.188209	160.422158	0.001350	7.5
880	-1.908843	160.324021	0.023990	8.5
881	-1.680591	160.226043	0.016588	7.9
882	-0.468357	160.128225	0.013958	10.2
883	-1.262235	160.030566	0.009434	7.8
884	-1.369630	159.933066	0.005234	9.1
885	-1.783719	159.835723	0.030668	7.6
886	-2.021438	159.738539	0.011892	8.2
887	-1.521683	159.641512	0.012069	9.6
888	-0.580574	159.544642	0.003282	6.8
889	-1.765978	159.447929	0.029058	7.6
890	-0.414063	159.351372	0.006369	8.6
891	-1.700898	159.254971	0.008999	8.6
892	-1.699903	159.158725	0.014353	10.0
893	-1.212653	159.062634	0.008382	8.7
894	-1.150411	158.966697	0.008254	7.8
895	-1.497183	158.870915	0.007301	8.1
896	-0.386588	158.775286	0.008716	7.9
897	-1.761533	158.679811	0.019359	10.6
898	-0.551884	158.584489	0.008211	7.8
899	-1.447138	158.489319	0.013183	8.1
900	-1.525430	158.394302	0.006399	7.7
901	-0.247637	158.299436	0.001405	12.0
902	-0.246580	158.204721	0.002584	9.1
903	-1.986975	158.110158	0.016732	9.4
904	-0.269538	158.015745	0.002197	9.5
905	-1.288162	157.921482	0.009812	12.5
906	-1.068293	157.827369	0.005214	13.1
907	-0.620273	157.733406	0.003320	7.8
908	-1.023738	157.639591	0.010332	8.9
909	-1.186828	157.545925	0.023560	12.0
910	-1.251729	157.452408	0.014022	8.6
911	-1.532937	157.359038	0.022046	9.0
912	-1.329028	157.265816	0.010656	8.0
913	-1.151014	157.172741	0.018745	7.9
914	-0.991279	157.079813	0.008364	11.9
915	-0.338862	156.987031	0.003580	7.8
916	-1.716185	156.894395	0.010864	8.6
917	-1.818785	156.801904	0.012665	8.3
918	-1.428290	156.709559	0.040812	10.3
919	-1.789395	156.617359	0.023367	8.0
920	-1.750714	156.525304	0.025481	8.8
921	-0.455866	156.433392	0.010595	7.6
922	-0.336588	156.341624	0.008082	8.9
923	-0.123950	156.250000	0.001724	8.8
924	-1.863443	156.158519	0.023529	8.4
925	-0.428562	156.067180	0.003117	7.7
926	-0.529586	155.975984	0.003531	8.8
927	-1.676202	155.884930	0.010884	8.1
928	-1.553958	155.794017	0.009591	10.0
929	-1.595656	155.703246	0.017506	8.2
930	-1.551428	155.612615	0.025438	7.5
931	-1.006129	155.522125	0.009038	8.4
932	-1.401514	155.431775	0.009550	8.7
933	-0.272744	155.341565	0.002725	10.3
934	-0.847896	155.251495	0.011150	8.6
935	-0.564905	155.161563	0.023033	8.2
936	-1.419071	155.071771	0.026207	7.9
937	-0.930358	154.982117	0.013797	8.8
938	-1.159317	154.892601	0.019967	11.4
939	-0.748216	154.803222	0.025823	8.4
940	-0.270493	154.713981	0.001595	8.2
941	-1.876066	154.624878	0.015192	7.4
942	-1.651584	154.535910	0.016872	10.6
943	-0.674760	154.447080	0.002456	8.5
944	-0.615391	154.358385	0.009857	9.0
945	-0.574150	154.269826	0.016514	8.0
946	-0.801776	154.181402	0.005143	7.7
947	-0.390147	154.093114	0.003632	13.1
948	-1.455630	154.004960	0.022161	10.2
949	-0.226272	153.916940	0.001840	9.1
950	-1.988505	153.829054	0.014587	8.0
951	-1.357504	153.741303	0.013280	8.9
952	-0.627250	153.653684	0.006520	9.3
953	-0.426507	153.566198	0.008593	9.7
954	-1.809109	153.478846	0.007414	10.5
955	-1.594882	153.391625	0.012390	8.8
956	-1.542840	153.304537	0.019647	9.7
957	-0.590953	153.217580	0.009147	8.2
958	-1.820533	153.130755	0.026174	8.1
959	-0.746998	153.044061	0.005817	7.8
960	-0.417452	152.957498	0.008019	11.1
961	-1.529289	152.871065	0.016964	8.4
962	-1.558472	152.784762	0.006511	7.6
963	-0.927095	152.698589	0.006066	8.3
964	-0.341293	152.612545	0.005641	7.6
965	-1.330074	152.526631	0.015299	10.1
966	-1.922376	152.440845	0.005273	8.2
967	-0.474434	152.355188	0.006235	8.8
968	-1.066933	152.269660	0.012801	8.1
969	-1.988182	152.184259	0.006255	7.8
970	-0.590501	152.098986	0.016894	9.8
971	-1.905230	152.013840	0.013917	8.0
972	-1.855361	151.928821	0.020787	8.5
973	-0.237774	151.843928	0.002700	8.5
974	-0.205103	151.759163	0.001316	8.6
975	-1.839429	151.674523	0.027597	9.6
976	-1.791224	151.590009	0.015810	8.0
977	-1.151694	151.505620	0.007177	8.0
978	-0.124225	151.421357	0.000848	8.0
979	-1.217121	151.337218	0.004351	9.0
980	-0.345265	151.253204	0.003160	8.2
981	-0.577414	151.169314	0.019699	8.4
982	-0.932881	151.085549	0.013072	11.0
983	-0.481398	151.001907	0.005057	8.6
984	-1.728362	150.918388	0.010865	10.9
985	-1.463199	150.834992	0.004837	8.4
986	-0.194089	150.751719	0.001813	7.6
987	-0.301272	150.668569	0.008874	7.8
988	-1.943327	150.585541	0.009817	11.5
989	-0.937825	150.502634	0.012993	10.1
990	-1.417049	150.419849	0.015921	8.8
991	-1.719858	150.337186	0.014736	9.1
992	-1.833106	150.254644	0.014244	9.4
993	-1.861252	150.172222	0.012416	12.5
994	-1.783479	150.089921	0.011276	9.9
995	-0.513777	150.007740	0.013348	8.3
996	-0.414631	149.925679	0.006660	10.1
997	-0.280603	149.843737	0.001870	7.8
998	-1.536831	149.761915	0.010288	7.9
999	-0.744609	149.680212	0.003909	8.3
1000	-1.374865	149.598627	0.014667	7.8
1001	-0.757917	149.517161	0.012549	10.7
1002	-1.778317	149.435814	0.009445	8.7
1003	-1.658457	149.354584	0.012862	7.8
1004	-1.673017	149.273472	0.017438	8.4
1005	-1.267709	149.192477	0.009503	8.2
1006	-1.869957	149.111599	0.005203	11.4
1007	-1.715851	149.030838	0.009107	8.6
1008	-0.280690	148.950194	0.002387	8.5
1009	-0.591098	148.869666	0.010967	8.6
1010	-1.671580	148.789253	0.007206	10.4
1011	-1.460194	148.708957	0.015148	8.2
1012	-1.260574	148.628776	0.019586	8.1
1013	-1.870814	148.548710	0.017448	8.2
1014	-1.705803	148.468759	0.015781	7.6
1015	-1.649071	148.388923	0.031531	10.4
1016	-0.925129	148.309201	0.015871	8.7
1017	-1.317588	148.229594	0.011495	7.7
1018	-1.124115	148.150100	0.004023	7.6
1019	-1.285275	148.070719	0.021479	8.7
1020	-1.099309	147.991452	0.012273	10.8
1021	-1.650854	147.912298	0.024893	7.7
1022	-0.403969	147.833257	0.005412	8.0
1023	-0.713037	147.754329	0.005460	7.8
1024	-0.677984	147.675512	0.020719	8.2
1025	-0.533253	147.596808	0.006361	11.2
1026	-0.371520	147.518216	0.009012	7.9
1027	-0.583276	147.439735	0.011521	7.6
1028	-1.801183	147.361365	0.008334	8.4
1029	-1.937970	147.283106	0.009954	7.8
1030	-0.940010	147.204958	0.008815	10.5
1031	-0.971937	147.126920	0.011982	8.7
1032	-1.168436	147.048993	0.031507	8.4
1033	-0.323249	146.971175	0.004252	8.1
1034	-1.536748	146.893468	0.008618	9.0
1035	-0.350828	146.815869	0.008308	10.2
1036	-1.068253	146.738380	0.012444	8.2
1037	-1.479682	146.661000	0.009580	7.8
1038	-1.755253	146.583729	0.017651	7.7
1039	-0.759890	146.506566	0.019522	10.8
1040	-0.835394	146.429511	0.021072	11.8
1041	-0.722088	146.352565	0.010179	8.9
1042	-0.195359	146.275726	0.001232	8.6
1043	-1.482413	146.198994	0.013489	10.0
1044	-1.338364	146.122370	0.010232	7.0
1045	-0.748400	146.045853	0.014459	9.5
1046	-0.320383	145.969442	0.005887	10.3
1047	-1.097804	145.893139	0.019387	10.5
1048	-1.903060	145.816941	0.005512	8.6
1049	-0.924762	145.740849	0.011413	7.6
1050	-0.953076	145.664863	0.004651	9.2
1051	-1.797318	145.588983	0.006683	8.3
1052	-0.449834	145.513208	0.008980	11.0
1053	-1.663224	145.437538	0.003665	8.2
1054	-1.859354	145.361973	0.018508	7.6
1055	-1.191912	145.286513	0.007698	8.8
1056	-1.491872	145.211157	0.011435	8.1
1057	-1.210423	145.135905	0.020927	9.8
1058	-1.757521	145.060757	0.014168	7.8
1059	-1.778602	144.985712	0.022608	7.9
1060	-1.843505	144.910771	0.027239	8.2
1061	-1.869023	144.835934	0.014577	8.0
1062	-0.848389	144.761199	0.007717	9.9
1063	-1.327793	144.686567	0.016822	8.6
1064	-0.674452	144.612037	0.015319	8.4
1065	-0.762517	144.537610	0.011465	7.9
1066	-1.558443	144.463285	0.009493	8.4
1067	-1.677483	144.389062	0.019836	11.1
1068	-0.897767	144.314940	0.016115	7.9
1069	-1.924305	144.240920	0.006578	9.4
1070	-1.561759	144.167001	0.011919	8.2
1071	-0.591798	144.093182	0.010154	10.1
1072	-0.360749	144.019465	0.003577	8.4
1073	-1.979883	143.945848	0.004222	8.5
1074	-1.863093	143.872331	0.012229	8.2
1075	-1.226872	143.798914	0.006093	7.8
1076	-1.777771	143.725597	0.018344	10.0
1077	-0.577040	143.652380	0.016529	8.0
1078	-1.357002	143.579262	0.007411	8.5
1079	-0.398470	143.506243	0.011446	7.9
1080	-1.011503	143.433323	0.010200	8.0
1081	-1.966626	143.360502	0.020084	10.8
1082	-1.673054	143.287780	0.011170	7.8
1083	-1.621577	143.215155	0.017418	8.5
1084	-1.738625	143.142629	0.007858	8.0
1085	-1.727991	143.070201	0.007966	8.2
1086	-0.110660	142.997870	0.000584	10.3
1087	-1.086467	142.925637	0.019948	11.7
1088	-1.085922	142.853501	0.005070	8.7
1089	-1.870115	142.781462	0.009158	9.1
1090	-1.098153	142.709519	0.009642	9.8
1091	-1.782741	142.637674	0.014957	8.6
1092	-0.673555	142.565924	0.020864	10.7
1093	-1.560471	142.494271	0.007526	8.9
1094	-1.515610	142.422714	0.014392	11.4
1095	-1.696918	142.351252	0.006707	8.6
1096	-1.767926	142.279886	0.031776	8.6
1097	-0.534791	142.208616	0.002574	8.6
1098	-0.484401	142.137440	0.009981	8.3
1099	-1.724532	142.066360	0.006283	11.3
1100	-1.144944	141.995374	0.008763	8.0
1101	-1.866667	141.924483	0.017811	8.9
1102	-1.542330	141.853685	0.010708	8.1
1103	-1.274556	141.782983	0.015577	10.3
1104	-0.387927	141.712373	0.003143	8.1
1105	-2.046256	141.641858	0.017269	7.8
1106	-1.342669	141.571436	0.007084	7.7
1107	-1.501093	141.501108	0.029053	7.7
1108	-1.737137	141.430872	0.012965	10.3
1109	-1.318499	141.360730	0.010908	8.9
1110	-1.327782	141.290680	0.009928	6.7
1111	-0.407165	141.220722	0.010272	9.2
1112	-0.139500	141.150857	0.000776	8.6
1113	-1.607920	141.081084	0.009369	12.0
1114	-1.293588	141.011403	0.023454	8.0
1115	-1.757778	140.941813	0.016228	8.1
1116	-1.161140	140.872315	0.006886	7.5
1117	-1.223972	140.802909	0.031144	10.4
1118	-1.636076	140.733593	0.019257	8.8
1119	-1.951128	140.664369	0.016865	8.0
1120	-1.901404	140.595235	0.017973	8.8
1121	-1.856906	140.526192	0.024493	7.7
1122	-0.546381	140.457239	0.002892	10.8
1123	-1.838305	140.388376	0.014230	7.6
1124	-1.733994	140.319603	0.009572	8.5
1125	-1.381160	140.250920	0.017116	8.0
1126	-1.072773	140.182326	0.007458	9.5
1127	-0.288795	140.113822	0.006621	8.3
1128	-1.867517	140.045407	0.008975	7.9
1129	-0.655768	139.977081	0.005606	9.0
1130	-1.441821	139.908844	0.016230	8.4
1131	-1.662020	139.840696	0.022954	11.2
1132	-0.549374	139.772635	0.007252	8.6
1133	-1.084656	139.704664	0.008398	8.9
1134	-1.481252	139.636780	0.005884	11.4
1135	-0.159618	139.568984	0.001658	12.0
1136	-1.524187	139.501276	0.015851	8.0
1137	-1.717763	139.433655	0.019106	6.9
1138	-1.471598	139.366122	0.020997	8.3
1139	-1.297317	139.298676	0.015660	10.6
1140	-0.786791	139.231317	0.010016	7.8
1141	-0.648157	139.164045	0.008974	9.4
1142	-0.516417	139.096859	0.005616	9.0
1143	-0.312125	139.029760	0.003295	9.7
1144	-1.301971	138.962747	0.020222	10.8
1145	-0.759600	138.895820	0.016087	7.8
1146	-0.394004	138.828978	0.008455	8.9
1147	-1.883574	138.762223	0.024432	9.1
1148	-1.747125	138.695553	0.019903	10.8
1149	-1.517314	138.628969	0.027902	8.3
1150	-0.810583	138.562469	0.002846	8.2
1151	-0.973799	138.496055	0.008602	7.9
1152	-1.851262	138.429725	0.015470	10.4
1153	-1.808765	138.363481	0.010309	8.8
1154	-1.526562	138.297320	0.022972	8.0
1155	-0.604729	138.231244	0.003393	8.0
1156	-0.267513	138.165252	0.001964	9.7
1157	-1.844390	138.099344	0.010807	10.6
1158	-1.997612	138.033520	0.011043	7.8
1159	-0.613076	137.967779	0.005836	6.1
1160	-1.383342	137.902122	0.015343	8.0
1161	-1.742566	137.836548	0.002562	9.6
1162	-1.025742	137.771057	0.027383	7.8
1163	-1.858652	137.705649	0.007935	8.6
1164	-0.299700	137.640324	0.007384	8.5
1165	-1.940216	137.575081	0.011249	8.3
1166	-1.815796	137.509921	0.014981	10.9
1167	-0.159679	137.444842	0.001185	8.6
1168	-0.193924	137.379846	0.003417	8.0
1169	-1.890510	137.314932	0.006413	8.3
1170	-1.249689	137.250100	0.015156	10.6
1171	-1.465262	137.185349	0.023589	8.2
1172	-1.584111	137.120680	0.042243	8.2
1173	-1.788071	137.056092	0.012131	8.0
1174	-1.197933	136.991585	0.012920	8.4
1175	-1.616407	136.927158	0.015649	10.0
1176	-2.004072	136.862813	0.011884	8.9
1177	-0.528166	136.798548	0.017476	8.3
1178	-1.839460	136.734363	0.009938	8.9
1179	-1.786869	136.670259	0.013875	7.8
1180	-0.294982	136.606235	0.003799	14.2
1181	-0.641045	136.542291	0.003042	8.3
1182	-0.920774	136.478426	0.002424	8.4
1183	-1.748840	136.414641	0.008725	10.2
1184	-1.812145	136.350936	0.007854	8.3
1185	-1.574466	136.287310	0.007712	8.5
1186	-0.889325	136.223763	0.008877	8.8
1187	-0.250402	136.160295	0.003967	8.8
1188	-1.881324	136.096905	0.026807	11.2
1189	-0.712932	136.033594	0.003198	7.9
1190	-0.536378	135.970362	0.004848	7.6
1191	-0.955644	135.907208	0.004997	8.5
1192	-0.435098	135.844133	0.004224	10.1
1193	-1.884804	135.781135	0.012817	8.1
1194	-1.529027	135.718215	0.008720	9.4
1195	-0.318723	135.655373	0.006629	7.7
1196	-1.271881	135.592608	0.008354	8.1
1197	-1.713241	135.529921	0.009183	10.4
1198	-0.406499	135.467311	0.001427	8.3
1199	-0.128936	135.404778	0.000878	8.3
1200	-0.976737	135.342322	0.016688	8.5
1201	-1.677674	135.279942	0.016964	10.4
1202	-0.305784	135.217640	0.006582	7.7
1203	-0.332234	135.155413	0.010396	11.7
1204	-0.953753	135.093263	0.011577	8.4
1205	-0.691138	135.031190	0.010132	10.4
1206	-1.437160	134.969192	0.005355	9.8
1207	-0.517739	134.907270	0.007557	8.0
1208	-1.643547	134.845424	0.016951	9.3
1209	-1.928845	134.783653	0.006297	7.6
1210	-1.581379	134.721958	0.006797	11.1
1211	-0.463089	134.660338	0.008475	7.9
1212	-0.791200	134.598793	0.006690	7.3
1213	-1.434149	134.537323	0.006225	8.3
1214	-1.834241	134.475927	0.013361	10.0
1215	-1.795111	134.414607	0.013262	7.8
1216	-1.623929	134.353361	0.012016	7.7
1217	-1.492647	134.292189	0.004219	8.3
1218	-0.893829	134.231092	0.018397	8.5
1219	-1.674367	134.170068	0.009517	10.6
1220	-1.451229	134.109119	0.010184	7.8
1221	-0.959563	134.048243	0.018267	7.7
1222	-0.727697	133.987441	0.011145	8.2
1223	-1.366195	133.926713	0.011780	8.0
1224	-1.164737	133.866057	0.022317	10.8
1225	-1.698480	133.805475	0.022770	10.3
1226	-1.265382	133.744966	0.009553	8.7
1227	-1.486055	133.684530	0.017527	6.9
1228	-1.549551	133.624167	0.006215	10.1
1229	-0.767882	133.563877	0.007393	11.2
1230	-0.675981	133.503658	0.007838	8.4
1231	-0.688312	133.443513	0.024454	8.1
1232	-0.197680	133.383439	0.001722	8.3
1233	-0.994739	133.323437	0.022448	11.3
1234	-1.391857	133.263508	0.007500	7.6
1235	-1.779151	133.203650	0.031684	7.7
1236	-1.790421	133.143864	0.024642	8.0
1237	-1.871816	133.084149	0.013373	10.9
1238	-1.050014	133.024506	0.010671	9.2
1239	-0.391007	132.964934	0.004123	8.2
1240	-0.901901	132.905433	0.010894	8.9
1241	-1.434259	132.846003	0.002133	7.8
1242	-0.799596	132.786643	0.013325	10.8
1243	-0.342580	132.727355	0.002235	7.6
1244	-1.461249	132.668137	0.027285	8.2
1245	-1.790581	132.608989	0.022026	7.7
1246	-0.439802	132.549912	0.004934	10.6
1247	-1.363256	132.490904	0.005186	7.6
1248	-0.844492	132.431967	0.005061	8.4
1249	-1.937037	132.373100	0.016722	7.9
1250	-1.467184	132.314302	0.029881	7.7
1251	-1.133960	132.255574	0.005572	10.5
1252	-1.887618	132.196916	0.032761	7.7
1253	-1.575889	132.138326	0.017973	8.5
1254	-1.883194	132.079806	0.017355	8.1
1255	-1.405469	132.021355	0.015683	8.9
1256	-1.302924	131.962973	0.022408	11.7
1257	-1.751438	131.904660	0.027294	6.6
1258	-1.920570	131.846415	0.010051	7.6
1259	-1.247543	131.788239	0.014382	7.9
1260	-1.539554	131.730131	0.005389	8.9
1261	-1.148930	131.672092	0.017295	8.4
1262	-0.799187	131.614121	0.003576	7.7
1263	-1.264476	131.556217	0.013661	8.3
1264	-0.862087	131.498382	0.022073	9.3
1265	-0.505861	131.440614	0.011537	10.2
1266	-0.969622	131.382914	0.014814	8.0
1267	-1.675934	131.325282	0.021672	7.5
1268	-1.151418	131.267717	0.018800	9.0
1269	-1.544228	131.210219	0.022023	8.2
1270	-1.081777	131.152788	0.008349	10.6
1271	-0.162190	131.095424	0.001491	8.0
1272	-1.393324	131.038127	0.031895	8.0
1273	-1.349353	130.980897	0.017858	7.7
1274	-1.468405	130.923733	0.015400	11.5
1275	-1.642945	130.866636	0.014162	11.6
1276	-1.112009	130.809605	0.010941	9.5
1277	-1.638672	130.752641	0.015396	9.3
1278	-1.874080	130.695742	0.019204	10.3
1279	-0.297626	130.638910	0.008288	11.3
1280	-1.912903	130.582143	0.016848	10.5
1281	-1.790303	130.525442	0.007405	14.0
1282	-1.829106	130.468807	0.019832	12.6
1283	-1.816229	130.412237	0.007421	12.7
1284	-1.096675	130.355733	0.007561	14.5
1285	-1.838706	130.299294	0.015472	12.5
1286	-0.742611	130.242920	0.007081	12.5
1287	-1.008126	130.186611	0.012616	13.7
1288	-0.842523	130.130366	0.003434	12.8
1289	-1.878707	130.074187	0.022613	13.0
1290	-0.345168	130.018072	0.002118	10.3
1291	-1.033171	129.962022	0.011002	8.3
1292	-1.062221	129.906036	0.010606	7.1
1293	-0.254192	129.850114	0.003729	9.1
1294	-1.191089	129.794257	0.004984	9.8
1295	-0.957272	129.738463	0.015467	7.9
1296	-1.157835	129.682734	0.009340	8.4
1297	-1.867040	129.627068	0.020219	8.0
1298	-0.734192	129.571466	0.005737	10.3
1299	-0.529197	129.515927	0.008933	7.8
1300	-1.722584	129.460452	0.016788	7.8
1301	-0.534562	129.405040	0.009816	9.2
1302	-1.826468	129.349692	0.019478	8.2
1303	-0.722909	129.294406	0.004495	10.8
1304	-0.629568	129.239183	0.004776	8.6
1305	-1.170320	129.184024	0.008982	7.9
1306	-0.381548	129.128927	0.002836	7.8
1307	-1.401350	129.073892	0.005980	12.3
1308	-1.234547	129.018921	0.013482	7.6
1309	-1.925754	128.964011	0.012889	9.8
1310	-0.921011	128.909164	0.025485	8.2
1311	-0.333081	128.854379	0.005386	8.3
1312	-1.476967	128.799656	0.021625	11.8
1313	-0.690141	128.744995	0.007874	9.5
1314	-1.925801	128.690396	0.018407	11.2
1315	-1.736334	128.635858	0.007017	12.6
1316	-1.210630	128.581382	0.017731	8.0
1317	-1.468147	128.526968	0.014479	7.3
1318	-1.690803	128.472615	0.009851	7.3
1319	-1.353212	128.418323	0.009300	9.3
1320	-1.096813	128.364092	0.003194	10.4
1321	-0.033432	128.309922	0.000419	8.5
1322	-1.549618	128.255814	0.025964	8.3
1323	-0.780157	128.201766	0.015181	7.7
1324	-1.871963	128.147778	0.014777	7.9
1325	-1.169439	128.093852	0.010902	10.0
1326	-1.903007	128.039985	0.036177	8.1
1327	-0.920216	127.986180	0.009184	8.7
1328	-1.659860	127.932434	0.008775	8.1
1329	-0.366542	127.878749	0.005347	7.6
1330	-0.421175	127.825123	0.009619	10.3
1331	-0.875013	127.771558	0.007887	8.2
1332	-0.908280	127.718052	0.007143	8.6
1333	-0.480612	127.664606	0.009968	7.9
1334	-1.372075	127.611220	0.010815	8.2
1335	-1.819618	127.557893	0.027021	9.6
1336	-1.940329	127.504625	0.016931	8.8
1337	-1.138249	127.451417	0.019410	7.6
1338	-1.430442	127.398268	0.015598	8.1
1339	-1.763930	127.345178	0.014121	7.7
1340	-0.373674	127.292147	0.003187	10.0
1341	-0.734100	127.239175	0.011240	8.8
1342	-1.717608	127.186261	0.019401	8.5
1343	-0.452612	127.133407	0.013320	8.0
1344	-0.688287	127.080610	0.009723	7.8
1345	-1.257216	127.027872	0.008791	9.9
1346	-1.695665	126.975193	0.021439	8.2
1347	-1.933968	126.922572	0.012789	8.0
1348	-1.503623	126.870008	0.007321	8.1
1349	-0.495931	126.817503	0.005785	8.6
1350	-1.497791	126.765056	0.019160	10.0
1351	-0.245344	126.712667	0.002617	8.7
1352	-1.775656	126.660335	0.008930	7.9
1353	-1.760816	126.608061	0.012126	8.5
1354	-0.993516	126.555844	0.008138	8.6
1355	-0.370384	126.503685	0.005312	11.3
1356	-0.464748	126.451583	0.014236	8.2
1357	-0.196735	126.399538	0.005522	7.5
1358	-1.182470	126.347550	0.010439	8.0
1359	-1.771090	126.295619	0.017800	11.9
1360	-1.899742	126.243745	0.034380	9.2
1361	-0.097810	126.191928	0.000710	8.6
1362	-0.547953	126.140168	0.004135	8.8
1363	-1.047265	126.088464	0.019708	9.3
1364	-0.743328	126.036817	0.006606	8.6
1365	-1.369030	125.985226	0.012163	8.3
1366	-1.714416	125.933691	0.019265	10.7
1367	-1.157396	125.882212	0.009958	9.4
1368	-0.680612	125.830790	0.009105	10.5
1369	-1.767417	125.779423	0.021296	8.2
1370	-1.652304	125.728113	0.018675	9.2
1371	-1.538234	125.676858	0.009680	8.4
1372	-0.204377	125.625659	0.001212	10.0
1373	-1.264707	125.574515	0.010029	8.2
1374	-0.320399	125.523427	0.003704	8.8
1375	-0.410227	125.472394	0.003137	8.6
1376	-1.338041	125.421417	0.013029	7.7
1377	-0.672903	125.370495	0.015428	10.2
1378	-1.602903	125.319628	0.018943	8.0
1379	-0.424392	125.268815	0.004830	7.5
1380	-0.350266	125.218058	0.005041	9.0
1381	-1.449245	125.167356	0.010038	9.2
1382	-1.241151	125.116708	0.021921	8.5
1383	-1.938052	125.066115	0.007646	8.1
1384	-1.315110	125.015576	0.012656	8.0
1385	-1.001890	124.965092	0.010764	8.1
1386	-1.097113	124.914662	0.017567	10.1
1387	-1.619136	124.864287	0.009063	8.8
1388	-1.809079	124.813965	0.010916	8.7
1389	-1.019537	124.763698	0.012489	7.9
1390	-1.636046	124.713485	0.008275	7.7
1391	-1.374812	124.663325	0.010292	10.8
1392	-0.555719	124.613219	0.011419	8.1
1393	-1.864241	124.563167	0.013547	9.3
1394	-1.214682	124.513168	0.007834	8.1
1395	-0.651702	124.463223	0.002990	10.5
1396	-1.652055	124.413332	0.023556	8.3
1397	-0.371682	124.363493	0.006239	7.4
1398	-0.920999	124.313708	0.022238	8.0
1399	-0.312757	124.263976	0.009565	8.4
1400	-0.437478	124.214297	0.002855	10.7
1401	-0.440273	124.164671	0.009130	7.5
1402	-1.712629	124.115097	0.011924	8.6
1403	-1.227254	124.065577	0.010882	8.2
1404	-1.330487	124.016109	0.018595	8.5
1405	-0.935088	123.966693	0.020319	10.5
1406	-1.328900	123.917330	0.012565	8.6
1407	-0.533805	123.868020	0.006397	11.2
1408	-0.925125	123.818762	0.019065	7.8
1409	-1.501217	123.769556	0.038427	9.2
1410	-1.280970	123.720402	0.013151	8.8
1411	-1.288671	123.671300	0.015048	8.1
1412	-1.170434	123.622250	0.014448	8.8
1413	-0.310286	123.573252	0.010251	7.8
1414	-1.394116	123.524305	0.016532	10.6
1415	-0.301292	123.475411	0.004985	7.9
1416	-1.844274	123.426568	0.017395	9.3
1417	-1.829234	123.377776	0.019743	7.9
1418	-1.846162	123.329036	0.013947	8.9
1419	-1.428506	123.280347	0.015804	11.7
1420	-0.557122	123.231709	0.004341	8.2
1421	-1.914319	123.183122	0.015172	8.2
1422	-0.749917	123.134587	0.008220	7.9
1423	-0.615730	123.086102	0.007055	10.7
1424	-0.824475	123.037669	0.008584	8.3
1425	-1.808950	122.989286	0.018377	8.3
1426	-1.940741	122.940954	0.003613	8.2
1427	-1.695374	122.892672	0.003321	8.2
1428	-1.894398	122.844441	0.019705	9.8
1429	-0.528136	122.796261	0.011730	8.5
1430	-1.148257	122.748130	0.013033	8.3
1431	-1.683547	122.700050	0.015528	8.1
1432	-1.762867	122.652021	0.020482	8.6
1433	-0.473412	122.604041	0.006305	11.4
1434	-0.544576	122.556111	0.004025	8.0
1435	-1.897464	122.508232	0.007141	7.5
1436	-1.995161	122.460402	0.016931	8.1
1437	-0.109457	122.412622	0.001249	10.4
1438	-0.829170	122.364891	0.007442	8.5
1439	-0.410032	122.317210	0.009288	7.9
1440	-0.653793	122.269579	0.003195	6.7
1441	-1.650456	122.221997	0.007301	9.4
1442	-1.383719	122.174465	0.006106	10.2
1443	-0.040259	122.126981	0.000642	6.8
1444	-0.474653	122.079547	0.007093	8.7
1445	-1.908387	122.032162	0.014956	7.9
1446	-1.494898	121.984826	0.026989	7.8
1447	-0.544744	121.937539	0.004408	10.1
1448	-0.566360	121.890301	0.006811	8.3
1449	-0.331122	121.843112	0.004045	8.5
1450	-0.848164	121.795971	0.005959	7.8
1451	-0.847926	121.748879	0.004387	8.2
1452	-1.637160	121.701835	0.014868	10.4
1453	-1.403407	121.654840	0.018547	9.1
1454	-1.073513	121.607893	0.010629	11.0
1455	-1.876755	121.560994	0.020907	8.0
1456	-0.420347	121.514144	0.004407	9.4
1457	-1.682511	121.467342	0.028819	8.3
1458	-1.163982	121.420588	0.025704	7.8
1459	-1.515525	121.373882	0.014534	8.1
1460	-0.664961	121.327223	0.017880	8.6
1461	-1.292646	121.280613	0.018800	10.3
1462	-1.055991	121.234050	0.011960	7.6
1463	-1.774005	121.187535	0.011472	8.1
1464	-0.284330	121.141067	0.004196	8.0
1465	-0.358275	121.094647	0.006581	8.0
1466	-0.543566	121.048274	0.002350	10.0
1467	-1.333244	121.001949	0.009533	8.3
1468	-0.922445	120.955671	0.012603	7.6
1469	-1.161003	120.909440	0.013867	8.0
1470	-0.566727	120.863256	0.003817	6.4
1471	-0.391670	120.817119	0.008024	10.9
1472	-0.360538	120.771029	0.006782	7.9
1473	-1.502301	120.724986	0.009728	9.3
1474	-0.793059	120.678990	0.010938	8.1
1475	-1.025548	120.633040	0.006126	8.0
1476	-0.665310	120.587137	0.015304	10.7
1477	-1.569914	120.541281	0.020259	7.9
1478	-1.912031	120.495471	0.023853	8.0
1479	-2.025853	120.449707	0.011114	8.5
1480	-1.729195	120.403990	0.012243	10.7
1481	-1.634553	120.358319	0.003691	8.3
1482	-0.532079	120.312694	0.003410	7.8
1483	-1.823515	120.267115	0.020236	8.8
1484	-0.310633	120.221582	0.001886	8.9
1485	-0.883427	120.176096	0.004392	9.5
1486	-0.889116	120.130655	0.011124	8.3
1487	-1.472809	120.085260	0.011716	7.8
1488	-0.310138	120.039910	0.004877	7.9
1489	-1.187640	119.994606	0.020485	10.8
1490	-0.729649	119.949348	0.011439	7.9
1491	-1.656349	119.904135	0.009452	8.0
1492	-1.106437	119.858968	0.005520	8.8
1493	-1.092596	119.813846	0.009148	8.8
1494	-0.488847	119.768769	0.008305	12.2
1495	-1.697726	119.723738	0.027406	8.4
1496	-1.624321	119.678752	0.022649	8.4
1497	-0.934069	119.633810	0.006573	7.4
1498	-1.532668	119.588914	0.011932	9.9
1499	-1.930303	119.544062	0.012834	8.6
1500	-1.824025	119.499256	0.014338	8.4
1501	-1.419134	119.454494	0.014265	8.3
1502	-0.301747	119.409777	0.004944	8.1
1503	-0.615308	119.365104	0.012179	12.2
1504	-0.407437	119.320476	0.005554	7.5
1505	-0.387899	119.275893	0.003697	8.9
1506	-0.461258	119.231353	0.002365	8.2
1507	-0.651133	119.186859	0.014094	9.8
1508	-1.387808	119.142408	0.006010	8.6
1509	-0.878315	119.098002	0.007508	7.6
1510	-0.710662	119.053639	0.003063	8.0
1511	-0.662957	119.009321	0.013227	9.1
1512	-0.351911	118.965047	0.007176	11.2
1513	-0.500054	118.920816	0.004384	8.6
1514	-0.843369	118.876630	0.006402	8.2
1515	-1.547251	118.832487	0.017768	7.8
1516	-0.707292	118.788388	0.011726	10.3
1517	-0.405969	118.744332	0.013822	8.2
1518	-1.822390	118.700320	0.010926	8.0
1519	-1.407816	118.656352	0.008638	8.0
1520	-1.823338	118.612427	0.007878	7.6
1521	-0.722643	118.568545	0.014741	10.7
1522	-0.513127	118.524706	0.002969	7.7
1523	-1.933253	118.480911	0.023839	8.6
1524	-1.755744	118.437159	0.007348	8.2
1525	-1.846608	118.393450	0.017616	8.0
1526	-1.711217	118.349784	0.022488	10.2
1527	-1.873515	118.306160	0.012007	7.5
1528	-2.050965	118.262580	0.006700	8.6
1529	-1.656580	118.219042	0.020888	8.7
1530	-1.922051	118.175548	0.018027	8.5
1531	-1.567499	118.132095	0.013246	11.3
1532	-1.507198	118.088686	0.016614	9.4
1533	-1.708718	118.045319	0.010211	9.3
1534	-1.957867	118.001994	0.008459	7.5
1535	-1.164618	117.958712	0.005996	9.9
1536	-1.684254	117.915472	0.016644	8.1
1537	-1.765119	117.872274	0.010664	9.1
1538	-1.178401	117.829118	0.009196	6.7
1539	-1.910582	117.786005	0.012179	7.7
1540	-1.066582	117.742933	0.024877	10.0
1541	-1.901701	117.699904	0.016773	8.2
1542	-1.881382	117.656916	0.014787	8.6
1543	-1.842770	117.613971	0.005962	7.9
1544	-1.906216	117.571067	0.017001	7.5
1545	-1.822379	117.528205	0.011688	10.1
1546	-1.400254	117.485384	0.015223	6.8
1547	-0.702631	117.442605	0.013818	7.7
1548	-1.578145	117.399867	0.018695	7.7
1549	-0.491774	117.357171	0.009192	8.8
1550	-0.412312	117.314517	0.009201	13.0
1551	-1.567342	117.271903	0.012329	7.8
1552	-0.529850	117.229331	0.008371	8.6
1553	-0.668703	117.186800	0.003822	7.1
1554	-1.753479	117.144311	0.015562	7.4
1555	-0.495889	117.101862	0.003918	8.0
1556	-1.594605	117.059454	0.015295	9.0
1557	-1.952309	117.017087	0.011382	8.3
1558	-1.043138	116.974762	0.011815	7.9
1559	-0.793233	116.932476	0.005158	8.2
1560	-0.419107	116.890232	0.007886	10.2
1561	-1.807856	116.848028	0.011614	8.9
1562	-1.871875	116.805865	0.014901	7.8
1563	-1.595763	116.763743	0.027089	8.1
1564	-1.865268	116.721661	0.020960	10.1
1565	-1.665281	116.679619	0.017245	8.0
1566	-0.847738	116.637618	0.010133	7.9
1567	-0.770819	116.595657	0.011381	8.6
1568	-1.839105	116.553736	0.012901	8.2
1569	-1.753465	116.511855	0.027375	9.9
1570	-1.563297	116.470015	0.029138	8.0
1571	-1.007596	116.428214	0.017035	7.5
1572	-1.170652	116.386454	0.014895	8.2
1573	-1.516497	116.344733	0.019805	8.1
1574	-1.417863	116.303052	0.014918	10.5
1575	-1.921111	116.261412	0.018132	7.6
1576	-1.070099	116.219810	0.008438	7.9
1577	-1.823196	116.178249	0.013612	8.0
1578	-0.927652	116.136727	0.006367	8.1
1579	-0.802547	116.095245	0.005339	10.8
1580	-1.406086	116.053802	0.013874	7.9
1581	-2.011317	116.012398	0.008809	7.5
1582	-1.510720	115.971034	0.034055	7.8
1583	-1.851226	115.929710	0.021800	7.7
1584	-1.583844	115.888424	0.021431	10.5
1585	-1.758887	115.847178	0.008703	8.3
1586	-1.955184	115.805970	0.006291	7.9
1587	-0.683831	115.764802	0.007025	7.7
1588	-1.155727	115.723673	0.007646	8.6
1589	-0.591908	115.682583	0.008055	10.3
1590	-1.279557	115.641532	0.005506	7.7
1591	-1.246433	115.600519	0.009437	8.0
1592	-1.490175	115.559546	0.015845	7.5
1593	-0.321098	115.518610	0.001324	8.4
1594	-0.802245	115.477714	0.012448	10.2
1595	-1.994072	115.436856	0.012229	8.0
1596	-0.869091	115.396037	0.010605	7.4
1597	-0.457297	115.355256	0.002927	8.0
1598	-1.223162	115.314514	0.006841	9.6
1599	-1.763385	115.273810	0.015072	10.7
1600	-0.770464	115.233144	0.009678	8.3
1601	-0.735365	115.192517	0.004080	9.8
1602	-1.457900	115.151927	0.009068	7.5
1603	-1.067868	115.111376	0.008548	7.7
1604	-1.563182	115.070863	0.034124	10.8
1605	-1.373396	115.030388	0.022307	8.3
1606	-0.328097	114.989951	0.002673	10.2
1607	-0.814269	114.949551	0.006606	9.7
1608	-1.847028	114.909190	0.015666	10.9
1609	-1.371009	114.868866	0.016500	8.1
1610	-2.014567	114.828580	0.011804	8.0
1611	-0.634102	114.788332	0.005571	7.3
1612	-1.748985	114.748121	0.023867	9.7
1613	-1.699385	114.707948	0.016504	8.9
1614	-1.183671	114.667812	0.016018	8.1
1615	-0.987759	114.627714	0.005178	7.6
1616	-1.657284	114.587653	0.015375	8.4
1617	-0.822160	114.547629	0.014555	11.9
1618	-0.310929	114.507643	0.003024	8.4
1619	-1.480146	114.467693	0.055632	8.3
1620	-0.158562	114.427781	0.001053	8.1
1621	-0.292311	114.387907	0.001393	10.3
1622	-1.941531	114.348069	0.006193	8.3
1623	-0.454081	114.308268	0.008293	7.6
1624	-1.184865	114.268504	0.007485	7.7
1625	-0.952835	114.228777	0.005597	8.3
1626	-0.462061	114.189086	0.016930	10.6
1627	-1.446616	114.149433	0.023895	7.9
1628	-1.407034	114.109816	0.011025	6.4
1629	-1.392034	114.070235	0.007933	7.9
1630	-1.704524	114.030692	0.019443	8.1
1631	-0.815296	113.991185	0.008999	10.3
1632	-1.336801	113.951714	0.009698	7.4
1633	-0.421810	113.912280	0.009255	8.5
1634	-1.951111	113.872882	0.023236	8.2
1635	-1.248751	113.833521	0.006995	8.1
1636	-0.948161	113.794195	0.007021	9.3
1637	-1.933770	113.754906	0.015254	7.4
1638	-1.477830	113.715653	0.009259	8.6
1639	-0.899894	113.676437	0.014533	7.6
1640	-1.782655	113.637256	0.017480	8.4
1641	-1.243593	113.598111	0.036335	10.5
1642	-1.708973	113.559002	0.026359	7.7
1643	-1.230835	113.519929	0.007076	8.5
1644	-0.289206	113.480892	0.004409	8.3
1645	-0.485435	113.441891	0.017331	8.5
1646	-0.357914	113.402925	0.005643	11.9
1647	-1.489506	113.363995	0.014459	9.6
1648	-0.410598	113.325101	0.004908	9.6
1649	-1.936785	113.286242	0.015194	8.3
1650	-1.851882	113.247419	0.013939	10.9
1651	-1.638587	113.208631	0.017785	7.6
1652	-0.712406	113.169879	0.009742	9.6
1653	-0.602929	113.131162	0.008530	10.2
1654	-1.885028	113.092480	0.012753	10.7
1655	-0.558422	113.053833	0.008926	8.2
1656	-1.904691	113.015222	0.024795	8.3
1657	-0.341874	112.976646	0.007593	7.8
1658	-1.062842	112.938105	0.004984	8.9
1659	-1.646486	112.899599	0.022664	8.7
1660	-1.885240	112.861128	0.008051	8.1
1661	-0.974735	112.822692	0.005110	8.4
1662	-1.286403	112.784291	0.003166	7.7
1663	-0.371834	112.745924	0.002064	9.7
1664	-1.888103	112.707593	0.022284	7.9
1665	-1.811253	112.669296	0.019021	8.0
1666	-1.695993	112.631034	0.008411	8.4
1667	-1.843342	112.592806	0.016594	7.7
1668	-0.793908	112.554613	0.025759	10.1
1669	-1.824980	112.516455	0.015413	7.5
1670	-1.908212	112.478331	0.007635	7.6
1671	-0.309814	112.440241	0.003139	8.1
1672	-1.256052	112.402186	0.017087	8.4
1673	-1.509161	112.364165	0.023891	10.4
1674	-0.472977	112.326179	0.003631	8.0
1675	-1.810613	112.288227	0.015217	7.9
1676	-1.945668	112.250309	0.020040	8.4
1677	-1.283492	112.212425	0.009369	7.5
1678	-2.009772	112.174575	0.011494	10.7
1679	-1.812730	112.136759	0.018899	7.5
1680	-1.285181	112.098977	0.021578	8.2
1681	-1.102407	112.061229	0.009316	8.3
1682	-0.695124	112.023515	0.009996	8.0
1683	-1.346638	111.985834	0.013623	10.1
1684	-1.150769	111.948188	0.004685	7.8
1685	-0.394350	111.910575	0.005492	8.2
1686	-1.672859	111.872996	0.004119	8.5
1687	-1.810739	111.835450	0.010618	8.2
1688	-1.482589	111.797939	0.004131	9.7
1689	-1.934636	111.760460	0.010033	8.1
1690	-0.492867	111.723015	0.003436	8.6
1691	-1.695294	111.685604	0.017576	8.2
1692	-1.671294	111.648226	0.029428	8.0
1693	-0.756741	111.610881	0.006239	13.1
1694	-0.291488	111.573570	0.004137	8.1
1695	-1.362464	111.536292	0.003144	9.7
1696	-1.507221	111.499047	0.015668	8.1
1697	-1.516095	111.461835	0.029613	8.2
1698	-1.604251	111.424656	0.035507	10.3
1699	-1.887816	111.387510	0.012636	8.5
1700	-1.662311	111.350398	0.008170	10.2
1701	-1.430402	111.313318	0.005455	10.5
1702	-1.588467	111.276271	0.022154	9.8
1703	-0.350375	111.239257	0.001937	8.0
1704	-1.589620	111.202276	0.023369	8.7
1705	-1.593158	111.165328	0.017294	7.7
1706	-1.963311	111.128412	0.016491	11.0
1707	-1.855065	111.091529	0.013393	8.3
1708	-1.009570	111.054679	0.011892	8.7
1709	-1.683487	111.017861	0.017153	8.0
1710	-0.622257	110.981076	0.011513	8.6
1711	-2.035244	110.944323	0.019422	11.1
1712	-1.494253	110.907603	0.028874	7.5
1713	-0.492840	110.870915	0.002536	8.6
1714	-0.299704	110.834259	0.003793	8.2
1715	-1.865625	110.797636	0.013229	9.9
1716	-0.502107	110.761045	0.003073	7.5
1717	-1.841109	110.724486	0.019101	8.0
1718	-1.931538	110.687959	0.020558	7.9
1719	-1.278870	110.651465	0.007819	8.0
1720	-1.466332	110.615002	0.013023	10.2
1721	-0.348047	110.578572	0.005374	8.1
1722	-2.018212	110.542173	0.012681	8.3
1723	-0.979307	110.505807	0.005391	8.3
1724	-1.598239	110.469472	0.018674	8.4
1725	-0.851087	110.433169	0.003316	10.4
1726	-1.604477	110.396898	0.021288	8.2
1727	-0.237115	110.360659	0.005497	7.7
1728	-1.625746	110.324451	0.020003	8.8
1729	-1.851224	110.288276	0.013758	9.2
1730	-0.908682	110.252131	0.004099	8.3
1731	-0.397706	110.216019	0.011317	8.7
1732	-0.355784	110.179937	0.007827	8.2
1733	-1.366310	110.143888	0.015007	7.4
1734	-0.845431	110.107869	0.017268	10.1
1735	-0.592352	110.071882	0.010532	8.2
1736	-1.775672	110.035927	0.012853	8.1
1737	-1.818231	110.000003	0.017231	8.0
1738	-0.841950	109.964110	0.005875	7.0
1739	-1.865252	109.928248	0.031523	10.6
1740	-1.987504	109.892417	0.012616	11.0
1741	-1.172256	109.856618	0.009523	8.3
1742	-2.005607	109.820850	0.013599	9.5
1743	-0.850551	109.785112	0.008598	9.2
1744	-1.901091	109.749406	0.008874	8.6
1745	-1.751391	109.713730	0.012089	7.7
1746	-1.628164	109.678086	0.033808	8.8
1747	-1.243131	109.642472	0.007729	10.5
1748	-1.703508	109.606890	0.012302	10.3
1749	-1.796589	109.571337	0.018578	10.5
1750	-0.651279	109.535816	0.021087	9.4
1751	-1.171040	109.500326	0.007088	9.4
1752	-0.673906	109.464866	0.006725	9.7
1753	-0.794819	109.429436	0.003022	7.9
1754	-0.468365	109.394038	0.002336	7.7
1755	-0.376198	109.358669	0.005241	8.4
1756	-1.393999	109.323331	0.005663	10.1
1757	-0.649812	109.288024	0.009228	11.7
1758	-1.788598	109.252747	0.013466	8.3
1759	-1.298027	109.217501	0.010105	9.0
1760	-0.441223	109.182284	0.013462	9.3
1761	-2.027280	109.147098	0.010658	8.0
1762	-1.970033	109.111942	0.009763	8.2
1763	-1.686452	109.076817	0.016734	8.2
1764	-0.395981	109.041721	0.007748	7.7
1765	-1.891000	109.006656	0.021238	10.0
1766	-1.762804	108.971620	0.021388	8.8
1767	-0.340982	108.936615	0.003022	8.2
1768	-0.661412	108.901640	0.013010	7.5
1769	-1.881103	108.866694	0.013706	8.1
1770	-2.009061	108.831779	0.024670	9.7
1771	-0.327364	108.796893	0.005166	8.0
1772	-0.366016	108.762037	0.006940	7.6
1773	-1.434807	108.727211	0.007831	8.2
1774	-0.798627	108.692415	0.006610	8.7
1775	-0.431213	108.657648	0.001791	9.3
1776	-1.042545	108.622911	0.004502	8.0
1777	-1.925485	108.588203	0.011736	8.7
1778	-0.592480	108.553525	0.007836	8.7
1779	-1.504893	108.518877	0.012269	7.8
1780	-1.170904	108.484258	0.012483	11.9
1781	-0.955529	108.449668	0.011415	8.7
1782	-0.706154	108.415108	0.011515	8.7
1783	-0.748971	108.380578	0.026559	8.1
1784	-1.917711	108.346076	0.012686	9.9
1785	-1.863609	108.311604	0.011497	7.6
1786	-0.755009	108.277161	0.008233	8.8
1787	-0.984152	108.242747	0.013725	10.2
1788	-1.449470	108.208363	0.007265	11.1
1789	-0.866778	108.174007	0.022367	9.1
1790	-1.283677	108.139681	0.007240	8.6
1791	-1.692099	108.105383	0.009678	8.0
1792	-0.616969	108.071115	0.009507	7.8
1793	-1.633153	108.036875	0.008296	9.9
1794	-0.911416	108.002665	0.004156	7.9
1795	-0.376637	107.968483	0.005534	8.1
1796	-1.471614	107.934330	0.005436	8.3
1797	-0.965922	107.900206	0.005252	7.5
1798	-1.474937	107.866111	0.005440	10.1
1799	-0.536467	107.832044	0.006975	8.4
1800	-1.510430	107.798007	0.005636	8.2
1801	-1.613121	107.763997	0.038532	8.0
1802	-0.376622	107.730017	0.007588	7.5
1803	-1.038989	107.696065	0.011895	10.1
1804	-1.746320	107.662141	0.010288	8.0
1805	-1.958873	107.628246	0.010856	8.5
1806	-0.673320	107.594379	0.010680	7.8
1807	-1.557032	107.560541	0.021162	8.3
1808	-1.700001	107.526731	0.025653	9.8
1809	-1.364905	107.492949	0.013535	8.2
1810	-1.376954	107.459196	0.015551	8.5
1811	-0.896617	107.425471	0.010452	8.5
1812	-1.206659	107.391774	0.007638	7.8
1813	-1.751178	107.358106	0.020533	10.4
1814	-1.964184	107.324465	0.008749	8.4
1815	-1.573284	107.290853	0.008215	7.9
1816	-0.937981	107.257268	0.005144	8.3
1817	-0.528320	107.223712	0.004195	10.2
1818	-0.366234	107.190184	0.007676	8.2
1819	-1.321160	107.156683	0.006917	8.5
1820	-0.869211	107.123211	0.004902	8.3
1821	-1.504694	107.089766	0.009388	8.6
1822	-0.464878	107.056349	0.005586	11.2
1823	-1.286866	107.022960	0.009272	8.3
1824	-1.725865	106.989599	0.014476	7.8
1825	-2.025699	106.956265	0.007172	7.8
1826	-1.456694	106.922960	0.016609	10.8
1827	-1.891802	106.889681	0.018970	8.2
1828	-1.625260	106.856431	0.005862	8.3
1829	-1.875948	106.823208	0.018126	8.0
1830	-1.781884	106.790012	0.014822	8.9
1831	-1.851280	106.756844	0.012462	10.3
1832	-1.801903	106.723703	0.015536	8.0
1833	-1.672069	106.690590	0.009216	8.0
1834	-1.009389	106.657505	0.011926	9.0
1835	-1.154148	106.624446	0.010653	11.1
1836	-1.791436	106.591415	0.017218	7.5
1837	-1.405421	106.558411	0.008765	9.8
1838	-0.408334	106.525435	0.001706	7.6
1839	-1.135261	106.492485	0.029206	8.7
1840	-1.672619	106.459563	0.019318	10.9
1841	-0.748184	106.426668	0.005541	8.3
1842	-0.244386	106.393800	0.004886	8.0
1843	-1.151371	106.360959	0.015015	8.6
1844	-1.835552	106.328145	0.011590	10.7
1845	-0.603996	106.295358	0.005169	7.6
1846	-1.729805	106.262598	0.008391	8.2
1847	-1.715723	106.229865	0.004605	8.4
1848	-0.214645	106.197158	0.003129	8.1
1849	-0.507832	106.164479	0.006305	9.4
1850	-1.235845	106.131826	0.012453	8.0
1851	-1.866629	106.099201	0.006422	8.1
1852	-1.026677	106.066602	0.008096	9.0
1853	-1.906556	106.034029	0.014764	8.3
1854	-1.641756	106.001483	0.011153	11.1
1855	-0.825379	105.968964	0.003691	7.5
1856	-0.887670	105.936472	0.012890	7.6
1857	-1.829351	105.904006	0.018942	8.5
1858	-1.549733	105.871566	0.015596	10.8
1859	-0.339972	105.839153	0.009656	8.1
1860	-0.332389	105.806767	0.004261	7.8
1861	-0.357618	105.774407	0.004839	7.8
1862	-1.560738	105.742073	0.009107	8.1
1863	-1.704702	105.709766	0.027948	10.7
1864	-0.883900	105.677485	0.019402	8.5
1865	-1.756174	105.645230	0.009437	8.2
1866	-1.758222	105.613001	0.027137	7.7
1867	-1.325664	105.580799	0.013798	7.8
1868	-2.012506	105.548623	0.016353	10.4
1869	-0.448411	105.516473	0.002357	8.0
1870	-0.595889	105.484349	0.014708	8.7
1871	-0.782238	105.452251	0.005979	9.3
1872	-1.628955	105.420179	0.003879	8.6
1873	-1.667373	105.388133	0.021982	11.0
1874	-0.803712	105.356113	0.013809	7.8
1875	-0.448745	105.324119	0.009682	8.3
1876	-1.255704	105.292151	0.016541	7.1
1877	-1.847269	105.260209	0.014686	9.3
1878	-0.901371	105.228293	0.011674	7.9
1879	-0.794844	105.196402	0.005235	8.2
1880	-0.848073	105.164537	0.007935	8.1
1881	-1.895302	105.132698	0.019029	9.0
1882	-1.885157	105.100885	0.013778	14.2
1883	-0.381423	105.069097	0.007578	8.2
1884	-1.359045	105.037335	0.010894	8.8
1885	-1.371733	105.005598	0.007377	8.8
1886	-1.498920	104.973887	0.012278	8.5
1887	-1.768450	104.942202	0.014436	10.5
1888	-1.561147	104.910542	0.017396	7.5
1889	-1.786468	104.878907	0.016280	8.0
1890	-0.822494	104.847298	0.010164	8.0
1891	-1.875583	104.815715	0.006106	9.9
1892	-1.714897	104.784156	0.027712	7.6
1893	-1.114456	104.752623	0.009881	9.9
1894	-1.367797	104.721116	0.008731	7.7
1895	-1.258324	104.689633	0.007057	8.2
1896	-1.488491	104.658176	0.006830	10.2
1897	-1.807571	104.626744	0.032230	8.1
1898	-1.241281	104.595337	0.006942	7.4
1899	-1.798295	104.563955	0.003972	8.6
1900	-1.909569	104.532599	0.007380	10.6
1901	-1.867313	104.501267	0.007581	7.4
1902	-1.749180	104.469960	0.010108	8.3
1903	-0.539003	104.438679	0.010362	7.8
1904	-1.228787	104.407422	0.012663	9.1
1905	-1.523344	104.376191	0.011790	10.0
1906	-1.601962	104.344984	0.014759	8.4
1907	-1.650545	104.313802	0.011142	8.1
1908	-0.331188	104.282645	0.006286	7.9
1909	-1.771973	104.251513	0.024720	8.4
1910	-0.824106	104.220405	0.023844	10.1
1911	-0.378892	104.189323	0.005890	8.4
1912	-1.317693	104.158265	0.008924	7.9
1913	-1.156614	104.127231	0.013929	8.4
1914	-0.842380	104.096222	0.020593	8.1
1915	-1.487448	104.065238	0.011780	10.4
1916	-0.709221	104.034279	0.012510	8.8
1917	-1.448836	104.003344	0.013597	8.6
1918	-1.757401	103.972433	0.015831	8.5
1919	-1.767307	103.941547	0.012479	8.1
1920	-1.865730	103.910686	0.021308	10.9
1921	-1.392772	103.879849	0.004613	7.7
1922	-1.778617	103.849036	0.016882	7.4
1923	-0.948701	103.818248	0.004150	8.6
1924	-0.382638	103.787484	0.006598	10.1
1925	-1.418626	103.756744	0.017740	8.1
1926	-1.888993	103.726029	0.023950	8.1
1927	-1.280112	103.695338	0.019059	8.3
1928	-1.787027	103.664671	0.034593	8.9
1929	-0.731458	103.634028	0.004431	13.5
1930	-1.525281	103.603409	0.013651	10.6
1931	-0.624489	103.572814	0.010964	8.1
1932	-0.305269	103.542244	0.002450	8.7
1933	-1.732133	103.511698	0.027244	9.6
1934	-0.978896	103.481175	0.005292	9.4
1935	-0.312185	103.450677	0.003248	10.1
1936	-0.987771	103.420202	0.005522	10.3
1937	-1.747957	103.389752	0.011327	9.4
1938	-1.972179	103.359325	0.019201	7.8
1939	-1.223787	103.328922	0.011402	8.7
1940	-0.093904	103.298543	0.000750	7.9
1941	-1.517204	103.268188	0.008157	8.7
1942	-1.557041	103.237857	0.008130	7.9
1943	-0.631996	103.207549	0.008319	13.7
1944	-0.447991	103.177265	0.010534	14.3
1945	-1.945226	103.147005	0.013725	11.8
1946	-1.934493	103.116768	0.015237	9.1
1947	-1.890231	103.086556	0.004504	7.9
1948	-1.149229	103.056366	0.021211	8.5
1949	-0.285385	103.026200	0.004518	10.7
1950	-0.344204	102.996058	0.005362	8.2
1951	-1.924830	102.965939	0.016910	7.9
1952	-1.135409	102.935844	0.017239	8.4
1953	-1.997837	102.905772	0.012207	10.8
1954	-1.237427	102.875724	0.005346	8.7
1955	-1.845363	102.845699	0.015176	8.6
1956	-0.901219	102.815697	0.013543	7.8
1957	-1.868131	102.785719	0.018126	8.5
1958	-1.949384	102.755764	0.012640	10.4
1959	-1.981193	102.725832	0.008387	8.7
1960	-0.681359	102.695924	0.007244	8.1
1961	-1.461213	102.666038	0.006034	8.9
1962	-0.879822	102.636176	0.014583	10.4
1963	-0.987845	102.606337	0.010505	7.7
1964	-1.086113	102.576521	0.013164	7.7
1965	-1.949129	102.546728	0.026067	8.4
1966	-1.132526	102.516959	0.012704	8.4
1967	-1.691582	102.487212	0.007543	10.0
1968	-1.835386	102.457488	0.014675	8.7
1969	-1.347819	102.427788	0.005249	7.5
1970	-1.624633	102.398110	0.004672	8.7
1971	-1.912345	102.368455	0.010572	8.0
1972	-0.457658	102.338823	0.002117	9.9
1973	-0.284077	102.309214	0.004190	8.1
1974	-1.993610	102.279628	0.012960	11.6
1975	-1.042824	102.250064	0.006327	12.2
1976	-1.546258	102.220524	0.010911	14.2
1977	-0.242994	102.191006	0.002206	11.8
1978	-1.851227	102.161511	0.005887	14.0
1979	-0.741962	102.132038	0.006872	12.2
1980	-1.655994	102.102588	0.012947	11.9
1981	-1.280944	102.073161	0.015328	8.1
1982	-1.888198	102.043757	0.012286	8.6
1983	-1.888345	102.014375	0.023917	8.6
1984	-0.909100	101.985015	0.008625	8.9
1985	-1.723721	101.955678	0.006649	8.4
1986	-0.301006	101.926364	0.002310	7.7
1987	-1.932691	101.897072	0.014497	7.5
1988	-0.323290	101.867802	0.001903	10.3
1989	-1.661155	101.838555	0.005175	8.1
1990	-0.541585	101.809330	0.009500	8.5
1991	-1.693927	101.780128	0.012659	8.1
1992	-1.898931	101.750948	0.017319	8.1
1993	-1.766257	101.721790	0.014699	10.4
1994	-0.410407	101.692654	0.002172	7.8
1995	-2.062862	101.663541	0.010139	7.6
1996	-1.867943	101.634450	0.023421	8.0
1997	-1.861824	101.605381	0.014650	8.2
1998	-0.717296	101.576335	0.015446	10.4
1999	-0.778471	101.547310	0.006130	7.6
