1:ItNr	2:Metric	3:StepSize	4:||Gradient||	Time[ms]
0	-0.303429	627.201626	0.002919	468.5
1	-1.849272	623.504937	0.010034	11.7
2	-1.430468	619.865785	0.010520	13.4
3	-0.279954	616.282728	0.004860	12.0
4	-1.075615	612.754375	0.009708	8.1
5	-1.715574	609.279381	0.030365	8.3
6	-0.495258	605.856447	0.016652	7.9
7	-0.678519	602.484317	0.009390	9.1
8	-1.581119	599.161779	0.027633	8.0
9	-1.653520	595.887656	0.016654	7.6
10	-0.670142	592.660813	0.007740	8.0
11	-0.190467	589.480151	0.003364	8.2
12	-1.961071	586.344606	0.030010	8.5
13	-1.244333	583.253145	0.034675	8.2
14	-1.214394	580.204771	0.017189	7.5
15	-0.508794	577.198517	0.020865	7.6
16	-1.583051	574.233444	0.041943	8.1
17	-1.668151	571.308645	0.019887	8.1
18	-0.531502	568.423237	0.013202	7.4
19	-1.631348	565.576365	0.036942	8.1
20	-1.737783	562.767201	0.011682	8.0
21	-1.613398	559.994938	0.023414	8.0
22	-1.497204	557.258797	0.022269	7.5
23	-0.233369	554.558018	0.001424	8.1
24	-0.866923	551.891865	0.010405	7.8
25	-1.043061	549.259621	0.006704	8.0
26	-0.581601	546.660592	0.007519	11.4
27	-1.857200	544.094102	0.013598	8.4
28	-0.303044	541.559494	0.003466	8.5
29	-0.884749	539.056129	0.009833	8.3
30	-1.778849	536.583387	0.031363	8.0
31	-1.938709	534.140663	0.021368	7.5
32	-0.878285	531.727370	0.008842	8.7
33	-1.033410	529.342935	0.009869	7.6
34	-0.946657	526.986802	0.011179	8.0
35	-0.461547	524.658430	0.006512	7.3
36	-0.260456	522.357290	0.002320	8.5
37	-0.809251	520.082868	0.012600	8.7
38	-0.551913	517.834665	0.006933	8.6
39	-0.254359	515.612193	0.004349	7.7
40	-0.973369	513.414976	0.018370	7.8
41	-0.970837	511.242551	0.005700	8.5
42	-1.280559	509.094468	0.018281	8.3
43	-1.666323	506.970285	0.010086	7.9
44	-0.533541	504.869574	0.006348	7.9
45	-1.089364	502.791916	0.009642	8.4
46	-1.451235	500.736903	0.021148	8.0
47	-0.171633	498.704137	0.002001	8.2
48	-0.519144	496.693228	0.006087	7.9
49	-1.019351	494.703798	0.021669	7.5
50	-0.502301	492.735476	0.009058	8.1
51	-0.785024	490.787900	0.014892	8.1
52	-0.701263	488.860718	0.008728	7.5
53	-0.221424	486.953585	0.002173	7.4
54	-1.437654	485.066164	0.011970	7.9
55	-1.938517	483.198126	0.008798	7.8
56	-1.679607	481.349149	0.026219	7.8
57	-0.119200	479.518920	0.001445	8.4
58	-0.919408	477.707132	0.008482	8.1
59	-1.299116	475.913485	0.004029	8.0
60	-1.439482	474.137684	0.013224	8.0
61	-1.338525	472.379445	0.010515	7.4
62	-1.077339	470.638485	0.008035	10.5
63	-1.479044	468.914531	0.016202	12.4
64	-1.026543	467.207315	0.009517	13.4
65	-0.034852	465.516573	0.000369	10.6
66	-1.964072	463.842050	0.014174	10.6
67	-0.792276	462.183494	0.015029	7.4
68	-0.691324	460.540658	0.003463	8.1
69	-0.482073	458.913303	0.007427	7.9
70	-0.627474	457.301192	0.003755	7.7
71	-0.319728	455.704096	0.003803	7.4
72	-0.651433	454.121787	0.013048	10.3
73	-1.912346	452.554045	0.016921	9.6
74	-1.763220	451.000653	0.010987	7.7
75	-0.658151	449.461399	0.005587	8.2
76	-1.900282	447.936075	0.008437	7.6
77	-0.534440	446.424477	0.004435	8.0
78	-1.847550	444.926406	0.010417	8.1
79	-1.445524	443.441666	0.011970	8.7
80	-1.095038	441.970065	0.024225	7.6
81	-0.642193	440.511415	0.003438	7.8
82	-1.764347	439.065533	0.026706	7.8
83	-0.577902	437.632238	0.012182	8.3
84	-1.360956	436.211351	0.013892	8.5
85	-1.595492	434.802701	0.031017	11.2
86	-0.398950	433.406117	0.007618	8.6
87	-1.429814	432.021430	0.028601	7.3
88	-1.896149	430.648479	0.027886	8.9
89	-0.823171	429.287101	0.014331	7.8
90	-0.672652	427.937140	0.006073	7.8
91	-1.292663	426.598440	0.017088	7.5
92	-1.385262	425.270849	0.016707	10.3
93	-1.771015	423.954220	0.026893	9.0
94	-1.493495	422.648404	0.009702	8.3
95	-0.601711	421.353259	0.008305	7.5
96	-0.261731	420.068643	0.003247	7.9
97	-1.416106	418.794419	0.006786	7.6
98	-1.234820	417.530451	0.018612	8.3
99	-1.521122	416.276604	0.012893	8.0
100	-1.352902	415.032748	0.005179	7.2
101	-1.056249	413.798754	0.020980	8.2
102	-1.027762	412.574495	0.024557	7.8
103	-1.447539	411.359849	0.012797	9.1
104	-1.111868	410.154691	0.011503	8.3
105	-1.640614	408.958904	0.027109	8.5
106	-0.134529	407.772368	0.003636	8.2
107	-1.688389	406.594968	0.035229	9.6
108	-1.621559	405.426590	0.025906	8.1
109	-1.623413	404.267122	0.022841	8.6
110	-1.186758	403.116456	0.021159	7.4
111	-0.113258	401.974481	0.002955	9.0
112	-1.043608	400.841093	0.003184	8.7
113	-1.455956	399.716187	0.022320	8.6
114	-0.664480	398.599660	0.009553	7.1
115	-0.461036	397.491411	0.004216	7.5
116	-0.473317	396.391342	0.005534	7.9
117	-0.747962	395.299353	0.012083	8.0
118	-0.252021	394.215350	0.002026	7.1
119	-1.152354	393.139238	0.019076	7.8
120	-0.839187	392.070924	0.006297	8.4
121	-1.233513	391.010316	0.011379	8.3
122	-1.750367	389.957325	0.023019	7.9
123	-1.892602	388.911862	0.029521	8.0
124	-1.144029	387.873839	0.009937	12.0
125	-1.741535	386.843173	0.040700	12.3
126	-0.844909	385.819777	0.013314	13.7
127	-0.324267	384.803569	0.005380	8.2
128	-1.504072	383.794468	0.022996	9.2
129	-1.350021	382.792393	0.017976	7.6
130	-1.651508	381.797264	0.014936	8.1
131	-1.689366	380.809005	0.028518	9.2
132	-0.837438	379.827537	0.003692	8.0
133	-1.729062	378.852786	0.009507	8.3
134	-1.231150	377.884678	0.011056	9.6
135	-0.784449	376.923138	0.004807	8.3
136	-1.665994	375.968095	0.011694	8.2
137	-0.909229	375.019479	0.003955	8.1
138	-1.352067	374.077218	0.010939	7.6
139	-1.885814	373.141244	0.010003	7.6
140	-0.650629	372.211489	0.002663	7.6
141	-0.774209	371.287887	0.017585	7.9
142	-1.477184	370.370370	0.024564	7.7
143	-0.467526	369.458876	0.004026	12.1
144	-0.444455	368.553338	0.012946	8.4
145	-0.915207	367.653696	0.004380	8.0
146	-1.874197	366.759885	0.015909	8.5
147	-1.645076	365.871846	0.012466	8.4
148	-0.552015	364.989518	0.003258	8.2
149	-0.124056	364.112841	0.002256	7.5
150	-0.127439	363.241757	0.002679	8.2
151	-1.965122	362.376208	0.018179	7.8
152	-1.244111	361.516137	0.014728	7.9
153	-0.962135	360.661488	0.005252	7.6
154	-1.413122	359.812206	0.021521	8.1
155	-1.048641	358.968236	0.005925	7.8
156	-1.397827	358.129524	0.011275	7.9
157	-0.563413	357.296018	0.008588	7.5
158	-0.676058	356.467665	0.006158	7.9
159	-1.635707	355.644414	0.019687	7.4
160	-1.850525	354.826213	0.028100	8.6
161	-1.650789	354.013012	0.016705	8.0
162	-1.277168	353.204763	0.010414	8.9
163	-0.298829	352.401415	0.002188	7.8
164	-0.996038	351.602922	0.015988	8.0
165	-1.173328	350.809235	0.006223	8.0
166	-1.192609	350.020308	0.009535	8.0
167	-1.625511	349.236095	0.018584	8.3
168	-0.232481	348.456550	0.001375	7.8
169	-1.364188	347.681627	0.010234	7.5
170	-1.808685	346.911283	0.015545	8.3
171	-1.343032	346.145474	0.010124	8.6
172	-0.147645	345.384157	0.001738	8.0
173	-0.546965	344.627288	0.006457	7.4
174	-1.406319	343.874826	0.021869	8.4
175	-0.751086	343.126729	0.014924	8.7
176	-0.226157	342.382957	0.003299	7.9
177	-0.350612	341.643469	0.008891	7.6
178	-0.166283	340.908224	0.004254	7.4
179	-1.780444	340.177184	0.008548	8.2
180	-1.263873	339.450309	0.014011	7.9
181	-1.505155	338.727561	0.020102	7.6
182	-1.090543	338.008902	0.011972	7.5
183	-1.226237	337.294295	0.015268	7.9
184	-1.535914	336.583703	0.015541	10.4
185	-1.925122	335.877089	0.032748	8.5
186	-0.932560	335.174416	0.008344	9.3
187	-0.705225	334.475651	0.019316	11.9
188	-0.962348	333.780756	0.012634	12.8
189	-1.598469	333.089698	0.014156	13.4
190	-1.962901	332.402443	0.026920	8.2
191	-0.913464	331.718955	0.011070	9.7
192	-1.847938	331.039203	0.018969	8.4
193	-0.675977	330.363153	0.005828	7.9
194	-1.379817	329.690771	0.012448	7.5
195	-1.867757	329.022027	0.036808	8.2
196	-1.807851	328.356888	0.022188	9.2
197	-1.542666	327.695322	0.019106	10.6
198	-0.491932	327.037299	0.003181	7.8
199	-0.804450	326.382787	0.013772	7.5
200	-1.397048	325.731758	0.011139	9.0
201	-1.084406	325.084179	0.009791	10.0
202	-0.723020	324.440023	0.006243	9.6
203	-1.261507	323.799258	0.024281	8.2
204	-0.619281	323.161858	0.011243	10.4
205	-1.740250	322.527792	0.013076	7.7
206	-1.575764	321.897034	0.005103	8.2
207	-1.251348	321.269554	0.007889	8.6
208	-0.257862	320.645325	0.002310	8.3
209	-0.143585	320.024320	0.001762	7.7
210	-1.868802	319.406512	0.045062	7.3
211	-1.713071	318.791875	0.008267	8.6
212	-1.553989	318.180381	0.015207	8.3
213	-0.981694	317.572005	0.008831	8.9
214	-0.904870	316.966721	0.006782	7.5
215	-1.690029	316.364504	0.009484	7.6
216	-1.314849	315.765329	0.017189	8.3
217	-0.477328	315.169170	0.002050	8.9
218	-0.241038	314.576003	0.000688	7.4
219	-1.392740	313.985804	0.017699	7.9
220	-1.805331	313.398548	0.025727	8.7
221	-1.675218	312.814213	0.023828	9.0
222	-1.663463	312.232773	0.028275	8.4
223	-1.377312	311.654207	0.007691	8.1
224	-0.453465	311.078491	0.007806	8.0
225	-0.807365	310.505602	0.018237	8.6
226	-0.331206	309.935518	0.002358	7.4
227	-1.208308	309.368217	0.014901	8.1
228	-1.065521	308.803676	0.010607	7.9
229	-1.712981	308.241874	0.012240	9.9
230	-0.620784	307.682789	0.010711	8.3
231	-1.955286	307.126400	0.029984	8.3
232	-1.768884	306.572687	0.037838	7.9
233	-1.573985	306.021627	0.019097	7.5
234	-1.519446	305.473201	0.015428	9.0
235	-1.589949	304.927388	0.010051	8.2
236	-0.416459	304.384168	0.004371	8.3
237	-0.628802	303.843521	0.004312	14.2
238	-0.955099	303.305427	0.007544	17.4
239	-1.270699	302.769867	0.016486	12.0
240	-0.597187	302.236821	0.020061	16.6
241	-0.861457	301.706270	0.004816	13.5
242	-0.747025	301.178196	0.005466	12.4
243	-0.673325	300.652580	0.005866	13.8
244	-1.925401	300.129402	0.015290	13.4
245	-1.831925	299.608645	0.012959	13.9
246	-1.574479	299.090291	0.033731	20.1
247	-2.041838	298.574321	0.021444	15.0
248	-0.651070	298.060718	0.007291	12.4
249	-1.550472	297.549465	0.009174	12.3
250	-1.851781	297.040543	0.017045	7.8
251	-0.552581	296.533936	0.003729	9.4
252	-1.115461	296.029626	0.021762	7.6
253	-0.574835	295.527597	0.013043	8.8
254	-1.223360	295.027832	0.009083	7.4
255	-1.507279	294.530315	0.013988	9.3
256	-1.861451	294.035028	0.015441	8.0
257	-1.071994	293.541956	0.004785	8.9
258	-1.610840	293.051083	0.014599	8.9
259	-1.957098	292.562393	0.009712	8.6
260	-0.080911	292.075870	0.000649	7.5
261	-1.762946	291.591498	0.008215	8.3
262	-1.945701	291.109263	0.030866	8.4
263	-0.981888	290.629149	0.020727	8.1
264	-1.553169	290.151140	0.009904	7.6
265	-1.922482	289.675222	0.015373	10.1
266	-1.776070	289.201380	0.039808	8.1
267	-1.155109	288.729600	0.003811	7.6
268	-0.941707	288.259866	0.012367	8.1
269	-0.956756	287.792165	0.011499	6.8
270	-0.606903	287.326481	0.007409	9.6
271	-1.169395	286.862802	0.019999	8.5
272	-1.302473	286.401113	0.029213	8.3
273	-0.625771	285.941400	0.008514	7.4
274	-1.938323	285.483649	0.034211	8.9
275	-1.019780	285.027847	0.012150	8.2
276	-0.637480	284.573981	0.001948	8.7
277	-1.816500	284.122037	0.022383	8.0
278	-0.780233	283.672002	0.010316	7.5
279	-1.056742	283.223863	0.005696	8.6
280	-1.180121	282.777607	0.023848	8.8
281	-0.674000	282.333221	0.006557	8.5
282	-1.475901	281.890692	0.015845	7.6
283	-1.884206	281.450008	0.018147	7.4
284	-1.476794	281.011157	0.010324	7.7
285	-1.884742	280.574125	0.023846	7.9
286	-0.716957	280.138901	0.017416	7.9
287	-0.191436	279.705473	0.001343	8.4
288	-0.333325	279.273829	0.008425	8.1
289	-1.097142	278.843956	0.009507	8.0
290	-0.941522	278.415844	0.004394	8.0
291	-0.582363	277.989479	0.003338	8.2
292	-1.433079	277.564851	0.016484	8.5
293	-0.662764	277.141949	0.012421	8.8
294	-1.863565	276.720761	0.031586	7.8
295	-1.861157	276.301275	0.012408	7.4
296	-0.652147	275.883480	0.009799	8.1
297	-1.435627	275.467366	0.015885	8.6
298	-0.711452	275.052922	0.012976	8.1
299	-2.011881	274.640136	0.021185	7.8
300	-1.289699	274.228998	0.017367	7.7
301	-1.755258	273.819497	0.020175	8.1
302	-1.698665	273.411623	0.014365	8.0
303	-0.242866	273.005365	0.002069	7.7
304	-0.579799	272.600712	0.004745	7.7
305	-1.754171	272.197655	0.009285	7.7
306	-1.919046	271.796184	0.012864	8.0
307	-1.845417	271.396287	0.009915	7.8
308	-0.334274	270.997956	0.001609	7.7
309	-1.511487	270.601180	0.008366	8.4
310	-1.402211	270.205949	0.005776	7.7
311	-1.929607	269.812254	0.010423	7.5
312	-0.469017	269.420085	0.007822	9.0
313	-0.815758	269.029432	0.007160	8.3
314	-1.425752	268.640287	0.011323	8.0
315	-0.764003	268.252638	0.011723	8.4
316	-1.643908	267.866478	0.017369	8.7
317	-1.809231	267.481796	0.019669	9.2
318	-1.891680	267.098584	0.025114	8.7
319	-1.647650	266.716833	0.012583	8.9
320	-0.542553	266.336533	0.001881	7.5
321	-1.215772	265.957676	0.006942	7.3
322	-0.693464	265.580253	0.005780	9.0
323	-1.663906	265.204254	0.034079	8.5
324	-0.558144	264.829672	0.003921	11.9
325	-0.197232	264.456497	0.004941	10.5
326	-1.282121	264.084721	0.002931	10.0
327	-1.836445	263.714335	0.008874	10.4
328	-1.116665	263.345332	0.009115	9.7
329	-0.303381	262.977702	0.005833	10.8
330	-1.883603	262.611438	0.017506	9.6
331	-1.112859	262.246531	0.008983	11.0
332	-1.923439	261.882973	0.016970	9.3
333	-0.950017	261.520756	0.009399	9.1
334	-0.761260	261.159871	0.006529	10.2
335	-0.299056	260.800312	0.008067	10.4
336	-0.477162	260.442070	0.004701	10.2
337	-0.517085	260.085137	0.004443	9.4
338	-1.279523	259.729505	0.018615	9.4
339	-1.653282	259.375167	0.016074	9.8
340	-0.147855	259.022116	0.002194	9.8
341	-1.043823	258.670343	0.014835	10.4
342	-0.180298	258.319841	0.001215	9.5
343	-1.828751	257.970602	0.018357	8.9
344	-0.298251	257.622620	0.003032	10.2
345	-0.563837	257.275887	0.017300	8.6
346	-1.878061	256.930396	0.018897	8.9
347	-1.598687	256.586139	0.015257	9.1
348	-1.511210	256.243109	0.012975	8.5
349	-1.888206	255.901300	0.030833	9.2
350	-1.244427	255.560703	0.016704	9.2
351	-0.967217	255.221313	0.013181	11.1
352	-0.798231	254.883122	0.003105	9.2
353	-0.130069	254.546124	0.002347	9.0
354	-1.850922	254.210311	0.026253	8.6
355	-0.318972	253.875677	0.001428	8.7
356	-0.481724	253.542215	0.001216	7.8
357	-1.178934	253.209918	0.017710	8.8
358	-0.705996	252.878781	0.013908	7.8
359	-0.846933	252.548795	0.005599	8.3
360	-1.161976	252.219956	0.014433	7.8
361	-1.582876	251.892255	0.013673	8.7
362	-1.004234	251.565688	0.012004	12.2
363	-1.372731	251.240247	0.022341	8.8
364	-0.158293	250.915926	0.002197	11.1
365	-0.470652	250.592720	0.007797	10.5
366	-1.051179	250.270621	0.018483	10.5
367	-1.841735	249.949624	0.004307	15.0
368	-0.759046	249.629723	0.007464	10.3
369	-1.908301	249.310911	0.028557	9.6
370	-1.753552	248.993182	0.021585	10.8
371	-0.708950	248.676531	0.013666	9.2
372	-1.029853	248.360952	0.007666	8.7
373	-1.582560	248.046438	0.038335	12.7
374	-1.824997	247.732984	0.013339	8.3
375	-1.881257	247.420584	0.010151	10.5
376	-1.510670	247.109233	0.007000	11.9
377	-0.686912	246.798924	0.003873	9.3
378	-1.709390	246.489652	0.007461	10.4
379	-0.415555	246.181412	0.003520	9.5
380	-0.628335	245.874197	0.008883	9.9
381	-1.880593	245.568002	0.035937	11.0
382	-1.989287	245.262822	0.014145	9.3
383	-1.874341	244.958652	0.009566	9.8
384	-1.333517	244.655485	0.009999	10.5
385	-0.626437	244.353317	0.005975	10.2
386	-1.602331	244.052142	0.042014	10.5
387	-1.824672	243.751955	0.045125	9.1
388	-1.265658	243.452750	0.010632	12.2
389	-0.720117	243.154523	0.004341	10.7
390	-0.925683	242.857268	0.024680	15.7
391	-0.688101	242.560980	0.007995	15.0
392	-0.993934	242.265654	0.015554	13.0
393	-1.438497	241.971285	0.010631	12.1
394	-1.860283	241.677868	0.014257	11.6
395	-1.716118	241.385397	0.008581	12.7
396	-1.795931	241.093869	0.008744	12.0
397	-1.066742	240.803278	0.005309	12.2
398	-1.975050	240.513619	0.025578	15.9
399	-0.321545	240.224887	0.003969	14.2
400	-1.886113	239.937077	0.009645	12.8
401	-1.485764	239.650186	0.010378	12.8
402	-0.275190	239.364207	0.002409	12.6
403	-0.259056	239.079136	0.002740	7.7
404	-2.003661	238.794969	0.013609	8.0
405	-1.431791	238.511701	0.015959	9.8
406	-0.593191	238.229327	0.005696	7.8
407	-1.212178	237.947843	0.013578	8.4
408	-1.753939	237.667244	0.021296	7.5
409	-1.432560	237.387526	0.010631	7.9
410	-1.298134	237.108684	0.023978	7.8
411	-0.028148	236.830714	0.000399	8.1
412	-2.002475	236.553610	0.016436	7.6
413	-0.580112	236.277370	0.003673	7.7
414	-0.478221	236.001989	0.004594	8.8
415	-1.853796	235.727461	0.024790	8.8
416	-0.936576	235.453784	0.011777	7.6
417	-0.669707	235.180952	0.005098	8.1
418	-1.938810	234.908962	0.024063	8.1
419	-0.412711	234.637809	0.005335	8.1
420	-1.501141	234.367488	0.013811	7.5
421	-0.576174	234.097997	0.008072	8.0
422	-1.712793	233.829331	0.010940	8.2
423	-1.703801	233.561485	0.010220	8.3
424	-1.200894	233.294456	0.017288	7.5
425	-1.894130	233.028239	0.008097	8.4
426	-1.220097	232.762831	0.009577	8.5
427	-0.689132	232.498228	0.004518	8.4
428	-0.667043	232.234425	0.008686	7.9
429	-1.625588	231.971419	0.022842	9.7
430	-1.628255	231.709205	0.008437	8.4
431	-0.438598	231.447781	0.012527	8.2
432	-1.883375	231.187141	0.012864	8.8
433	-1.521119	230.927283	0.008023	8.5
434	-0.996503	230.668202	0.007390	8.0
435	-0.211288	230.409895	0.001653	7.6
436	-1.940444	230.152358	0.015774	8.0
437	-1.865981	229.895587	0.021159	9.0
438	-0.897545	229.639578	0.011249	8.1
439	-0.444627	229.384329	0.005910	7.6
440	-0.371996	229.129834	0.001638	7.7
441	-1.437032	228.876091	0.020724	8.2
442	-0.265521	228.623096	0.001757	7.7
443	-1.925062	228.370846	0.019468	7.4
444	-1.524853	228.119336	0.008844	9.4
445	-1.147417	227.868563	0.009002	8.0
446	-0.252214	227.618525	0.004854	8.0
447	-1.801565	227.369216	0.007610	7.5
448	-1.722122	227.120635	0.009230	8.3
449	-1.628875	226.872777	0.011552	7.7
450	-1.454545	226.625638	0.015740	7.6
451	-0.840133	226.379217	0.006491	7.5
452	-1.920537	226.133509	0.020053	12.4
453	-0.489176	225.888510	0.003047	8.1
454	-1.850079	225.644218	0.009581	9.3
455	-0.704332	225.400630	0.004164	12.0
456	-1.943158	225.157741	0.016403	12.6
457	-1.455712	224.915549	0.003744	13.1
458	-0.652516	224.674051	0.002721	7.5
459	-1.013679	224.433242	0.007894	8.2
460	-0.939607	224.193121	0.013554	9.9
461	-0.136347	223.953684	0.001215	8.9
462	-1.819962	223.714927	0.010216	10.2
463	-0.663605	223.476848	0.005175	9.6
464	-1.021496	223.239444	0.013684	9.1
465	-0.688247	223.002710	0.006721	10.5
466	-1.576313	222.766645	0.005760	9.9
467	-1.240251	222.531245	0.018833	8.1
468	-1.478366	222.296508	0.052472	7.6
469	-1.490121	222.062429	0.007698	7.8
470	-0.725194	221.829007	0.007572	8.0
471	-1.565124	221.596238	0.035145	7.3
472	-1.159874	221.364119	0.010324	7.7
473	-1.731210	221.132647	0.017058	8.5
474	-0.673186	220.901820	0.003856	8.4
475	-0.702807	220.671634	0.006169	7.8
476	-1.714395	220.442086	0.020841	7.4
477	-1.607386	220.213174	0.008206	7.6
478	-0.988332	219.984895	0.007727	8.3
479	-0.892940	219.757246	0.007284	7.7
480	-0.925255	219.530224	0.012846	8.9
481	-1.580718	219.303826	0.010662	8.6
482	-1.958744	219.078050	0.009517	8.0
483	-1.392314	218.852893	0.006314	8.2
484	-0.587052	218.628352	0.008467	8.5
485	-1.891670	218.404424	0.005536	8.2
486	-1.790150	218.181106	0.018408	8.5
487	-1.536487	217.958397	0.013005	9.6
488	-0.603534	217.736292	0.004317	8.1
489	-0.505950	217.514790	0.010930	7.9
490	-0.192977	217.293888	0.003888	7.7
491	-1.255778	217.073584	0.021122	8.0
492	-1.297362	216.853873	0.009942	7.8
493	-1.336523	216.634755	0.013543	8.0
494	-0.711629	216.416227	0.008976	7.6
495	-1.692670	216.198285	0.018627	7.3
496	-0.209438	215.980927	0.000869	7.7
497	-1.192682	215.764151	0.004602	8.8
498	-0.456454	215.547955	0.002458	11.9
499	-1.861410	215.332335	0.010424	7.7
500	-0.464108	215.117289	0.006197	8.5
501	-1.213229	214.902815	0.007589	8.3
502	-1.536608	214.688911	0.012394	7.9
503	-1.340924	214.475573	0.009517	7.4
504	-1.992042	214.262800	0.008439	8.6
505	-1.042131	214.050588	0.012440	8.3
506	-0.465354	213.838936	0.008868	8.3
507	-1.887820	213.627842	0.015595	8.8
508	-1.397250	213.417302	0.026729	9.9
509	-1.364485	213.207314	0.008021	9.9
510	-1.842515	212.997877	0.024197	7.8
511	-1.241541	212.788987	0.008455	10.2
512	-1.646572	212.580642	0.014373	8.1
513	-0.646908	212.372841	0.006271	8.3
514	-0.473471	212.165581	0.002973	7.5
515	-0.767409	211.958859	0.004790	9.3
516	-0.534555	211.752673	0.006787	12.5
517	-1.929905	211.547021	0.010904	12.4
518	-1.237616	211.341902	0.005229	13.0
519	-1.242616	211.137311	0.009307	8.4
520	-0.635738	210.933248	0.006099	11.0
521	-1.868154	210.729710	0.009870	7.8
522	-1.351976	210.526695	0.022347	7.5
523	-0.906725	210.324200	0.013270	8.1
524	-1.479876	210.122224	0.011127	8.3
525	-1.584025	209.920765	0.027103	7.6
526	-0.667124	209.719820	0.008332	7.6
527	-1.749685	209.519387	0.020819	8.1
528	-0.091953	209.319463	0.000980	7.9
529	-0.620694	209.120048	0.011007	8.0
530	-0.427373	208.921139	0.007106	7.4
531	-1.372540	208.722733	0.012589	8.0
532	-1.479745	208.524829	0.010060	8.0
533	-1.500152	208.327425	0.008144	8.2
534	-0.734866	208.130518	0.020266	7.6
535	-0.907540	207.934107	0.007552	7.9
536	-0.528824	207.738189	0.003692	7.8
537	-0.773862	207.542762	0.008171	8.0
538	-0.476948	207.347825	0.004089	7.8
539	-0.368770	207.153376	0.005990	8.0
540	-1.240800	206.959412	0.011472	7.8
541	-1.802547	206.765932	0.015623	7.8
542	-1.439400	206.572933	0.006332	8.3
543	-1.256951	206.380414	0.010680	8.0
544	-0.125695	206.188373	0.000771	8.0
545	-1.312765	205.996807	0.017044	8.7
546	-1.668928	205.805716	0.008858	9.4
547	-0.519737	205.615096	0.002451	8.9
548	-0.860572	205.424946	0.008820	9.1
549	-1.169793	205.235265	0.015833	8.7
550	-1.222209	205.046050	0.008764	9.1
551	-1.600065	204.857299	0.019454	8.1
552	-0.186448	204.669011	0.005533	7.6
553	-1.655392	204.481184	0.013304	8.9
554	-1.658644	204.293816	0.019854	7.9
555	-1.529473	204.106905	0.005233	7.8
556	-1.887139	203.920449	0.021215	7.8
557	-1.080386	203.734447	0.004490	9.0
558	-1.316817	203.548896	0.016280	8.0
559	-0.653869	203.363795	0.003920	7.9
560	-0.621646	203.179143	0.005489	8.0
561	-2.062041	202.994937	0.009664	7.5
562	-2.052793	202.811176	0.011124	7.8
563	-1.076683	202.627857	0.015611	8.2
564	-0.711614	202.444980	0.017078	8.6
565	-1.993687	202.262543	0.022778	7.4
566	-0.122322	202.080543	0.001429	9.7
567	-1.403946	201.898979	0.016553	10.5
568	-1.789413	201.717849	0.019934	7.8
569	-0.983336	201.537153	0.015656	9.2
570	-0.789984	201.356887	0.014451	7.9
571	-0.447953	201.177050	0.007809	8.0
572	-0.579316	200.997642	0.003525	12.1
573	-1.296135	200.818659	0.007534	17.8
574	-0.752114	200.640100	0.010495	11.8
575	-0.512467	200.461965	0.004663	11.9
576	-1.699892	200.284250	0.025029	11.6
577	-0.647800	200.106955	0.008100	13.8
578	-1.018741	199.930078	0.009179	11.7
579	-2.028038	199.753617	0.020972	10.8
580	-1.645548	199.577571	0.005813	10.3
581	-1.005924	199.401938	0.011665	10.6
582	-1.549784	199.226717	0.010779	7.3
583	-1.649442	199.051905	0.016511	17.0
584	-0.942853	198.877502	0.010180	17.5
585	-0.522444	198.703506	0.004215	10.0
586	-1.446845	198.529916	0.011672	10.5
587	-1.508162	198.356729	0.023479	9.2
588	-0.690701	198.183944	0.005392	8.0
589	-1.117724	198.011560	0.002828	10.5
590	-1.881539	197.839576	0.028731	7.9
591	-1.353190	197.667989	0.016172	7.8
592	-1.472898	197.496798	0.012722	8.6
593	-0.897914	197.326002	0.007734	7.5
594	-1.665586	197.155600	0.021446	7.9
595	-1.274615	196.985589	0.012168	8.6
596	-0.110340	196.815969	0.000770	9.1
597	-1.981694	196.646738	0.006409	8.0
598	-1.075421	196.477894	0.021031	7.9
599	-0.914077	196.309436	0.007909	6.8
600	-1.775751	196.141363	0.015881	8.8
601	-1.511292	195.973673	0.002588	6.9
602	-1.465369	195.806365	0.014203	7.7
603	-0.637367	195.639437	0.010591	9.5
604	-1.903396	195.472888	0.028617	8.9
605	-1.676063	195.306717	0.017917	8.3
606	-1.703761	195.140922	0.009588	9.2
607	-0.936802	194.975501	0.010985	9.1
608	-1.873020	194.810454	0.006190	7.7
609	-1.298114	194.645779	0.010858	8.8
610	-0.263442	194.481475	0.005974	7.8
611	-1.457860	194.317540	0.020118	8.5
612	-1.215848	194.153973	0.009944	7.5
613	-0.909527	193.990773	0.002741	8.1
614	-0.174036	193.827938	0.002357	8.0
615	-0.524414	193.665467	0.004410	8.3
616	-1.999102	193.503358	0.013470	7.3
617	-1.369861	193.341611	0.005035	8.0
618	-1.474664	193.180224	0.008053	7.8
619	-1.094240	193.019196	0.006932	8.7
620	-0.159685	192.858525	0.003491	7.7
621	-0.445548	192.698210	0.003899	7.6
622	-1.143213	192.538251	0.005001	7.7
623	-1.854964	192.378644	0.013550	7.8
624	-0.457055	192.219391	0.002132	7.4
625	-0.716001	192.060488	0.007057	9.6
626	-1.768682	191.901935	0.011994	8.8
627	-1.108764	191.743730	0.009169	9.4
628	-1.706679	191.585873	0.034524	8.7
629	-1.780774	191.428362	0.018912	7.7
630	-1.682205	191.271196	0.006082	6.8
631	-1.824779	191.114374	0.030868	8.4
632	-1.740167	190.957893	0.013484	8.1
633	-1.255979	190.801755	0.003985	8.2
634	-1.660845	190.645956	0.014423	7.4
635	-0.626965	190.490495	0.011291	8.0
636	-0.652912	190.335373	0.004963	8.7
637	-1.426776	190.180587	0.003307	7.7
638	-0.145919	190.026136	0.002432	7.7
639	-1.704318	189.872019	0.004674	8.9
640	-1.636456	189.718235	0.018822	7.6
641	-1.729993	189.564782	0.009497	8.6
642	-0.274319	189.411661	0.001320	7.6
643	-1.578045	189.258868	0.024379	7.5
644	-1.733385	189.106404	0.006535	7.9
645	-2.007213	188.954267	0.026081	8.1
646	-0.599602	188.802456	0.003208	7.6
647	-0.251304	188.650969	0.002693	9.2
648	-1.664385	188.499807	0.014922	9.8
649	-0.251282	188.348967	0.001572	8.4
650	-1.011947	188.198448	0.007232	9.1
651	-1.235140	188.048250	0.017240	8.7
652	-1.956466	187.898371	0.014524	8.3
653	-1.586040	187.748810	0.018166	7.8
654	-0.563554	187.599566	0.011187	8.3
655	-1.863689	187.450638	0.016408	8.2
656	-0.887747	187.302025	0.008300	9.1
657	-0.549002	187.153725	0.010812	8.3
658	-1.505704	187.005739	0.011039	14.9
659	-0.906301	186.858064	0.004726	13.1
660	-1.053986	186.710699	0.010488	9.4
661	-1.190923	186.563645	0.015593	15.0
662	-0.843761	186.416898	0.007993	11.7
663	-1.349724	186.270459	0.018506	8.9
664	-0.984162	186.124326	0.015080	11.6
665	-1.478864	185.978499	0.005965	10.5
666	-1.173253	185.832976	0.013811	8.8
667	-0.873665	185.687756	0.011553	11.4
668	-2.040791	185.542838	0.008759	10.7
669	-1.688073	185.398222	0.013806	9.8
670	-1.808014	185.253906	0.013030	11.2
671	-1.326005	185.109889	0.009245	10.0
672	-1.817605	184.966170	0.021391	10.4
673	-1.143945	184.822748	0.005917	11.8
674	-0.265322	184.679623	0.006969	8.0
675	-0.086249	184.536792	0.000820	10.2
676	-0.169488	184.394256	0.001797	9.9
677	-0.739075	184.252013	0.006415	10.8
678	-1.583157	184.110062	0.016543	10.3
679	-1.410129	183.968403	0.010226	9.7
680	-0.173540	183.827034	0.002224	11.4
681	-1.772070	183.685954	0.008295	14.9
682	-1.972254	183.545163	0.020545	15.9
683	-0.988099	183.404658	0.006615	10.0
684	-1.091893	183.264441	0.015308	8.8
685	-1.897657	183.124509	0.013313	10.6
686	-1.609443	182.984861	0.015063	9.6
687	-1.276808	182.845497	0.012971	11.0
688	-0.485098	182.706416	0.004812	9.7
689	-1.015255	182.567616	0.012328	9.8
690	-1.717857	182.429098	0.044241	10.8
691	-0.735925	182.290859	0.006220	9.4
692	-1.526545	182.152899	0.017425	10.6
693	-0.159127	182.015217	0.002624	11.6
694	-0.906714	181.877813	0.013564	9.8
695	-1.654965	181.740684	0.030861	10.6
696	-1.646064	181.603832	0.021386	11.7
697	-1.725059	181.467253	0.011016	10.3
698	-1.764098	181.330948	0.025560	11.5
699	-1.739711	181.194916	0.007996	10.5
700	-0.872780	181.059155	0.005155	9.2
701	-0.438123	180.923666	0.005738	11.0
702	-1.746433	180.788446	0.003449	11.1
703	-1.434960	180.653496	0.015403	9.5
704	-1.742700	180.518814	0.022480	10.6
705	-1.942669	180.384399	0.020727	9.1
706	-1.799325	180.250251	0.006818	11.8
707	-1.902384	180.116369	0.013732	10.8
708	-1.634795	179.982752	0.015248	9.1
709	-1.604419	179.849398	0.023329	11.6
710	-1.817265	179.716308	0.017846	10.4
711	-0.252345	179.583480	0.003904	9.2
712	-0.677305	179.450913	0.011945	13.5
713	-1.514594	179.318607	0.014477	34.4
714	-0.154972	179.186561	0.001086	12.7
715	-1.154655	179.054774	0.008995	9.0
716	-1.561453	178.923245	0.023642	9.4
717	-1.376138	178.791973	0.024625	10.5
718	-1.828771	178.660958	0.007359	10.2
719	-1.938532	178.530199	0.016350	9.8
720	-1.126669	178.399694	0.003400	9.3
721	-0.171467	178.269444	0.003032	8.8
722	-1.103859	178.139447	0.004949	8.2
723	-1.679983	178.009702	0.023458	9.1
724	-1.936003	177.880209	0.012648	9.1
725	-1.525026	177.750967	0.010410	9.0
726	-1.635637	177.621975	0.016258	8.0
727	-0.831279	177.493232	0.005450	8.7
728	-1.242824	177.364738	0.011809	7.8
729	-1.220168	177.236492	0.010919	9.5
730	-1.589414	177.108492	0.009423	8.2
731	-1.873602	176.980739	0.014243	9.3
732	-0.714592	176.853231	0.007229	8.6
733	-1.666188	176.725968	0.015141	8.6
734	-1.997036	176.598949	0.007278	8.4
735	-1.027869	176.472173	0.005189	8.4
736	-0.723560	176.345639	0.001639	9.3
737	-0.752850	176.219348	0.005666	9.1
738	-1.970601	176.093296	0.016528	8.8
739	-1.968855	175.967486	0.009816	7.8
740	-1.849432	175.841914	0.021835	8.4
741	-0.501813	175.716581	0.011048	8.5
742	-1.677845	175.591486	0.018257	9.0
743	-1.978599	175.466629	0.013698	8.0
744	-1.637800	175.342008	0.010510	8.2
745	-0.869449	175.217622	0.005649	7.8
746	-1.728000	175.093472	0.013286	8.8
747	-1.851669	174.969556	0.006480	9.2
748	-0.455920	174.845873	0.009252	8.5
749	-1.209817	174.722423	0.016459	8.0
750	-1.473177	174.599206	0.012483	7.7
751	-0.737246	174.476220	0.007687	8.4
752	-1.332460	174.353464	0.031906	8.1
753	-1.604307	174.230939	0.029329	11.3
754	-0.154303	174.108643	0.001639	8.6
755	-1.044182	173.986576	0.011355	8.1
756	-0.754504	173.864737	0.005135	7.5
757	-0.549692	173.743124	0.005754	8.2
758	-0.542261	173.621739	0.012114	8.4
759	-0.615289	173.500579	0.010119	8.3
760	-1.729226	173.379645	0.010795	7.7
761	-1.598684	173.258935	0.029715	8.3
762	-0.164894	173.138449	0.002274	7.8
763	-1.705146	173.018186	0.022839	9.0
764	-1.371988	172.898146	0.008225	8.9
765	-1.571473	172.778327	0.011461	7.9
766	-1.815125	172.658730	0.014270	9.8
767	-1.884863	172.539353	0.010976	7.8
768	-0.161577	172.420196	0.000850	8.0
769	-0.712518	172.301258	0.008233	8.2
770	-0.770535	172.182539	0.012933	8.3
771	-1.769674	172.064037	0.015793	8.5
772	-1.865753	171.945753	0.024029	9.0
773	-0.889631	171.827686	0.005301	8.7
774	-0.930525	171.709834	0.005038	9.1
775	-1.365810	171.592198	0.022736	8.0
776	-1.430105	171.474776	0.007302	8.8
777	-0.195671	171.357568	0.002995	9.2
778	-1.529254	171.240574	0.013989	9.0
779	-0.965005	171.123793	0.013222	9.0
780	-0.537238	171.007223	0.005418	8.1
781	-1.501149	170.890865	0.004087	8.2
782	-1.540114	170.774718	0.005904	8.8
783	-1.940064	170.658782	0.021963	8.8
784	-0.187489	170.543055	0.000966	8.3
785	-1.932028	170.427537	0.024788	8.2
786	-2.038351	170.312227	0.023744	8.0
787	-1.487783	170.197125	0.020852	10.0
788	-1.331784	170.082231	0.013857	11.1
789	-1.954759	169.967543	0.018059	8.5
790	-1.763879	169.853061	0.026394	30.0
791	-0.660140	169.738784	0.011215	15.6
792	-1.416440	169.624713	0.020191	18.7
793	-1.542620	169.510845	0.018598	13.1
794	-0.689979	169.397181	0.010198	19.0
795	-1.820525	169.283720	0.012699	20.2
796	-1.897996	169.170462	0.019113	19.5
797	-1.184113	169.057405	0.015949	20.3
798	-1.383463	168.944549	0.014975	16.7
799	-0.778604	168.831895	0.007527	14.5
800	-2.019301	168.719440	0.018256	17.8
801	-0.644491	168.607185	0.006926	14.2
802	-1.729097	168.495129	0.023029	17.5
803	-0.656072	168.383271	0.014126	21.4
804	-0.237679	168.271611	0.003433	16.7
805	-1.715511	168.160148	0.010580	17.1
806	-1.308586	168.048882	0.010439	15.5
807	-0.168315	167.937812	0.002461	16.6
808	-1.822633	167.826938	0.011414	16.2
809	-1.920660	167.716258	0.011286	14.9
810	-0.166589	167.605773	0.002366	19.9
811	-1.786066	167.495482	0.020756	15.9
812	-2.055819	167.385384	0.010878	15.0
813	-0.157639	167.275479	0.000696	12.7
814	-0.588962	167.165766	0.003627	13.5
815	-1.850410	167.056245	0.013711	13.3
816	-1.226726	166.946915	0.005260	7.9
817	-1.616016	166.837776	0.015096	8.1
818	-0.307628	166.728826	0.005810	9.2
819	-1.266193	166.620067	0.010865	11.0
820	-0.848304	166.511496	0.003902	10.7
821	-1.656126	166.403113	0.007471	14.6
822	-0.482258	166.294919	0.004226	8.9
823	-0.663138	166.186912	0.007223	9.1
824	-0.162753	166.079091	0.001983	8.9
825	-1.779609	165.971458	0.007128	8.7
826	-1.966850	165.864009	0.023862	8.1
827	-1.365231	165.756747	0.019546	8.0
828	-1.338028	165.649669	0.023181	8.4
829	-1.914830	165.542775	0.020838	9.7
830	-1.717008	165.436065	0.025654	11.7
831	-1.886392	165.329538	0.008490	10.5
832	-0.548825	165.223194	0.005903	8.9
833	-0.187686	165.117032	0.003124	11.2
834	-0.782022	165.011052	0.006032	10.1
835	-0.573677	164.905253	0.011838	9.1
836	-1.784585	164.799635	0.013959	10.3
837	-0.725365	164.694197	0.007873	10.1
838	-1.697447	164.588939	0.011580	10.9
839	-1.628993	164.483859	0.018707	10.5
840	-1.298744	164.378959	0.016283	11.1
841	-1.894689	164.274237	0.012198	10.6
842	-0.183664	164.169692	0.001907	9.8
843	-1.626022	164.065325	0.022050	9.6
844	-1.855363	163.961135	0.014612	11.2
845	-1.659664	163.857120	0.038558	9.6
846	-0.579813	163.753282	0.003337	9.0
847	-1.951342	163.649619	0.010183	9.6
848	-1.912264	163.546130	0.008776	10.2
849	-0.778253	163.442816	0.006120	10.6
850	-0.159009	163.339676	0.001231	7.9
851	-0.844553	163.236709	0.006062	8.6
852	-0.828059	163.133915	0.004237	9.6
853	-0.216724	163.031294	0.001320	8.2
854	-1.874459	162.928844	0.012597	9.1
855	-0.237714	162.826566	0.001569	7.9
856	-1.864621	162.724459	0.006540	9.0
857	-1.519467	162.622523	0.024090	8.4
858	-0.682819	162.520757	0.006684	9.1
859	-1.351726	162.419160	0.019617	8.3
860	-1.819119	162.317733	0.014249	8.2
861	-0.507747	162.216474	0.016142	8.4
862	-1.694928	162.115383	0.019760	8.2
863	-1.232969	162.014461	0.010465	9.2
864	-1.853124	161.913705	0.033369	8.2
865	-1.663358	161.813117	0.019629	7.9
866	-0.481581	161.712695	0.008794	9.2
867	-0.786227	161.612439	0.006354	8.7
868	-0.370959	161.512349	0.002301	8.6
869	-1.795957	161.412424	0.014021	8.2
870	-1.566791	161.312663	0.014045	7.5
871	-1.116926	161.213067	0.006346	8.0
872	-0.667731	161.113635	0.005113	8.3
873	-0.586849	161.014366	0.005624	8.0
874	-0.505664	160.915260	0.015715	7.5
875	-0.617909	160.816316	0.013891	8.0
876	-0.706396	160.717535	0.006826	8.5
877	-0.976931	160.618915	0.002963	8.6
878	-0.521171	160.520456	0.006113	8.2
879	-0.164901	160.422158	0.001229	7.8
880	-1.900266	160.324021	0.012139	8.7
881	-1.679525	160.226043	0.011649	8.2
882	-0.711381	160.128225	0.009964	7.8
883	-1.041930	160.030566	0.007773	8.0
884	-1.340024	159.933066	0.006908	7.6
885	-1.888078	159.835723	0.022562	8.0
886	-1.974920	159.738539	0.012730	8.0
887	-1.500048	159.641512	0.007437	7.9
888	-0.468110	159.544642	0.002418	6.6
889	-1.962142	159.447929	0.021713	8.4
890	-0.316836	159.351372	0.005883	8.0
891	-1.699718	159.254971	0.011719	8.0
892	-1.722581	159.158725	0.014227	7.5
893	-1.127478	159.062634	0.005243	8.7
894	-1.166403	158.966697	0.006542	8.2
895	-1.564130	158.870915	0.008520	7.9
896	-0.565033	158.775286	0.006890	7.4
897	-1.733352	158.679811	0.017060	8.0
898	-0.574705	158.584489	0.006484	8.3
899	-1.510201	158.489319	0.011556	8.2
900	-1.566979	158.394302	0.013866	7.5
901	-0.247137	158.299436	0.001450	8.9
902	-0.165354	158.204721	0.002806	8.8
903	-2.036121	158.110158	0.013776	7.7
904	-0.222047	158.015745	0.001150	7.6
905	-1.179133	157.921482	0.008253	8.5
906	-1.070527	157.827369	0.007281	8.4
907	-0.625083	157.733406	0.002203	8.6
908	-0.948564	157.639591	0.013800	8.7
909	-1.466610	157.545925	0.027329	8.7
910	-1.212338	157.452408	0.018175	8.9
911	-1.564411	157.359038	0.021412	8.4
912	-1.298931	157.265816	0.010066	9.5
913	-1.265479	157.172741	0.009047	15.7
914	-0.985818	157.079813	0.009345	13.5
915	-0.349636	156.987031	0.002145	11.4
916	-1.715296	156.894395	0.007083	13.4
917	-1.793708	156.801904	0.022843	11.9
918	-1.640149	156.709559	0.011497	11.9
919	-1.816948	156.617359	0.018310	12.2
920	-1.886285	156.525304	0.014965	13.8
921	-0.667741	156.433392	0.015088	14.8
922	-0.237684	156.341624	0.005443	10.8
923	-0.107319	156.250000	0.001271	9.9
924	-2.023153	156.158519	0.009227	10.7
925	-0.626703	156.067180	0.008344	8.2
926	-0.534684	155.975984	0.002303	8.2
927	-1.730079	155.884930	0.007530	7.9
928	-1.565423	155.794017	0.008744	7.5
929	-1.643276	155.703246	0.016510	8.2
930	-1.668179	155.612615	0.010227	8.0
931	-1.042648	155.522125	0.006428	8.0
932	-1.417627	155.431775	0.004608	8.0
933	-0.230535	155.341565	0.002352	7.7
934	-0.898301	155.251495	0.014451	8.2
935	-0.838719	155.161563	0.009135	7.8
936	-1.512663	155.071771	0.016688	7.4
937	-0.873187	154.982117	0.010955	8.3
938	-1.065245	154.892601	0.011441	7.7
939	-0.994525	154.803222	0.020895	7.9
940	-0.268434	154.713981	0.001682	7.4
941	-1.792194	154.624878	0.012296	7.7
942	-1.652971	154.535910	0.022567	8.0
943	-0.666919	154.447080	0.004393	8.0
944	-0.664534	154.358385	0.012072	7.4
945	-0.812143	154.269826	0.008328	8.0
946	-0.736917	154.181402	0.006140	8.4
947	-0.504408	154.093114	0.007395	7.9
948	-1.615999	154.004960	0.015033	8.2
949	-0.225974	153.916940	0.001802	8.6
950	-2.073026	153.829054	0.014197	10.1
951	-1.359790	153.741303	0.013341	8.1
952	-0.464352	153.653684	0.005694	8.6
953	-0.293439	153.566198	0.006899	7.5
954	-1.829412	153.478846	0.012024	8.0
955	-1.757010	153.391625	0.013775	8.1
956	-1.572384	153.304537	0.016659	9.4
957	-0.561242	153.217580	0.006390	7.8
958	-1.917270	153.130755	0.026460	7.8
959	-0.765982	153.044061	0.003066	8.5
960	-0.616979	152.957498	0.007143	7.8
961	-1.522841	152.871065	0.018208	8.0
962	-1.467881	152.784762	0.006797	7.5
963	-0.933376	152.698589	0.004114	8.4
964	-0.613149	152.612545	0.014453	8.4
965	-1.558073	152.526631	0.029782	8.3
966	-2.008110	152.440845	0.006023	8.3
967	-0.483461	152.355188	0.006732	7.7
968	-1.194425	152.269660	0.015035	8.5
969	-2.027338	152.184259	0.010515	7.5
970	-0.815330	152.098986	0.028649	7.7
971	-1.961472	152.013840	0.014641	7.6
972	-1.951347	151.928821	0.018075	8.6
973	-0.164009	151.843928	0.002187	8.6
974	-0.204498	151.759163	0.001390	8.2
975	-1.855421	151.674523	0.016026	7.2
976	-1.834683	151.590009	0.009858	11.2
977	-1.123271	151.505620	0.009571	8.2
978	-0.124285	151.421357	0.000692	8.4
979	-1.296033	151.337218	0.006564	8.7
980	-0.286423	151.253204	0.001665	8.0
981	-0.803220	151.169314	0.008508	11.5
982	-1.074406	151.085549	0.014638	11.7
983	-0.562118	151.001907	0.007113	14.4
984	-1.737076	150.918388	0.010962	11.6
985	-1.458639	150.834992	0.005035	11.3
986	-0.178446	150.751719	0.001545	10.6
987	-0.547220	150.668569	0.004111	9.7
988	-1.915016	150.585541	0.027680	9.4
989	-1.073742	150.502634	0.005634	8.0
990	-1.499938	150.419849	0.010529	8.3
991	-1.735220	150.337186	0.011117	7.8
992	-1.861403	150.254644	0.012243	7.5
993	-1.884388	150.172222	0.013909	8.5
994	-1.853052	150.089921	0.023464	8.1
995	-0.688357	150.007740	0.008284	8.2
996	-0.272375	149.925679	0.005681	7.7
997	-0.283549	149.843737	0.001642	9.1
998	-1.628188	149.761915	0.005281	7.6
999	-0.850556	149.680212	0.012311	8.2
1000	-1.169687	149.598627	0.012388	7.5
1001	-0.752684	149.517161	0.007901	8.8
1002	-1.855531	149.435814	0.014630	8.1
1003	-1.584035	149.354584	0.011253	8.2
1004	-1.771433	149.273472	0.010650	7.4
1005	-1.222364	149.192477	0.013315	8.0
1006	-1.848271	149.111599	0.017014	8.5
1007	-1.688418	149.030838	0.011237	8.7
1008	-0.233358	148.950194	0.001851	7.7
1009	-0.727276	148.869666	0.007962	7.6
1010	-1.646669	148.789253	0.009001	7.8
1011	-1.480213	148.708957	0.014552	8.0
1012	-1.405534	148.628776	0.013725	7.6
1013	-1.783281	148.548710	0.019111	8.0
1014	-1.694828	148.468759	0.006052	7.6
1015	-1.715335	148.388923	0.024698	8.5
1016	-1.098621	148.309201	0.017045	7.4
1017	-1.370012	148.229594	0.006050	7.5
1018	-1.039207	148.150100	0.005743	7.7
1019	-1.521786	148.070719	0.022631	8.4
1020	-1.028378	147.991452	0.013316	7.6
1021	-1.895802	147.912298	0.013682	8.6
1022	-0.541800	147.833257	0.006474	8.9
1023	-0.587491	147.754329	0.003898	8.1
1024	-0.665594	147.675512	0.019090	7.6
1025	-0.456700	147.596808	0.007486	7.9
1026	-0.173046	147.518216	0.004117	7.6
1027	-0.785019	147.439735	0.009440	7.6
1028	-1.766356	147.361365	0.021068	8.5
1029	-1.973354	147.283106	0.006566	7.9
1030	-0.889104	147.204958	0.008696	8.4
1031	-0.727138	147.126920	0.012075	8.0
1032	-1.358598	147.048993	0.005755	8.0
1033	-0.235152	146.971175	0.003074	7.8
1034	-1.593069	146.893468	0.007114	10.4
1035	-0.532833	146.815869	0.006866	9.8
1036	-1.072415	146.738380	0.013216	9.1
1037	-1.537074	146.661000	0.007388	8.7
1038	-1.867030	146.583729	0.013776	8.7
1039	-0.892873	146.506566	0.022876	7.8
1040	-0.849215	146.429511	0.015926	8.1
1041	-0.595206	146.352565	0.009095	11.9
1042	-0.195860	146.275726	0.000919	11.8
1043	-1.601023	146.198994	0.012841	13.2
1044	-1.193840	146.122370	0.008804	10.6
1045	-1.063552	146.045853	0.018147	9.5
1046	-0.172100	145.969442	0.003858	8.7
1047	-1.203644	145.893139	0.022325	7.6
1048	-1.845348	145.816941	0.017156	8.4
1049	-0.886024	145.740849	0.011482	8.5
1050	-0.918750	145.664863	0.005612	7.9
1051	-1.906198	145.588983	0.014340	7.8
1052	-0.278532	145.513208	0.006495	7.5
1053	-1.688168	145.437538	0.011967	8.0
1054	-1.963630	145.361973	0.017850	8.3
1055	-1.198089	145.286513	0.005861	8.9
1056	-1.528107	145.211157	0.012064	7.5
1057	-1.282929	145.135905	0.017995	8.4
1058	-1.819232	145.060757	0.015493	8.6
1059	-1.811867	144.985712	0.019956	8.2
1060	-1.833799	144.910771	0.028970	7.5
1061	-1.855900	144.835934	0.028985	8.2
1062	-0.843154	144.761199	0.006863	8.5
1063	-1.387750	144.686567	0.013365	8.4
1064	-0.785054	144.612037	0.014894	7.6
1065	-0.523730	144.537610	0.008435	7.9
1066	-1.555249	144.463285	0.010800	8.2
1067	-1.733306	144.389062	0.019467	8.1
1068	-1.237362	144.314940	0.021038	9.1
1069	-1.877935	144.240920	0.020875	8.3
1070	-1.512956	144.167001	0.018608	7.6
1071	-0.647109	144.093182	0.008331	11.8
1072	-0.613609	144.019465	0.006211	8.6
1073	-1.975258	143.945848	0.007836	8.2
1074	-1.802906	143.872331	0.029806	8.8
1075	-1.237738	143.798914	0.010117	7.4
1076	-1.862462	143.725597	0.010001	9.4
1077	-0.748298	143.652380	0.008433	8.8
1078	-1.349398	143.579262	0.004580	7.9
1079	-0.681774	143.506243	0.010096	8.4
1080	-1.147912	143.433323	0.008792	8.1
1081	-1.941578	143.360502	0.018412	7.5
1082	-1.801065	143.287780	0.014557	8.1
1083	-1.769963	143.215155	0.013030	8.2
1084	-1.745728	143.142629	0.008098	7.9
1085	-1.733074	143.070201	0.014331	9.8
1086	-0.110023	142.997870	0.000564	8.2
1087	-0.973574	142.925637	0.011345	7.6
1088	-1.110611	142.853501	0.007334	8.0
1089	-1.907814	142.781462	0.008567	7.5
1090	-1.100551	142.709519	0.004984	8.2
1091	-1.855600	142.637674	0.008690	8.0
1092	-0.887641	142.565924	0.007006	12.6
1093	-1.592954	142.494271	0.008574	8.2
1094	-1.520676	142.422714	0.012845	8.1
1095	-1.760649	142.351252	0.011177	9.2
1096	-1.789727	142.279886	0.036725	7.6
1097	-0.528734	142.208616	0.002989	9.1
1098	-0.627723	142.137440	0.006256	8.5
1099	-1.803183	142.066360	0.011024	9.3
1100	-1.145101	141.995374	0.004853	8.3
1101	-1.951511	141.924483	0.011422	10.1
1102	-1.585593	141.853685	0.016843	12.0
1103	-1.399323	141.782983	0.017121	12.7
1104	-0.546985	141.712373	0.006089	10.4
1105	-2.035820	141.641858	0.014894	7.8
1106	-1.326777	141.571436	0.008824	10.4
1107	-1.793264	141.501108	0.011109	8.0
1108	-1.771777	141.430872	0.044045	9.2
1109	-1.245739	141.360730	0.005371	8.5
1110	-1.174257	141.290680	0.008523	8.1
1111	-0.537447	141.220722	0.016743	10.5
1112	-0.138447	141.150857	0.000824	8.8
1113	-1.627118	141.081084	0.008282	7.4
1114	-1.506091	141.011403	0.025057	8.3
1115	-1.757803	140.941813	0.008905	7.6
1116	-1.036493	140.872315	0.005282	7.6
1117	-1.433493	140.802909	0.021274	8.0
1118	-1.680919	140.733593	0.023426	8.8
1119	-1.919934	140.664369	0.011238	8.6
1120	-1.914850	140.595235	0.009928	8.4
1121	-2.025383	140.526192	0.017337	8.2
1122	-0.540410	140.457239	0.003314	7.5
1123	-1.837899	140.388376	0.007288	8.2
1124	-1.670655	140.319603	0.010058	7.5
1125	-1.388246	140.250920	0.015273	8.4
1126	-0.951911	140.182326	0.006098	7.5
1127	-0.517658	140.113822	0.012889	8.5
1128	-1.811555	140.045407	0.017113	7.7
1129	-0.612330	139.977081	0.005196	8.1
1130	-1.463536	139.908844	0.016349	7.5
1131	-1.797697	139.840696	0.022890	8.6
1132	-0.481742	139.772635	0.008110	7.7
1133	-1.081775	139.704664	0.007159	8.7
1134	-1.458131	139.636780	0.006920	7.5
1135	-0.115196	139.568984	0.001764	8.1
1136	-1.576712	139.501276	0.012755	7.7
1137	-1.623005	139.433655	0.018141	7.9
1138	-1.648924	139.366122	0.010567	7.4
1139	-1.246178	139.298676	0.013131	8.9
1140	-0.758429	139.231317	0.008823	15.2
1141	-0.562713	139.164045	0.009028	16.1
1142	-0.681726	139.096859	0.010510	12.6
1143	-0.402612	139.029760	0.005947	12.2
1144	-1.292748	138.962747	0.020131	13.8
1145	-0.556904	138.895820	0.011650	13.7
1146	-0.522034	138.828978	0.008726	11.8
1147	-1.925702	138.762223	0.018898	22.9
1148	-1.817909	138.695553	0.034064	17.0
1149	-1.792039	138.628969	0.011096	8.6
1150	-0.840798	138.562469	0.006421	9.0
1151	-1.026119	138.496055	0.008548	7.5
1152	-1.878525	138.429725	0.017001	7.9
1153	-1.846244	138.363481	0.010057	10.5
1154	-1.572223	138.297320	0.010123	12.1
1155	-0.594509	138.231244	0.003975	12.2
1156	-0.267184	138.165252	0.001905	12.8
1157	-1.783845	138.099344	0.024354	7.7
1158	-1.989581	138.033520	0.010832	9.6
1159	-0.496284	137.967779	0.003330	8.2
1160	-1.425765	137.902122	0.012506	8.5
1161	-1.713399	137.836548	0.010225	8.2
1162	-1.245820	137.771057	0.022314	8.0
1163	-1.861848	137.705649	0.022909	10.3
1164	-0.310059	137.640324	0.005212	9.5
1165	-1.924151	137.575081	0.020792	8.0
1166	-1.912229	137.509921	0.010793	7.9
1167	-0.160095	137.444842	0.001012	9.9
1168	-0.123889	137.379846	0.002032	7.6
1169	-1.898661	137.314932	0.014388	7.9
1170	-1.270399	137.250100	0.014819	8.3
1171	-1.510673	137.185349	0.023847	8.8
1172	-1.583090	137.120680	0.016449	8.3
1173	-1.748834	137.056092	0.021877	8.3
1174	-1.322999	136.991585	0.005430	7.4
1175	-1.644374	136.927158	0.024240	8.4
1176	-2.025764	136.862813	0.012483	8.5
1177	-0.768522	136.798548	0.011721	9.6
1178	-1.799065	136.734363	0.023986	7.9
1179	-1.777015	136.670259	0.010126	7.5
1180	-0.203435	136.606235	0.002283	8.3
1181	-0.637608	136.542291	0.003326	8.2
1182	-0.896841	136.478426	0.006994	7.9
1183	-1.725615	136.414641	0.009079	7.8
1184	-1.916492	136.350936	0.010608	8.2
1185	-1.558036	136.287310	0.014725	8.3
1186	-0.687405	136.223763	0.008023	8.4
1187	-0.159837	136.160295	0.002935	7.4
1188	-2.015298	136.096905	0.018594	8.4
1189	-0.701447	136.033594	0.003401	7.7
1190	-0.543147	135.970362	0.008633	8.3
1191	-1.056199	135.907208	0.009963	9.3
1192	-0.330039	135.844133	0.004504	7.8
1193	-1.906813	135.781135	0.016634	8.2
1194	-1.711276	135.718215	0.006345	14.4
1195	-0.175481	135.655373	0.003630	18.0
1196	-1.350346	135.592608	0.022263	13.9
1197	-1.610128	135.529921	0.008615	16.8
1198	-0.394711	135.467311	0.002352	14.5
1199	-0.127429	135.404778	0.000959	12.0
1200	-1.000825	135.342322	0.014348	15.4
1201	-1.667896	135.279942	0.022147	11.8
1202	-0.607347	135.217640	0.009894	12.1
1203	-0.568947	135.155413	0.008107	24.9
1204	-1.059681	135.093263	0.012353	14.3
1205	-0.502793	135.031190	0.005653	14.9
1206	-1.432580	134.969192	0.015078	8.0
1207	-0.436925	134.907270	0.004339	15.0
1208	-1.673267	134.845424	0.015763	11.1
1209	-1.913551	134.783653	0.014034	8.2
1210	-1.574487	134.721958	0.006341	8.8
1211	-0.487846	134.660338	0.009045	9.0
1212	-0.703181	134.598793	0.003499	7.7
1213	-1.426324	134.537323	0.004595	8.7
1214	-1.791336	134.475927	0.029359	8.1
1215	-1.870117	134.414607	0.004606	7.9
1216	-1.644620	134.353361	0.008683	8.6
1217	-1.467226	134.292189	0.016568	7.7
1218	-0.673120	134.231092	0.014106	7.8
1219	-1.645393	134.170068	0.011519	8.3
1220	-1.499694	134.109119	0.008503	7.6
1221	-0.747327	134.048243	0.009548	9.1
1222	-0.444927	133.987441	0.009633	8.2
1223	-1.063001	133.926713	0.011946	8.6
1224	-1.349885	133.866057	0.011777	8.1
1225	-1.791234	133.805475	0.019501	8.8
1226	-1.257720	133.744966	0.011163	8.1
1227	-1.379094	133.684530	0.017124	7.2
1228	-1.544645	133.624167	0.007232	7.5
1229	-0.720961	133.563877	0.007361	8.4
1230	-0.722183	133.503658	0.003404	8.0
1231	-1.033883	133.443513	0.013030	8.1
1232	-0.143389	133.383439	0.001488	7.7
1233	-1.269259	133.323437	0.016782	7.5
1234	-1.407864	133.263508	0.005495	7.8
1235	-1.797943	133.203650	0.020786	8.0
1236	-1.797744	133.143864	0.014036	7.6
1237	-1.946214	133.084149	0.006116	7.6
1238	-1.082935	133.024506	0.005337	7.6
1239	-0.257127	132.964934	0.003621	7.9
1240	-0.934233	132.905433	0.009232	7.4
1241	-1.425037	132.846003	0.007567	8.2
1242	-0.726497	132.786643	0.005221	10.4
1243	-0.313729	132.727355	0.001260	8.3
1244	-1.429214	132.668137	0.021039	7.9
1245	-1.840275	132.608989	0.019555	7.3
1246	-0.577363	132.549912	0.009616	8.7
1247	-1.337693	132.490904	0.003615	7.7
1248	-0.847693	132.431967	0.002810	8.9
1249	-1.956364	132.373100	0.004921	7.6
1250	-1.563456	132.314302	0.010214	8.0
1251	-1.119790	132.255574	0.005856	8.3
1252	-1.980082	132.196916	0.038213	8.2
1253	-1.520939	132.138326	0.010662	8.0
1254	-1.831721	132.079806	0.007413	7.8
1255	-1.479864	132.021355	0.023384	8.2
1256	-1.267045	131.962973	0.018728	8.1
1257	-1.691850	131.904660	0.016789	7.1
1258	-1.969785	131.846415	0.004412	7.5
1259	-1.158763	131.788239	0.012085	9.0
1260	-1.552109	131.730131	0.004922	8.0
1261	-1.028708	131.672092	0.016887	8.1
1262	-0.796213	131.614121	0.002984	8.0
1263	-1.333962	131.556217	0.005655	7.6
1264	-1.163319	131.498382	0.018207	8.0
1265	-0.415170	131.440614	0.002983	8.4
1266	-0.785277	131.382914	0.010661	7.8
1267	-1.868680	131.325282	0.016222	7.5
1268	-1.055966	131.267717	0.007154	8.1
1269	-1.741567	131.210219	0.011210	8.0
1270	-1.074757	131.152788	0.013126	8.0
1271	-0.103881	131.095424	0.001659	7.5
1272	-1.541929	131.038127	0.026374	8.1
1273	-1.630098	130.980897	0.014736	7.9
1274	-1.512994	130.923733	0.003668	8.4
1275	-1.664904	130.866636	0.014087	7.4
1276	-1.144233	130.809605	0.009085	8.0
1277	-1.639976	130.752641	0.019973	8.0
1278	-1.959089	130.695742	0.012118	7.8
1279	-0.519535	130.638910	0.011471	7.5
1280	-1.963361	130.582143	0.007248	8.9
1281	-1.875171	130.525442	0.007661	8.1
1282	-1.955718	130.468807	0.008557	8.2
1283	-1.903833	130.412237	0.007867	8.3
1284	-1.094124	130.355733	0.006703	11.0
1285	-1.895691	130.299294	0.012166	14.2
1286	-0.675781	130.242920	0.005807	12.1
1287	-1.211851	130.186611	0.005920	8.2
1288	-0.837005	130.130366	0.006164	8.1
1289	-1.860057	130.074187	0.022245	7.5
1290	-0.343609	130.018072	0.002142	7.7
1291	-0.812179	129.962022	0.011200	7.8
1292	-0.932190	129.906036	0.005300	8.3
1293	-0.446304	129.850114	0.007203	7.5
1294	-1.196327	129.794257	0.006601	7.8
1295	-1.142463	129.738463	0.007150	8.0
1296	-1.183429	129.682734	0.005696	7.7
1297	-1.904948	129.627068	0.033036	8.5
1298	-0.722744	129.571466	0.005340	7.9
1299	-0.695795	129.515927	0.010575	8.4
1300	-1.736801	129.460452	0.017814	7.9
1301	-0.383533	129.405040	0.007573	7.4
1302	-1.917510	129.349692	0.013707	8.0
1303	-0.704408	129.294406	0.004899	8.1
1304	-0.627316	129.239183	0.004596	8.2
1305	-1.245922	129.184024	0.008096	8.2
1306	-0.328109	129.128927	0.002189	7.9
1307	-1.374241	129.073892	0.013208	9.3
1308	-1.276443	129.018921	0.011410	7.8
1309	-1.958217	128.964011	0.020632	8.8
1310	-1.147576	128.909164	0.009597	7.6
1311	-0.463241	128.854379	0.008622	8.4
1312	-1.497842	128.799656	0.013760	7.7
1313	-0.603366	128.744995	0.005281	7.8
1314	-1.968745	128.690396	0.021773	7.3
1315	-1.800776	128.635858	0.010352	8.0
1316	-1.395981	128.581382	0.007862	8.9
1317	-1.389890	128.526968	0.014899	13.7
1318	-1.660830	128.472615	0.006412	7.6
1319	-1.400442	128.418323	0.005323	8.0
1320	-1.097714	128.364092	0.004736	7.4
1321	-0.032883	128.309922	0.000459	11.8
1322	-1.772477	128.255814	0.023678	12.1
1323	-0.626544	128.201766	0.013962	7.7
1324	-1.912758	128.147778	0.019933	9.2
1325	-1.002774	128.093852	0.007002	7.8
1326	-2.014826	128.039985	0.022664	8.3
1327	-1.095420	127.986180	0.006370	7.8
1328	-1.705407	127.932434	0.011002	7.3
1329	-0.515146	127.878749	0.008129	7.3
1330	-0.316150	127.825123	0.005434	7.9
1331	-0.876221	127.771558	0.007125	7.6
1332	-0.916506	127.718052	0.006932	12.9
1333	-0.713047	127.664606	0.010443	7.5
1334	-1.376336	127.611220	0.006391	7.7
1335	-1.824262	127.557893	0.027753	8.2
1336	-2.052109	127.504625	0.011263	7.6
1337	-1.199604	127.451417	0.013423	8.4
1338	-1.361484	127.398268	0.017065	10.5
1339	-1.823538	127.345178	0.011647	15.4
1340	-0.272715	127.292147	0.003028	12.7
1341	-0.791493	127.239175	0.009223	9.9
1342	-1.816162	127.186261	0.017518	10.3
1343	-0.665582	127.133407	0.004826	11.3
1344	-0.949881	127.080610	0.008936	8.4
1345	-1.325279	127.027872	0.010929	10.9
1346	-1.596188	126.975193	0.018008	11.8
1347	-2.000206	126.922572	0.009883	8.9
1348	-1.561710	126.870008	0.004400	13.0
1349	-0.360244	126.817503	0.005010	11.6
1350	-1.573394	126.765056	0.016268	8.9
1351	-0.246620	126.712667	0.002070	11.4
1352	-1.791170	126.660335	0.012550	11.2
1353	-1.800471	126.608061	0.027950	9.5
1354	-1.000656	126.555844	0.004726	13.4
1355	-0.603174	126.503685	0.006369	12.6
1356	-0.719469	126.451583	0.009798	8.7
1357	-0.524196	126.399538	0.006892	16.0
1358	-1.231318	126.347550	0.004333	13.7
1359	-1.728455	126.295619	0.021886	10.7
1360	-2.000515	126.243745	0.018172	8.0
1361	-0.080103	126.191928	0.000581	9.3
1362	-0.559638	126.140168	0.003193	9.5
1363	-1.230572	126.088464	0.018585	9.2
1364	-0.673528	126.036817	0.005833	7.3
1365	-1.584473	125.985226	0.006575	8.6
1366	-1.803559	125.933691	0.018033	11.1
1367	-1.326603	125.882212	0.006353	7.7
1368	-0.579645	125.830790	0.009000	9.7
1369	-1.703689	125.779423	0.028354	8.1
1370	-1.743714	125.728113	0.015721	10.0
1371	-1.505023	125.676858	0.013080	9.2
1372	-0.206287	125.625659	0.000966	7.6
1373	-1.275662	125.574515	0.010492	8.4
1374	-0.295709	125.523427	0.002819	8.1
1375	-0.342542	125.472394	0.004197	12.5
1376	-1.328614	125.421417	0.023252	8.2
1377	-0.629451	125.370495	0.007746	8.4
1378	-1.649836	125.319628	0.015455	7.4
1379	-0.729599	125.268815	0.015313	10.3
1380	-0.206680	125.218058	0.003900	8.0
1381	-1.382132	125.167356	0.008587	9.3
1382	-1.434660	125.116708	0.012702	9.2
1383	-1.977256	125.066115	0.008554	9.4
1384	-1.317114	125.015576	0.019040	12.4
1385	-1.026338	124.965092	0.009145	9.0
1386	-1.307692	124.914662	0.018941	9.6
1387	-1.646109	124.864287	0.011011	10.1
1388	-1.776294	124.813965	0.009450	8.8
1389	-1.022071	124.763698	0.010683	11.2
1390	-1.583608	124.713485	0.004966	8.5
1391	-1.447273	124.663325	0.008940	11.2
1392	-0.658717	124.613219	0.007617	10.3
1393	-1.951473	124.563167	0.025502	9.4
1394	-1.360585	124.513168	0.012337	8.2
1395	-0.653860	124.463223	0.003705	11.9
1396	-1.700911	124.413332	0.028224	10.6
1397	-0.302603	124.363493	0.003625	9.9
1398	-0.906035	124.313708	0.017893	9.1
1399	-0.493280	124.263976	0.002167	10.7
1400	-0.436357	124.214297	0.002869	8.4
1401	-0.548884	124.164671	0.006770	9.9
1402	-1.872124	124.115097	0.014596	9.5
1403	-1.023921	124.065577	0.011519	10.0
1404	-1.449376	124.016109	0.022120	9.1
1405	-0.722016	123.966693	0.009775	7.9
1406	-1.394639	123.917330	0.007864	10.2
1407	-0.442363	123.868020	0.005703	8.7
1408	-0.993303	123.818762	0.016579	11.6
1409	-1.689400	123.769556	0.015814	10.4
1410	-1.184720	123.720402	0.011967	9.6
1411	-1.075844	123.671300	0.013136	10.2
1412	-1.136565	123.622250	0.013643	10.1
1413	-0.535878	123.573252	0.003598	8.0
1414	-1.500665	123.524305	0.007619	9.5
1415	-0.464185	123.475411	0.004696	8.8
1416	-1.798045	123.426568	0.013770	10.7
1417	-1.898900	123.377776	0.013839	10.2
1418	-1.809507	123.329036	0.014283	8.4
1419	-1.246954	123.280347	0.011003	9.1
1420	-0.478738	123.231709	0.004463	9.1
1421	-1.915901	123.183122	0.019702	12.8
1422	-0.554838	123.134587	0.006579	8.6
1423	-0.529836	123.086102	0.005389	8.8
1424	-0.606878	123.037669	0.007886	11.3
1425	-1.789238	122.989286	0.006497	8.9
1426	-1.898893	122.940954	0.019626	8.2
1427	-1.676604	122.892672	0.014339	9.0
1428	-1.899505	122.844441	0.014169	9.6
1429	-0.733254	122.796261	0.008300	8.7
1430	-1.140594	122.748130	0.007624	10.7
1431	-1.771346	122.700050	0.023270	9.2
1432	-1.773937	122.652021	0.010849	10.3
1433	-0.618470	122.604041	0.011084	10.3
1434	-0.552837	122.556111	0.004201	8.8
1435	-1.950151	122.508232	0.011392	9.2
1436	-1.977434	122.460402	0.017384	11.3
1437	-0.110229	122.412622	0.001149	10.8
1438	-0.801365	122.364891	0.005203	8.6
1439	-0.222033	122.317210	0.004291	8.7
1440	-0.602369	122.269579	0.002501	12.9
1441	-1.699181	122.221997	0.015056	10.2
1442	-1.342086	122.174465	0.008327	9.7
1443	-0.034378	122.126981	0.000546	12.6
1444	-0.338259	122.079547	0.002974	9.6
1445	-1.996826	122.032162	0.007596	8.2
1446	-1.683167	121.984826	0.023783	9.5
1447	-0.548665	121.937539	0.004671	10.7
1448	-0.486153	121.890301	0.004403	9.5
1449	-0.207806	121.843112	0.002098	9.2
1450	-0.795461	121.795971	0.005541	8.1
1451	-0.852156	121.748879	0.005415	11.2
1452	-1.481549	121.701835	0.014455	11.9
1453	-1.360942	121.654840	0.019959	8.3
1454	-1.158484	121.607893	0.014952	8.2
1455	-1.873268	121.560994	0.017874	9.2
1456	-0.528083	121.514144	0.009660	10.4
1457	-1.749578	121.467342	0.009064	9.5
1458	-1.330051	121.420588	0.015586	8.1
1459	-1.540313	121.373882	0.007685	9.1
1460	-0.832766	121.327223	0.006934	10.3
1461	-1.352877	121.280613	0.021546	9.3
1462	-1.083406	121.234050	0.006048	8.5
1463	-1.874738	121.187535	0.010590	8.9
1464	-0.178116	121.141067	0.002641	11.6
1465	-0.538592	121.094647	0.006611	9.0
1466	-0.534742	121.048274	0.003023	9.3
1467	-1.368376	121.001949	0.009853	8.7
1468	-1.060684	120.955671	0.015703	12.2
1469	-1.419256	120.909440	0.017194	9.2
1470	-0.458435	120.863256	0.002840	9.0
1471	-0.244731	120.817119	0.005730	8.4
1472	-0.202810	120.771029	0.004286	14.8
1473	-1.521577	120.724986	0.005075	13.0
1474	-0.666196	120.678990	0.011248	9.8
1475	-1.028710	120.633040	0.005547	8.9
1476	-0.932692	120.587137	0.008748	10.8
1477	-1.648038	120.541281	0.038577	10.0
1478	-2.050150	120.495471	0.005387	9.9
1479	-2.029198	120.449707	0.009161	10.2
1480	-1.779089	120.403990	0.017885	11.4
1481	-1.657250	120.358319	0.009059	10.1
1482	-0.524945	120.312694	0.003606	8.3
1483	-1.847529	120.267115	0.021803	9.8
1484	-0.305136	120.221582	0.002102	12.1
1485	-0.768727	120.176096	0.003435	7.6
1486	-0.948385	120.130655	0.014098	11.9
1487	-1.492833	120.085260	0.008054	7.9
1488	-0.170986	120.039910	0.004634	11.3
1489	-1.434085	119.994606	0.023149	9.8
1490	-0.917624	119.949348	0.013626	8.5
1491	-1.666914	119.904135	0.006774	8.2
1492	-1.121289	119.858968	0.005005	8.6
1493	-1.104642	119.813846	0.002761	10.3
1494	-0.390264	119.768769	0.004367	9.8
1495	-1.862633	119.723738	0.018675	7.8
1496	-1.716499	119.678752	0.022047	8.2
1497	-0.859183	119.633810	0.004533	10.1
1498	-1.269495	119.588914	0.011798	9.1
1499	-1.980342	119.544062	0.019519	8.1
1500	-1.881593	119.499256	0.010557	9.1
1501	-1.457162	119.454494	0.010353	8.1
1502	-0.193433	119.409777	0.005216	9.9
1503	-0.860695	119.365104	0.006222	9.1
1504	-0.263651	119.320476	0.006441	8.9
1505	-0.588375	119.275893	0.005513	7.7
1506	-0.468493	119.231353	0.002749	9.9
1507	-0.495461	119.186859	0.012060	8.9
1508	-1.416222	119.142408	0.008637	7.6
1509	-0.836605	119.098002	0.009568	8.6
1510	-0.701647	119.053639	0.003867	8.8
1511	-0.470047	119.009321	0.010689	11.0
1512	-0.197130	118.965047	0.004007	8.6
1513	-0.552497	118.920816	0.007810	9.5
1514	-0.802635	118.876630	0.007290	8.1
1515	-1.542519	118.832487	0.023003	10.2
1516	-0.557829	118.788388	0.010705	9.1
1517	-0.680935	118.744332	0.010727	8.9
1518	-1.873621	118.700320	0.005473	9.3
1519	-1.335163	118.656352	0.009488	10.8
1520	-1.942385	118.612427	0.012513	10.5
1521	-0.759556	118.568545	0.004873	10.7
1522	-0.514183	118.524706	0.002607	9.3
1523	-2.038651	118.480911	0.023753	12.1
1524	-1.780590	118.437159	0.006839	11.2
1525	-1.901776	118.393450	0.018858	10.2
1526	-1.858393	118.349784	0.024396	9.9
1527	-1.942836	118.306160	0.008606	11.4
1528	-2.051208	118.262580	0.007651	9.3
1529	-1.801731	118.219042	0.015593	11.1
1530	-1.991676	118.175548	0.009705	9.0
1531	-1.743671	118.132095	0.016503	12.0
1532	-1.660653	118.088686	0.013786	9.4
1533	-1.825233	118.045319	0.013353	8.4
1534	-1.952759	118.001994	0.015468	8.6
1535	-1.168241	117.958712	0.006805	8.9
1536	-1.830709	117.915472	0.009988	10.1
1537	-1.839921	117.872274	0.006583	9.6
1538	-1.059465	117.829118	0.004812	7.4
1539	-1.934698	117.786005	0.015588	8.4
1540	-1.315863	117.742933	0.009815	9.8
1541	-1.878326	117.699904	0.024089	9.1
1542	-1.949903	117.656916	0.018833	7.6
1543	-1.846232	117.613971	0.005792	7.9
1544	-1.895879	117.571067	0.013416	7.9
1545	-1.928395	117.528205	0.009279	9.7
1546	-1.325825	117.485384	0.012307	7.8
1547	-0.835759	117.442605	0.008270	9.2
1548	-1.525476	117.399867	0.017859	7.4
1549	-0.322440	117.357171	0.007833	8.2
1550	-0.603558	117.314517	0.013776	10.1
1551	-1.662371	117.271903	0.014297	9.2
1552	-0.303503	117.229331	0.006923	8.6
1553	-0.589098	117.186800	0.004359	7.9
1554	-1.625403	117.144311	0.010272	7.7
1555	-0.404974	117.101862	0.001928	9.6
1556	-1.631102	117.059454	0.013823	7.9
1557	-1.935472	117.017087	0.017171	9.3
1558	-0.864841	116.974762	0.013548	8.3
1559	-0.800917	116.932476	0.002754	10.9
1560	-0.265862	116.890232	0.005590	8.7
1561	-1.836048	116.848028	0.009689	8.2
1562	-1.922884	116.805865	0.014110	8.4
1563	-1.679499	116.763743	0.019304	8.3
1564	-1.947747	116.721661	0.008457	11.0
1565	-1.736896	116.679619	0.010726	8.3
1566	-0.629892	116.637618	0.010388	10.2
1567	-0.959087	116.595657	0.007577	8.0
1568	-1.799686	116.553736	0.015539	10.1
1569	-1.773056	116.511855	0.014786	10.1
1570	-1.772230	116.470015	0.020292	8.4
1571	-1.043710	116.428214	0.011284	8.7
1572	-1.258084	116.386454	0.012656	8.7
1573	-1.612116	116.344733	0.006735	10.4
1574	-1.345302	116.303052	0.017104	7.9
1575	-1.920077	116.261412	0.019018	9.0
1576	-1.089290	116.219810	0.012293	8.3
1577	-1.903477	116.178249	0.024506	10.3
1578	-0.921393	116.136727	0.003947	9.9
1579	-0.810327	116.095245	0.003175	8.6
1580	-1.461333	116.053802	0.019751	9.1
1581	-2.036467	116.012398	0.007576	9.5
1582	-1.707805	115.971034	0.012249	10.4
1583	-1.869498	115.929710	0.023906	8.0
1584	-1.688957	115.888424	0.030747	8.1
1585	-1.839169	115.847178	0.007208	9.2
1586	-1.938579	115.805970	0.016882	10.2
1587	-0.673517	115.764802	0.004137	10.2
1588	-1.157827	115.723673	0.004854	8.4
1589	-0.488482	115.682583	0.009259	9.2
1590	-1.283093	115.641532	0.003402	11.3
1591	-1.260379	115.600519	0.009822	9.2
1592	-1.573087	115.559546	0.009656	9.1
1593	-0.310416	115.518610	0.002234	8.7
1594	-1.031787	115.477714	0.007314	12.0
1595	-2.002562	115.436856	0.014982	9.4
1596	-0.614673	115.396037	0.006909	8.7
1597	-0.452256	115.355256	0.002105	8.3
1598	-1.222239	115.314514	0.007935	12.8
1599	-1.787236	115.273810	0.008833	9.3
1600	-0.669168	115.233144	0.009304	8.2
1601	-0.722639	115.192517	0.005334	8.5
1602	-1.439376	115.151927	0.010174	12.4
1603	-1.092503	115.111376	0.003065	8.2
1604	-1.698996	115.070863	0.024552	8.0
1605	-1.522968	115.030388	0.013588	8.8
1606	-0.263927	114.989951	0.002514	9.2
1607	-0.695676	114.949551	0.007011	9.9
1608	-1.886288	114.909190	0.015588	10.9
1609	-1.479678	114.868866	0.014024	8.7
1610	-2.009160	114.828580	0.008371	8.8
1611	-0.509037	114.788332	0.003490	11.4
1612	-1.825068	114.748121	0.018907	9.5
1613	-1.773995	114.707948	0.013189	9.1
1614	-1.475731	114.667812	0.024595	9.2
1615	-0.976721	114.627714	0.004062	9.4
1616	-1.683039	114.587653	0.015595	9.1
1617	-0.614297	114.547629	0.012959	8.7
1618	-0.211413	114.507643	0.002517	11.9
1619	-1.613531	114.467693	0.057547	9.2
1620	-0.156216	114.427781	0.001087	11.1
1621	-0.292706	114.387907	0.001345	9.2
1622	-1.938251	114.348069	0.011385	10.4
1623	-0.368672	114.308268	0.006176	10.8
1624	-1.161811	114.268504	0.006737	11.5
1625	-0.984114	114.228777	0.004551	8.7
1626	-0.655080	114.189086	0.005058	11.1
1627	-1.550809	114.149433	0.008932	9.4
1628	-1.323771	114.109816	0.008298	10.4
1629	-1.391338	114.070235	0.004932	9.1
1630	-1.790156	114.030692	0.016149	9.6
1631	-0.790283	113.991185	0.008910	10.9
1632	-1.296087	113.951714	0.007219	9.0
1633	-0.287955	113.912280	0.004784	8.1
1634	-1.997125	113.872882	0.029925	9.6
1635	-1.264910	113.833521	0.002985	8.3
1636	-0.881054	113.794195	0.004847	9.3
1637	-1.902431	113.754906	0.020418	9.0
1638	-1.321116	113.715653	0.011076	10.8
1639	-1.033873	113.676437	0.006697	10.2
1640	-1.883607	113.637256	0.017654	10.9
1641	-1.440364	113.598111	0.021991	9.0
1642	-1.662905	113.559002	0.012716	9.4
1643	-1.217388	113.519929	0.006120	11.7
1644	-0.180735	113.480892	0.002808	8.5
1645	-0.794774	113.441891	0.014288	8.5
1646	-0.224583	113.402925	0.004648	8.7
1647	-1.508264	113.363995	0.013246	10.6
1648	-0.269375	113.325101	0.003578	9.9
1649	-2.041548	113.286242	0.015125	8.7
1650	-1.896705	113.247419	0.014772	8.9
1651	-1.663791	113.208631	0.021793	12.4
1652	-0.748226	113.169879	0.008687	8.8
1653	-0.483943	113.131162	0.008317	9.0
1654	-1.822218	113.092480	0.011443	8.4
1655	-0.629990	113.053833	0.004081	11.9
1656	-1.987192	113.015222	0.030447	8.3
1657	-0.559190	112.976646	0.008427	9.8
1658	-0.969731	112.938105	0.005332	8.0
1659	-1.752029	112.899599	0.029809	10.8
1660	-1.933097	112.861128	0.007131	10.4
1661	-0.977333	112.822692	0.006108	9.1
1662	-1.276850	112.784291	0.004577	8.9
1663	-0.363344	112.745924	0.002238	13.5
1664	-1.970160	112.707593	0.012190	8.5
1665	-1.769741	112.669296	0.022826	8.7
1666	-1.736479	112.631034	0.009390	8.9
1667	-1.946498	112.592806	0.007719	12.6
1668	-1.008535	112.554613	0.023247	10.3
1669	-1.774062	112.516455	0.013935	8.3
1670	-1.864869	112.478331	0.007992	8.5
1671	-0.239390	112.440241	0.002514	10.6
1672	-1.105723	112.402186	0.014441	9.4
1673	-1.515163	112.364165	0.018141	8.5
1674	-0.480969	112.326179	0.002230	9.3
1675	-1.905363	112.288227	0.013452	11.3
1676	-2.004987	112.250309	0.027318	8.5
1677	-1.136611	112.212425	0.011625	10.2
1678	-2.010882	112.174575	0.024864	9.4
1679	-1.864676	112.136759	0.026126	9.9
1680	-1.498580	112.098977	0.009793	9.8
1681	-1.033312	112.061229	0.011608	8.7
1682	-0.780517	112.023515	0.008879	7.7
1683	-1.339691	111.985834	0.011981	11.2
1684	-1.120572	111.948188	0.005488	9.5
1685	-0.264692	111.910575	0.005514	9.1
1686	-1.641460	111.872996	0.008809	9.3
1687	-1.900561	111.835450	0.021604	9.9
1688	-1.498116	111.797939	0.008612	8.6
1689	-1.944575	111.760460	0.012790	9.9
1690	-0.495336	111.723015	0.003807	8.6
1691	-1.695731	111.685604	0.019776	9.7
1692	-1.553829	111.648226	0.029858	11.7
1693	-0.767808	111.610881	0.004804	8.9
1694	-0.189868	111.573570	0.004239	10.1
1695	-1.377354	111.536292	0.005350	9.4
1696	-1.495845	111.499047	0.018782	12.2
1697	-1.657388	111.461835	0.030141	10.4
1698	-1.659396	111.424656	0.032201	8.8
1699	-1.889364	111.387510	0.018097	13.3
1700	-1.596762	111.350398	0.005595	10.1
1701	-1.381716	111.313318	0.007897	8.3
1702	-1.608211	111.276271	0.018224	8.2
1703	-0.345578	111.239257	0.002119	8.5
1704	-1.478461	111.202276	0.016487	11.3
1705	-1.551151	111.165328	0.013808	8.1
1706	-2.040112	111.128412	0.015559	10.5
1707	-1.866819	111.091529	0.023791	8.5
1708	-1.131896	111.054679	0.012807	11.0
1709	-1.781574	111.017861	0.013874	10.0
1710	-0.692098	110.981076	0.012323	9.0
1711	-2.002754	110.944323	0.020400	7.7
1712	-1.548877	110.907603	0.018782	11.3
1713	-0.490313	110.870915	0.002318	7.6
1714	-0.213724	110.834259	0.002443	8.3
1715	-1.879593	110.797636	0.021223	8.2
1716	-0.491198	110.761045	0.003097	7.8
1717	-1.987408	110.724486	0.012251	10.2
1718	-2.029566	110.687959	0.017944	8.7
1719	-1.373299	110.651465	0.017576	8.8
1720	-1.494633	110.615002	0.009478	8.1
1721	-0.556817	110.578572	0.004297	9.5
1722	-2.018662	110.542173	0.015549	9.8
1723	-0.970995	110.505807	0.005085	8.3
1724	-1.527480	110.469472	0.020210	9.6
1725	-0.864878	110.433169	0.004299	7.6
1726	-1.683091	110.396898	0.014438	10.5
1727	-0.459772	110.360659	0.007637	9.4
1728	-1.555952	110.324451	0.016644	8.4
1729	-1.865097	110.288276	0.007621	7.0
1730	-0.901326	110.252131	0.004591	8.4
1731	-0.691677	110.216019	0.009661	9.8
1732	-0.683487	110.179937	0.006844	8.1
1733	-1.365279	110.143888	0.006111	9.1
1734	-0.667538	110.107869	0.012376	7.8
1735	-0.366101	110.071882	0.007417	7.7
1736	-1.827053	110.035927	0.008549	9.5
1737	-1.754181	110.000003	0.009834	9.9
1738	-0.777674	109.964110	0.003835	8.2
1739	-2.021515	109.928248	0.014174	8.7
1740	-2.021941	109.892417	0.010581	9.0
1741	-1.094736	109.856618	0.012196	9.8
1742	-2.020851	109.820850	0.006232	9.6
1743	-0.594540	109.785112	0.006009	8.1
1744	-2.012282	109.749406	0.020050	12.1
1745	-1.733051	109.713730	0.018866	8.2
1746	-1.839580	109.678086	0.025717	11.1
1747	-1.234557	109.642472	0.007995	9.8
1748	-1.768674	109.606890	0.006811	11.0
1749	-1.811660	109.571337	0.013527	10.6
1750	-0.625830	109.535816	0.018722	9.2
1751	-1.168607	109.500326	0.007291	8.0
1752	-0.546384	109.464866	0.007602	9.9
1753	-0.783745	109.429436	0.004015	8.8
1754	-0.459883	109.394038	0.003646	10.4
1755	-0.269632	109.358669	0.003868	7.8
1756	-1.438928	109.323331	0.002857	9.0
1757	-0.726809	109.288024	0.003820	10.3
1758	-1.759516	109.252747	0.015692	10.1
1759	-1.317589	109.217501	0.008964	12.5
1760	-0.561261	109.182284	0.004469	21.3
1761	-2.031270	109.147098	0.011135	14.9
1762	-1.982944	109.111942	0.009465	8.7
1763	-1.618948	109.076817	0.014789	8.4
1764	-0.584402	109.041721	0.006744	10.9
1765	-1.873039	109.006656	0.021812	8.6
1766	-1.910783	108.971620	0.029798	9.9
1767	-0.493981	108.936615	0.006647	13.0
1768	-0.722266	108.901640	0.012755	14.1
1769	-1.880313	108.866694	0.021424	9.7
1770	-2.081413	108.831779	0.015186	10.1
1771	-0.219794	108.796893	0.003585	8.6
1772	-0.235800	108.762037	0.003390	10.0
1773	-1.406173	108.727211	0.015768	8.3
1774	-0.807803	108.692415	0.003605	11.1
1775	-0.398861	108.657648	0.001677	9.8
1776	-1.044156	108.622911	0.003980	11.4
1777	-1.950682	108.588203	0.018187	9.6
1778	-0.621232	108.553525	0.009595	8.8
1779	-1.549391	108.518877	0.010414	9.1
1780	-1.074050	108.484258	0.012434	10.0
1781	-0.684790	108.449668	0.006648	9.1
1782	-0.623148	108.415108	0.006513	10.0
1783	-0.909279	108.380578	0.032838	8.6
1784	-1.954162	108.346076	0.009841	13.5
1785	-1.921935	108.311604	0.007810	13.8
1786	-0.683334	108.277161	0.008121	13.1
1787	-0.693243	108.242747	0.007106	14.3
1788	-1.490049	108.208363	0.006725	8.4
1789	-1.031784	108.174007	0.004402	10.2
1790	-1.290480	108.139681	0.006733	7.7
1791	-1.720848	108.105383	0.006553	8.3
1792	-0.782880	108.071115	0.010928	10.3
1793	-1.621495	108.036875	0.017962	9.6
1794	-0.915509	108.002665	0.006158	8.7
1795	-0.540635	107.968483	0.006894	8.4
1796	-1.494014	107.934330	0.007150	10.5
1797	-0.973866	107.900206	0.005855	7.5
1798	-1.460303	107.866111	0.006602	12.1
1799	-0.441607	107.832044	0.003947	7.9
1800	-1.573632	107.798007	0.007048	9.5
1801	-1.823415	107.763997	0.015801	8.6
1802	-0.645450	107.730017	0.006879	10.1
1803	-1.060629	107.696065	0.009575	8.0
1804	-1.694543	107.662141	0.007383	10.4
1805	-1.979948	107.628246	0.008668	11.6
1806	-0.858768	107.594379	0.007764	8.7
1807	-1.616998	107.560541	0.019572	8.6
1808	-1.848933	107.526731	0.017209	8.4
1809	-1.453500	107.492949	0.018886	10.9
1810	-1.434237	107.459196	0.010464	10.0
1811	-0.724259	107.425471	0.008863	8.4
1812	-1.211010	107.391774	0.005880	9.9
1813	-1.876946	107.358106	0.016709	11.8
1814	-1.974519	107.324465	0.009654	8.6
1815	-1.608820	107.290853	0.010855	8.5
1816	-0.916127	107.257268	0.007048	9.4
1817	-0.455607	107.223712	0.004140	11.6
1818	-0.225021	107.190184	0.005093	8.2
1819	-1.328498	107.156683	0.006947	10.6
1820	-0.854996	107.123211	0.008539	10.3
1821	-1.526538	107.089766	0.009612	10.0
1822	-0.353899	107.056349	0.002563	10.3
1823	-1.334915	107.022960	0.009945	8.5
1824	-1.744447	106.989599	0.016779	9.5
1825	-2.017233	106.956265	0.012752	12.4
1826	-1.443641	106.922960	0.023462	8.8
1827	-1.891985	106.889681	0.016843	8.9
1828	-1.628357	106.856431	0.011799	9.8
1829	-1.881343	106.823208	0.024913	9.9
1830	-1.859287	106.790012	0.011175	10.5
1831	-1.815035	106.756844	0.015509	8.8
1832	-1.877177	106.723703	0.020485	10.0
1833	-1.660581	106.690590	0.007275	10.5
1834	-0.779579	106.657505	0.008474	9.0
1835	-1.230065	106.624446	0.015077	9.1
1836	-1.876700	106.591415	0.013067	10.0
1837	-1.440754	106.558411	0.009567	10.0
1838	-0.402964	106.525435	0.002545	7.9
1839	-1.431816	106.492485	0.022861	8.1
1840	-1.771408	106.459563	0.016750	8.5
1841	-0.744518	106.426668	0.005984	11.6
1842	-0.527152	106.393800	0.006315	9.2
1843	-1.272480	106.360959	0.012950	8.1
1844	-1.808825	106.328145	0.014143	7.5
1845	-0.574839	106.295358	0.004657	10.3
1846	-1.778733	106.262598	0.010568	9.5
1847	-1.727948	106.229865	0.009412	8.0
1848	-0.441469	106.197158	0.008541	8.0
1849	-0.325403	106.164479	0.005418	8.2
1850	-0.918140	106.131826	0.008810	10.3
1851	-1.887428	106.099201	0.003446	7.6
1852	-1.030247	106.066602	0.007184	9.6
1853	-1.996792	106.034029	0.012104	7.9
1854	-1.628157	106.001483	0.011740	10.2
1855	-0.710949	105.968964	0.005142	8.8
1856	-0.663813	105.936472	0.011477	8.2
1857	-1.883012	105.904006	0.011395	8.1
1858	-1.661396	105.871566	0.011261	9.0
1859	-0.551976	105.839153	0.002072	10.1
1860	-0.240128	105.806767	0.003220	8.5
1861	-0.524574	105.774407	0.005514	10.8
1862	-1.637801	105.742073	0.011066	7.9
1863	-1.757673	105.709766	0.013006	9.8
1864	-0.746665	105.677485	0.015128	7.6
1865	-1.815254	105.645230	0.012479	9.0
1866	-1.708617	105.613001	0.013951	8.5
1867	-1.339394	105.580799	0.014373	8.3
1868	-1.973975	105.548623	0.028718	11.9
1869	-0.453619	105.516473	0.002284	7.5
1870	-0.790768	105.484349	0.011082	8.0
1871	-0.624333	105.452251	0.005234	8.4
1872	-1.604956	105.420179	0.006822	10.8
1873	-1.777233	105.388133	0.012466	8.0
1874	-0.790206	105.356113	0.017251	10.5
1875	-0.695014	105.324119	0.007846	9.1
1876	-1.188908	105.292151	0.015152	7.1
1877	-1.831588	105.260209	0.017454	12.3
1878	-0.710808	105.228293	0.009121	7.5
1879	-0.645084	105.196402	0.004349	7.9
1880	-0.768533	105.164537	0.008140	7.9
1881	-1.975642	105.132698	0.012797	11.2
1882	-1.988773	105.100885	0.014748	8.3
1883	-0.550818	105.069097	0.007002	9.7
1884	-1.293515	105.037335	0.009359	8.0
1885	-1.377972	105.005598	0.005427	7.6
1886	-1.493239	104.973887	0.013961	11.2
1887	-1.818624	104.942202	0.006520	9.2
1888	-1.356182	104.910542	0.015491	7.7
1889	-1.775463	104.878907	0.003231	8.1
1890	-0.793214	104.847298	0.004403	10.4
1891	-1.849237	104.815715	0.018372	7.8
1892	-1.775786	104.784156	0.011705	10.0
1893	-1.150255	104.752623	0.006893	8.5
1894	-1.303468	104.721116	0.005710	8.0
1895	-1.416146	104.689633	0.013132	11.8
1896	-1.484070	104.658176	0.008498	8.5
1897	-1.939721	104.626744	0.012296	8.3
1898	-1.240732	104.595337	0.004460	8.1
1899	-1.787909	104.563955	0.006076	10.2
1900	-1.914150	104.532599	0.011834	7.7
1901	-1.811437	104.501267	0.007147	8.3
1902	-1.866173	104.469960	0.008298	8.5
1903	-0.414268	104.438679	0.008168	8.1
1904	-1.278390	104.407422	0.008853	10.1
1905	-1.532340	104.376191	0.015038	8.7
1906	-1.402570	104.344984	0.008290	7.9
1907	-1.734491	104.313802	0.014884	9.1
1908	-0.520665	104.282645	0.004454	8.2
1909	-1.827044	104.251513	0.018043	10.8
1910	-1.137465	104.220405	0.008221	9.8
1911	-0.294787	104.189323	0.003858	7.4
1912	-1.338704	104.158265	0.006980	9.0
1913	-1.176090	104.127231	0.009774	11.4
1914	-1.039101	104.096222	0.005258	9.2
1915	-1.666712	104.065238	0.008026	9.1
1916	-0.717937	104.034279	0.007265	8.4
1917	-1.463714	104.003344	0.006907	10.7
1918	-1.861766	103.972433	0.012020	7.9
1919	-1.791878	103.941547	0.015186	8.1
1920	-1.939724	103.910686	0.015005	9.5
1921	-1.403979	103.879849	0.008398	9.5
1922	-1.716511	103.849036	0.013472	9.3
1923	-0.959423	103.818248	0.003442	9.2
1924	-0.237147	103.787484	0.005898	8.5
1925	-1.171281	103.756744	0.013931	7.6
1926	-1.966515	103.726029	0.022362	10.1
1927	-1.428060	103.695338	0.009800	10.2
1928	-1.951313	103.664671	0.008963	7.5
1929	-0.704356	103.634028	0.002467	9.0
1930	-1.545816	103.603409	0.010501	8.7
1931	-0.699314	103.572814	0.006652	9.7
1932	-0.291146	103.542244	0.001977	9.1
1933	-1.797169	103.511698	0.014442	8.2
1934	-0.964404	103.481175	0.006529	7.6
1935	-0.219051	103.450677	0.003682	10.1
1936	-0.986039	103.420202	0.003239	9.4
1937	-1.734399	103.389752	0.009184	8.8
1938	-1.950346	103.359325	0.014416	8.1
1939	-1.267910	103.328922	0.014081	7.5
1940	-0.094596	103.298543	0.000489	10.1
1941	-1.385891	103.268188	0.004387	6.8
1942	-1.577509	103.237857	0.005170	9.0
1943	-0.544022	103.207549	0.003574	7.7
1944	-0.733397	103.177265	0.003730	9.6
1945	-1.967229	103.147005	0.040973	8.6
1946	-1.969664	103.116768	0.015654	8.6
1947	-1.887715	103.086556	0.019093	8.4
1948	-1.128459	103.056366	0.020224	8.1
1949	-0.198270	103.026200	0.003445	12.2
1950	-0.506222	102.996058	0.003620	8.0
1951	-1.981524	102.965939	0.023577	7.9
1952	-1.216885	102.935844	0.016614	7.5
1953	-1.980369	102.905772	0.007351	10.4
1954	-1.271260	102.875724	0.007544	7.9
1955	-1.935171	102.845699	0.006494	9.5
1956	-0.899824	102.815697	0.003791	8.0
1957	-1.936415	102.785719	0.012471	8.0
1958	-1.993959	102.755764	0.009918	11.7
1959	-1.996053	102.725832	0.014525	7.6
1960	-0.650609	102.695924	0.010238	8.3
1961	-1.464277	102.666038	0.010385	8.0
1962	-0.980159	102.636176	0.010786	10.4
1963	-0.685355	102.606337	0.006400	7.5
1964	-1.153117	102.576521	0.014778	9.7
1965	-2.006093	102.546728	0.016818	8.3
1966	-1.318944	102.516959	0.010208	8.3
1967	-1.733862	102.487212	0.012762	11.7
1968	-1.927044	102.457488	0.011110	8.8
1969	-1.307397	102.427788	0.007440	8.0
1970	-1.611608	102.398110	0.015309	7.5
1971	-1.974844	102.368455	0.007629	10.3
1972	-0.452037	102.338823	0.002635	8.7
1973	-0.188441	102.309214	0.004787	8.9
1974	-2.047604	102.279628	0.023857	8.4
1975	-1.087638	102.250064	0.004627	8.2
1976	-1.592111	102.220524	0.008835	11.1
1977	-0.179256	102.191006	0.002870	9.2
1978	-1.922839	102.161511	0.010056	7.6
1979	-0.709851	102.132038	0.006195	8.6
1980	-1.686714	102.102588	0.012741	10.3
1981	-1.350980	102.073161	0.015208	8.7
1982	-1.906897	102.043757	0.006628	9.3
1983	-1.939629	102.014375	0.012264	8.2
1984	-0.893355	101.985015	0.005630	7.5
1985	-1.718523	101.955678	0.009676	12.5
1986	-0.296151	101.926364	0.002716	9.7
1987	-1.883082	101.897072	0.007844	9.2
1988	-0.321276	101.867802	0.001787	8.7
1989	-1.650051	101.838555	0.005727	11.2
1990	-0.647662	101.809330	0.013735	7.9
1991	-1.710754	101.780128	0.010423	8.6
1992	-2.001097	101.750948	0.014896	7.5
1993	-1.777546	101.721790	0.023998	10.4
1994	-0.367962	101.692654	0.003274	7.7
1995	-2.010556	101.663541	0.019256	10.0
1996	-2.029298	101.634450	0.016571	7.8
1997	-1.912331	101.605381	0.012856	8.2
1998	-0.689856	101.576335	0.007531	11.9
1999	-0.674185	101.547310	0.005483	8.1
