1:ItNr	2:Metric	3:StepSize	4:||Gradient||	Time[ms]
0	-1.115513	627.201626	0.009196	499.6
1	-1.221329	623.504937	0.009757	10.5
2	-1.184196	619.865785	0.010260	9.4
3	-0.770457	616.282728	0.008075	9.5
4	-0.894499	612.754375	0.010349	9.5
5	-1.224628	609.279381	0.010738	9.9
6	-0.156166	605.856447	0.002914	9.7
7	-1.209128	602.484317	0.012575	10.1
8	-1.091376	599.161779	0.012314	9.8
9	-1.009531	595.887656	0.008013	10.6
10	-0.546013	592.660813	0.007227	9.7
11	-0.123780	589.480151	0.004996	10.3
12	-0.691187	586.344606	0.008790	10.1
13	-0.324820	583.253145	0.007375	10.1
14	-0.895277	580.204771	0.011092	10.3
15	-0.374910	577.198517	0.006328	9.5
16	-1.196093	574.233444	0.011581	9.7
17	-0.875053	571.308645	0.008588	10.1
18	-0.747545	568.423237	0.008484	9.5
19	-0.725910	565.576365	0.008554	10.0
20	-0.904619	562.767201	0.008476	10.7
21	-1.176537	559.994938	0.009297	9.3
22	-1.044275	557.258797	0.010252	9.6
23	-0.673705	554.558018	0.007880	9.9
24	-1.019372	551.891865	0.010646	9.4
25	-0.995983	549.259621	0.009585	9.4
26	-0.867122	546.660592	0.009257	10.5
27	-0.406202	544.094102	0.012313	10.6
28	-0.612394	541.559494	0.008608	12.1
29	-0.470890	539.056129	0.008285	9.5
30	-0.597800	536.583387	0.008014	11.4
31	-1.062103	534.140663	0.009018	10.1
32	-0.158080	531.727370	0.006929	10.5
33	-0.263194	529.342935	0.006643	8.7
34	-0.515667	526.986802	0.008001	12.4
35	-0.852563	524.658430	0.011905	11.6
36	-0.906701	522.357290	0.009022	9.6
37	-0.605202	520.082868	0.009902	9.9
38	-0.773355	517.834665	0.010890	9.1
39	-0.767726	515.612193	0.008030	10.2
40	-0.923059	513.414976	0.008158	10.1
41	-0.835080	511.242551	0.009960	9.5
42	-0.813771	509.094468	0.009094	10.1
43	-0.554129	506.970285	0.007369	10.2
44	-1.121093	504.869574	0.012447	10.2
45	-0.949638	502.791916	0.008382	10.4
46	-0.975997	500.736903	0.009049	10.3
47	-0.815125	498.704137	0.008543	9.8
48	-0.762190	496.693228	0.010759	10.4
49	-1.084160	494.703798	0.009059	9.7
50	-0.789746	492.735476	0.012690	9.9
51	-0.511978	490.787900	0.008672	10.1
52	-0.372836	488.860718	0.008542	10.0
53	-0.635386	486.953585	0.008480	9.8
54	-0.672091	485.066164	0.008151	9.8
55	-0.999339	483.198126	0.009450	9.5
56	-0.525077	481.349149	0.007827	9.6
57	-0.746143	479.518920	0.008337	9.5
58	-0.065718	477.707132	0.005114	9.8
59	-0.764566	475.913485	0.009032	9.9
60	-0.905464	474.137684	0.009046	10.3
61	-0.443959	472.379445	0.007383	9.9
62	-0.916340	470.638485	0.008840	9.8
63	-0.438770	468.914531	0.006794	10.0
64	-0.953424	467.207315	0.009348	10.8
65	-0.375953	465.516573	0.005184	10.3
66	-0.883074	463.842050	0.009434	9.2
67	-0.735813	462.183494	0.008407	10.7
68	-1.188555	460.540658	0.009539	10.0
69	-0.235695	458.913303	0.007227	11.4
70	-0.212585	457.301192	0.005904	11.5
71	-0.316887	455.704096	0.004673	9.9
72	-0.950584	454.121787	0.010098	10.6
73	-0.454427	452.554045	0.007357	10.0
74	-0.732985	451.000653	0.009020	10.5
75	-0.859234	449.461399	0.009829	10.2
76	-0.890645	447.936075	0.007150	10.8
77	-1.053114	446.424477	0.009082	10.4
78	-0.757727	444.926406	0.009935	10.2
79	-0.846183	443.441666	0.010797	11.7
80	-0.690859	441.970065	0.008312	10.5
81	-0.917077	440.511415	0.007316	12.9
82	-1.009580	439.065533	0.008482	10.2
83	-0.961497	437.632238	0.008881	10.7
84	-1.221470	436.211351	0.010856	10.3
85	-0.403136	434.802701	0.005881	9.8
86	-0.842823	433.406117	0.008905	10.9
87	-0.935922	432.021430	0.011044	9.6
88	-0.461833	430.648479	0.008449	9.9
89	-0.802228	429.287101	0.009637	9.7
90	-1.013553	427.937140	0.010336	9.8
91	-0.792628	426.598440	0.009186	9.8
92	-0.682246	425.270849	0.008074	9.7
93	-0.548596	423.954220	0.007035	10.2
94	-0.031119	422.648404	0.001875	10.1
95	-1.030596	421.353259	0.009629	9.5
96	-0.098079	420.068643	0.006377	10.0
97	-0.248361	418.794419	0.004056	9.6
98	-0.838321	417.530451	0.009044	9.5
99	-0.732717	416.276604	0.008117	9.9
100	-0.519630	415.032748	0.006336	9.5
101	-0.810616	413.798754	0.008376	10.1
102	-1.001903	412.574495	0.012985	10.2
103	-1.177941	411.359849	0.009601	9.8
104	-0.729598	410.154691	0.007514	9.9
105	-0.156734	408.958904	0.003319	9.9
106	-0.935342	407.772368	0.008771	10.6
107	-1.078245	406.594968	0.010358	9.9
108	-1.018802	405.426590	0.012640	10.2
109	-0.622289	404.267122	0.007244	10.4
110	-0.813060	403.116456	0.008761	10.8
111	-0.926517	401.974481	0.009564	10.2
112	-0.851611	400.841093	0.008838	10.9
113	-1.163960	399.716187	0.009959	10.7
114	-1.054360	398.599660	0.009566	10.2
115	-0.941415	397.491411	0.008100	9.8
116	-0.816961	396.391342	0.010631	10.1
117	-1.071975	395.299353	0.010448	10.2
118	-0.394456	394.215350	0.009756	9.7
119	-0.624771	393.139238	0.012180	9.8
120	-1.116895	392.070924	0.009829	10.3
121	-0.754590	391.010316	0.006675	10.1
122	-1.087828	389.957325	0.011475	10.0
123	-0.787201	388.911862	0.008950	9.3
124	-0.074969	387.873839	0.004295	9.9
125	-0.569361	386.843173	0.008362	9.7
126	-0.696488	385.819777	0.009513	9.1
127	-0.363978	384.803569	0.006790	9.5
128	-0.808289	383.794468	0.009858	9.7
129	-1.127624	382.792393	0.009954	9.8
130	-0.651305	381.797264	0.006730	10.1
131	-0.980477	380.809005	0.010537	10.1
132	-0.920887	379.827537	0.010233	10.2
133	-0.564075	378.852786	0.006962	9.9
134	-1.154753	377.884678	0.010175	9.9
135	-0.941979	376.923138	0.009570	10.3
136	-1.078962	375.968095	0.010039	9.8
137	-0.807808	375.019479	0.010501	10.4
138	-0.911947	374.077218	0.009456	9.9
139	-0.684394	373.141244	0.011157	9.5
140	-0.750546	372.211489	0.009373	9.7
141	-0.525962	371.287887	0.010145	9.5
142	-0.377914	370.370370	0.004671	9.8
143	-1.230999	369.458876	0.012032	10.0
144	-0.103330	368.553338	0.006355	9.9
145	-0.866035	367.653696	0.009037	10.2
146	-1.084919	366.759885	0.009391	10.3
147	-0.796055	365.871846	0.008215	10.1
148	-1.100725	364.989518	0.011185	9.7
149	-0.592728	364.112841	0.007586	10.4
150	-0.766554	363.241757	0.008334	10.4
151	-1.112253	362.376208	0.009958	11.0
152	-0.818919	361.516137	0.009726	10.0
153	-1.151816	360.661488	0.009518	12.6
154	-0.468721	359.812206	0.008197	9.2
155	-0.749186	358.968236	0.007913	10.6
156	-1.026690	358.129524	0.007609	9.6
157	-0.295660	357.296018	0.006082	10.1
158	-1.241123	356.467665	0.012429	10.5
159	-1.137798	355.644414	0.008593	10.5
160	-0.590804	354.826213	0.007118	9.8
161	-0.427028	354.013012	0.006274	12.4
162	-1.203336	353.204763	0.010611	9.7
163	-0.117878	352.401415	0.004185	11.0
164	-0.207066	351.602922	0.007407	10.1
165	-0.861097	350.809235	0.007201	10.2
166	-1.189307	350.020308	0.008856	10.3
167	-1.115723	349.236095	0.010119	9.9
168	-0.203379	348.456550	0.004677	8.2
169	-0.355300	347.681627	0.004302	9.9
170	-0.977231	346.911283	0.007988	9.7
171	-0.019477	346.145474	0.001919	10.4
172	-1.071121	345.384157	0.009677	9.6
173	-0.312512	344.627288	0.007067	9.2
174	-1.026055	343.874826	0.010424	10.7
175	-0.302303	343.126729	0.005986	9.9
176	-0.527397	342.382957	0.008049	10.9
177	-1.191838	341.643469	0.012887	14.1
178	-0.994613	340.908224	0.008816	11.1
179	-0.832691	340.177184	0.010154	9.7
180	-0.925618	339.450309	0.011263	10.1
181	-0.904922	338.727561	0.011712	9.8
182	-0.480487	338.008902	0.006534	9.7
183	-0.225167	337.294295	0.006156	9.6
184	-1.048712	336.583703	0.010255	9.6
185	-1.056950	335.877089	0.009552	10.2
186	-0.991751	335.174416	0.007742	10.6
187	-0.862884	334.475651	0.009000	10.1
188	-1.079590	333.780756	0.010493	10.9
189	-1.054724	333.089698	0.009028	10.4
190	-0.214531	332.402443	0.005766	9.9
191	-1.081001	331.718955	0.009535	14.3
192	-0.664857	331.039203	0.008128	10.4
193	-1.099279	330.363153	0.008416	10.0
194	-0.813817	329.690771	0.007656	10.1
195	-0.748539	329.022027	0.009218	9.6
196	-0.903377	328.356888	0.012910	10.1
197	-0.666390	327.695322	0.007707	9.5
198	-1.101102	327.037299	0.010517	10.4
199	-0.860960	326.382787	0.009883	9.9
200	-0.940142	325.731758	0.010107	10.2
201	-0.950081	325.084179	0.011391	10.3
202	-1.233484	324.440023	0.011902	10.5
203	-0.661268	323.799258	0.008589	9.9
204	-0.565223	323.161858	0.008122	9.7
205	-1.059093	322.527792	0.008593	10.2
206	-1.054729	321.897034	0.011457	10.1
207	-0.810217	321.269554	0.009221	10.2
208	-0.931921	320.645325	0.007799	9.7
209	-0.680393	320.024320	0.007746	9.8
210	-0.701590	319.406512	0.010302	9.8
211	-1.256982	318.791875	0.009004	9.5
212	-0.892338	318.180381	0.009483	9.5
213	-0.426144	317.572005	0.005219	9.3
214	-0.409799	316.966721	0.006753	8.8
215	-0.792587	316.364504	0.009392	10.6
216	-0.585172	315.765329	0.010912	8.7
217	-1.215821	315.169170	0.011406	10.5
218	-1.119431	314.576003	0.008959	9.2
219	-0.724129	313.985804	0.008436	10.8
220	-1.145157	313.398548	0.009593	10.5
221	-0.663749	312.814213	0.008448	10.5
222	-0.552600	312.232773	0.009984	9.3
223	-0.685179	311.654207	0.008718	10.1
224	-1.121335	311.078491	0.011563	10.0
225	-0.386706	310.505602	0.008579	10.6
226	-0.274199	309.935518	0.006270	9.6
227	-0.004302	309.368217	0.000004	9.7
228	-0.401856	308.803676	0.005102	8.9
229	-0.273413	308.241874	0.003979	9.4
230	-0.894943	307.682789	0.008249	9.8
231	-0.949067	307.126400	0.009179	9.4
232	-0.592556	306.572687	0.007763	10.6
233	-0.835243	306.021627	0.010259	11.0
234	-0.843357	305.473201	0.008361	10.9
235	-1.147189	304.927388	0.009355	10.7
236	-1.090586	304.384168	0.011011	8.8
237	-0.118001	303.843521	0.005315	10.1
238	-1.106936	303.305427	0.010368	11.2
239	-0.952294	302.769867	0.009900	11.6
240	-1.188301	302.236821	0.010132	10.5
241	-0.765483	301.706270	0.008918	10.7
242	-1.038974	301.178196	0.008882	10.7
243	-1.218548	300.652580	0.009190	10.2
244	-0.004292	300.129402	0.000002	9.4
245	-1.124109	299.608645	0.012199	10.6
246	-1.230228	299.090291	0.010505	11.2
247	-0.782001	298.574321	0.009516	9.9
248	-1.079696	298.060718	0.010227	9.9
249	-1.132512	297.549465	0.009649	9.7
250	-0.842848	297.040543	0.008603	9.8
251	-1.070018	296.533936	0.010069	10.2
252	-0.702751	296.029626	0.005962	9.7
253	-1.065132	295.527597	0.008127	10.3
254	-0.817238	295.027832	0.008649	9.7
255	-0.260978	294.530315	0.006205	9.7
256	-1.068601	294.035028	0.010629	9.5
257	-1.033103	293.541956	0.010386	9.1
258	-0.117831	293.051083	0.006041	7.8
259	-1.101696	292.562393	0.009300	9.9
260	-1.211204	292.075870	0.010336	10.2
261	-0.925411	291.591498	0.009388	10.5
262	-1.104458	291.109263	0.010554	9.6
263	-1.027404	290.629149	0.009291	9.7
264	-1.224094	290.151140	0.010344	9.9
265	-0.125244	289.675222	0.005382	9.2
266	-1.102255	289.201380	0.010424	9.9
267	-1.188546	288.729600	0.009580	9.5
268	-0.734762	288.259866	0.008678	10.1
269	-1.296364	287.792165	0.010708	9.9
270	-0.966882	287.326481	0.011361	9.3
271	-0.555956	286.862802	0.009008	9.1
272	-0.731478	286.401113	0.009732	10.1
273	-1.031259	285.941400	0.009697	10.0
274	-0.319186	285.483649	0.005642	11.5
275	-1.075743	285.027847	0.009390	12.1
276	-0.626518	284.573981	0.007360	9.4
277	-0.829135	284.122037	0.010989	9.9
278	-0.674413	283.672002	0.006711	10.8
279	-0.722598	283.223863	0.007680	11.6
280	-1.115227	282.777607	0.011086	12.2
281	-0.446082	282.333221	0.005553	11.6
282	-1.127500	281.890692	0.011326	9.5
283	-1.228669	281.450008	0.009068	10.1
284	-1.163009	281.011157	0.011025	9.6
285	-0.809778	280.574125	0.008920	9.1
286	-1.008101	280.138901	0.010242	10.4
287	-0.818387	279.705473	0.010078	10.0
288	-0.968528	279.273829	0.008775	10.2
289	-0.423936	278.843956	0.007827	11.0
290	-0.459005	278.415844	0.006723	10.1
291	-0.829399	277.989479	0.011409	9.9
292	-1.062260	277.564851	0.008687	10.8
293	-1.085747	277.141949	0.011480	9.8
294	-0.686493	276.720761	0.008206	9.8
295	-0.000008	276.301275	0.000019	10.2
296	-0.562354	275.883480	0.007538	9.4
297	-1.129315	275.467366	0.010964	10.1
298	-0.203529	275.052922	0.005366	10.0
299	-1.155540	274.640136	0.010549	10.1
300	-1.085578	274.228998	0.010758	10.3
301	-0.249024	273.819497	0.007989	8.6
302	-0.254961	273.411623	0.007384	9.8
303	-0.857514	273.005365	0.009540	8.9
304	-0.809200	272.600712	0.008611	9.3
305	-1.019920	272.197655	0.007306	10.2
306	-0.971160	271.796184	0.009963	10.0
307	-1.241697	271.396287	0.013244	9.8
308	-1.162917	270.997956	0.009732	9.9
309	-1.024126	270.601180	0.008631	9.4
310	-0.829618	270.205949	0.008120	10.4
311	-0.923160	269.812254	0.009239	9.7
312	-0.768600	269.420085	0.007586	9.8
313	-1.065947	269.029432	0.012026	9.6
314	-1.073857	268.640287	0.009823	10.4
315	-1.253484	268.252638	0.011631	13.3
316	-1.137441	267.866478	0.009401	10.6
317	-0.255709	267.481796	0.007865	10.2
318	-0.571436	267.098584	0.010196	9.2
319	-0.319571	266.716833	0.005564	10.4
320	-0.993029	266.336533	0.009219	12.3
321	-1.012199	265.957676	0.009253	10.2
322	-1.130081	265.580253	0.008822	10.4
323	-0.836718	265.204254	0.009971	9.9
324	-1.300688	264.829672	0.012342	9.9
325	-0.471800	264.456497	0.007414	10.4
326	-1.174126	264.084721	0.013642	9.4
327	-0.455856	263.714335	0.006466	9.9
328	-1.061641	263.345332	0.008802	9.7
329	-0.929096	262.977702	0.009761	9.3
330	-1.038123	262.611438	0.011272	9.7
331	-1.364141	262.246531	0.012041	9.7
332	-0.398930	261.882973	0.005477	10.4
333	-0.135321	261.520756	0.003705	11.2
334	-0.723995	261.159871	0.008211	10.0
335	-1.302205	260.800312	0.012063	9.2
336	-0.889809	260.442070	0.008839	10.2
337	-1.319709	260.085137	0.012053	10.1
338	-1.080933	259.729505	0.009544	9.9
339	-1.036391	259.375167	0.009094	9.6
340	-0.658305	259.022116	0.008504	9.8
341	-0.341309	258.670343	0.006520	10.2
342	-0.133029	258.319841	0.004691	10.4
343	-0.726076	257.970602	0.007969	9.7
344	-0.840720	257.622620	0.008395	11.0
345	-0.217325	257.275887	0.004649	10.3
346	-1.008714	256.930396	0.008476	9.5
347	-0.425261	256.586139	0.007691	10.1
348	-1.061221	256.243109	0.008441	9.7
349	-0.771943	255.901300	0.009652	9.9
350	-1.203753	255.560703	0.008506	9.5
351	-0.332310	255.221313	0.004474	9.2
352	-1.193969	254.883122	0.011591	9.7
353	-0.663972	254.546124	0.006815	10.1
354	-1.216979	254.210311	0.010090	9.9
355	-0.840865	253.875677	0.007130	11.2
356	-0.766212	253.542215	0.009133	13.4
357	-0.413866	253.209918	0.005011	11.4
358	-0.766029	252.878781	0.009102	10.2
359	-0.695401	252.548795	0.006655	9.9
360	-1.139990	252.219956	0.008063	9.3
361	-0.823387	251.892255	0.008756	9.8
362	-0.358187	251.565688	0.006024	9.6
363	-0.758587	251.240247	0.007584	10.4
364	-0.763989	250.915926	0.007842	9.9
365	-0.892719	250.592720	0.008126	9.9
366	-0.412809	250.270621	0.009335	9.8
367	-0.788817	249.949624	0.008382	9.5
368	-1.018595	249.629723	0.008839	10.0
369	-0.364103	249.310911	0.006311	10.1
370	-0.806377	248.993182	0.009973	9.6
371	-0.953432	248.676531	0.010745	10.5
372	-1.034055	248.360952	0.009303	10.6
373	-0.732182	248.046438	0.008367	9.8
374	-0.783876	247.732984	0.007696	11.9
375	-0.738397	247.420584	0.007878	10.4
376	-0.522072	247.109233	0.007912	9.8
377	-1.066495	246.798924	0.012190	9.9
378	-0.445480	246.489652	0.005741	9.7
379	-1.225300	246.181412	0.009898	9.4
380	-0.449547	245.874197	0.006104	10.1
381	-1.214773	245.568002	0.013269	12.1
382	-0.095798	245.262822	0.003819	11.9
383	-0.879419	244.958652	0.009301	9.5
384	-0.309351	244.655485	0.006491	9.8
385	-1.049202	244.353317	0.009341	9.4
386	-0.792717	244.052142	0.008590	10.0
387	-0.864478	243.751955	0.009757	9.8
388	-0.657949	243.452750	0.008025	9.0
389	-0.548366	243.154523	0.006184	10.3
390	-1.083184	242.857268	0.009238	9.8
391	-0.676517	242.560980	0.009981	9.8
392	-0.408373	242.265654	0.010723	8.8
393	-1.211699	241.971285	0.010521	9.9
394	-1.190787	241.677868	0.011249	9.9
395	-1.175658	241.385397	0.011123	10.0
396	-1.182747	241.093869	0.011558	9.8
397	-0.656946	240.803278	0.007329	12.3
398	-0.703367	240.513619	0.009534	11.1
399	-1.061270	240.224887	0.009859	10.4
400	-1.131213	239.937077	0.009860	10.3
401	-1.239102	239.650186	0.009710	9.6
402	-1.208316	239.364207	0.009521	9.7
403	-0.122043	239.079136	0.006357	9.1
404	-0.443770	238.794969	0.006117	9.5
405	-0.337007	238.511701	0.007453	9.9
406	-0.607794	238.229327	0.006217	9.4
407	-1.207919	237.947843	0.011344	9.3
408	-1.044485	237.667244	0.009341	10.2
409	-0.871749	237.387526	0.010740	9.8
410	-0.004717	237.108684	0.000079	9.3
411	-1.131577	236.830714	0.010807	10.6
412	-0.440669	236.553610	0.006887	10.0
413	-1.267459	236.277370	0.009865	10.4
414	-0.159141	236.001989	0.004403	9.0
415	-0.903357	235.727461	0.008041	10.2
416	-0.944788	235.453784	0.011914	10.0
417	-1.255049	235.180952	0.010903	9.6
418	-1.132105	234.908962	0.010049	9.6
419	-1.048139	234.637809	0.008785	9.3
420	-0.311407	234.367488	0.007026	9.0
421	-0.942889	234.097997	0.009901	10.2
422	-0.739777	233.829331	0.007230	10.4
423	-0.409329	233.561485	0.010859	9.8
424	-1.143547	233.294456	0.009467	10.2
425	-0.888746	233.028239	0.008906	9.6
426	-0.825084	232.762831	0.008785	9.6
427	-0.837673	232.498228	0.010043	10.2
428	-0.045971	232.234425	0.000602	10.0
429	-0.791782	231.971419	0.009695	9.6
430	-0.749269	231.709205	0.008855	10.0
431	-0.724935	231.447781	0.009869	9.6
432	-0.307990	231.187141	0.005784	9.7
433	-0.000000	230.927283	0.000000	7.5
434	-0.905800	230.668202	0.009232	9.5
435	-1.007737	230.409895	0.011341	10.1
436	-1.155252	230.152358	0.008825	9.8
437	-0.931454	229.895587	0.009603	9.9
438	-0.595256	229.639578	0.008596	10.4
439	-0.729477	229.384329	0.008659	9.9
440	-0.979118	229.129834	0.008923	11.3
441	-0.144392	228.876091	0.003503	9.8
442	-1.213436	228.623096	0.008839	10.8
443	-0.915361	228.370846	0.008399	10.5
444	-1.056122	228.119336	0.012164	9.4
445	-0.781678	227.868563	0.009852	10.5
446	-1.055578	227.618525	0.011511	10.8
447	-1.033241	227.369216	0.008212	13.7
448	-0.894800	227.120635	0.011847	12.3
449	-0.123439	226.872777	0.008091	10.1
450	-0.590416	226.625638	0.007822	9.3
451	-0.425252	226.379217	0.009013	10.6
452	-0.957974	226.133509	0.009236	11.0
453	-0.466531	225.888510	0.008448	10.0
454	-1.209945	225.644218	0.010977	10.9
455	-0.872545	225.400630	0.007551	9.4
456	-0.869160	225.157741	0.010462	9.6
457	-0.975693	224.915549	0.008568	9.8
458	-0.165987	224.674051	0.004050	9.8
459	-1.141842	224.433242	0.010109	9.8
460	-0.817670	224.193121	0.007474	10.1
461	-1.170005	223.953684	0.011227	10.1
462	-0.921434	223.714927	0.009647	10.5
463	-0.580692	223.476848	0.007696	9.9
464	-1.138859	223.239444	0.011421	9.9
465	-1.132211	223.002710	0.010589	9.8
466	-0.990093	222.766645	0.009735	9.9
467	-1.220927	222.531245	0.012173	9.6
468	-1.276234	222.296508	0.011946	9.9
469	-1.115865	222.062429	0.009184	11.2
470	-1.234455	221.829007	0.013139	12.5
471	-0.642191	221.596238	0.007933	10.0
472	-1.204869	221.364119	0.011945	9.9
473	-0.876993	221.132647	0.009796	9.3
474	-1.133834	220.901820	0.010716	9.7
475	-0.335172	220.671634	0.011552	7.8
476	-0.821396	220.442086	0.008562	14.3
477	-1.000009	220.213174	0.009481	14.9
478	-0.773227	219.984895	0.008820	16.0
479	-1.059184	219.757246	0.012430	10.9
480	-0.816305	219.530224	0.009485	10.6
481	-0.591454	219.303826	0.008044	9.4
482	-1.111417	219.078050	0.010111	9.7
483	-0.008480	218.852893	0.000611	9.8
484	-1.121559	218.628352	0.010333	9.8
485	-0.423042	218.404424	0.007181	11.2
486	-0.651988	218.181106	0.006540	10.2
487	-0.531158	217.958397	0.010137	9.7
488	-1.020359	217.736292	0.007779	11.0
489	-1.198670	217.514790	0.010416	10.2
490	-1.240250	217.293888	0.011564	10.2
491	-1.088710	217.073584	0.008784	9.8
492	-0.570616	216.853873	0.007572	9.5
493	-0.553594	216.634755	0.009073	10.5
494	-0.842727	216.416227	0.007789	10.2
495	-0.521719	216.198285	0.009023	10.1
496	-1.121170	215.980927	0.008358	9.9
497	-1.096109	215.764151	0.010224	9.0
498	-0.674594	215.547955	0.007613	9.7
499	-1.207049	215.332335	0.012517	9.7
500	-0.812631	215.117289	0.008558	9.5
501	-1.121957	214.902815	0.009058	9.5
502	-0.457762	214.688911	0.007040	9.1
503	-1.264576	214.475573	0.011938	10.6
504	-0.836496	214.262800	0.009364	10.2
505	-0.659106	214.050588	0.008809	9.8
506	-0.716572	213.838936	0.008236	9.3
507	-1.112539	213.627842	0.010560	10.1
508	-1.045155	213.417302	0.009491	9.9
509	-0.900406	213.207314	0.011051	10.7
510	-1.138417	212.997877	0.009320	10.2
511	-0.674584	212.788987	0.007897	10.6
512	-0.841319	212.580642	0.010798	10.9
513	-0.319996	212.372841	0.006263	10.5
514	-1.150126	212.165581	0.009796	10.1
515	-1.176227	211.958859	0.009995	10.4
516	-0.885259	211.752673	0.009408	9.4
517	-1.178103	211.547021	0.010010	10.4
518	-0.268867	211.341902	0.007168	10.1
519	-0.253398	211.137311	0.004200	12.8
520	-0.753834	210.933248	0.008588	10.3
521	-1.067755	210.729710	0.009338	10.7
522	-0.472861	210.526695	0.006825	10.9
523	-0.794327	210.324200	0.009338	9.8
524	-1.285469	210.122224	0.011613	10.5
525	-1.092995	209.920765	0.012227	11.9
526	-1.070984	209.719820	0.009990	10.9
527	-1.010731	209.519387	0.009540	10.7
528	-0.857645	209.319463	0.009247	10.6
529	-1.272081	209.120048	0.012765	10.0
530	-0.854606	208.921139	0.010113	9.7
531	-0.969054	208.722733	0.008796	10.1
532	-1.177875	208.524829	0.010545	10.4
533	-0.910540	208.327425	0.008884	10.2
534	-0.728642	208.130518	0.007610	11.1
535	-1.149121	207.934107	0.010504	10.2
536	-0.520371	207.738189	0.006228	10.7
537	-0.019152	207.542762	0.002458	10.6
538	-1.177882	207.347825	0.011419	9.7
539	-0.966015	207.153376	0.009230	10.1
540	-0.885642	206.959412	0.011432	10.8
541	-1.319341	206.765932	0.012244	9.9
542	-1.073021	206.572933	0.009628	9.9
543	-0.925844	206.380414	0.010596	9.8
544	-0.061153	206.188373	0.003807	9.0
545	-1.173288	205.996807	0.009383	9.8
546	-0.871399	205.805716	0.012081	9.4
547	-0.725235	205.615096	0.010205	9.1
548	-0.214543	205.424946	0.005061	9.2
549	-0.849574	205.235265	0.009379	10.5
550	-1.090396	205.046050	0.011245	9.8
551	-1.091069	204.857299	0.008479	9.7
552	-1.283476	204.669011	0.012576	9.8
553	-0.559026	204.481184	0.007224	9.9
554	-1.020417	204.293816	0.008331	10.2
555	-1.010723	204.106905	0.010507	10.0
556	-1.284406	203.920449	0.010072	9.6
557	-1.202803	203.734447	0.012059	9.8
558	-0.598744	203.548896	0.006032	10.4
559	-1.118617	203.363795	0.011399	13.7
560	-0.961585	203.179143	0.010264	11.6
561	-0.935161	202.994937	0.008464	11.9
562	-1.017948	202.811176	0.010721	10.8
563	-0.886196	202.627857	0.009341	9.9
564	-0.694834	202.444980	0.007960	12.5
565	-1.210604	202.262543	0.009830	11.7
566	-0.626239	202.080543	0.009236	9.2
567	-1.225111	201.898979	0.009514	9.5
568	-1.118556	201.717849	0.008327	9.9
569	-1.105225	201.537153	0.008828	10.1
570	-0.825990	201.356887	0.009304	10.1
571	-0.705320	201.177050	0.008245	9.0
572	-0.009702	200.997642	0.000546	9.5
573	-1.281895	200.818659	0.011215	10.3
574	-0.803334	200.640100	0.007176	10.4
575	-0.844767	200.461965	0.010185	9.7
576	-0.435840	200.284250	0.010050	9.8
577	-0.885673	200.106955	0.009537	9.3
578	-1.247794	199.930078	0.010441	10.0
579	-0.651754	199.753617	0.008213	10.2
580	-0.564360	199.577571	0.007278	9.7
581	-0.704655	199.401938	0.010056	9.6
582	-1.037059	199.226717	0.009652	9.9
583	-1.067332	199.051905	0.010612	10.3
584	-0.823880	198.877502	0.007463	10.7
585	-0.351884	198.703506	0.009361	10.3
586	-1.179402	198.529916	0.010459	9.6
587	-0.997915	198.356729	0.009836	10.4
588	-0.825854	198.183944	0.009303	9.7
589	-1.117290	198.011560	0.009831	10.0
590	-0.581854	197.839576	0.007345	9.6
591	-0.441599	197.667989	0.006732	10.0
592	-0.226388	197.496798	0.005389	10.2
593	-0.912114	197.326002	0.008750	10.2
594	-0.174284	197.155600	0.005314	9.3
595	-0.975892	196.985589	0.009183	9.8
596	-0.808962	196.815969	0.009554	9.2
597	-1.080759	196.646738	0.012486	9.8
598	-1.358073	196.477894	0.014390	9.4
599	-0.879496	196.309436	0.009785	9.4
600	-0.775305	196.141363	0.009984	10.4
601	-0.926618	195.973673	0.009978	13.6
602	-0.740233	195.806365	0.008725	9.4
603	-0.425938	195.639437	0.006316	9.4
604	-1.000258	195.472888	0.011830	9.6
605	-1.010949	195.306717	0.011095	10.2
606	-0.526718	195.140922	0.007067	11.6
607	-0.292504	194.975501	0.007709	11.1
608	-0.485438	194.810454	0.007943	10.3
609	-1.205127	194.645779	0.010826	9.4
610	-0.787635	194.481475	0.009468	10.3
611	-0.815895	194.317540	0.010411	9.9
612	-1.115623	194.153973	0.008909	10.6
613	-0.517366	193.990773	0.008026	10.0
614	-0.548693	193.827938	0.009449	10.2
615	-0.871232	193.665467	0.008074	9.9
616	-0.449999	193.503358	0.007177	9.5
617	-1.238172	193.341611	0.010693	10.6
618	-0.248621	193.180224	0.007197	9.7
619	-0.598253	193.019196	0.007133	9.9
620	-1.242329	192.858525	0.011498	10.3
621	-1.149408	192.698210	0.012211	9.8
622	-1.207730	192.538251	0.008737	9.7
623	-0.403579	192.378644	0.006871	9.7
624	-0.749176	192.219391	0.009411	9.9
625	-1.212250	192.060488	0.009296	9.8
626	-1.012061	191.901935	0.009713	9.6
627	-0.981198	191.743730	0.008911	9.4
628	-0.519873	191.585873	0.006249	10.2
629	-1.216476	191.428362	0.010093	10.0
630	-0.871069	191.271196	0.009406	9.5
631	-0.493823	191.114374	0.006773	11.2
632	-0.720121	190.957893	0.007983	9.9
633	-1.191880	190.801755	0.012620	11.3
634	-0.586702	190.645956	0.007891	9.9
635	-1.037063	190.490495	0.008945	9.4
636	-0.440236	190.335373	0.007682	9.8
637	-1.190766	190.180587	0.010219	9.6
638	-0.976044	190.026136	0.009284	9.4
639	-0.616629	189.872019	0.007196	9.9
640	-0.315729	189.718235	0.012590	8.8
641	-1.066314	189.564782	0.010061	9.8
642	-1.002944	189.411661	0.010063	13.0
643	-0.933071	189.258868	0.008589	9.5
644	-1.100219	189.106404	0.011679	12.1
645	-1.141240	188.954267	0.008946	10.0
646	-0.856946	188.802456	0.010899	10.1
647	-1.125589	188.650969	0.009201	9.7
648	-1.204387	188.499807	0.009800	10.1
649	-0.509308	188.348967	0.006188	9.8
650	-1.188848	188.198448	0.012850	9.8
651	-0.380117	188.048250	0.007089	10.0
652	-0.247169	187.898371	0.004334	9.4
653	-1.004132	187.748810	0.010191	10.3
654	-1.130731	187.599566	0.011066	10.0
655	-1.041522	187.450638	0.013095	9.8
656	-0.506102	187.302025	0.006278	10.4
657	-0.580877	187.153725	0.008879	10.3
658	-1.252140	187.005739	0.011655	10.2
659	-0.877286	186.858064	0.008689	10.8
660	-0.862198	186.710699	0.009878	9.5
661	-0.693261	186.563645	0.012067	9.9
662	-0.004578	186.416898	0.000394	10.2
663	-0.004637	186.270459	0.000765	12.9
664	-1.169462	186.124326	0.010773	10.3
665	-0.930321	185.978499	0.008554	10.5
666	-0.567358	185.832976	0.008001	9.8
667	-1.139050	185.687756	0.010593	9.6
668	-1.095260	185.542838	0.012110	10.5
669	-0.989270	185.398222	0.009112	9.8
670	-1.056108	185.253906	0.009604	10.4
671	-1.192084	185.109889	0.011688	9.7
672	-1.147043	184.966170	0.009962	10.4
673	-0.485901	184.822748	0.005924	10.5
674	-1.084295	184.679623	0.011646	9.9
675	-0.842028	184.536792	0.008997	10.3
676	-0.974700	184.394256	0.010074	9.9
677	-1.053596	184.252013	0.013438	9.5
678	-0.164040	184.110062	0.005869	10.0
679	-1.165075	183.968403	0.011334	9.5
680	-1.124368	183.827034	0.009863	8.9
681	-1.052396	183.685954	0.010737	10.7
682	-1.135703	183.545163	0.011166	10.8
683	-0.606752	183.404658	0.007416	9.7
684	-0.507846	183.264441	0.007032	11.5
685	-0.870812	183.124509	0.008395	9.1
686	-0.984613	182.984861	0.011299	12.5
687	-0.733929	182.845497	0.008384	9.4
688	-0.543262	182.706416	0.006044	10.4
689	-0.499955	182.567616	0.009258	10.4
690	-0.750522	182.429098	0.010823	10.6
691	-0.578055	182.290859	0.008332	11.4
692	-0.937182	182.152899	0.009416	9.4
693	-0.825390	182.015217	0.009009	10.6
694	-1.100719	181.877813	0.009589	9.3
695	-0.027287	181.740684	0.003792	9.8
696	-0.928397	181.603832	0.009076	9.7
697	-0.428250	181.467253	0.006323	10.4
698	-0.729077	181.330948	0.006844	10.3
699	-1.156300	181.194916	0.009381	9.8
700	-0.839157	181.059155	0.009636	9.8
701	-0.308044	180.923666	0.008172	10.2
702	-1.048858	180.788446	0.010061	10.0
703	-0.955281	180.653496	0.008107	9.6
704	-1.230300	180.518814	0.009668	9.7
705	-0.699182	180.384399	0.008754	9.3
706	-0.338471	180.250251	0.006596	8.8
707	-0.900383	180.116369	0.008464	9.0
708	-0.382791	179.982752	0.005598	10.0
709	-1.093624	179.849398	0.011737	10.0
710	-1.187931	179.716308	0.011369	9.4
711	-0.839738	179.583480	0.009315	10.4
712	-1.119530	179.450913	0.010620	10.1
713	-0.723989	179.318607	0.007885	10.1
714	-1.023726	179.186561	0.011362	9.7
715	-1.264233	179.054774	0.011248	10.0
716	-0.644563	178.923245	0.010152	9.7
717	-1.157194	178.791973	0.009400	9.6
718	-1.117224	178.660958	0.010931	9.2
719	-0.855169	178.530199	0.009478	9.5
720	-1.062233	178.399694	0.010923	9.4
721	-1.128323	178.269444	0.011266	9.9
722	-1.144702	178.139447	0.010761	10.3
723	-0.632114	178.009702	0.006882	9.9
724	-0.986028	177.880209	0.009562	10.5
725	-0.801122	177.750967	0.009892	10.9
726	-0.841261	177.621975	0.008058	10.9
727	-1.080652	177.493232	0.010043	10.0
728	-1.197988	177.364738	0.010278	9.8
729	-1.160072	177.236492	0.010314	9.6
730	-0.837020	177.108492	0.010036	11.0
731	-0.916558	176.980739	0.008647	11.7
732	-1.231448	176.853231	0.011198	10.0
733	-0.901063	176.725968	0.008848	10.0
734	-0.859445	176.598949	0.009147	10.0
735	-0.867327	176.472173	0.009240	10.4
736	-0.716609	176.345639	0.009540	9.6
737	-0.729167	176.219348	0.011695	10.1
738	-1.196949	176.093296	0.010926	9.8
739	-0.824140	175.967486	0.009571	9.6
740	-1.194090	175.841914	0.010253	9.6
741	-1.151494	175.716581	0.009258	9.7
742	-0.485121	175.591486	0.006763	9.8
743	-0.848097	175.466629	0.010234	9.1
744	-1.196581	175.342008	0.011014	9.4
745	-1.109120	175.217622	0.012054	10.5
746	-0.801705	175.093472	0.008293	10.1
747	-1.103532	174.969556	0.009295	9.6
748	-1.285690	174.845873	0.010957	9.8
749	-1.067038	174.722423	0.008554	10.0
750	-1.284899	174.599206	0.011434	9.6
751	-1.233701	174.476220	0.012277	9.8
752	-0.633832	174.353464	0.006429	10.4
753	-1.211190	174.230939	0.012516	9.3
754	-1.166479	174.108643	0.012079	9.7
755	-1.152863	173.986576	0.010801	10.0
756	-1.231590	173.864737	0.011123	9.4
757	-0.433557	173.743124	0.009297	10.3
758	-0.908813	173.621739	0.009085	9.5
759	-0.588258	173.500579	0.008941	9.2
760	-0.836326	173.379645	0.009555	10.7
761	-0.428389	173.258935	0.005562	12.0
762	-0.734893	173.138449	0.008356	10.7
763	-0.661933	173.018186	0.010027	9.9
764	-0.987388	172.898146	0.010699	9.7
765	-0.471653	172.778327	0.006665	10.4
766	-1.191069	172.658730	0.009949	13.0
767	-0.351032	172.539353	0.008293	11.8
768	-0.730489	172.420196	0.010003	10.8
769	-0.036579	172.301258	0.002719	10.2
770	-1.139399	172.182539	0.011470	10.1
771	-0.823156	172.064037	0.010365	9.3
772	-1.123623	171.945753	0.012034	8.7
773	-0.274951	171.827686	0.009681	9.3
774	-0.937661	171.709834	0.010023	10.3
775	-0.088817	171.592198	0.006788	9.3
776	-1.270126	171.474776	0.011322	9.7
777	-0.961128	171.357568	0.011260	10.2
778	-0.829259	171.240574	0.009124	10.8
779	-0.806464	171.123793	0.007749	9.9
780	-1.117468	171.007223	0.015513	10.7
781	-1.127825	170.890865	0.011454	10.2
782	-0.439587	170.774718	0.006390	9.8
783	-1.226173	170.658782	0.011388	9.6
784	-0.974005	170.543055	0.010641	9.6
785	-1.275750	170.427537	0.010517	9.7
786	-0.349896	170.312227	0.007145	9.7
787	-0.945090	170.197125	0.009637	9.5
788	-0.744625	170.082231	0.007401	9.5
789	-1.118854	169.967543	0.009105	9.2
790	-1.165880	169.853061	0.009224	10.6
791	-1.243316	169.738784	0.013396	10.3
792	-1.171126	169.624713	0.010464	9.8
793	-0.896410	169.510845	0.008798	10.0
794	-1.216270	169.397181	0.011021	9.9
795	-0.498402	169.283720	0.005155	9.1
796	-0.988499	169.170462	0.010892	10.1
797	-0.920164	169.057405	0.009372	9.9
798	-1.110213	168.944549	0.011995	10.8
799	-0.085189	168.831895	0.009134	8.3
800	-1.156825	168.719440	0.010533	9.4
801	-0.831734	168.607185	0.009071	10.1
802	-0.536986	168.495129	0.006399	9.3
803	-0.847810	168.383271	0.009511	10.1
804	-0.132722	168.271611	0.001746	8.3
805	-1.240409	168.160148	0.011466	9.5
806	-1.125319	168.048882	0.010008	10.4
807	-0.983507	167.937812	0.009445	10.3
808	-1.103583	167.826938	0.011045	11.7
809	-1.193393	167.716258	0.009930	10.2
810	-0.598982	167.605773	0.007807	10.9
811	-1.286151	167.495482	0.011137	10.0
812	-0.898838	167.385384	0.008896	10.0
813	-0.758631	167.275479	0.010991	10.3
814	-1.246141	167.165766	0.010119	11.1
815	-1.221541	167.056245	0.010769	11.0
816	-0.199543	166.946915	0.006247	10.6
817	-0.324230	166.837776	0.006984	9.5
818	-0.973089	166.728826	0.011885	11.3
819	-0.652595	166.620067	0.007669	12.3
820	-1.212478	166.511496	0.009562	11.3
821	-0.505188	166.403113	0.010206	8.8
822	-0.749560	166.294919	0.009311	10.1
823	-0.608719	166.186912	0.007309	9.5
824	-0.836903	166.079091	0.009613	10.4
825	-0.918373	165.971458	0.008805	10.3
826	-0.886455	165.864009	0.011037	10.2
827	-0.834749	165.756747	0.011328	10.0
828	-1.244652	165.649669	0.009837	10.1
829	-0.347347	165.542775	0.009808	8.9
830	-0.118657	165.436065	0.003157	9.7
831	-0.857161	165.329538	0.009125	10.2
832	-1.105808	165.223194	0.010077	9.5
833	-0.436842	165.117032	0.013693	9.3
834	-1.030950	165.011052	0.009993	9.1
835	-0.912658	164.905253	0.008003	9.4
836	-0.090202	164.799635	0.004316	9.6
837	-0.808225	164.694197	0.007989	9.8
838	-0.931423	164.588939	0.009577	10.0
839	-1.342651	164.483859	0.010966	9.9
840	-0.505278	164.378959	0.007838	10.4
841	-1.004236	164.274237	0.009143	9.7
842	-1.171299	164.169692	0.011137	9.6
843	-1.066456	164.065325	0.010216	9.9
844	-1.061798	163.961135	0.009098	9.3
845	-1.164706	163.857120	0.012441	9.7
846	-1.123929	163.753282	0.009562	9.2
847	-1.160905	163.649619	0.008528	10.3
848	-0.476971	163.546130	0.007063	11.8
849	-1.047332	163.442816	0.010414	11.2
850	-1.183173	163.339676	0.010317	10.7
851	-1.107540	163.236709	0.010096	9.8
852	-0.729001	163.133915	0.009014	9.7
853	-0.381961	163.031294	0.008961	9.7
854	-1.248821	162.928844	0.010399	10.4
855	-1.238698	162.826566	0.010492	10.5
856	-0.048351	162.724459	0.004987	10.0
857	0.000000	162.622523	0.000000	10.8
858	-1.253550	162.520757	0.012079	10.2
859	-0.715897	162.419160	0.009290	12.4
860	-1.008811	162.317733	0.013433	11.4
861	-1.247400	162.216474	0.010829	10.2
862	-1.222156	162.115383	0.009988	9.3
863	-1.036738	162.014461	0.009539	10.6
864	-0.358380	161.913705	0.012942	8.7
865	-1.282289	161.813117	0.011254	10.0
866	-0.965949	161.712695	0.011636	9.6
867	-1.124087	161.612439	0.010340	9.6
868	-1.316917	161.512349	0.010534	10.0
869	-1.148426	161.412424	0.010764	9.8
870	-0.820207	161.312663	0.009581	9.7
871	-0.659625	161.213067	0.009507	9.7
872	-0.802717	161.113635	0.009580	9.4
873	-1.044440	161.014366	0.009199	10.3
874	-1.141055	160.915260	0.009754	9.7
875	-0.000000	160.816316	0.000000	9.3
876	-0.960622	160.717535	0.009611	10.1
877	-1.232979	160.618915	0.009516	10.3
878	-0.606405	160.520456	0.007999	10.0
879	-1.075421	160.422158	0.011286	10.3
880	-1.186169	160.324021	0.012157	10.7
881	-1.001786	160.226043	0.009865	9.8
882	-0.736089	160.128225	0.008266	9.8
883	-0.223566	160.030566	0.003910	9.7
884	-0.867751	159.933066	0.008132	9.7
885	-0.888238	159.835723	0.009895	10.5
886	-0.262740	159.738539	0.005411	10.3
887	-1.171219	159.641512	0.010388	9.7
888	-1.228914	159.544642	0.009069	9.8
889	-1.284419	159.447929	0.011992	10.3
890	-1.071371	159.351372	0.010805	12.3
891	-0.619946	159.254971	0.008559	11.8
892	-0.273845	159.158725	0.005151	9.9
893	-0.582567	159.062634	0.008123	9.7
894	-1.252015	158.966697	0.010318	10.2
895	-0.608573	158.870915	0.010133	9.7
896	-0.610866	158.775286	0.009256	10.1
897	-1.342562	158.679811	0.012577	9.3
898	-0.239162	158.584489	0.005211	10.1
899	-1.102966	158.489319	0.009838	9.4
900	-1.148861	158.394302	0.010344	9.1
901	-0.948078	158.299436	0.009926	9.7
902	-0.865298	158.204721	0.009273	9.9
903	-1.133940	158.110158	0.011102	9.8
904	-1.160600	158.015745	0.010294	10.1
905	-1.005732	157.921482	0.009034	9.9
906	-0.494113	157.827369	0.006729	9.8
907	-1.193779	157.733406	0.009716	9.8
908	-0.386336	157.639591	0.005440	9.9
909	-1.038019	157.545925	0.010762	10.5
910	-0.749017	157.452408	0.008835	9.8
911	-0.925902	157.359038	0.008720	9.6
912	-0.727269	157.265816	0.013131	9.7
913	-1.284920	157.172741	0.010217	9.5
914	-0.876691	157.079813	0.008157	9.5
915	-0.684689	156.987031	0.007078	9.2
916	-0.971747	156.894395	0.009303	10.0
917	-0.827407	156.801904	0.010048	9.8
918	-0.725243	156.709559	0.010000	9.4
919	-0.186735	156.617359	0.004101	9.4
920	-0.193234	156.525304	0.006571	9.8
921	-1.316923	156.433392	0.011005	9.6
922	-1.213170	156.341624	0.013655	9.8
923	-0.672222	156.250000	0.008804	9.5
924	-1.068808	156.158519	0.007669	9.8
925	-0.796850	156.067180	0.009735	9.4
926	-1.162029	155.975984	0.010756	9.2
927	-0.459584	155.884930	0.009475	9.3
928	-1.316763	155.794017	0.012695	9.5
929	-0.609886	155.703246	0.007475	9.6
930	-1.290650	155.612615	0.009195	10.0
931	-0.889820	155.522125	0.009259	12.5
932	-0.943707	155.431775	0.011484	11.2
933	-0.955537	155.341565	0.008945	11.3
934	-1.366852	155.251495	0.013062	11.7
935	-1.219236	155.161563	0.011591	9.2
936	-0.986734	155.071771	0.008500	10.1
937	-1.113676	154.982117	0.011457	9.7
938	-1.108318	154.892601	0.011064	9.7
939	-1.269831	154.803222	0.008963	10.4
940	-0.835110	154.713981	0.008478	9.8
941	-1.053392	154.624878	0.010805	9.6
942	-1.283735	154.535910	0.011643	10.2
943	-1.197162	154.447080	0.010699	9.8
944	-0.706600	154.358385	0.007870	10.2
945	-1.117889	154.269826	0.011058	9.4
946	-0.973337	154.181402	0.011198	9.8
947	-0.655014	154.093114	0.008232	9.4
948	-0.123625	154.004960	0.004108	9.5
949	-0.998160	153.916940	0.010366	9.9
950	-0.008950	153.829054	0.002649	10.0
951	0.000000	153.741303	0.000000	7.9
952	-0.841265	153.653684	0.007528	9.8
953	-1.242246	153.566198	0.009533	9.8
954	-0.210426	153.478846	0.008404	9.4
955	-1.019171	153.391625	0.009015	9.9
956	-0.856558	153.304537	0.012567	9.7
957	-1.238281	153.217580	0.010597	9.7
958	-0.166256	153.130755	0.006798	9.6
959	-1.266980	153.044061	0.011252	11.1
960	-0.300388	152.957498	0.007719	9.0
961	-1.308910	152.871065	0.009389	11.6
962	-0.296945	152.784762	0.005398	10.3
963	-1.224700	152.698589	0.011081	9.7
964	-1.204270	152.612545	0.008938	9.3
965	-1.083152	152.526631	0.010588	10.4
966	-1.185882	152.440845	0.009677	10.1
967	-0.619315	152.355188	0.006683	9.9
968	-1.061578	152.269660	0.012665	10.1
969	-0.976800	152.184259	0.010184	9.3
970	-0.877990	152.098986	0.008146	10.3
971	-0.476976	152.013840	0.005991	10.0
972	-0.673589	151.928821	0.007858	9.7
973	-0.537158	151.843928	0.007502	10.5
974	-1.059248	151.759163	0.009676	11.4
975	-0.827052	151.674523	0.008096	9.9
976	-0.970267	151.590009	0.009142	11.5
977	-1.027462	151.505620	0.010442	10.5
978	-1.171141	151.421357	0.010585	10.0
979	-1.155670	151.337218	0.010844	10.5
980	-1.174236	151.253204	0.010291	10.2
981	-0.421675	151.169314	0.006429	9.5
982	-0.574331	151.085549	0.007997	10.4
983	-0.851035	151.001907	0.009702	9.6
984	-1.264499	150.918388	0.009594	9.6
985	-0.951505	150.834992	0.009874	9.6
986	-0.472244	150.751719	0.008821	8.2
987	-0.961902	150.668569	0.009058	10.4
988	-0.726017	150.585541	0.009514	10.2
989	-1.280103	150.502634	0.012252	9.9
990	-0.941851	150.419849	0.009147	9.9
991	-1.017352	150.337186	0.010247	10.2
992	-0.879545	150.254644	0.007091	10.5
993	-1.305263	150.172222	0.013959	10.8
994	-1.116105	150.089921	0.009390	10.0
995	-1.011331	150.007740	0.011547	10.1
996	-1.146949	149.925679	0.009673	10.2
997	-1.199926	149.843737	0.011450	9.9
998	-0.926652	149.761915	0.011499	10.3
999	-1.063006	149.680212	0.010306	8.5
1000	-1.150703	149.598627	0.011983	10.0
1001	-1.019721	149.517161	0.011223	9.6
1002	-0.222872	149.435814	0.010548	8.0
1003	-1.069310	149.354584	0.010539	10.7
1004	-0.727330	149.273472	0.008888	9.8
1005	-1.278804	149.192477	0.010420	11.2
1006	-1.227144	149.111599	0.010997	10.9
1007	-1.328825	149.030838	0.009264	10.5
1008	-1.184313	148.950194	0.011227	9.9
1009	-1.302249	148.869666	0.010775	10.2
1010	-1.308515	148.789253	0.012327	9.9
1011	-1.149500	148.708957	0.009831	10.1
1012	-1.266632	148.628776	0.010129	9.9
1013	-1.196612	148.548710	0.010194	10.1
1014	-0.728460	148.468759	0.008551	10.7
1015	-1.194813	148.388923	0.011216	12.4
1016	-0.056150	148.309201	0.003538	12.2
1017	-0.974648	148.229594	0.013186	10.9
1018	-1.250869	148.150100	0.009541	9.7
1019	-0.399255	148.070719	0.007756	10.4
1020	-1.218768	147.991452	0.010448	10.3
1021	-0.646545	147.912298	0.009068	13.0
1022	-0.644635	147.833257	0.007876	9.7
1023	-1.329678	147.754329	0.012558	9.7
1024	-0.273274	147.675512	0.006905	10.3
1025	-0.588897	147.596808	0.008723	10.3
1026	-1.003354	147.518216	0.011556	10.3
1027	-1.008809	147.439735	0.011530	10.4
1028	-1.123310	147.361365	0.009452	13.0
1029	-1.142379	147.283106	0.011309	9.3
1030	-1.134972	147.204958	0.009441	10.3
1031	-0.177648	147.126920	0.006937	8.3
1032	-0.503632	147.048993	0.007201	10.0
1033	-0.733953	146.971175	0.010417	10.4
1034	-1.210975	146.893468	0.009151	8.8
1035	-0.784182	146.815869	0.009017	9.7
1036	-0.788576	146.738380	0.012018	9.6
1037	-1.099029	146.661000	0.012232	9.6
1038	-1.041319	146.583729	0.009583	9.7
1039	-1.237081	146.506566	0.012834	9.2
1040	-0.368103	146.429511	0.004248	9.4
1041	-1.072948	146.352565	0.014486	10.1
1042	-0.936113	146.275726	0.009376	9.7
1043	-1.062010	146.198994	0.010999	10.5
1044	-0.919439	146.122370	0.009809	9.8
1045	-0.233107	146.045853	0.005837	10.0
1046	-1.161719	145.969442	0.010683	10.7
1047	-0.705301	145.893139	0.010677	9.6
1048	-0.619964	145.816941	0.009899	9.6
1049	-1.404606	145.740849	0.011645	10.3
1050	-0.731015	145.664863	0.008458	10.0
1051	-0.520363	145.588983	0.006605	10.1
1052	-0.636742	145.513208	0.007226	10.2
1053	-1.297379	145.437538	0.011728	9.7
1054	-0.402945	145.361973	0.008062	10.3
1055	-0.218795	145.286513	0.009875	10.2
1056	-0.814301	145.211157	0.010956	16.0
1057	-1.169529	145.135905	0.012458	10.9
1058	-0.859638	145.060757	0.008827	11.8
1059	-0.927687	144.985712	0.011129	9.7
1060	-1.238099	144.910771	0.010353	10.1
1061	-0.836350	144.835934	0.008719	10.7
1062	-0.711766	144.761199	0.010878	10.0
1063	-1.292927	144.686567	0.011020	10.0
1064	-1.175384	144.612037	0.012612	10.0
1065	-1.239191	144.537610	0.011383	11.0
1066	-1.123781	144.463285	0.012622	9.7
1067	-1.277895	144.389062	0.011367	9.4
1068	-1.076253	144.314940	0.010652	10.2
1069	-0.963640	144.240920	0.011266	10.4
1070	-1.321084	144.167001	0.010626	10.1
1071	-1.168041	144.093182	0.010230	9.9
1072	-0.633453	144.019465	0.009203	10.2
1073	-1.063646	143.945848	0.010308	9.7
1074	-0.385085	143.872331	0.004853	9.9
1075	-0.704657	143.798914	0.007198	9.4
1076	-1.122765	143.725597	0.011549	9.4
1077	-1.199904	143.652380	0.010305	9.4
1078	-0.038220	143.579262	0.001816	10.6
1079	-0.964813	143.506243	0.010539	10.0
1080	-1.238797	143.433323	0.012008	10.5
1081	-0.807538	143.360502	0.008971	10.3
1082	-1.220504	143.287780	0.010491	9.7
1083	-0.683717	143.215155	0.008309	9.8
1084	-1.244803	143.142629	0.009598	10.0
1085	-1.344785	143.070201	0.011780	9.9
1086	-0.699493	142.997870	0.007873	10.1
1087	-0.354067	142.925637	0.006663	8.8
1088	-1.092694	142.853501	0.011290	11.9
1089	-0.851247	142.781462	0.009023	15.1
1090	-0.519831	142.709519	0.007105	13.8
1091	-0.633805	142.637674	0.009426	13.2
1092	-0.683793	142.565924	0.009985	12.7
1093	-1.227022	142.494271	0.011790	11.4
1094	-0.247879	142.422714	0.007660	13.7
1095	-1.326123	142.351252	0.013124	18.6
1096	-0.429998	142.279886	0.006458	13.0
1097	-0.971089	142.208616	0.010565	11.4
1098	-0.761290	142.137440	0.007953	13.7
1099	-0.957965	142.066360	0.008420	13.4
1100	-0.793675	141.995374	0.008016	10.7
1101	-0.762022	141.924483	0.009179	15.1
1102	-1.231221	141.853685	0.009333	14.3
1103	-1.272664	141.782983	0.009198	14.7
1104	-1.068720	141.712373	0.009105	13.2
1105	-0.413421	141.641858	0.008872	9.5
1106	-0.920334	141.571436	0.009186	12.0
1107	-0.663010	141.501108	0.008599	10.8
1108	-0.705836	141.430872	0.010251	12.1
1109	-0.263052	141.360730	0.007042	9.5
1110	-0.528406	141.290680	0.005796	10.1
1111	-0.890568	141.220722	0.009869	10.7
1112	-1.137441	141.150857	0.012591	29.2
1113	-1.305189	141.081084	0.010722	15.7
1114	-0.816434	141.011403	0.008814	14.0
1115	-0.626928	140.941813	0.008043	13.5
1116	-0.484936	140.872315	0.008678	14.4
1117	-1.001961	140.802909	0.011775	14.6
1118	-0.746240	140.733593	0.008338	14.9
1119	-1.260104	140.664369	0.011022	14.3
1120	-1.306608	140.595235	0.010921	17.6
1121	-0.704818	140.526192	0.008523	9.6
1122	-1.242067	140.457239	0.009707	10.5
1123	-0.333808	140.388376	0.008202	8.6
1124	-0.266185	140.319603	0.005164	9.5
1125	-0.861273	140.250920	0.008817	9.7
1126	-0.814961	140.182326	0.008970	12.0
1127	-0.817009	140.113822	0.009429	12.6
1128	-0.523157	140.045407	0.010147	9.8
1129	-0.892481	139.977081	0.009706	9.6
1130	-0.485471	139.908844	0.007968	9.8
1131	-1.250605	139.840696	0.012238	9.3
1132	-0.349467	139.772635	0.005751	11.5
1133	-0.531667	139.704664	0.007521	9.3
1134	-1.272624	139.636780	0.011148	10.5
1135	-1.120373	139.568984	0.010268	11.1
1136	-0.798371	139.501276	0.007805	9.4
1137	-1.050846	139.433655	0.009727	10.5
1138	-0.768487	139.366122	0.009465	9.7
1139	-0.769061	139.298676	0.007000	9.9
1140	-1.181920	139.231317	0.011700	10.1
1141	-1.144734	139.164045	0.009469	12.5
1142	-0.921843	139.096859	0.010917	8.9
1143	-0.509849	139.029760	0.006676	11.7
1144	-1.076942	138.962747	0.011084	10.1
1145	-1.211201	138.895820	0.010192	9.9
1146	-0.793449	138.828978	0.009214	10.0
1147	-0.395273	138.762223	0.007859	10.2
1148	-0.311174	138.695553	0.005981	10.4
1149	-0.582277	138.628969	0.005125	10.3
1150	-0.907092	138.562469	0.009098	10.3
1151	-1.103497	138.496055	0.011068	10.2
1152	-0.950993	138.429725	0.008698	10.1
1153	-1.115741	138.363481	0.010359	9.0
1154	-1.105212	138.297320	0.010070	10.0
1155	-1.305838	138.231244	0.010665	9.2
1156	-0.971626	138.165252	0.009460	9.8
1157	-1.182568	138.099344	0.010566	9.5
1158	-0.851898	138.033520	0.010073	9.1
1159	-1.094777	137.967779	0.009875	10.3
1160	-1.109481	137.902122	0.011021	9.5
1161	-0.418119	137.836548	0.006819	9.7
1162	-1.356099	137.771057	0.010381	10.7
1163	-1.067691	137.705649	0.012096	9.3
1164	-1.149924	137.640324	0.011857	10.5
1165	-1.306764	137.575081	0.012195	11.8
1166	-1.066429	137.509921	0.010380	10.4
1167	-0.440178	137.444842	0.009432	12.1
1168	-1.246129	137.379846	0.011042	10.7
1169	-0.942901	137.314932	0.012932	10.4
1170	-0.868076	137.250100	0.010235	10.3
1171	-0.956495	137.185349	0.009815	10.1
1172	-0.950684	137.120680	0.010337	10.7
1173	-0.598951	137.056092	0.012951	11.7
1174	-0.890374	136.991585	0.008673	10.3
1175	-0.547187	136.927158	0.009727	10.2
1176	-0.905681	136.862813	0.009192	10.2
1177	-1.336154	136.798548	0.011773	10.7
1178	-1.245828	136.734363	0.011244	10.0
1179	-1.170279	136.670259	0.010432	10.7
1180	-1.183192	136.606235	0.009272	10.6
1181	-1.139078	136.542291	0.011957	9.8
1182	-0.951125	136.478426	0.009254	9.8
1183	-1.209059	136.414641	0.010301	10.4
1184	-1.294376	136.350936	0.011344	10.4
1185	-1.287969	136.287310	0.011606	10.1
1186	-1.060226	136.223763	0.011232	9.6
1187	-0.844361	136.160295	0.009779	9.9
1188	-0.999157	136.096905	0.007413	10.5
1189	-1.243182	136.033594	0.011716	10.0
1190	-0.998060	135.970362	0.010085	9.5
1191	-1.048570	135.907208	0.009621	9.7
1192	-1.206733	135.844133	0.011094	9.3
1193	-1.091073	135.781135	0.009652	9.5
1194	-1.330880	135.718215	0.011157	9.1
1195	-1.185692	135.655373	0.011061	10.5
1196	-1.014016	135.592608	0.010016	10.4
1197	-1.095082	135.529921	0.009936	9.9
1198	-0.079105	135.467311	0.004800	9.8
1199	-1.155245	135.404778	0.008791	9.2
1200	-1.269440	135.342322	0.010159	9.2
1201	-0.721390	135.279942	0.007886	10.2
1202	-0.385676	135.217640	0.007175	9.6
1203	-0.446770	135.155413	0.005402	9.4
1204	-0.958207	135.093263	0.009183	9.9
1205	-0.117701	135.031190	0.005480	9.4
1206	-1.175330	134.969192	0.010879	9.3
1207	-1.326889	134.907270	0.008935	10.3
1208	-0.844851	134.845424	0.009261	10.9
1209	-0.877441	134.783653	0.008775	10.7
1210	-1.378577	134.721958	0.010074	10.2
1211	-0.532267	134.660338	0.007677	9.4
1212	-1.283691	134.598793	0.010726	10.7
1213	-1.073169	134.537323	0.008790	10.9
1214	-1.024716	134.475927	0.010835	12.5
1215	-1.049268	134.414607	0.010369	12.0
1216	-1.208999	134.353361	0.011225	10.2
1217	-0.741557	134.292189	0.008586	10.0
1218	-1.196277	134.231092	0.010115	10.7
1219	-1.138139	134.170068	0.012138	10.7
1220	-1.098967	134.109119	0.009108	10.0
1221	-1.293115	134.048243	0.011094	10.4
1222	-1.153741	133.987441	0.009780	9.8
1223	-1.150076	133.926713	0.009321	9.2
1224	-1.057356	133.866057	0.008187	9.8
1225	-0.299065	133.805475	0.006467	9.8
1226	-0.439762	133.744966	0.012629	9.7
1227	-0.012065	133.684530	0.000287	9.9
1228	-0.782883	133.624167	0.008702	9.4
1229	-0.962213	133.563877	0.008752	10.9
1230	-1.149663	133.503658	0.010219	11.5
1231	-0.504631	133.443513	0.007580	9.3
1232	-1.257671	133.383439	0.010733	10.8
1233	-0.817745	133.323437	0.008971	10.7
1234	-1.227231	133.263508	0.010473	9.8
1235	-0.360055	133.203650	0.007998	10.1
1236	-1.051386	133.143864	0.013335	10.3
1237	-1.319548	133.084149	0.013101	10.0
1238	-0.463396	133.024506	0.008298	10.4
1239	-1.169719	132.964934	0.010558	11.0
1240	-1.260881	132.905433	0.009953	11.0
1241	-1.319221	132.846003	0.011325	9.9
1242	-0.965455	132.786643	0.010128	9.5
1243	-1.186942	132.727355	0.010786	9.8
1244	-0.340277	132.668137	0.006995	11.8
1245	-1.217136	132.608989	0.009109	11.3
1246	-0.912653	132.549912	0.009794	10.1
1247	-0.828014	132.490904	0.007347	10.0
1248	-1.196595	132.431967	0.009777	11.4
1249	-1.182306	132.373100	0.011864	11.4
1250	-1.247897	132.314302	0.013111	10.5
1251	-0.433075	132.255574	0.004144	10.4
1252	-0.263860	132.196916	0.004269	10.3
1253	-1.191745	132.138326	0.009889	10.5
1254	-0.909044	132.079806	0.007876	10.3
1255	-0.576973	132.021355	0.006899	8.8
1256	-0.376124	131.962973	0.006758	10.2
1257	-0.653421	131.904660	0.008143	9.6
1258	-0.681144	131.846415	0.016007	8.7
1259	-1.175232	131.788239	0.010838	9.6
1260	-0.641405	131.730131	0.007225	9.3
1261	-0.757817	131.672092	0.008493	10.3
1262	-1.145606	131.614121	0.010544	9.8
1263	-0.811008	131.556217	0.009547	10.9
1264	-0.794671	131.498382	0.007675	10.1
1265	-0.592374	131.440614	0.008383	9.5
1266	-1.157501	131.382914	0.010383	10.1
1267	-0.370221	131.325282	0.004446	10.4
1268	-0.601164	131.267717	0.007524	10.2
1269	-0.960732	131.210219	0.009993	9.7
1270	-1.182289	131.152788	0.010665	9.8
1271	-1.046778	131.095424	0.008818	10.1
1272	-1.258234	131.038127	0.011463	10.5
1273	-0.251009	130.980897	0.004944	9.1
1274	-1.010998	130.923733	0.008843	9.8
1275	-1.077409	130.866636	0.009042	9.2
1276	-0.692182	130.809605	0.007534	9.4
1277	-0.689633	130.752641	0.012470	10.0
1278	-1.239478	130.695742	0.010666	10.0
1279	-0.191964	130.638910	0.006372	10.0
1280	-0.989449	130.582143	0.010351	10.1
1281	-0.958600	130.525442	0.008912	9.6
1282	-1.270899	130.468807	0.011723	9.7
1283	-1.295659	130.412237	0.010682	10.1
1284	-0.763790	130.355733	0.007882	9.9
1285	-0.254568	130.299294	0.010031	10.0
1286	-0.736068	130.242920	0.007274	9.8
1287	-0.781037	130.186611	0.008666	9.4
1288	-0.181772	130.130366	0.004775	9.9
1289	-1.367838	130.074187	0.011206	9.3
1290	-1.243133	130.018072	0.011582	10.7
1291	-1.017794	129.962022	0.008279	10.0
1292	-0.458260	129.906036	0.008929	10.2
1293	-0.439822	129.850114	0.009779	9.9
1294	-0.960838	129.794257	0.009922	10.3
1295	-0.536239	129.738463	0.006484	10.4
1296	-1.162576	129.682734	0.014753	10.7
1297	-0.470095	129.627068	0.007085	10.7
1298	-1.163249	129.571466	0.010318	9.5
1299	-1.176897	129.515927	0.009464	10.4
1300	-0.851319	129.460452	0.009004	9.9
1301	-0.242056	129.405040	0.006738	8.3
1302	-0.672919	129.349692	0.007875	10.6
1303	-0.992242	129.294406	0.011757	10.2
1304	-1.047943	129.239183	0.011603	10.3
1305	-0.733667	129.184024	0.007901	9.8
1306	-0.282081	129.128927	0.004681	9.1
1307	-1.115126	129.073892	0.011004	9.7
1308	-0.665858	129.018921	0.006738	9.2
1309	-1.070516	128.964011	0.010989	10.9
1310	-0.996456	128.909164	0.010034	9.3
1311	-1.242501	128.854379	0.011559	9.3
1312	-0.214296	128.799656	0.006110	10.3
1313	-0.978476	128.744995	0.009158	9.6
1314	-1.305427	128.690396	0.011043	9.6
1315	-1.223730	128.635858	0.010101	9.5
1316	-0.446520	128.581382	0.009599	8.6
1317	-1.008108	128.526968	0.012168	9.7
1318	-1.166720	128.472615	0.010863	9.5
1319	-0.352080	128.418323	0.008250	10.0
1320	-1.036434	128.364092	0.010468	9.6
1321	-0.808883	128.309922	0.010867	9.2
1322	-1.000986	128.255814	0.010720	9.7
1323	-1.196968	128.201766	0.010214	11.1
1324	-0.218171	128.147778	0.004405	9.4
1325	-1.219317	128.093852	0.008999	10.7
1326	-0.916399	128.039985	0.009721	9.9
1327	-0.731455	127.986180	0.007971	9.9
1328	-0.674721	127.932434	0.007748	10.3
1329	-1.210077	127.878749	0.010677	9.4
1330	-1.279363	127.825123	0.012890	10.1
1331	-0.476400	127.771558	0.008042	10.2
1332	-0.999460	127.718052	0.008712	10.5
1333	-0.622431	127.664606	0.009879	10.5
1334	-1.333319	127.611220	0.009977	11.6
1335	-1.349050	127.557893	0.011991	10.2
1336	-1.329184	127.504625	0.009770	10.4
1337	-0.304777	127.451417	0.007525	11.6
1338	-0.851158	127.398268	0.009464	11.5
1339	-0.952343	127.345178	0.009416	10.4
1340	-0.996665	127.292147	0.008071	10.4
1341	-1.195463	127.239175	0.010647	9.6
1342	-1.030442	127.186261	0.013048	9.9
1343	-0.915238	127.133407	0.007619	10.1
1344	-1.174553	127.080610	0.010339	10.9
1345	-0.843239	127.027872	0.009047	10.0
1346	-0.871198	126.975193	0.010414	10.2
1347	-1.064570	126.922572	0.012443	10.1
1348	-1.297058	126.870008	0.010411	10.7
1349	-1.110760	126.817503	0.011177	9.8
1350	-1.122227	126.765056	0.010180	9.2
1351	-1.261989	126.712667	0.012379	9.9
1352	-0.551987	126.660335	0.007001	9.4
1353	-1.006845	126.608061	0.010847	9.7
1354	-1.021719	126.555844	0.010833	9.2
1355	-0.074633	126.503685	0.003059	10.2
1356	-0.462509	126.451583	0.008583	10.6
1357	-1.256502	126.399538	0.009276	10.2
1358	-0.006511	126.347550	0.001621	9.5
1359	-1.102783	126.295619	0.009482	10.0
1360	-0.803784	126.243745	0.011137	9.8
1361	-0.129831	126.191928	0.003519	10.0
1362	-1.175615	126.140168	0.012670	10.1
1363	-1.028873	126.088464	0.011360	9.9
1364	-0.923214	126.036817	0.009086	10.1
1365	-0.607981	125.985226	0.010614	9.4
1366	-0.856395	125.933691	0.009475	9.7
1367	-0.306944	125.882212	0.007321	9.8
1368	-0.530952	125.830790	0.007307	9.3
1369	-1.163805	125.779423	0.009864	9.3
1370	-0.005700	125.728113	0.002881	10.7
1371	-0.702452	125.676858	0.010066	9.5
1372	-1.335548	125.625659	0.010321	10.9
1373	-0.261241	125.574515	0.006875	12.0
1374	-1.212232	125.523427	0.008900	10.4
1375	-1.207971	125.472394	0.010306	9.6
1376	-1.028038	125.421417	0.009142	10.5
1377	-1.279141	125.370495	0.010859	10.1
1378	-1.298196	125.319628	0.009599	10.5
1379	-0.986714	125.268815	0.008916	12.5
1380	-1.256389	125.218058	0.011215	9.9
1381	-1.296793	125.167356	0.010023	9.6
1382	-1.272425	125.116708	0.009170	10.4
1383	-1.149700	125.066115	0.011923	10.0
1384	-1.293380	125.015576	0.010839	10.7
1385	-1.143453	124.965092	0.010616	10.2
1386	-1.206814	124.914662	0.011579	14.3
1387	-1.334702	124.864287	0.010801	10.3
1388	-1.213510	124.813965	0.011339	9.4
1389	-0.490709	124.763698	0.008659	8.9
1390	-1.366831	124.713485	0.013708	9.8
1391	-1.285377	124.663325	0.009558	9.8
1392	-0.605364	124.613219	0.007512	10.2
1393	-0.550672	124.563167	0.006153	10.8
1394	-1.291723	124.513168	0.010053	9.8
1395	-1.194244	124.463223	0.011971	9.6
1396	-0.881959	124.413332	0.011832	10.1
1397	-0.189116	124.363493	0.006402	9.4
1398	-1.062179	124.313708	0.009797	9.8
1399	-1.070359	124.263976	0.011052	9.6
1400	-1.357360	124.214297	0.011193	10.0
1401	-0.633946	124.164671	0.006768	9.8
1402	-0.957458	124.115097	0.010367	9.2
1403	-1.320318	124.065577	0.011813	9.6
1404	0.000000	124.016109	0.000000	9.3
1405	-1.265803	123.966693	0.011604	10.7
1406	-1.315726	123.917330	0.011904	10.7
1407	-1.120237	123.868020	0.011061	11.6
1408	-0.377781	123.818762	0.006156	9.4
1409	-1.190488	123.769556	0.010008	9.8
1410	-0.615667	123.720402	0.008356	10.0
1411	-0.817906	123.671300	0.008286	18.4
1412	-0.857422	123.622250	0.008925	32.8
1413	-0.945228	123.573252	0.009851	17.6
1414	-0.012209	123.524305	0.000733	19.8
1415	-0.581826	123.475411	0.011254	11.7
1416	-0.918203	123.426568	0.011032	10.0
1417	-0.923628	123.377776	0.009433	10.3
1418	-0.817935	123.329036	0.009686	9.3
1419	-1.073219	123.280347	0.008069	10.0
1420	-1.345723	123.231709	0.011858	9.9
1421	-0.564199	123.183122	0.008893	10.7
1422	-0.007508	123.134587	0.002438	11.6
1423	-0.118650	123.086102	0.003461	9.6
1424	-0.849554	123.037669	0.008613	9.1
1425	-1.165984	122.989286	0.010259	9.8
1426	-0.983718	122.940954	0.010596	10.0
1427	-0.795729	122.892672	0.010882	9.5
1428	-1.067333	122.844441	0.012970	10.4
1429	-0.557381	122.796261	0.009161	11.1
1430	-1.240987	122.748130	0.010383	12.4
1431	-0.360033	122.700050	0.005185	11.5
1432	-1.165181	122.652021	0.010135	10.6
1433	-0.594562	122.604041	0.006278	10.3
1434	-1.374625	122.556111	0.012583	9.9
1435	-1.187387	122.508232	0.011101	10.3
1436	-1.368505	122.460402	0.012177	10.6
1437	-0.538611	122.412622	0.009098	9.2
1438	-0.843965	122.364891	0.008622	9.9
1439	-0.853810	122.317210	0.008590	10.2
1440	-0.260023	122.269579	0.004990	9.3
1441	-0.599426	122.221997	0.007917	10.1
1442	-0.763511	122.174465	0.006675	9.9
1443	-0.768618	122.126981	0.009235	10.6
1444	-1.141413	122.079547	0.011265	10.5
1445	-0.462842	122.032162	0.007332	9.8
1446	-1.001337	121.984826	0.008601	9.8
1447	-0.605441	121.937539	0.008221	9.7
1448	-0.230642	121.890301	0.006127	10.0
1449	-0.914763	121.843112	0.011672	11.4
1450	-0.800165	121.795971	0.009673	13.3
1451	-1.298617	121.748879	0.011388	10.1
1452	-0.971289	121.701835	0.013102	9.8
1453	-0.473416	121.654840	0.007251	10.2
1454	-0.777968	121.607893	0.009143	9.6
1455	-0.423802	121.560994	0.005814	10.0
1456	-0.739709	121.514144	0.012879	10.1
1457	-1.133287	121.467342	0.011071	9.9
1458	-1.284993	121.420588	0.012387	9.2
1459	-0.654970	121.373882	0.007638	9.3
1460	-1.108096	121.327223	0.011409	9.0
1461	-1.133543	121.280613	0.010303	10.2
1462	-0.750952	121.234050	0.008107	9.2
1463	-1.310403	121.187535	0.011244	10.1
1464	0.000000	121.141067	0.000000	9.8
1465	-1.103059	121.094647	0.011072	9.8
1466	-1.253543	121.048274	0.012180	9.5
1467	-0.999424	121.001949	0.012674	9.7
1468	-1.033267	120.955671	0.007630	9.5
1469	-1.324885	120.909440	0.009669	9.2
1470	-0.457713	120.863256	0.008062	10.0
1471	-0.083367	120.817119	0.001976	11.0
1472	-0.815176	120.771029	0.008732	9.7
1473	-1.174564	120.724986	0.009960	10.6
1474	-0.966527	120.678990	0.010101	9.9
1475	-1.276655	120.633040	0.014451	9.7
1476	-1.156747	120.587137	0.011515	10.8
1477	-1.182935	120.541281	0.009503	9.8
1478	-1.370268	120.495471	0.011083	9.9
1479	-1.139393	120.449707	0.008944	10.3
1480	-0.995757	120.403990	0.011771	10.2
1481	-1.293184	120.358319	0.012130	10.3
1482	-1.003355	120.312694	0.010801	9.5
1483	-0.783403	120.267115	0.012224	9.9
1484	-1.310890	120.221582	0.013103	9.8
1485	-0.918818	120.176096	0.010633	9.4
1486	-0.942102	120.130655	0.010824	9.5
1487	-0.673819	120.085260	0.009694	9.4
1488	-0.378290	120.039910	0.006177	9.2
1489	-0.610717	119.994606	0.009141	10.7
1490	-1.239529	119.949348	0.012156	10.1
1491	-0.869351	119.904135	0.008480	13.1
1492	-0.966723	119.858968	0.009820	10.3
1493	-0.754439	119.813846	0.010775	9.7
1494	-0.816607	119.768769	0.010069	9.5
1495	-1.313365	119.723738	0.012518	10.5
1496	-1.202877	119.678752	0.010218	12.6
1497	-0.787350	119.633810	0.008498	10.6
1498	-0.280651	119.588914	0.005935	10.1
1499	-1.225114	119.544062	0.010596	9.4
1500	-0.711863	119.499256	0.008149	10.8
1501	-1.326032	119.454494	0.010896	9.7
1502	-0.292745	119.409777	0.006279	9.9
1503	-1.171891	119.365104	0.010443	10.3
1504	-1.199197	119.320476	0.012133	11.6
1505	-1.169512	119.275893	0.009173	10.5
1506	-0.952046	119.231353	0.011504	9.9
1507	-1.137241	119.186859	0.009933	10.8
1508	-0.512246	119.142408	0.010480	9.9
1509	-1.220211	119.098002	0.011872	10.7
1510	-0.591159	119.053639	0.012646	10.1
1511	-0.337846	119.009321	0.008833	9.7
1512	-1.266852	118.965047	0.010817	10.1
1513	-0.235146	118.920816	0.008187	8.9
1514	-1.219705	118.876630	0.010909	10.7
1515	-1.354566	118.832487	0.010674	10.0
1516	-1.268656	118.788388	0.011245	9.6
1517	-0.257795	118.744332	0.007713	9.2
1518	-1.217547	118.700320	0.011200	10.5
1519	-0.432725	118.656352	0.006967	8.6
1520	-0.450872	118.612427	0.007043	9.9
1521	-0.242625	118.568545	0.005169	9.7
1522	-0.558777	118.524706	0.008635	9.2
1523	-0.904892	118.480911	0.010180	10.2
1524	-1.262892	118.437159	0.011077	9.7
1525	-0.738334	118.393450	0.007878	9.0
1526	-0.978514	118.349784	0.009741	10.2
1527	-0.778965	118.306160	0.008205	12.4
1528	-0.685881	118.262580	0.009380	9.7
1529	-0.701757	118.219042	0.007863	10.9
1530	-0.494993	118.175548	0.009293	9.7
1531	-1.121385	118.132095	0.010707	10.6
1532	-0.957551	118.088686	0.010925	12.4
1533	-1.099685	118.045319	0.008532	12.1
1534	-0.724979	118.001994	0.008635	12.3
1535	-0.172501	117.958712	0.002536	11.9
1536	-1.299341	117.915472	0.010642	10.5
1537	-1.065415	117.872274	0.011844	9.3
1538	-0.965953	117.829118	0.009886	10.2
1539	-1.296175	117.786005	0.012811	9.7
1540	-1.271638	117.742933	0.008975	9.4
1541	-0.870201	117.699904	0.009143	10.5
1542	-0.963375	117.656916	0.009580	9.3
1543	-1.290883	117.613971	0.009199	10.3
1544	-1.227073	117.571067	0.010148	10.0
1545	-0.085998	117.528205	0.003070	9.1
1546	-1.299897	117.485384	0.010369	10.3
1547	-1.026343	117.442605	0.010029	10.2
1548	-1.191616	117.399867	0.010250	9.7
1549	-0.978452	117.357171	0.010828	10.5
1550	-0.528281	117.314517	0.007748	9.4
1551	-0.834275	117.271903	0.010389	9.5
1552	-0.634636	117.229331	0.007117	9.7
1553	-0.969815	117.186800	0.011208	9.4
1554	-1.258048	117.144311	0.009827	9.2
1555	-0.733749	117.101862	0.007969	10.0
1556	-1.007867	117.059454	0.011757	10.0
1557	-0.570520	117.017087	0.006269	9.9
1558	-1.059586	116.974762	0.010004	10.3
1559	-0.799419	116.932476	0.007652	10.0
1560	-1.093805	116.890232	0.009966	9.9
1561	-0.382710	116.848028	0.007247	10.3
1562	-1.098509	116.805865	0.011233	10.9
1563	-0.921979	116.763743	0.010030	10.4
1564	-1.107339	116.721661	0.010881	10.1
1565	-0.145027	116.679619	0.005307	10.1
1566	-1.142349	116.637618	0.011229	10.1
1567	-1.142658	116.595657	0.010433	9.9
1568	-1.132152	116.553736	0.010097	10.5
1569	-1.341074	116.511855	0.011068	9.6
1570	-0.954699	116.470015	0.009372	9.7
1571	-1.257414	116.428214	0.010051	10.0
1572	-1.104867	116.386454	0.011097	9.3
1573	-1.355732	116.344733	0.009910	14.2
1574	-0.715931	116.303052	0.008073	10.6
1575	-0.665743	116.261412	0.009755	11.9
1576	-0.995156	116.219810	0.009267	10.4
1577	-0.826926	116.178249	0.009822	9.6
1578	-1.252098	116.136727	0.010507	10.1
1579	-0.914215	116.095245	0.007736	9.7
1580	-1.161887	116.053802	0.010263	10.0
1581	-1.171428	116.012398	0.012390	9.5
1582	-1.315509	115.971034	0.011551	9.8
1583	-0.064870	115.929710	0.009276	8.6
1584	-0.323205	115.888424	0.005688	9.3
1585	-0.932570	115.847178	0.009086	9.8
1586	-0.832182	115.805970	0.009409	10.4
1587	-1.232031	115.764802	0.011425	9.8
1588	-0.923797	115.723673	0.009549	9.7
1589	-0.873049	115.682583	0.009107	9.9
1590	-0.525565	115.641532	0.006713	10.7
1591	-0.044644	115.600519	0.002324	9.6
1592	-0.802408	115.559546	0.006772	9.7
1593	-0.958717	115.518610	0.010784	10.1
1594	-1.371874	115.477714	0.011871	9.9
1595	-1.353772	115.436856	0.010324	9.5
1596	-0.377210	115.396037	0.008573	8.5
1597	-1.061014	115.355256	0.010246	9.0
1598	-0.991221	115.314514	0.010083	10.7
1599	-1.244627	115.273810	0.009154	9.7
1600	-1.275281	115.233144	0.012394	10.1
1601	-1.153888	115.192517	0.010557	10.0
1602	-0.989773	115.151927	0.009452	8.9
1603	-1.365070	115.111376	0.013872	10.2
1604	0.000000	115.070863	0.000000	10.6
1605	-1.086642	115.030388	0.012424	8.9
1606	-1.198556	114.989951	0.009970	9.9
1607	-1.304075	114.949551	0.011339	9.4
1608	-0.039392	114.909190	0.002873	10.0
1609	-0.784974	114.868866	0.008656	9.4
1610	-1.107042	114.828580	0.010205	10.6
1611	-0.811409	114.788332	0.007618	9.6
1612	-1.121717	114.748121	0.012446	9.5
1613	-1.172672	114.707948	0.009804	9.9
1614	-1.176922	114.667812	0.012091	10.4
1615	-1.026350	114.627714	0.011363	11.3
1616	-1.242203	114.587653	0.009961	12.0
1617	-1.283791	114.547629	0.011890	9.7
1618	-1.105256	114.507643	0.009594	10.6
1619	-0.845375	114.467693	0.008587	10.1
1620	-1.302911	114.427781	0.010068	10.7
1621	-0.993939	114.387907	0.010238	10.7
1622	-1.228364	114.348069	0.011675	9.9
1623	-0.605261	114.308268	0.007123	10.0
1624	-0.999438	114.268504	0.011268	9.9
1625	-1.079898	114.228777	0.009731	10.9
1626	-1.335258	114.189086	0.010608	11.0
1627	-1.031212	114.149433	0.010811	11.7
1628	-0.371540	114.109816	0.006792	9.4
1629	-0.804567	114.070235	0.008587	10.8
1630	-1.256108	114.030692	0.009829	10.1
1631	-1.259698	113.991185	0.011191	9.7
1632	-0.895153	113.951714	0.008627	10.6
1633	-1.210287	113.912280	0.012091	9.7
1634	-0.153624	113.872882	0.005582	9.3
1635	-0.490761	113.833521	0.006394	10.0
1636	-0.741446	113.794195	0.007739	9.8
1637	-1.297094	113.754906	0.010386	10.2
1638	-0.861822	113.715653	0.008109	9.5
1639	-1.147896	113.676437	0.009980	9.5
1640	-1.373396	113.637256	0.010078	9.6
1641	-0.992813	113.598111	0.009863	9.2
1642	-0.929711	113.559002	0.008522	9.7
1643	-0.349254	113.519929	0.006397	9.3
1644	-0.948253	113.480892	0.009347	9.9
1645	-1.184442	113.441891	0.011345	9.8
1646	-0.434252	113.402925	0.008576	9.4
1647	-1.356730	113.363995	0.012304	10.1
1648	-1.180253	113.325101	0.009315	10.3
1649	-1.270841	113.286242	0.011823	9.9
1650	-0.947283	113.247419	0.009527	9.9
1651	-0.215665	113.208631	0.004606	9.3
1652	-1.053624	113.169879	0.008564	10.0
1653	-0.500800	113.131162	0.007068	9.7
1654	-1.250405	113.092480	0.011741	9.4
1655	-0.713642	113.053833	0.008561	9.3
1656	-1.252033	113.015222	0.011438	11.2
1657	-0.000001	112.976646	0.000002	10.5
1658	-1.172566	112.938105	0.011603	10.0
1659	-0.536047	112.899599	0.006431	11.3
1660	-1.419867	112.861128	0.011393	9.3
1661	-1.296528	112.822692	0.010302	10.6
1662	-0.015679	112.784291	0.003003	10.3
1663	-1.024114	112.745924	0.012322	10.2
1664	-0.439960	112.707593	0.010226	10.1
1665	-1.001672	112.669296	0.009350	10.0
1666	-0.952071	112.631034	0.010952	10.1
1667	-0.474253	112.592806	0.007285	9.8
1668	-1.255611	112.554613	0.011550	10.1
1669	-0.173678	112.516455	0.003574	10.5
1670	-0.026231	112.478331	0.001198	10.2
1671	-1.091045	112.440241	0.010530	10.3
1672	-0.628692	112.402186	0.007727	10.0
1673	-0.737418	112.364165	0.008619	9.8
1674	-0.894065	112.326179	0.010274	9.7
1675	-1.114623	112.288227	0.010509	9.7
1676	-0.908581	112.250309	0.010145	9.8
1677	-1.022643	112.212425	0.009974	9.8
1678	-1.309049	112.174575	0.012321	9.6
1679	-1.403220	112.136759	0.011945	9.2
1680	-1.116285	112.098977	0.010276	10.4
1681	-1.285512	112.061229	0.011399	11.2
1682	-0.627643	112.023515	0.008397	9.1
1683	-0.881804	111.985834	0.009354	11.1
1684	-1.085761	111.948188	0.012644	10.0
1685	-1.066094	111.910575	0.009204	10.0
1686	-0.829924	111.872996	0.009085	10.0
1687	-1.026999	111.835450	0.008721	9.3
1688	-0.886519	111.797939	0.008020	9.9
1689	-1.193112	111.760460	0.009495	9.9
1690	-0.838087	111.723015	0.009233	9.8
1691	-1.096122	111.685604	0.011850	8.9
1692	-0.869528	111.648226	0.008435	9.2
1693	-0.241120	111.610881	0.005378	9.7
1694	-1.185618	111.573570	0.008919	9.5
1695	-1.251929	111.536292	0.010567	9.4
1696	-0.442531	111.499047	0.005261	9.5
1697	-0.861363	111.461835	0.008570	10.4
1698	-0.326554	111.424656	0.006950	12.9
1699	-1.154188	111.387510	0.010977	9.7
1700	-1.071655	111.350398	0.011454	9.0
1701	-0.928118	111.313318	0.008620	10.2
1702	-1.300110	111.276271	0.012246	9.7
1703	-1.246549	111.239257	0.011430	10.1
1704	-0.452292	111.202276	0.007213	10.5
1705	-1.211747	111.165328	0.009451	10.4
1706	-0.818786	111.128412	0.012213	9.7
1707	-0.712920	111.091529	0.008487	10.1
1708	-0.483556	111.054679	0.006478	10.8
1709	-1.049216	111.017861	0.011388	10.4
1710	-1.108552	110.981076	0.011327	10.3
1711	-0.193683	110.944323	0.003133	9.4
1712	-0.920116	110.907603	0.009953	9.8
1713	-1.178791	110.870915	0.009718	9.7
1714	-1.177966	110.834259	0.009789	9.2
1715	-1.024983	110.797636	0.010524	9.3
1716	-1.305765	110.761045	0.011446	10.1
1717	-0.799091	110.724486	0.009759	10.0
1718	-0.878232	110.687959	0.008628	9.8
1719	-1.280882	110.651465	0.009903	10.5
1720	-0.083247	110.615002	0.004811	10.5
1721	-1.137751	110.578572	0.011483	10.2
1722	-0.358195	110.542173	0.009001	9.4
1723	-0.252018	110.505807	0.007114	10.5
1724	-1.225159	110.469472	0.009025	12.1
1725	-0.806998	110.433169	0.008650	10.2
1726	-1.279119	110.396898	0.011585	11.9
1727	-0.746193	110.360659	0.007872	9.9
1728	-0.842348	110.324451	0.008398	9.9
1729	-1.287405	110.288276	0.008972	10.1
1730	-0.981194	110.252131	0.013599	9.9
1731	-1.148646	110.216019	0.008036	10.4
1732	-1.153693	110.179937	0.012111	10.2
1733	-0.701496	110.143888	0.008944	10.1
1734	-1.200361	110.107869	0.011535	8.8
1735	-0.613170	110.071882	0.008704	10.0
1736	-0.936928	110.035927	0.009545	9.4
1737	-1.047882	110.000003	0.009342	9.9
1738	-0.814793	109.964110	0.007392	9.8
1739	-1.285382	109.928248	0.012052	9.7
1740	-0.968918	109.892417	0.009489	10.5
1741	-1.086906	109.856618	0.008112	11.4
1742	-1.176767	109.820850	0.010499	9.5
1743	-1.217789	109.785112	0.011304	9.8
1744	-1.255434	109.749406	0.011492	10.4
1745	-1.319233	109.713730	0.011478	9.3
1746	-0.756912	109.678086	0.010589	10.6
1747	-0.767583	109.642472	0.009013	9.8
1748	-0.848752	109.606890	0.011684	9.5
1749	-1.327412	109.571337	0.011431	10.0
1750	-0.998875	109.535816	0.009388	10.3
1751	-1.031092	109.500326	0.010683	10.2
1752	-0.887937	109.464866	0.010325	10.5
1753	-1.179927	109.429436	0.009880	9.8
1754	-0.304476	109.394038	0.006608	10.8
1755	-1.273198	109.358669	0.011778	10.1
1756	-1.192367	109.323331	0.011786	9.8
1757	-1.262339	109.288024	0.011640	10.1
1758	-1.206537	109.252747	0.008992	9.7
1759	-1.278570	109.217501	0.013250	9.9
1760	-1.008828	109.182284	0.012316	9.4
1761	-1.277522	109.147098	0.010653	9.2
1762	-0.846262	109.111942	0.010892	10.1
1763	-0.502312	109.076817	0.006955	10.2
1764	-0.215460	109.041721	0.006496	10.1
1765	-1.127689	109.006656	0.011156	9.2
1766	-1.374180	108.971620	0.013471	9.5
1767	-0.047917	108.936615	0.004258	9.5
1768	-1.252385	108.901640	0.011329	10.0
1769	-1.093147	108.866694	0.009805	9.8
1770	-1.366931	108.831779	0.015783	9.6
1771	-0.861634	108.796893	0.008888	9.4
1772	-0.726927	108.762037	0.008759	9.2
1773	-0.379015	108.727211	0.006714	9.6
1774	-1.178623	108.692415	0.010697	9.1
1775	-1.088333	108.657648	0.009331	9.8
1776	-1.148575	108.622911	0.012049	9.6
1777	-1.095063	108.588203	0.010355	9.6
1778	-0.490828	108.553525	0.007512	10.4
1779	-0.218654	108.518877	0.009376	10.2
1780	-0.370922	108.484258	0.005901	10.7
1781	-1.208094	108.449668	0.010273	11.4
1782	-0.897946	108.415108	0.010901	10.8
1783	-1.335402	108.380578	0.010694	10.1
1784	-1.161417	108.346076	0.014876	10.5
1785	-0.069463	108.311604	0.001240	10.2
1786	-0.697763	108.277161	0.007213	10.6
1787	-1.269108	108.242747	0.011515	12.4
1788	-1.243326	108.208363	0.011996	9.9
1789	-1.223511	108.174007	0.010830	10.1
1790	-0.740606	108.139681	0.009221	9.8
1791	-0.901560	108.105383	0.008995	10.1
1792	-0.870402	108.071115	0.011519	10.7
1793	-1.316509	108.036875	0.011045	10.3
1794	-1.324137	108.002665	0.012195	10.2
1795	-1.111758	107.968483	0.010036	10.2
1796	-0.308911	107.934330	0.005724	10.0
1797	-0.455325	107.900206	0.008248	9.9
1798	-0.651945	107.866111	0.009221	10.2
1799	-1.222564	107.832044	0.008921	9.5
1800	-1.175989	107.798007	0.009050	10.0
1801	-0.034639	107.763997	0.000992	9.8
1802	-0.233668	107.730017	0.004951	9.3
1803	-1.112072	107.696065	0.011597	9.3
1804	-0.275117	107.662141	0.006668	10.3
1805	-1.197012	107.628246	0.011073	10.0
1806	-1.119391	107.594379	0.008718	10.0
1807	-1.198106	107.560541	0.011628	10.3
1808	-1.168405	107.526731	0.011518	10.6
1809	-0.358072	107.492949	0.008794	10.2
1810	-1.218448	107.459196	0.010692	9.8
1811	-0.086020	107.425471	0.005954	9.6
1812	-0.722566	107.391774	0.011806	10.1
1813	-0.991404	107.358106	0.008582	10.3
1814	-0.771486	107.324465	0.008763	9.6
1815	-0.683446	107.290853	0.007400	9.7
1816	-1.037243	107.257268	0.010142	11.0
1817	-1.240094	107.223712	0.009407	9.9
1818	-1.172916	107.190184	0.009444	9.6
1819	-1.310321	107.156683	0.010912	9.9
1820	-0.737495	107.123211	0.007309	9.8
1821	-1.328526	107.089766	0.010731	9.3
1822	-0.969552	107.056349	0.009866	15.6
1823	-1.007590	107.022960	0.010568	11.9
1824	-1.081130	106.989599	0.009337	10.0
1825	-0.514984	106.956265	0.009347	9.5
1826	-1.126661	106.922960	0.010533	10.6
1827	-1.316581	106.889681	0.014892	12.0
1828	-0.303814	106.856431	0.004098	10.0
1829	-0.670826	106.823208	0.008309	10.8
1830	-0.951946	106.790012	0.010375	10.1
1831	-0.879455	106.756844	0.008458	10.5
1832	-1.164901	106.723703	0.011667	10.6
1833	-1.030597	106.690590	0.009786	10.2
1834	-0.800460	106.657505	0.009386	9.7
1835	-0.420825	106.624446	0.006393	10.2
1836	-0.991703	106.591415	0.009603	9.6
1837	-0.936446	106.558411	0.008380	10.2
1838	-0.909154	106.525435	0.013067	10.0
1839	-0.982634	106.492485	0.010862	9.4
1840	-1.102317	106.459563	0.011113	9.8
1841	-0.921930	106.426668	0.008991	9.4
1842	-1.199395	106.393800	0.011250	9.3
1843	-1.201940	106.360959	0.011183	10.3
1844	-1.231424	106.328145	0.013460	9.7
1845	-1.227543	106.295358	0.011537	9.9
1846	-1.074369	106.262598	0.011377	9.8
1847	-1.294616	106.229865	0.010855	10.4
1848	-0.159478	106.197158	0.005913	10.6
1849	-0.539002	106.164479	0.006699	9.8
1850	-0.961464	106.131826	0.009153	11.0
1851	-0.844995	106.099201	0.010246	10.4
1852	-0.991755	106.066602	0.011834	10.2
1853	-1.137774	106.034029	0.010413	10.0
1854	-0.941247	106.001483	0.010607	10.3
1855	-1.296492	105.968964	0.011761	10.0
1856	-1.377513	105.936472	0.011810	9.6
1857	-1.021034	105.904006	0.016163	9.6
1858	-1.163211	105.871566	0.008665	9.2
1859	-0.487660	105.839153	0.007575	9.8
1860	-1.228418	105.806767	0.012810	9.3
1861	-1.281781	105.774407	0.012855	10.7
1862	-0.861162	105.742073	0.010924	11.1
1863	-0.593625	105.709766	0.010289	13.0
1864	-0.290593	105.677485	0.007580	8.6
1865	-0.573092	105.645230	0.010070	8.7
1866	-0.364494	105.613001	0.007109	9.0
1867	-0.672273	105.580799	0.010322	10.5
1868	-0.175166	105.548623	0.005347	12.7
1869	-0.859419	105.516473	0.013202	10.0
1870	-0.519495	105.484349	0.006620	10.6
1871	-1.379124	105.452251	0.012466	10.5
1872	-1.129698	105.420179	0.012061	10.0
1873	-1.201233	105.388133	0.010003	10.1
1874	-1.106391	105.356113	0.013198	10.0
1875	-0.267127	105.324119	0.005298	9.6
1876	-0.527149	105.292151	0.005598	9.4
1877	-0.782872	105.260209	0.008026	10.1
1878	-0.348343	105.228293	0.006485	9.6
1879	-1.032528	105.196402	0.009977	9.7
1880	-1.188491	105.164537	0.009898	10.3
1881	-0.409266	105.132698	0.004986	9.9
1882	-1.233289	105.100885	0.010818	9.6
1883	-1.085489	105.069097	0.008032	9.4
1884	-0.973144	105.037335	0.009331	9.6
1885	-1.134513	105.005598	0.011256	9.2
1886	-0.752949	104.973887	0.008243	9.0
1887	-1.280576	104.942202	0.011558	9.9
1888	-1.063455	104.910542	0.009239	10.0
1889	-0.874038	104.878907	0.008866	9.9
1890	-0.334878	104.847298	0.004564	10.4
1891	-1.385216	104.815715	0.011776	10.1
1892	-0.646849	104.784156	0.010823	10.2
1893	-1.346104	104.752623	0.014084	11.7
1894	-0.668974	104.721116	0.011154	10.2
1895	-0.940018	104.689633	0.012414	10.0
1896	-1.074506	104.658176	0.009266	9.6
1897	-0.929732	104.626744	0.009868	9.7
1898	-0.756631	104.595337	0.011088	9.6
1899	-1.063608	104.563955	0.010518	9.3
1900	-1.297202	104.532599	0.011365	9.4
1901	-1.259256	104.501267	0.010370	9.3
1902	-1.215419	104.469960	0.011187	9.7
1903	-1.182332	104.438679	0.011029	11.4
1904	-0.647125	104.407422	0.006990	13.8
1905	-1.146530	104.376191	0.011437	10.8
1906	-1.226588	104.344984	0.011454	11.3
1907	-1.337906	104.313802	0.011993	9.8
1908	-0.826343	104.282645	0.010230	8.8
1909	-0.773495	104.251513	0.009484	9.8
1910	-1.061949	104.220405	0.011690	12.2
1911	-0.065819	104.189323	0.003323	10.6
1912	-0.688553	104.158265	0.007855	9.6
1913	-0.058932	104.127231	0.001572	8.4
1914	-0.197580	104.096222	0.006944	10.4
1915	-0.500778	104.065238	0.006086	10.2
1916	-0.883299	104.034279	0.008151	9.7
1917	-1.142614	104.003344	0.008521	9.8
1918	-0.474176	103.972433	0.009020	10.2
1919	-0.850583	103.941547	0.009077	12.4
1920	-1.354541	103.910686	0.011316	11.6
1921	-0.463182	103.879849	0.008428	10.5
1922	-0.973161	103.849036	0.009003	10.4
1923	-0.659671	103.818248	0.007308	10.3
1924	-1.208746	103.787484	0.011066	10.2
1925	-0.666528	103.756744	0.009272	10.0
1926	-1.309459	103.726029	0.011749	10.1
1927	-0.873778	103.695338	0.011534	9.7
1928	-1.108942	103.664671	0.013471	10.0
1929	-0.933224	103.634028	0.011329	10.8
1930	-0.818920	103.603409	0.008911	10.0
1931	-1.257508	103.572814	0.011475	10.2
1932	-0.863611	103.542244	0.008175	10.9
1933	-0.285244	103.511698	0.004892	10.7
1934	-0.653489	103.481175	0.007947	10.4
1935	-0.362513	103.450677	0.005987	9.7
1936	-1.211427	103.420202	0.010007	9.8
1937	-1.365932	103.389752	0.011225	9.6
1938	-0.858318	103.359325	0.009287	9.9
1939	-0.161510	103.328922	0.004023	9.2
1940	-1.068055	103.298543	0.010586	9.7
1941	-1.353468	103.268188	0.009986	9.3
1942	-1.080955	103.237857	0.012360	10.3
1943	-0.871076	103.207549	0.008160	10.3
1944	-0.410482	103.177265	0.006017	13.0
1945	-1.188837	103.147005	0.011566	9.5
1946	-0.926978	103.116768	0.011193	10.4
1947	-0.703976	103.086556	0.009049	9.4
1948	-1.003490	103.056366	0.012283	10.0
1949	-0.516717	103.026200	0.008732	10.7
1950	-0.879930	102.996058	0.012952	9.9
1951	-1.166492	102.965939	0.011631	10.0
1952	-0.386466	102.935844	0.005358	9.6
1953	-0.542328	102.905772	0.010032	9.2
1954	-0.702293	102.875724	0.007188	10.8
1955	-0.869971	102.845699	0.011105	8.3
1956	-0.674875	102.815697	0.010101	9.7
1957	-0.783203	102.785719	0.008949	9.6
1958	-0.963794	102.755764	0.008601	10.1
1959	-1.272645	102.725832	0.013797	9.9
1960	-1.026058	102.695924	0.010946	9.4
1961	-0.489910	102.666038	0.008731	9.2
1962	-1.254335	102.636176	0.010332	10.9
1963	-1.141180	102.606337	0.010633	11.8
1964	-1.094885	102.576521	0.011137	9.3
1965	-0.292919	102.546728	0.007832	10.7
1966	-1.182599	102.516959	0.011725	10.2
1967	-1.263247	102.487212	0.012431	9.8
1968	-0.082490	102.457488	0.002415	10.2
1969	-1.187446	102.427788	0.010373	9.7
1970	-1.012576	102.398110	0.007020	9.6
1971	-0.094952	102.368455	0.002082	9.8
1972	-1.188738	102.338823	0.012447	10.4
1973	-0.875881	102.309214	0.009059	10.1
1974	-0.928866	102.279628	0.010444	9.6
1975	-1.069099	102.250064	0.010268	9.9
1976	-0.547287	102.220524	0.006524	10.0
1977	-1.239746	102.191006	0.009627	9.2
1978	-1.320320	102.161511	0.010356	9.9
1979	-0.414963	102.132038	0.005174	10.2
1980	-0.455240	102.102588	0.007563	9.1
1981	-1.075456	102.073161	0.010813	9.7
1982	-1.058035	102.043757	0.009312	10.2
1983	-1.156235	102.014375	0.009403	10.7
1984	-0.571010	101.985015	0.011160	10.3
1985	-0.448525	101.955678	0.006974	10.4
1986	-1.072906	101.926364	0.009676	12.0
1987	-0.889355	101.897072	0.008243	11.3
1988	-0.754092	101.867802	0.008165	9.4
1989	-0.096456	101.838555	0.005621	10.3
1990	-0.377537	101.809330	0.007768	11.2
1991	-1.003877	101.780128	0.008335	9.1
1992	-0.565889	101.750948	0.007328	10.6
1993	-1.294761	101.721790	0.010446	10.3
1994	-0.685148	101.692654	0.009211	9.9
1995	-1.379370	101.663541	0.012482	9.6
1996	-0.816383	101.634450	0.010593	9.6
1997	-0.820579	101.605381	0.009157	9.3
1998	-0.408376	101.576335	0.006095	9.9
1999	-0.380490	101.547310	0.008791	8.1
