1:ItNr	2:Metric	3:StepSize	4:||Gradient||	Time[ms]
0	-0.282418	627.201626	0.002977	470.6
1	-1.742442	623.504937	0.025001	8.2
2	-1.356809	619.865785	0.010823	9.1
3	-0.255035	616.282728	0.004048	8.0
4	-1.034016	612.754375	0.012790	9.7
5	-1.861422	609.279381	0.007464	7.7
6	-0.487572	605.856447	0.011689	8.9
7	-0.769810	602.484317	0.012709	8.0
8	-1.700407	599.161779	0.016234	8.5
9	-1.543903	595.887656	0.014287	8.4
10	-0.754781	592.660813	0.007940	8.1
11	-0.280749	589.480151	0.005502	8.4
12	-1.860153	586.344606	0.022938	8.0
13	-1.416166	583.253145	0.016592	7.9
14	-1.159670	580.204771	0.016314	8.1
15	-0.600334	577.198517	0.018104	7.5
16	-1.239699	574.233444	0.034383	8.4
17	-1.637772	571.308645	0.011430	8.4
18	-0.474938	568.423237	0.013933	11.4
19	-1.480964	565.576365	0.031958	8.3
20	-1.633045	562.767201	0.019921	9.0
21	-1.311629	559.994938	0.030068	7.8
22	-1.285255	557.258797	0.018383	8.1
23	-0.219180	554.558018	0.001790	7.4
24	-0.976324	551.891865	0.008752	10.3
25	-1.047699	549.259621	0.006899	12.0
26	-0.546040	546.660592	0.011042	13.0
27	-1.821358	544.094102	0.025423	11.0
28	-0.286068	541.559494	0.004136	8.5
29	-0.817131	539.056129	0.007259	9.5
30	-1.722535	536.583387	0.011458	8.1
31	-1.688348	534.140663	0.027610	8.0
32	-0.813645	531.727370	0.014014	7.6
33	-1.033254	529.342935	0.011018	8.1
34	-0.939609	526.986802	0.012202	7.9
35	-0.468483	524.658430	0.009582	8.2
36	-0.334357	522.357290	0.002366	7.4
37	-0.781988	520.082868	0.005974	8.0
38	-0.708795	517.834665	0.010679	7.8
39	-0.370661	515.612193	0.007143	8.1
40	-0.739510	513.414976	0.019344	7.8
41	-0.981753	511.242551	0.005593	7.9
42	-1.305476	509.094468	0.009965	8.2
43	-1.552432	506.970285	0.021575	8.9
44	-0.471516	504.869574	0.004066	7.5
45	-1.070687	502.791916	0.011959	8.2
46	-1.488436	500.736903	0.004279	8.4
47	-0.251439	498.704137	0.002155	7.8
48	-0.509019	496.693228	0.004686	8.1
49	-0.793347	494.703798	0.012747	7.6
50	-0.530505	492.735476	0.017954	7.6
51	-0.782758	490.787900	0.011594	8.0
52	-0.531348	488.860718	0.008627	7.4
53	-0.369715	486.953585	0.003756	8.6
54	-1.327607	485.066164	0.021665	8.0
55	-1.699172	483.198126	0.017892	7.7
56	-1.771148	481.349149	0.022934	7.5
57	-0.178876	479.518920	0.002573	8.4
58	-1.027283	477.707132	0.005147	7.9
59	-1.250455	475.913485	0.014868	8.0
60	-1.357045	474.137684	0.009993	7.5
61	-1.211367	472.379445	0.012539	7.5
62	-1.066481	470.638485	0.005522	7.6
63	-1.173008	468.914531	0.022037	7.8
64	-1.034448	467.207315	0.005506	7.6
65	-0.034340	465.516573	0.000366	8.3
66	-1.949029	463.842050	0.010619	7.7
67	-0.891501	462.183494	0.007517	8.2
68	-0.659991	460.540658	0.007331	7.6
69	-0.680690	458.913303	0.007872	8.4
70	-0.538510	457.301192	0.004478	8.0
71	-0.458232	455.704096	0.003641	7.6
72	-0.461586	454.121787	0.008358	7.5
73	-1.684585	452.554045	0.022162	8.7
74	-1.621824	451.000653	0.015423	8.0
75	-0.436908	449.461399	0.017985	8.1
76	-1.605623	447.936075	0.014472	8.3
77	-0.626346	446.424477	0.005510	7.9
78	-1.733307	444.926406	0.017094	9.5
79	-1.553517	443.441666	0.007851	9.3
80	-1.034157	441.970065	0.015374	8.3
81	-0.610828	440.511415	0.006080	8.0
82	-1.762499	439.065533	0.022543	8.1
83	-0.462729	437.632238	0.017678	7.6
84	-1.294227	436.211351	0.012275	8.1
85	-1.488820	434.802701	0.023250	8.0
86	-0.401992	433.406117	0.006334	8.1
87	-1.386408	432.021430	0.013155	10.6
88	-1.777882	430.648479	0.030943	12.0
89	-0.801332	429.287101	0.009100	12.9
90	-0.587122	427.937140	0.008640	12.2
91	-1.226921	426.598440	0.011278	8.2
92	-1.213985	425.270849	0.020954	8.2
93	-1.818515	423.954220	0.014750	7.5
94	-1.411260	422.648404	0.004286	8.5
95	-0.736299	421.353259	0.009972	10.6
96	-0.380530	420.068643	0.003945	9.8
97	-1.339567	418.794419	0.011437	8.6
98	-1.191732	417.530451	0.010199	8.1
99	-1.449880	416.276604	0.013472	8.1
100	-1.204850	415.032748	0.008497	7.2
101	-0.947849	413.798754	0.009185	7.8
102	-1.259034	412.574495	0.027028	8.2
103	-1.238885	411.359849	0.017889	8.1
104	-1.132510	410.154691	0.010173	7.6
105	-1.648816	408.958904	0.018510	8.2
106	-0.205955	407.772368	0.002727	9.5
107	-1.724195	406.594968	0.024168	8.0
108	-1.710802	405.426590	0.019306	7.5
109	-1.467918	404.267122	0.016272	8.1
110	-1.181328	403.116456	0.021739	8.5
111	-0.122669	401.974481	0.002062	8.0
112	-1.023762	400.841093	0.001403	7.4
113	-1.424923	399.716187	0.017256	8.3
114	-0.992334	398.599660	0.008973	7.2
115	-0.554203	397.491411	0.004297	8.1
116	-0.475322	396.391342	0.004962	7.4
117	-0.743281	395.299353	0.009918	11.0
118	-0.398031	394.215350	0.002988	8.9
119	-1.073764	393.139238	0.011161	7.9
120	-0.851068	392.070924	0.002356	8.6
121	-1.198737	391.010316	0.012315	7.8
122	-1.746298	389.957325	0.019927	7.7
123	-1.838227	388.911862	0.013283	7.8
124	-1.067756	387.873839	0.008279	8.5
125	-1.744403	386.843173	0.025585	8.0
126	-1.043424	385.819777	0.017935	7.8
127	-0.319270	384.803569	0.005557	7.8
128	-1.587432	383.794468	0.010874	8.3
129	-1.333662	382.792393	0.016979	7.9
130	-1.577914	381.797264	0.017646	8.1
131	-1.598514	380.809005	0.024686	7.6
132	-0.803253	379.827537	0.007552	8.1
133	-1.592453	378.852786	0.008651	7.9
134	-1.352881	377.884678	0.012984	8.7
135	-0.771763	376.923138	0.005232	11.9
136	-1.318582	375.968095	0.027631	7.5
137	-0.882051	375.019479	0.007728	9.7
138	-1.341790	374.077218	0.021166	8.2
139	-1.758287	373.141244	0.006544	8.5
140	-0.596348	372.211489	0.006802	7.8
141	-0.715538	371.287887	0.007292	7.8
142	-1.372245	370.370370	0.017416	8.8
143	-0.398135	369.458876	0.003201	8.3
144	-0.456800	368.553338	0.016734	8.7
145	-0.860173	367.653696	0.009393	7.8
146	-1.895343	366.759885	0.010891	7.5
147	-1.535888	365.871846	0.018496	8.6
148	-0.519306	364.989518	0.005326	10.1
149	-0.194236	364.112841	0.002305	12.1
150	-0.172484	363.241757	0.002595	12.6
151	-1.857082	362.376208	0.014761	13.5
152	-1.188939	361.516137	0.010226	7.6
153	-0.923041	360.661488	0.006873	7.9
154	-1.347170	359.812206	0.012485	9.0
155	-1.053380	358.968236	0.004245	8.5
156	-1.317873	358.129524	0.010576	9.8
157	-0.742342	357.296018	0.005941	11.4
158	-0.676380	356.467665	0.005937	7.8
159	-1.578656	355.644414	0.021349	7.5
160	-1.781580	354.826213	0.019105	8.3
161	-1.566999	354.013012	0.008474	8.0
162	-1.234047	353.204763	0.009320	8.0
163	-0.362774	352.401415	0.002862	7.8
164	-0.834962	351.602922	0.005143	8.4
165	-1.143387	350.809235	0.006798	8.9
166	-1.260382	350.020308	0.009010	8.8
167	-1.522067	349.236095	0.021578	8.1
168	-0.232594	348.456550	0.001347	7.7
169	-1.295924	347.681627	0.006626	8.7
170	-1.707066	346.911283	0.011675	7.8
171	-1.283700	346.145474	0.013472	8.8
172	-0.223524	345.384157	0.002713	7.7
173	-0.651032	344.627288	0.011470	7.8
174	-1.395512	343.874826	0.010931	8.1
175	-0.764322	343.126729	0.008671	8.7
176	-0.234274	342.382957	0.002675	7.9
177	-0.498637	341.643469	0.007188	8.0
178	-0.199343	340.908224	0.003516	7.5
179	-1.565414	340.177184	0.017838	7.6
180	-1.015612	339.450309	0.008182	7.9
181	-1.485617	338.727561	0.016495	7.8
182	-0.956531	338.008902	0.010480	8.3
183	-1.162522	337.294295	0.009361	8.2
184	-1.479878	336.583703	0.009604	8.1
185	-1.763521	335.877089	0.045383	8.2
186	-0.941282	335.174416	0.005734	7.5
187	-0.665063	334.475651	0.012966	8.0
188	-0.880282	333.780756	0.011447	8.1
189	-1.539235	333.089698	0.015165	8.6
190	-2.022269	332.402443	0.010807	7.5
191	-0.953951	331.718955	0.006970	8.3
192	-1.636262	331.039203	0.021070	11.4
193	-0.684439	330.363153	0.007287	7.5
194	-1.264180	329.690771	0.016829	8.2
195	-1.770650	329.022027	0.008895	8.9
196	-1.769574	328.356888	0.010860	7.9
197	-1.460609	327.695322	0.013756	8.1
198	-0.469405	327.037299	0.005797	9.9
199	-0.655959	326.382787	0.008741	7.9
200	-1.386770	325.731758	0.005594	7.5
201	-1.069286	325.084179	0.004753	7.6
202	-0.510461	324.440023	0.009292	7.9
203	-1.268976	323.799258	0.007077	8.2
204	-0.631018	323.161858	0.008728	8.1
205	-1.518016	322.527792	0.022344	7.5
206	-1.518629	321.897034	0.005169	8.1
207	-1.196076	321.269554	0.014101	7.6
208	-0.237021	320.645325	0.004506	8.0
209	-0.153736	320.024320	0.001866	7.6
210	-1.809111	319.406512	0.022085	10.4
211	-1.642337	318.791875	0.009629	12.4
212	-1.507583	318.180381	0.013403	12.6
213	-0.938988	317.572005	0.009161	11.5
214	-0.907787	316.966721	0.002399	9.3
215	-1.626924	316.364504	0.011094	7.2
216	-1.380227	315.765329	0.002274	8.2
217	-0.456382	315.169170	0.003413	8.3
218	-0.235492	314.576003	0.001420	8.3
219	-1.481805	313.985804	0.018341	8.8
220	-1.893164	313.398548	0.021557	10.5
221	-1.634931	312.814213	0.005383	8.5
222	-1.633226	312.232773	0.017780	8.3
223	-1.310258	311.654207	0.009024	9.5
224	-0.577675	311.078491	0.007102	7.8
225	-0.863603	310.505602	0.011304	8.2
226	-0.452054	309.935518	0.002791	7.0
227	-1.371922	309.368217	0.007476	8.7
228	-0.790154	308.803676	0.009470	7.8
229	-1.538304	308.241874	0.018724	8.0
230	-0.534400	307.682789	0.011916	7.6
231	-1.860889	307.126400	0.011595	8.9
232	-1.839372	306.572687	0.022562	8.4
233	-1.609314	306.021627	0.023415	8.2
234	-1.484623	305.473201	0.005978	7.4
235	-1.554108	304.927388	0.010703	8.1
236	-0.653474	304.384168	0.012796	8.4
237	-0.615430	303.843521	0.005105	7.8
238	-0.922511	303.305427	0.008917	7.5
239	-1.233287	302.769867	0.008010	8.6
240	-0.436897	302.236821	0.008173	7.7
241	-0.852362	301.706270	0.002228	7.8
242	-0.900612	301.178196	0.005170	7.6
243	-0.583183	300.652580	0.009912	8.4
244	-1.756554	300.129402	0.017132	7.8
245	-1.737543	299.608645	0.009483	8.0
246	-1.571328	299.090291	0.023647	7.4
247	-1.964517	298.574321	0.017868	8.3
248	-0.714569	298.060718	0.004144	8.0
249	-1.602260	297.549465	0.009520	7.7
250	-1.645530	297.040543	0.019420	7.5
251	-0.514550	296.533936	0.003623	11.9
252	-0.982028	296.029626	0.012833	8.1
253	-0.401302	295.527597	0.010179	7.9
254	-1.041159	295.027832	0.015058	9.2
255	-1.414215	294.530315	0.019857	8.0
256	-1.762609	294.035028	0.014351	8.0
257	-1.053333	293.541956	0.005659	7.9
258	-1.597012	293.051083	0.013363	8.1
259	-1.845047	292.562393	0.015416	8.0
260	-0.077549	292.075870	0.000933	7.8
261	-1.653921	291.591498	0.010421	7.7
262	-1.857519	291.109263	0.013566	7.9
263	-0.874331	290.629149	0.014001	8.7
264	-1.503841	290.151140	0.006557	8.3
265	-1.777690	289.675222	0.015538	7.5
266	-1.630950	289.201380	0.020595	8.7
267	-1.204282	288.729600	0.006289	7.8
268	-0.826373	288.259866	0.007926	7.9
269	-0.947812	287.792165	0.005095	6.9
270	-0.630921	287.326481	0.005082	8.1
271	-1.082088	286.862802	0.009878	8.8
272	-1.239600	286.401113	0.018628	11.9
273	-0.586806	285.941400	0.004441	12.2
274	-1.924080	285.483649	0.023871	14.1
275	-0.872449	285.027847	0.010754	9.8
276	-0.616264	284.573981	0.004231	7.6
277	-1.724837	284.122037	0.019486	8.5
278	-0.909042	283.672002	0.010296	8.9
279	-1.026616	283.223863	0.008632	8.1
280	-1.177565	282.777607	0.014687	9.4
281	-0.674331	282.333221	0.005053	9.6
282	-1.368952	281.890692	0.017405	8.3
283	-1.796178	281.450008	0.023869	8.5
284	-1.405277	281.011157	0.008147	8.0
285	-1.781749	280.574125	0.027317	8.6
286	-0.643749	280.138901	0.011367	7.4
287	-0.186246	279.705473	0.001743	8.1
288	-0.537237	279.273829	0.005883	8.4
289	-0.856728	278.843956	0.009688	7.9
290	-0.885938	278.415844	0.008966	7.5
291	-0.693937	277.989479	0.006242	8.6
292	-1.296744	277.564851	0.015380	7.8
293	-0.564052	277.141949	0.007117	7.9
294	-1.743191	276.720761	0.014930	7.7
295	-1.750504	276.301275	0.015070	8.3
296	-0.660753	275.883480	0.007542	7.9
297	-1.427135	275.467366	0.005802	8.0
298	-0.637180	275.052922	0.008404	7.6
299	-1.960856	274.640136	0.021737	8.5
300	-1.205745	274.228998	0.009975	8.1
301	-1.640253	273.819497	0.009660	8.0
302	-1.617767	273.411623	0.015635	7.9
303	-0.433460	273.005365	0.003789	7.5
304	-0.556176	272.600712	0.006447	8.0
305	-1.655436	272.197655	0.013575	8.1
306	-1.821004	271.796184	0.012601	7.6
307	-1.836869	271.396287	0.014713	7.5
308	-0.315833	270.997956	0.002110	7.3
309	-1.436622	270.601180	0.012138	10.4
310	-1.299506	270.205949	0.005590	9.4
311	-1.812592	269.812254	0.004185	7.5
312	-0.588655	269.420085	0.006853	8.1
313	-0.820862	269.029432	0.004680	8.0
314	-1.361453	268.640287	0.008692	8.1
315	-0.577129	268.252638	0.009391	7.8
316	-1.547850	267.866478	0.021914	7.9
317	-1.784283	267.481796	0.022389	8.0
318	-1.900586	267.098584	0.006955	8.5
319	-1.634399	266.716833	0.017147	7.8
320	-0.491249	266.336533	0.003433	7.2
321	-1.157542	265.957676	0.006377	7.1
322	-0.766316	265.580253	0.007070	8.3
323	-1.620064	265.204254	0.028803	7.5
324	-0.554763	264.829672	0.003811	7.6
325	-0.324698	264.456497	0.004592	8.1
326	-1.217242	264.084721	0.007385	8.7
327	-1.680926	263.714335	0.021909	7.8
328	-1.105022	263.345332	0.006995	7.5
329	-0.503585	262.977702	0.004202	7.9
330	-1.681218	262.611438	0.014630	8.6
331	-0.935053	262.246531	0.008042	8.1
332	-1.826770	261.882973	0.017635	9.1
333	-0.793081	261.520756	0.005747	7.4
334	-0.705978	261.159871	0.006907	10.6
335	-0.378476	260.800312	0.005063	12.5
336	-0.759144	260.442070	0.006025	11.9
337	-0.526165	260.085137	0.016190	11.2
338	-1.239946	259.729505	0.022943	9.7
339	-1.497473	259.375167	0.016729	8.2
340	-0.212326	259.022116	0.002217	8.9
341	-1.015610	258.670343	0.017620	7.8
342	-0.216099	258.319841	0.001047	7.7
343	-1.666789	257.970602	0.017431	10.3
344	-0.397913	257.622620	0.004116	8.8
345	-0.547505	257.275887	0.012048	7.9
346	-1.838398	256.930396	0.008296	7.7
347	-1.536814	256.586139	0.015741	8.6
348	-1.427370	256.243109	0.015248	7.9
349	-1.900992	255.901300	0.008711	7.6
350	-1.176772	255.560703	0.011894	7.9
351	-0.771435	255.221313	0.015700	8.1
352	-0.739777	254.883122	0.008185	7.6
353	-0.195766	254.546124	0.002608	9.4
354	-1.756729	254.210311	0.014524	8.4
355	-0.288288	253.875677	0.005182	8.1
356	-0.453971	253.542215	0.003789	7.8
357	-1.000016	253.209918	0.013492	7.6
358	-0.544675	252.878781	0.007646	8.2
359	-0.811219	252.548795	0.008382	7.9
360	-1.151076	252.219956	0.011868	8.1
361	-1.492593	251.892255	0.015129	8.1
362	-1.037853	251.565688	0.010280	7.5
363	-1.331492	251.240247	0.012738	8.0
364	-0.232611	250.915926	0.001926	7.9
365	-0.561302	250.592720	0.007602	8.8
366	-0.944682	250.270621	0.009066	7.9
367	-1.742933	249.949624	0.012414	8.2
368	-0.645233	249.629723	0.009885	12.0
369	-1.819525	249.310911	0.023081	8.1
370	-1.576476	248.993182	0.026373	8.5
371	-0.618199	248.676531	0.007078	8.5
372	-0.969706	248.360952	0.009490	8.1
373	-1.554267	248.046438	0.017210	8.9
374	-1.720771	247.732984	0.008486	8.9
375	-1.814115	247.420584	0.011654	8.5
376	-1.432954	247.109233	0.016776	8.3
377	-0.632432	246.798924	0.008012	7.7
378	-1.598233	246.489652	0.016620	7.6
379	-0.550364	246.181412	0.002646	7.1
380	-0.582876	245.874197	0.005708	7.8
381	-1.855626	245.568002	0.024404	7.4
382	-1.805532	245.262822	0.021277	9.3
383	-1.845144	244.958652	0.013510	7.9
384	-1.451402	244.655485	0.014860	7.9
385	-0.614102	244.353317	0.003741	7.6
386	-1.580725	244.052142	0.019001	8.2
387	-1.819323	243.751955	0.008707	8.0
388	-1.232792	243.452750	0.008968	8.0
389	-0.722421	243.154523	0.003629	7.8
390	-0.862701	242.857268	0.009615	7.8
391	-0.880749	242.560980	0.005656	8.2
392	-1.006195	242.265654	0.013017	8.1
393	-1.375159	241.971285	0.008838	7.7
394	-1.857744	241.677868	0.019354	7.6
395	-1.620661	241.385397	0.015009	8.2
396	-1.774790	241.093869	0.004527	10.7
397	-1.010183	240.803278	0.009596	12.4
398	-1.774420	240.513619	0.022383	13.1
399	-0.446886	240.224887	0.004206	10.2
400	-1.631867	239.937077	0.018873	10.0
401	-1.459689	239.650186	0.003727	8.6
402	-0.378000	239.364207	0.001785	7.1
403	-0.407390	239.079136	0.002205	7.5
404	-1.928104	238.794969	0.018907	7.5
405	-1.386810	238.511701	0.006271	10.5
406	-0.463647	238.229327	0.010348	10.7
407	-1.043727	237.947843	0.010542	8.2
408	-1.756176	237.667244	0.018093	7.8
409	-1.202910	237.387526	0.017453	8.4
410	-1.366371	237.108684	0.008831	7.6
411	-0.023688	236.830714	0.000871	7.9
412	-1.939629	236.553610	0.007325	8.8
413	-0.572515	236.277370	0.004573	9.7
414	-0.665973	236.001989	0.006088	9.1
415	-1.784074	235.727461	0.017888	9.3
416	-0.801606	235.453784	0.007030	9.7
417	-0.482252	235.180952	0.011054	8.6
418	-1.771402	234.908962	0.029186	8.4
419	-0.710275	234.637809	0.007068	8.0
420	-1.425418	234.367488	0.012776	8.1
421	-0.567755	234.097997	0.003522	8.2
422	-1.728608	233.829331	0.005859	7.4
423	-1.662240	233.561485	0.011630	7.9
424	-1.131643	233.294456	0.012191	8.1
425	-1.801859	233.028239	0.009898	12.2
426	-1.036834	232.762831	0.012507	7.6
427	-0.621267	232.498228	0.009843	7.8
428	-0.605339	232.234425	0.005255	8.4
429	-1.386802	231.971419	0.014733	8.1
430	-1.586726	231.709205	0.014862	7.9
431	-0.577965	231.447781	0.007318	8.2
432	-1.774397	231.187141	0.017133	7.4
433	-1.466466	230.927283	0.013206	8.2
434	-0.931248	230.668202	0.008749	7.8
435	-0.200179	230.409895	0.002505	8.1
436	-1.851039	230.152358	0.011950	7.6
437	-1.769755	229.895587	0.017005	9.1
438	-0.793316	229.639578	0.012829	8.2
439	-0.389154	229.384329	0.004945	7.6
440	-0.349460	229.129834	0.002376	6.9
441	-1.528447	228.876091	0.020183	8.7
442	-0.248461	228.623096	0.002888	8.0
443	-1.837621	228.370846	0.021340	7.8
444	-1.474529	228.119336	0.008098	7.5
445	-0.982345	227.868563	0.009485	8.3
446	-0.341077	227.618525	0.005227	8.8
447	-1.628088	227.369216	0.018230	9.0
448	-1.641211	227.120635	0.008604	8.0
449	-1.487568	226.872777	0.010185	8.8
450	-1.379240	226.625638	0.015229	9.1
451	-0.948545	226.379217	0.010975	8.2
452	-1.898358	226.133509	0.010446	8.7
453	-0.471115	225.888510	0.003768	8.8
454	-1.781674	225.644218	0.012750	9.1
455	-0.688702	225.400630	0.005442	9.3
456	-1.888145	225.157741	0.005697	13.4
457	-1.406814	224.915549	0.004040	14.9
458	-0.632058	224.674051	0.003789	19.2
459	-0.780112	224.433242	0.011285	13.8
460	-1.053426	224.193121	0.012121	10.6
461	-0.130456	223.953684	0.001845	10.5
462	-1.694467	223.714927	0.010326	9.8
463	-0.533410	223.476848	0.006865	9.6
464	-0.882616	223.239444	0.010925	9.8
465	-0.608482	223.002710	0.012472	10.7
466	-1.356506	222.766645	0.021216	8.8
467	-1.265903	222.531245	0.010511	11.2
468	-1.313067	222.296508	0.037052	9.1
469	-1.422818	222.062429	0.004159	10.5
470	-0.835177	221.829007	0.006595	9.9
471	-1.488644	221.596238	0.018888	9.9
472	-1.157130	221.364119	0.009301	10.9
473	-1.750156	221.132647	0.009102	8.6
474	-0.602109	220.901820	0.006908	9.6
475	-0.708790	220.671634	0.005753	10.9
476	-1.712624	220.442086	0.015021	9.6
477	-1.547335	220.213174	0.013524	11.5
478	-0.918306	219.984895	0.008123	11.8
479	-0.735030	219.757246	0.008707	8.9
480	-0.746458	219.530224	0.019546	10.9
481	-1.540651	219.303826	0.008726	9.6
482	-1.858071	219.078050	0.017549	9.7
483	-1.339934	218.852893	0.007617	9.5
484	-0.791872	218.628352	0.009977	8.3
485	-1.834836	218.404424	0.015521	10.0
486	-1.662894	218.181106	0.012075	10.3
487	-1.526210	217.958397	0.010508	10.5
488	-0.759617	217.736292	0.004333	9.0
489	-0.491840	217.514790	0.012503	9.4
490	-0.354877	217.293888	0.004097	13.3
491	-1.090191	217.073584	0.015948	9.5
492	-1.279926	216.853873	0.013660	10.9
493	-1.341821	216.634755	0.013562	9.6
494	-0.806936	216.416227	0.010502	9.0
495	-1.669011	216.198285	0.005839	10.3
496	-0.205010	215.980927	0.001110	9.0
497	-1.135566	215.764151	0.009504	11.3
498	-0.447812	215.547955	0.002883	9.5
499	-1.706605	215.332335	0.018387	9.1
500	-0.526890	215.117289	0.015070	9.6
501	-0.956101	214.902815	0.009707	8.9
502	-1.480384	214.688911	0.006098	11.6
503	-1.234722	214.475573	0.009381	8.4
504	-1.876277	214.262800	0.005938	9.8
505	-0.957678	214.050588	0.009650	11.4
506	-0.714099	213.838936	0.006854	9.7
507	-1.844293	213.627842	0.011780	10.9
508	-1.328816	213.417302	0.016357	13.7
509	-1.331826	213.207314	0.005601	15.4
510	-1.795882	212.997877	0.012463	16.4
511	-1.102167	212.788987	0.015384	8.7
512	-1.577700	212.580642	0.012183	9.7
513	-0.532511	212.372841	0.007628	8.5
514	-0.457067	212.165581	0.003366	9.7
515	-0.721564	211.958859	0.007225	9.0
516	-0.610470	211.752673	0.014555	7.9
517	-1.766045	211.547021	0.011009	9.7
518	-1.170496	211.341902	0.010913	8.4
519	-1.219398	211.137311	0.006074	8.8
520	-0.519409	210.933248	0.004837	10.3
521	-1.796985	210.729710	0.008323	13.6
522	-1.251806	210.526695	0.015847	19.5
523	-0.766084	210.324200	0.006082	14.3
524	-1.520425	210.122224	0.014035	12.8
525	-1.532370	209.920765	0.019077	8.3
526	-0.654787	209.719820	0.005246	11.2
527	-1.699854	209.519387	0.012890	8.5
528	-0.092467	209.319463	0.000833	8.8
529	-0.625746	209.120048	0.010379	9.3
530	-0.500683	208.921139	0.003403	9.1
531	-1.339048	208.722733	0.011168	8.0
532	-1.422683	208.524829	0.012066	8.2
533	-1.419484	208.327425	0.014572	9.0
534	-0.757818	208.130518	0.009324	8.9
535	-0.904409	207.934107	0.005392	8.9
536	-0.531981	207.738189	0.001725	8.5
537	-0.736680	207.542762	0.009439	8.8
538	-0.606155	207.347825	0.009610	8.1
539	-0.535143	207.153376	0.006874	9.4
540	-1.235200	206.959412	0.005305	8.3
541	-1.612650	206.765932	0.025321	9.1
542	-1.371196	206.572933	0.008995	9.0
543	-1.262031	206.380414	0.003885	8.1
544	-0.123415	206.188373	0.000993	7.7
545	-1.062915	205.996807	0.020848	8.2
546	-1.594988	205.805716	0.013061	8.1
547	-0.499177	205.615096	0.003962	8.4
548	-0.777123	205.424946	0.006409	11.6
549	-1.153255	205.235265	0.012442	12.3
550	-1.041467	205.046050	0.012392	12.1
551	-1.532896	204.857299	0.016825	12.1
552	-0.299921	204.669011	0.003808	9.2
553	-1.565675	204.481184	0.011869	8.5
554	-1.494656	204.293816	0.023425	8.2
555	-1.476489	204.106905	0.007257	7.6
556	-1.744525	203.920449	0.023513	8.6
557	-0.903191	203.734447	0.009329	7.8
558	-1.230906	203.548896	0.009379	8.3
559	-0.614430	203.363795	0.007456	9.8
560	-0.522852	203.179143	0.004211	12.4
561	-1.998624	202.994937	0.006310	14.2
562	-1.927575	202.811176	0.023089	14.7
563	-1.108584	202.627857	0.010214	7.9
564	-0.617817	202.444980	0.005199	8.6
565	-1.851493	202.262543	0.019388	9.0
566	-0.197248	202.080543	0.002734	10.0
567	-1.317132	201.898979	0.006799	8.5
568	-1.762548	201.717849	0.007744	7.8
569	-0.801347	201.537153	0.010902	8.2
570	-0.774087	201.356887	0.005878	8.3
571	-0.361633	201.177050	0.007500	9.0
572	-0.545541	200.997642	0.003494	7.9
573	-1.243351	200.818659	0.008792	8.1
574	-0.598215	200.640100	0.008216	8.6
575	-0.616218	200.461965	0.005860	8.5
576	-1.614617	200.284250	0.017856	9.4
577	-0.650508	200.106955	0.007366	9.0
578	-0.977542	199.930078	0.007877	11.7
579	-1.870182	199.753617	0.016705	8.0
580	-1.544377	199.577571	0.006903	8.0
581	-0.892493	199.401938	0.008540	9.0
582	-1.454487	199.226717	0.005252	8.0
583	-1.645815	199.051905	0.010031	9.0
584	-0.945340	198.877502	0.007413	8.4
585	-0.526886	198.703506	0.002540	8.0
586	-1.405867	198.529916	0.010726	8.1
587	-1.357098	198.356729	0.012117	8.2
588	-0.686991	198.183944	0.005069	9.1
589	-1.078268	198.011560	0.005992	8.5
590	-1.775779	197.839576	0.020462	7.7
591	-1.222557	197.667989	0.012539	9.2
592	-1.396557	197.496798	0.016956	9.5
593	-0.892360	197.326002	0.004000	8.4
594	-1.542845	197.155600	0.014871	7.9
595	-1.276505	196.985589	0.005994	8.5
596	-0.105295	196.815969	0.001379	8.5
597	-1.828798	196.646738	0.021891	8.6
598	-1.013131	196.477894	0.007402	8.7
599	-0.881235	196.309436	0.004276	8.0
600	-1.675597	196.141363	0.007685	9.1
601	-1.379645	195.973673	0.005048	7.1
602	-1.334510	195.806365	0.010960	8.5
603	-0.576550	195.639437	0.010302	8.8
604	-1.840622	195.472888	0.016918	9.8
605	-1.663791	195.306717	0.010642	8.1
606	-1.695982	195.140922	0.012992	9.1
607	-0.893946	194.975501	0.008345	7.9
608	-1.845195	194.810454	0.015469	8.5
609	-1.231850	194.645779	0.009078	8.6
610	-0.360216	194.481475	0.006053	9.2
611	-1.502444	194.317540	0.008757	8.8
612	-1.167686	194.153973	0.009704	7.9
613	-0.865518	193.990773	0.007228	8.5
614	-0.270621	193.827938	0.003217	7.9
615	-0.499216	193.665467	0.008953	8.6
616	-1.894471	193.503358	0.018496	8.4
617	-1.257650	193.341611	0.012605	8.1
618	-1.435627	193.180224	0.004156	9.2
619	-1.069559	193.019196	0.008577	12.6
620	-0.181585	192.858525	0.002272	12.8
621	-0.814117	192.698210	0.005458	13.6
622	-1.000631	192.538251	0.014061	9.4
623	-1.738722	192.378644	0.009381	8.2
624	-0.450088	192.219391	0.002539	9.0
625	-0.561071	192.060488	0.003653	8.5
626	-1.678190	191.901935	0.005218	8.0
627	-1.114339	191.743730	0.006643	8.7
628	-1.594605	191.585873	0.029995	8.6
629	-1.853948	191.428362	0.011925	8.2
630	-1.594151	191.271196	0.005372	8.3
631	-1.727668	191.114374	0.025935	8.2
632	-1.665068	190.957893	0.009135	9.0
633	-1.177835	190.801755	0.009516	8.9
634	-1.488699	190.645956	0.010226	11.7
635	-0.807557	190.490495	0.012942	9.4
636	-0.618689	190.335373	0.004813	8.0
637	-1.226038	190.180587	0.012138	10.0
638	-0.209951	190.026136	0.002471	8.5
639	-1.608334	189.872019	0.011708	8.2
640	-1.573294	189.718235	0.006588	8.1
641	-1.617831	189.564782	0.008479	8.5
642	-0.262795	189.411661	0.002721	7.4
643	-1.628816	189.258868	0.012509	8.5
644	-1.609418	189.106404	0.024347	8.3
645	-1.962530	188.954267	0.020307	8.3
646	-0.587626	188.802456	0.003074	7.4
647	-0.398300	188.650969	0.003211	8.4
648	-1.613363	188.499807	0.010019	8.9
649	-0.306606	188.348967	0.001825	7.8
650	-1.181617	188.198448	0.010519	7.8
651	-1.111093	188.048250	0.019057	7.5
652	-1.829414	187.898371	0.017955	7.8
653	-1.461703	187.748810	0.013532	8.0
654	-0.566762	187.599566	0.019078	7.5
655	-1.802768	187.450638	0.009767	8.6
656	-0.690240	187.302025	0.008211	8.1
657	-0.643002	187.153725	0.009868	7.7
658	-1.454692	187.005739	0.009080	7.6
659	-0.675590	186.858064	0.005588	7.6
660	-1.019272	186.710699	0.014004	8.1
661	-1.188946	186.563645	0.005501	7.7
662	-0.731496	186.416898	0.006816	7.6
663	-1.221866	186.270459	0.011376	8.3
664	-0.906601	186.124326	0.005222	7.7
665	-1.504626	185.978499	0.006212	8.6
666	-1.112607	185.832976	0.009561	7.8
667	-0.733273	185.687756	0.010160	7.5
668	-1.903059	185.542838	0.011899	8.1
669	-1.556242	185.398222	0.013515	8.0
670	-1.689633	185.253906	0.009695	7.6
671	-1.313101	185.109889	0.008976	8.4
672	-1.642668	184.966170	0.023092	8.7
673	-1.100653	184.822748	0.008353	8.3
674	-0.283736	184.679623	0.004522	8.0
675	-0.084747	184.536792	0.000951	7.5
676	-0.235845	184.394256	0.001754	8.4
677	-0.672469	184.252013	0.020405	9.2
678	-1.544006	184.110062	0.004185	8.3
679	-1.390658	183.968403	0.006492	7.6
680	-0.300368	183.827034	0.003345	9.3
681	-1.675321	183.685954	0.018790	12.3
682	-1.981209	183.545163	0.011833	12.3
683	-1.166985	183.404658	0.004216	12.8
684	-1.180915	183.264441	0.007804	9.2
685	-1.748809	183.124509	0.015531	7.7
686	-1.578165	182.984861	0.011951	8.2
687	-1.205520	182.845497	0.012844	8.0
688	-0.494644	182.706416	0.005418	8.1
689	-0.839010	182.567616	0.007430	7.8
690	-1.577456	182.429098	0.023976	7.7
691	-0.731357	182.290859	0.005110	8.3
692	-1.456457	182.152899	0.008587	9.3
693	-0.254898	182.015217	0.002327	10.3
694	-0.857241	181.877813	0.008008	8.1
695	-1.523260	181.740684	0.019115	7.5
696	-1.657370	181.603832	0.006190	7.9
697	-1.574926	181.467253	0.021945	7.7
698	-1.665551	181.330948	0.014106	8.1
699	-1.594692	181.194916	0.020068	7.6
700	-0.899536	181.059155	0.006100	8.2
701	-0.591071	180.923666	0.005967	7.8
702	-1.683594	180.788446	0.013618	7.8
703	-1.439069	180.653496	0.013898	7.6
704	-1.657341	180.518814	0.018197	8.7
705	-1.797270	180.384399	0.009394	8.7
706	-1.665438	180.250251	0.008382	8.3
707	-1.787334	180.116369	0.018130	7.9
708	-1.380731	179.982752	0.017015	7.6
709	-1.652205	179.849398	0.016241	8.4
710	-1.761456	179.716308	0.015718	8.4
711	-0.442912	179.583480	0.005547	8.2
712	-0.539433	179.450913	0.005717	7.4
713	-1.551083	179.318607	0.005336	8.8
714	-0.150911	179.186561	0.001610	7.7
715	-0.938734	179.054774	0.007909	8.1
716	-1.402333	178.923245	0.016918	7.5
717	-1.284805	178.791973	0.017693	8.1
718	-1.759814	178.660958	0.011464	7.6
719	-1.805629	178.530199	0.019953	8.7
720	-1.082728	178.399694	0.006652	7.4
721	-0.287599	178.269444	0.003837	8.2
722	-1.049218	178.139447	0.009843	7.8
723	-1.675879	178.009702	0.012847	8.8
724	-1.825640	177.880209	0.022760	7.6
725	-1.563984	177.750967	0.012825	8.1
726	-1.531525	177.621975	0.009157	8.9
727	-0.787138	177.493232	0.009513	9.0
728	-1.121592	177.364738	0.008593	8.4
729	-1.211532	177.236492	0.005846	8.3
730	-1.534359	177.108492	0.010762	7.5
731	-1.632569	176.980739	0.017762	9.7
732	-0.840162	176.853231	0.006122	8.3
733	-1.716956	176.725968	0.009670	10.2
734	-1.877487	176.598949	0.021358	9.8
735	-0.975175	176.472173	0.010545	8.3
736	-0.685167	176.345639	0.004341	8.7
737	-0.692373	176.219348	0.003559	7.5
738	-1.969923	176.093296	0.008434	8.1
739	-1.900582	175.967486	0.015621	8.4
740	-1.748915	175.841914	0.013799	8.6
741	-0.565266	175.716581	0.009001	7.6
742	-1.584808	175.591486	0.013647	12.7
743	-1.921296	175.466629	0.008651	13.5
744	-1.531630	175.342008	0.014823	12.9
745	-0.816843	175.217622	0.007266	10.4
746	-1.664135	175.093472	0.021843	9.8
747	-1.752196	174.969556	0.012476	8.8
748	-0.594751	174.845873	0.011302	8.0
749	-1.360097	174.722423	0.013193	7.8
750	-1.524961	174.599206	0.010350	12.4
751	-0.887536	174.476220	0.010590	7.6
752	-1.284515	174.353464	0.015710	8.0
753	-1.512702	174.230939	0.024581	8.7
754	-0.152327	174.108643	0.001750	8.1
755	-1.200709	173.986576	0.012630	7.5
756	-0.728979	173.864737	0.006928	8.6
757	-0.558428	173.743124	0.010667	8.2
758	-0.578944	173.621739	0.010573	8.2
759	-0.512509	173.500579	0.007135	7.6
760	-1.610352	173.379645	0.008867	8.8
761	-1.459334	173.258935	0.021665	8.6
762	-0.251852	173.138449	0.002554	8.9
763	-1.662007	173.018186	0.008376	7.8
764	-1.313188	172.898146	0.007534	7.5
765	-1.406642	172.778327	0.014702	7.6
766	-1.677721	172.658730	0.016129	8.9
767	-1.891729	172.539353	0.010500	8.1
768	-0.195160	172.420196	0.000973	7.4
769	-0.480999	172.301258	0.012771	8.3
770	-0.636680	172.182539	0.011113	7.9
771	-1.573390	172.064037	0.010161	7.8
772	-1.744527	171.945753	0.022045	8.2
773	-0.839200	171.827686	0.008390	8.4
774	-0.917635	171.709834	0.004308	7.9
775	-1.198999	171.592198	0.012116	7.9
776	-1.511888	171.474776	0.008508	7.9
777	-0.310881	171.357568	0.004290	7.6
778	-1.504540	171.240574	0.007820	8.0
779	-0.924301	171.123793	0.006919	8.5
780	-0.486790	171.007223	0.015019	8.1
781	-1.451299	170.890865	0.010501	7.6
782	-1.461586	170.774718	0.010013	9.1
783	-1.842798	170.658782	0.013299	8.5
784	-0.230818	170.543055	0.001147	7.4
785	-1.766686	170.427537	0.016855	7.6
786	-1.995227	170.312227	0.012860	8.2
787	-1.323088	170.197125	0.009829	8.6
788	-1.193159	170.082231	0.009160	8.0
789	-1.939186	169.967543	0.008746	9.9
790	-1.729224	169.853061	0.017357	9.9
791	-0.639450	169.738784	0.006725	8.6
792	-1.361598	169.624713	0.006087	9.6
793	-1.567365	169.510845	0.012727	9.1
794	-0.557182	169.397181	0.006814	7.7
795	-1.812535	169.283720	0.010937	8.2
796	-1.819027	169.170462	0.011845	7.9
797	-1.020626	169.057405	0.008319	7.6
798	-1.398066	168.944549	0.007559	8.7
799	-0.910166	168.831895	0.008258	10.3
800	-1.942564	168.719440	0.018714	9.5
801	-0.535766	168.607185	0.004917	8.0
802	-1.590261	168.495129	0.009534	10.8
803	-0.529431	168.383271	0.005268	12.0
804	-0.382394	168.271611	0.003718	13.5
805	-1.577820	168.160148	0.009116	10.7
806	-1.144636	168.048882	0.007564	8.9
807	-0.254678	167.937812	0.002796	8.7
808	-1.588230	167.826938	0.014461	7.6
809	-1.763430	167.716258	0.019577	10.9
810	-0.284976	167.605773	0.003436	7.9
811	-1.787002	167.495482	0.010461	8.4
812	-1.966499	167.385384	0.019074	8.2
813	-0.179495	167.275479	0.000947	8.2
814	-0.566501	167.165766	0.005613	7.4
815	-1.771661	167.056245	0.014033	8.8
816	-1.159434	166.946915	0.010995	7.7
817	-1.545172	166.837776	0.006064	7.5
818	-0.324430	166.728826	0.004148	8.6
819	-1.266543	166.620067	0.009541	8.7
820	-0.759753	166.511496	0.005482	7.5
821	-1.574575	166.403113	0.006492	8.3
822	-0.480419	166.294919	0.003984	7.5
823	-0.533977	166.186912	0.006664	8.0
824	-0.307021	166.079091	0.003889	7.6
825	-1.649171	165.971458	0.012516	8.1
826	-1.897187	165.864009	0.015555	8.8
827	-1.213433	165.756747	0.013729	7.9
828	-1.197840	165.649669	0.010435	8.0
829	-1.822357	165.542775	0.019813	8.5
830	-1.587927	165.436065	0.012046	8.0
831	-1.678948	165.329538	0.013902	7.7
832	-0.555629	165.223194	0.004099	8.2
833	-0.285905	165.117032	0.004411	8.1
834	-0.869741	165.011052	0.002791	8.1
835	-0.689255	164.905253	0.011760	7.9
836	-1.644685	164.799635	0.013912	8.2
837	-0.638098	164.694197	0.009387	8.0
838	-1.539747	164.588939	0.024535	8.3
839	-1.682059	164.483859	0.011194	7.9
840	-1.270626	164.378959	0.012141	7.7
841	-1.765978	164.274237	0.012498	8.0
842	-0.285330	164.169692	0.002734	8.6
843	-1.589085	164.065325	0.012974	9.0
844	-1.736560	163.961135	0.016113	7.4
845	-1.584715	163.857120	0.030621	8.2
846	-0.542690	163.753282	0.006572	8.5
847	-1.849767	163.649619	0.014254	7.9
848	-1.841948	163.546130	0.007073	7.5
849	-0.855542	163.442816	0.006017	8.4
850	-0.142975	163.339676	0.002031	7.3
851	-0.802050	163.236709	0.004303	7.5
852	-0.794340	163.133915	0.005942	7.5
853	-0.247611	163.031294	0.001375	8.3
854	-1.821859	162.928844	0.006739	8.1
855	-0.227256	162.826566	0.002566	7.7
856	-1.688972	162.724459	0.018795	7.6
857	-1.341689	162.622523	0.017144	8.2
858	-0.662549	162.520757	0.005185	8.6
859	-1.276031	162.419160	0.016084	9.0
860	-1.777558	162.317733	0.014246	7.8
861	-0.435223	162.216474	0.009777	7.5
862	-1.598410	162.115383	0.014437	10.0
863	-1.204194	162.014461	0.006389	7.6
864	-1.971895	161.913705	0.006122	7.7
865	-1.591620	161.813117	0.009199	11.5
866	-0.637665	161.712695	0.004422	11.7
867	-0.722759	161.612439	0.010682	14.1
868	-0.416577	161.512349	0.003027	14.0
869	-1.743025	161.412424	0.014213	7.6
870	-1.551623	161.312663	0.008188	8.2
871	-1.076439	161.213067	0.005442	8.7
872	-0.988599	161.113635	0.005675	7.6
873	-0.643798	161.014366	0.007191	8.7
874	-0.423900	160.915260	0.009690	10.6
875	-0.622818	160.816316	0.014434	8.4
876	-0.676023	160.717535	0.006959	7.5
877	-0.919242	160.618915	0.010020	8.4
878	-0.448204	160.520456	0.004507	7.5
879	-0.155610	160.422158	0.002215	9.1
880	-1.760095	160.324021	0.014617	7.8
881	-1.617021	160.226043	0.009628	8.8
882	-0.535862	160.128225	0.007494	7.7
883	-0.864328	160.030566	0.006097	7.4
884	-1.337657	159.933066	0.003136	8.7
885	-1.638634	159.835723	0.026572	8.6
886	-1.937270	159.738539	0.016562	7.8
887	-1.574740	159.641512	0.007794	8.5
888	-0.452388	159.544642	0.002361	7.0
889	-1.830781	159.447929	0.026208	7.9
890	-0.375563	159.351372	0.004991	7.6
891	-1.613438	159.254971	0.007305	7.7
892	-1.675193	159.158725	0.013399	8.0
893	-1.083516	159.062634	0.007100	8.6
894	-1.170668	158.966697	0.007882	7.8
895	-1.394479	158.870915	0.010851	7.8
896	-0.696948	158.775286	0.006753	8.9
897	-1.534254	158.679811	0.019520	8.0
898	-0.721337	158.584489	0.006645	8.9
899	-1.415847	158.489319	0.013170	8.5
900	-1.520625	158.394302	0.011616	7.5
901	-0.242278	158.299436	0.001956	8.4
902	-0.217153	158.204721	0.003335	8.4
903	-1.939841	158.110158	0.003982	7.8
904	-0.206734	158.015745	0.002348	7.0
905	-1.009971	157.921482	0.008374	8.3
906	-1.043474	157.827369	0.007260	7.7
907	-0.593202	157.733406	0.003924	7.9
908	-0.798518	157.639591	0.006170	7.4
909	-1.461031	157.545925	0.010815	8.5
910	-1.058380	157.452408	0.009861	8.1
911	-1.508625	157.359038	0.020520	7.9
912	-1.184884	157.265816	0.006256	9.6
913	-1.102027	157.172741	0.009452	7.6
914	-0.977753	157.079813	0.005507	8.0
915	-0.309519	156.987031	0.005518	8.1
916	-1.632705	156.894395	0.008430	8.2
917	-1.784072	156.801904	0.007761	7.4
918	-1.392258	156.709559	0.021248	8.5
919	-1.745197	156.617359	0.015940	8.4
920	-1.784713	156.525304	0.011113	8.4
921	-0.599037	156.433392	0.015569	7.4
922	-0.485600	156.341624	0.005335	8.6
923	-0.090162	156.250000	0.002399	7.5
924	-1.915333	156.158519	0.024112	8.2
925	-0.646016	156.067180	0.004578	8.4
926	-0.511733	155.975984	0.004235	8.6
927	-1.647544	155.884930	0.008782	10.6
928	-1.496732	155.794017	0.011115	11.6
929	-1.512802	155.703246	0.011042	12.7
930	-1.634813	155.612615	0.011790	12.3
931	-0.970801	155.522125	0.011876	10.8
932	-1.332344	155.431775	0.008920	9.0
933	-0.305773	155.341565	0.002387	7.7
934	-0.878280	155.251495	0.006744	8.4
935	-0.674384	155.161563	0.013234	8.6
936	-1.517965	155.071771	0.011664	10.8
937	-0.722222	154.982117	0.006153	9.7
938	-0.871312	154.892601	0.008497	8.2
939	-0.861031	154.803222	0.012246	8.3
940	-0.270003	154.713981	0.001390	7.6
941	-1.724924	154.624878	0.006386	7.8
942	-1.698792	154.535910	0.010480	8.1
943	-0.666940	154.447080	0.003839	8.2
944	-0.579170	154.358385	0.008247	7.4
945	-0.672511	154.269826	0.006418	8.3
946	-0.713302	154.181402	0.006036	8.0
947	-0.573061	154.093114	0.017484	7.8
948	-1.434802	154.004960	0.013375	8.0
949	-0.218537	153.916940	0.002383	8.7
950	-1.925581	153.829054	0.009911	8.3
951	-1.322357	153.741303	0.004014	7.9
952	-0.453369	153.653684	0.004902	7.4
953	-0.329301	153.566198	0.004471	8.5
954	-1.789219	153.478846	0.012123	7.5
955	-1.730606	153.391625	0.023888	7.7
956	-1.511538	153.304537	0.014496	7.4
957	-0.762574	153.217580	0.005729	8.1
958	-1.879295	153.130755	0.012476	7.8
959	-0.719172	153.044061	0.008587	8.1
960	-0.647329	152.957498	0.014195	7.8
961	-1.472328	152.871065	0.015862	8.5
962	-1.356577	152.784762	0.007140	7.2
963	-0.910919	152.698589	0.006929	8.3
964	-0.607375	152.612545	0.008661	7.4
965	-1.583067	152.526631	0.015167	8.4
966	-1.933860	152.440845	0.006482	9.3
967	-0.534360	152.355188	0.007228	8.9
968	-1.198694	152.269660	0.009640	8.5
969	-1.795663	152.184259	0.016797	7.7
970	-0.658739	152.098986	0.009248	9.1
971	-1.767004	152.013840	0.012489	8.4
972	-1.780676	151.928821	0.025245	9.3
973	-0.248248	151.843928	0.001923	9.3
974	-0.198318	151.759163	0.002031	8.4
975	-1.763396	151.674523	0.017276	7.7
976	-1.778464	151.590009	0.008719	8.6
977	-1.139177	151.505620	0.007098	8.4
978	-0.122673	151.421357	0.001139	8.1
979	-1.311778	151.337218	0.007053	8.2
980	-0.266702	151.253204	0.003279	7.3
981	-0.621330	151.169314	0.017879	8.3
982	-1.115037	151.085549	0.004747	8.3
983	-0.601501	151.001907	0.003940	7.8
984	-1.622515	150.918388	0.010980	8.0
985	-1.404242	150.834992	0.006128	10.3
986	-0.168168	150.751719	0.002665	8.1
987	-0.560736	150.668569	0.010329	8.4
988	-1.847281	150.585541	0.010682	8.6
989	-1.044731	150.502634	0.007929	7.9
990	-1.348064	150.419849	0.018490	12.2
991	-1.670113	150.337186	0.005303	12.0
992	-1.758830	150.254644	0.007695	13.7
993	-1.798738	150.172222	0.016645	8.6
994	-1.715004	150.089921	0.023546	8.6
995	-0.521464	150.007740	0.009817	9.5
996	-0.280117	149.925679	0.004195	7.5
997	-0.273948	149.843737	0.002522	9.2
998	-1.549824	149.761915	0.010268	7.7
999	-0.859030	149.680212	0.008248	8.4
1000	-1.000795	149.598627	0.010717	10.6
1001	-0.620359	149.517161	0.007659	9.9
1002	-1.707346	149.435814	0.017938	7.8
1003	-1.515674	149.354584	0.010270	8.2
1004	-1.570651	149.273472	0.023328	7.9
1005	-1.192319	149.192477	0.007704	8.1
1006	-1.723102	149.111599	0.013512	8.0
1007	-1.711340	149.030838	0.009770	7.8
1008	-0.300602	148.950194	0.002332	7.9
1009	-0.613826	148.869666	0.008671	7.9
1010	-1.594945	148.789253	0.012288	8.1
1011	-1.420589	148.708957	0.003563	7.6
1012	-1.429254	148.628776	0.012404	8.0
1013	-1.645941	148.548710	0.015704	8.0
1014	-1.586930	148.468759	0.012666	8.3
1015	-1.561237	148.388923	0.029547	7.5
1016	-0.937450	148.309201	0.012918	8.3
1017	-1.243512	148.229594	0.017055	8.1
1018	-1.279297	148.150100	0.004622	7.7
1019	-1.434967	148.070719	0.011907	7.4
1020	-1.141713	147.991452	0.010232	8.9
1021	-1.868494	147.912298	0.016817	8.2
1022	-0.617647	147.833257	0.011285	8.6
1023	-0.626113	147.754329	0.005240	8.0
1024	-0.571413	147.675512	0.008838	8.3
1025	-0.621362	147.596808	0.009833	7.7
1026	-0.328103	147.518216	0.003835	7.9
1027	-0.591080	147.439735	0.008352	7.5
1028	-1.730551	147.361365	0.019245	8.5
1029	-1.921845	147.283106	0.008860	8.0
1030	-1.040654	147.204958	0.005612	8.1
1031	-0.593948	147.126920	0.008720	7.3
1032	-1.154495	147.048993	0.012252	8.7
1033	-0.388321	146.971175	0.002468	8.0
1034	-1.507196	146.893468	0.008298	8.3
1035	-0.711885	146.815869	0.008902	8.8
1036	-1.120094	146.738380	0.012417	7.5
1037	-1.430129	146.661000	0.010076	8.2
1038	-1.696270	146.583729	0.014325	8.4
1039	-0.759526	146.506566	0.012062	8.4
1040	-0.707594	146.429511	0.003627	7.5
1041	-0.757180	146.352565	0.007274	8.9
1042	-0.187738	146.275726	0.001653	11.5
1043	-1.432605	146.198994	0.012110	8.4
1044	-1.171127	146.122370	0.006289	7.5
1045	-0.908596	146.045853	0.008060	8.0
1046	-0.189285	145.969442	0.002451	8.3
1047	-1.237554	145.893139	0.010265	8.8
1048	-1.837350	145.816941	0.011226	9.4
1049	-0.928011	145.740849	0.010922	10.2
1050	-1.094523	145.664863	0.006463	13.6
1051	-1.856114	145.588983	0.013688	13.3
1052	-0.375539	145.513208	0.005057	13.7
1053	-1.640353	145.437538	0.010103	8.3
1054	-1.832249	145.361973	0.014197	8.4
1055	-1.144000	145.286513	0.010493	7.9
1056	-1.465914	145.211157	0.006335	9.4
1057	-1.179063	145.135905	0.015610	9.2
1058	-1.705200	145.060757	0.013440	11.2
1059	-1.762712	144.985712	0.015106	8.9
1060	-1.733976	144.910771	0.016275	8.3
1061	-1.802128	144.835934	0.020372	8.4
1062	-0.915833	144.761199	0.004555	8.7
1063	-1.345916	144.686567	0.005804	9.1
1064	-0.733791	144.612037	0.013419	9.1
1065	-0.440314	144.537610	0.005633	8.4
1066	-1.506831	144.463285	0.010564	9.1
1067	-1.573723	144.389062	0.012881	8.0
1068	-1.132473	144.314940	0.010747	8.4
1069	-1.905558	144.240920	0.009323	8.6
1070	-1.470343	144.167001	0.017544	8.0
1071	-0.753994	144.093182	0.005019	8.8
1072	-0.635961	144.019465	0.007075	8.8
1073	-1.877023	143.945848	0.016563	7.8
1074	-1.795201	143.872331	0.014915	8.3
1075	-1.149600	143.798914	0.013877	9.0
1076	-1.739806	143.725597	0.015031	8.5
1077	-0.742481	143.652380	0.012862	8.1
1078	-1.280815	143.579262	0.007848	7.8
1079	-0.525563	143.506243	0.016434	9.0
1080	-1.157670	143.433323	0.006886	7.8
1081	-1.978070	143.360502	0.010167	8.8
1082	-1.691527	143.287780	0.017152	8.4
1083	-1.709679	143.215155	0.011569	8.2
1084	-1.660198	143.142629	0.010777	8.5
1085	-1.675732	143.070201	0.015753	8.4
1086	-0.102452	142.997870	0.001658	8.5
1087	-0.807398	142.925637	0.006093	8.8
1088	-1.121099	142.853501	0.007891	7.8
1089	-1.787406	142.781462	0.011115	8.5
1090	-1.177325	142.709519	0.004464	8.0
1091	-1.813572	142.637674	0.012749	8.3
1092	-0.871654	142.565924	0.014476	8.1
1093	-1.625201	142.494271	0.011187	7.8
1094	-1.479821	142.422714	0.005495	8.4
1095	-1.697780	142.351252	0.013999	8.9
1096	-1.717668	142.279886	0.014994	8.6
1097	-0.509577	142.208616	0.004757	8.3
1098	-0.674267	142.137440	0.007191	13.0
1099	-1.754513	142.066360	0.006846	8.5
1100	-1.122751	141.995374	0.003071	8.0
1101	-1.819070	141.924483	0.016868	9.3
1102	-1.518703	141.853685	0.012356	7.9
1103	-1.387386	141.782983	0.010647	8.9
1104	-0.580420	141.712373	0.013387	8.2
1105	-2.039219	141.641858	0.012723	8.1
1106	-1.302401	141.571436	0.009866	8.3
1107	-1.691219	141.501108	0.012159	9.1
1108	-1.649502	141.430872	0.025437	9.1
1109	-1.199576	141.360730	0.008923	11.9
1110	-1.119717	141.290680	0.006741	12.5
1111	-0.515973	141.220722	0.011774	14.8
1112	-0.134418	141.150857	0.001194	8.7
1113	-1.558952	141.081084	0.004721	10.2
1114	-1.636770	141.011403	0.011596	8.0
1115	-1.684841	140.941813	0.013439	9.1
1116	-0.983171	140.872315	0.005694	9.1
1117	-1.288841	140.802909	0.012905	8.0
1118	-1.555299	140.733593	0.012389	10.0
1119	-1.831715	140.664369	0.006105	11.1
1120	-1.795431	140.595235	0.016900	12.5
1121	-1.939966	140.526192	0.019025	9.6
1122	-0.529244	140.457239	0.003813	8.0
1123	-1.735012	140.388376	0.017268	8.4
1124	-1.564771	140.319603	0.009473	8.7
1125	-1.521031	140.250920	0.007740	9.5
1126	-0.931345	140.182326	0.004934	13.5
1127	-0.567873	140.113822	0.017494	12.3
1128	-1.749773	140.045407	0.007316	9.4
1129	-0.701002	139.977081	0.004786	10.2
1130	-1.445873	139.908844	0.009872	11.8
1131	-1.705480	139.840696	0.014863	13.6
1132	-0.651614	139.772635	0.008504	14.1
1133	-1.054606	139.704664	0.007538	12.3
1134	-1.432980	139.636780	0.008210	12.2
1135	-0.166854	139.568984	0.001885	13.3
1136	-1.571757	139.501276	0.005369	11.8
1137	-1.566177	139.433655	0.014652	13.6
1138	-1.444726	139.366122	0.015107	11.4
1139	-1.064068	139.298676	0.009754	12.8
1140	-0.946172	139.231317	0.005208	13.3
1141	-0.537788	139.164045	0.005918	13.4
1142	-0.620612	139.096859	0.005930	13.5
1143	-0.511446	139.029760	0.003447	13.0
1144	-1.201758	138.962747	0.009808	16.5
1145	-0.616687	138.895820	0.009888	24.3
1146	-0.450839	138.828978	0.011813	16.1
1147	-1.913775	138.762223	0.013553	11.7
1148	-1.773573	138.695553	0.015969	8.6
1149	-1.736511	138.628969	0.010992	8.4
1150	-0.904381	138.562469	0.004848	9.0
1151	-0.969892	138.496055	0.008691	9.5
1152	-1.789316	138.429725	0.012935	11.0
1153	-1.689979	138.363481	0.011944	8.3
1154	-1.508669	138.297320	0.011521	9.1
1155	-0.569835	138.231244	0.005090	8.2
1156	-0.264417	138.165252	0.002017	8.4
1157	-1.787590	138.099344	0.011995	8.0
1158	-1.939038	138.033520	0.011050	8.6
1159	-0.458599	137.967779	0.003955	8.1
1160	-1.507105	137.902122	0.005392	8.5
1161	-1.673437	137.836548	0.008412	8.0
1162	-1.159193	137.771057	0.016112	8.5
1163	-1.839531	137.705649	0.015939	8.3
1164	-0.418870	137.640324	0.003431	8.6
1165	-1.892926	137.575081	0.010828	8.7
1166	-1.838453	137.509921	0.003532	12.2
1167	-0.152847	137.444842	0.001823	8.4
1168	-0.155619	137.379846	0.001830	9.1
1169	-1.822547	137.314932	0.020058	7.8
1170	-1.187479	137.250100	0.014086	10.5
1171	-1.341589	137.185349	0.024020	12.3
1172	-1.431669	137.120680	0.011538	12.7
1173	-1.683913	137.056092	0.005469	13.1
1174	-1.172042	136.991585	0.015231	10.1
1175	-1.675500	136.927158	0.010451	9.1
1176	-1.949490	136.862813	0.015054	8.6
1177	-0.714081	136.798548	0.009307	9.1
1178	-1.687716	136.734363	0.018328	9.0
1179	-1.743924	136.670259	0.006778	8.7
1180	-0.318679	136.606235	0.002438	8.8
1181	-0.607311	136.542291	0.005162	9.0
1182	-0.891554	136.478426	0.004871	8.1
1183	-1.642955	136.414641	0.008296	8.5
1184	-1.862391	136.350936	0.004094	8.5
1185	-1.524001	136.287310	0.011512	9.1
1186	-0.536151	136.223763	0.005640	8.6
1187	-0.254158	136.160295	0.002206	9.5
1188	-1.931840	136.096905	0.014161	8.3
1189	-0.666568	136.033594	0.005684	8.3
1190	-0.517614	135.970362	0.007801	8.8
1191	-1.110810	135.907208	0.007513	9.5
1192	-0.447758	135.844133	0.006187	9.4
1193	-1.810321	135.781135	0.009990	8.5
1194	-1.651434	135.718215	0.011356	8.9
1195	-0.304548	135.655373	0.003301	7.9
1196	-1.199035	135.592608	0.013694	8.7
1197	-1.482384	135.529921	0.014578	7.8
1198	-0.387455	135.467311	0.002945	8.0
1199	-0.121805	135.404778	0.001736	7.5
1200	-0.989771	135.342322	0.009754	8.5
1201	-1.585505	135.279942	0.019403	8.1
1202	-0.467371	135.217640	0.007423	7.8
1203	-0.541937	135.155413	0.013109	7.7
1204	-0.921196	135.093263	0.008706	8.3
1205	-0.474488	135.031190	0.004292	7.6
1206	-1.416185	134.969192	0.006324	8.4
1207	-0.628459	134.907270	0.006424	7.4
1208	-1.592556	134.845424	0.007633	8.2
1209	-1.893792	134.783653	0.010740	7.6
1210	-1.536046	134.721958	0.012815	8.0
1211	-0.535218	134.660338	0.004968	7.4
1212	-0.662655	134.598793	0.004526	8.1
1213	-1.348265	134.537323	0.009587	8.1
1214	-1.738716	134.475927	0.009116	8.1
1215	-1.675458	134.414607	0.017392	7.3
1216	-1.611369	134.353361	0.005924	8.0
1217	-1.427087	134.292189	0.011355	8.2
1218	-0.686700	134.231092	0.009402	7.8
1219	-1.609158	134.170068	0.010570	7.4
1220	-1.447523	134.109119	0.007466	8.1
1221	-0.586624	134.048243	0.007071	8.6
1222	-0.379210	133.987441	0.006722	10.5
1223	-0.907503	133.926713	0.011362	10.4
1224	-1.221673	133.866057	0.016259	7.8
1225	-1.619988	133.805475	0.021870	8.4
1226	-1.215381	133.744966	0.008549	7.4
1227	-1.344588	133.684530	0.009567	8.5
1228	-1.508630	133.624167	0.009267	8.0
1229	-0.897700	133.563877	0.007335	10.9
1230	-0.777926	133.503658	0.003490	11.7
1231	-0.914042	133.443513	0.007324	13.2
1232	-0.209163	133.383439	0.001711	10.4
1233	-1.202053	133.323437	0.009530	9.6
1234	-1.472430	133.263508	0.004591	9.7
1235	-1.728864	133.203650	0.006819	11.2
1236	-1.731573	133.143864	0.008979	9.9
1237	-1.826136	133.084149	0.021849	8.1
1238	-1.071610	133.024506	0.005107	7.9
1239	-0.419902	132.964934	0.004832	8.0
1240	-0.799467	132.905433	0.007070	8.0
1241	-1.367742	132.846003	0.003311	8.0
1242	-1.014213	132.786643	0.006192	8.0
1243	-0.297773	132.727355	0.003615	7.7
1244	-1.321386	132.668137	0.020059	7.9
1245	-1.779242	132.608989	0.008508	8.0
1246	-0.572504	132.549912	0.007914	8.1
1247	-1.273612	132.490904	0.005100	7.4
1248	-0.832102	132.431967	0.003498	8.2
1249	-1.892287	132.373100	0.007046	8.7
1250	-1.473289	132.314302	0.013965	8.2
1251	-1.098518	132.255574	0.009256	7.4
1252	-1.829493	132.196916	0.017315	8.6
1253	-1.455542	132.138326	0.013349	8.9
1254	-1.752782	132.079806	0.004818	7.9
1255	-1.397896	132.021355	0.006151	7.6
1256	-1.186024	131.962973	0.011714	7.7
1257	-1.639476	131.904660	0.007462	7.1
1258	-1.827265	131.846415	0.010680	8.2
1259	-0.981084	131.788239	0.004939	7.6
1260	-1.486317	131.730131	0.010935	8.1
1261	-0.959659	131.672092	0.009907	8.1
1262	-0.754916	131.614121	0.007971	8.2
1263	-1.273878	131.556217	0.005540	7.6
1264	-1.078056	131.498382	0.007729	10.1
1265	-0.662534	131.440614	0.004685	9.8
1266	-0.662572	131.382914	0.006846	7.9
1267	-1.844334	131.325282	0.009798	8.4
1268	-0.902644	131.267717	0.006828	7.8
1269	-1.504640	131.210219	0.015638	7.8
1270	-1.081843	131.152788	0.007973	8.9
1271	-0.173873	131.095424	0.002076	8.2
1272	-1.506042	131.038127	0.017119	7.9
1273	-1.616595	130.980897	0.010828	8.2
1274	-1.466354	130.923733	0.011577	7.5
1275	-1.620916	130.866636	0.005999	8.1
1276	-1.156565	130.809605	0.003689	8.2
1277	-1.613487	130.752641	0.011959	8.7
1278	-1.899990	130.695742	0.012196	7.9
1279	-0.539010	130.638910	0.013966	9.6
1280	-1.899552	130.582143	0.012350	11.6
1281	-1.765840	130.525442	0.019462	8.1
1282	-1.873055	130.468807	0.010540	9.5
1283	-1.749542	130.412237	0.026101	8.5
1284	-1.056234	130.355733	0.008293	8.1
1285	-1.719162	130.299294	0.014441	7.9
1286	-0.807396	130.242920	0.006811	8.5
1287	-0.993594	130.186611	0.009828	7.6
1288	-0.827500	130.130366	0.005688	7.9
1289	-1.826375	130.074187	0.018525	8.1
1290	-0.325656	130.018072	0.004080	12.0
1291	-0.655210	129.962022	0.006421	12.7
1292	-0.870552	129.906036	0.007318	22.4
1293	-0.579067	129.850114	0.012263	13.7
1294	-1.169048	129.794257	0.007317	13.0
1295	-1.068695	129.738463	0.005491	16.8
1296	-1.139838	129.682734	0.009310	12.9
1297	-1.939324	129.627068	0.014082	10.2
1298	-0.860346	129.571466	0.003333	8.2
1299	-0.582443	129.515927	0.003957	9.1
1300	-1.741455	129.460452	0.006210	8.2
1301	-0.433444	129.405040	0.004672	8.1
1302	-1.848204	129.349692	0.013509	8.6
1303	-0.682830	129.294406	0.005456	9.1
1304	-0.620373	129.239183	0.003847	13.3
1305	-1.182975	129.184024	0.009275	13.6
1306	-0.405713	129.128927	0.003089	9.6
1307	-1.336697	129.073892	0.006256	10.3
1308	-1.126714	129.018921	0.008588	10.1
1309	-1.810685	128.964011	0.023550	9.9
1310	-0.927934	128.909164	0.013510	11.1
1311	-0.463103	128.854379	0.017487	8.9
1312	-1.398530	128.799656	0.017038	11.2
1313	-0.870072	128.744995	0.003867	12.0
1314	-1.916335	128.690396	0.008374	8.5
1315	-1.826112	128.635858	0.007788	11.0
1316	-1.153806	128.581382	0.012200	9.7
1317	-1.374171	128.526968	0.009682	9.0
1318	-1.611381	128.472615	0.005929	10.2
1319	-1.354740	128.418323	0.008012	9.6
1320	-1.045819	128.364092	0.008588	10.7
1321	-0.030270	128.309922	0.000692	9.2
1322	-1.608710	128.255814	0.019718	9.6
1323	-0.649573	128.201766	0.008844	11.1
1324	-1.830977	128.147778	0.014514	9.0
1325	-0.831684	128.093852	0.006478	9.9
1326	-1.914061	128.039985	0.018324	9.0
1327	-1.070137	127.986180	0.007916	11.5
1328	-1.647142	127.932434	0.005396	9.5
1329	-0.547578	127.878749	0.007365	9.6
1330	-0.441786	127.825123	0.005020	10.4
1331	-0.839401	127.771558	0.007228	10.5
1332	-0.863007	127.718052	0.009730	9.9
1333	-0.697494	127.664606	0.009432	10.5
1334	-1.359315	127.611220	0.006932	9.4
1335	-1.763446	127.557893	0.020627	11.3
1336	-1.895506	127.504625	0.011220	10.5
1337	-1.177139	127.451417	0.011023	11.3
1338	-1.286380	127.398268	0.013254	13.1
1339	-1.683657	127.345178	0.010382	10.5
1340	-0.381431	127.292147	0.004262	9.3
1341	-0.691826	127.239175	0.005837	10.1
1342	-1.822718	127.186261	0.007411	12.5
1343	-0.590095	127.133407	0.007516	10.6
1344	-0.749198	127.080610	0.009608	12.3
1345	-1.252202	127.027872	0.004256	12.2
1346	-1.467296	126.975193	0.008751	16.5
1347	-1.954323	126.922572	0.011675	14.1
1348	-1.537709	126.870008	0.005348	18.6
1349	-0.596526	126.817503	0.004214	16.4
1350	-1.630153	126.765056	0.009192	15.1
1351	-0.240719	126.712667	0.003001	16.4
1352	-1.748053	126.660335	0.010583	13.8
1353	-1.727437	126.608061	0.005983	15.0
1354	-0.959401	126.555844	0.007353	9.1
1355	-0.535979	126.503685	0.010592	12.2
1356	-0.513635	126.451583	0.006603	11.0
1357	-0.579086	126.399538	0.009180	8.3
1358	-1.193347	126.347550	0.008257	9.7
1359	-1.642640	126.295619	0.014695	8.6
1360	-1.873712	126.243745	0.006463	9.2
1361	-0.098082	126.191928	0.000514	9.0
1362	-0.524731	126.140168	0.006802	10.3
1363	-1.184784	126.088464	0.015892	12.2
1364	-0.855675	126.036817	0.004856	10.3
1365	-1.413485	125.985226	0.018164	11.4
1366	-1.777422	125.933691	0.016155	13.7
1367	-1.102180	125.882212	0.010273	10.8
1368	-0.527100	125.830790	0.005639	10.5
1369	-1.658215	125.779423	0.012025	11.0
1370	-1.667621	125.728113	0.016980	12.0
1371	-1.493540	125.676858	0.011698	9.9
1372	-0.195253	125.625659	0.001821	11.0
1373	-1.223421	125.574515	0.010782	13.6
1374	-0.287947	125.523427	0.003219	13.2
1375	-0.416399	125.472394	0.003369	12.6
1376	-1.190699	125.421417	0.014253	13.8
1377	-0.853836	125.370495	0.006360	11.6
1378	-1.611031	125.319628	0.014164	10.8
1379	-0.657116	125.268815	0.007935	8.5
1380	-0.338538	125.218058	0.004137	9.4
1381	-1.364554	125.167356	0.006309	9.4
1382	-1.190153	125.116708	0.011498	8.6
1383	-1.929533	125.066115	0.005128	7.8
1384	-1.272894	125.015576	0.006617	8.8
1385	-1.164654	124.965092	0.005617	8.6
1386	-1.256821	124.914662	0.009371	9.2
1387	-1.602837	124.864287	0.008380	12.9
1388	-1.711772	124.813965	0.017218	12.0
1389	-1.010074	124.763698	0.006797	12.5
1390	-1.519063	124.713485	0.010843	12.7
1391	-1.404434	124.663325	0.010692	13.9
1392	-0.685837	124.613219	0.006503	16.4
1393	-1.842265	124.563167	0.010874	9.3
1394	-1.174097	124.513168	0.013354	12.5
1395	-0.639941	124.463223	0.004281	9.0
1396	-1.717786	124.413332	0.011867	13.0
1397	-0.469032	124.363493	0.002866	12.2
1398	-0.782479	124.313708	0.006094	14.0
1399	-0.553722	124.263976	0.008689	12.8
1400	-0.432406	124.214297	0.002760	8.3
1401	-0.474761	124.164671	0.009890	9.1
1402	-1.887730	124.115097	0.015071	8.0
1403	-0.835306	124.065577	0.008229	7.5
1404	-1.307612	124.016109	0.015197	8.6
1405	-0.641906	123.966693	0.007243	7.5
1406	-1.352295	123.917330	0.005589	7.9
1407	-0.666855	123.868020	0.003963	7.1
1408	-1.012407	123.818762	0.011703	8.7
1409	-1.482906	123.769556	0.030906	8.3
1410	-1.263709	123.720402	0.010515	8.1
1411	-0.894389	123.671300	0.011991	7.7
1412	-1.024631	123.622250	0.009668	8.1
1413	-0.543417	123.573252	0.005903	7.8
1414	-1.377930	123.524305	0.011422	9.4
1415	-0.827033	123.475411	0.005844	8.0
1416	-1.628738	123.426568	0.016899	8.5
1417	-1.825049	123.377776	0.014674	8.4
1418	-1.737917	123.329036	0.009479	8.2
1419	-1.050372	123.280347	0.010425	8.1
1420	-0.655899	123.231709	0.005487	7.4
1421	-1.848784	123.183122	0.015499	7.5
1422	-0.444841	123.134587	0.005029	8.0
1423	-0.751706	123.086102	0.004508	8.1
1424	-0.472015	123.037669	0.005824	8.5
1425	-1.718945	122.989286	0.008195	7.5
1426	-1.880649	122.940954	0.008411	8.2
1427	-1.629853	122.892672	0.004905	8.2
1428	-1.852761	122.844441	0.008534	8.2
1429	-0.560843	122.796261	0.005269	7.6
1430	-1.027499	122.748130	0.007988	8.6
1431	-1.665815	122.700050	0.015412	8.4
1432	-1.645542	122.652021	0.023560	8.0
1433	-0.614575	122.604041	0.010558	7.7
1434	-0.518806	122.556111	0.005978	8.9
1435	-1.844243	122.508232	0.013567	8.6
1436	-1.925559	122.460402	0.012185	9.0
1437	-0.103778	122.412622	0.001729	8.3
1438	-0.863863	122.364891	0.003997	7.5
1439	-0.423241	122.317210	0.003889	7.9
1440	-0.544945	122.269579	0.004119	8.0
1441	-1.614526	122.221997	0.016434	8.5
1442	-1.323819	122.174465	0.009759	7.5
1443	-0.029765	122.126981	0.000685	7.2
1444	-0.601803	122.079547	0.003663	8.4
1445	-1.805312	122.032162	0.009275	8.1
1446	-1.518963	121.984826	0.015452	7.5
1447	-0.523465	121.937539	0.006393	8.7
1448	-0.689792	121.890301	0.006117	7.9
1449	-0.321367	121.843112	0.004200	8.2
1450	-0.860100	121.795971	0.005722	7.9
1451	-0.826746	121.748879	0.006653	8.0
1452	-1.284086	121.701835	0.011123	8.0
1453	-1.193636	121.654840	0.009460	8.7
1454	-1.237383	121.607893	0.006696	8.0
1455	-1.852485	121.560994	0.008922	7.9
1456	-0.494062	121.514144	0.011119	11.5
1457	-1.617186	121.467342	0.029383	9.5
1458	-1.205717	121.420588	0.008675	8.5
1459	-1.464014	121.373882	0.005722	10.3
1460	-0.665156	121.327223	0.008821	12.9
1461	-1.242801	121.280613	0.010208	12.4
1462	-1.239822	121.234050	0.005718	12.5
1463	-1.781327	121.187535	0.021377	11.0
1464	-0.277619	121.141067	0.002630	8.3
1465	-0.712376	121.094647	0.011342	7.6
1466	-0.521335	121.048274	0.003532	8.4
1467	-1.253041	121.001949	0.016842	8.5
1468	-0.883749	120.955671	0.006285	8.2
1469	-1.347347	120.909440	0.008667	7.6
1470	-0.439493	120.863256	0.002830	7.3
1471	-0.211636	120.817119	0.003147	9.8
1472	-0.256955	120.771029	0.002785	9.5
1473	-1.472471	120.724986	0.007646	8.9
1474	-0.752690	120.678990	0.009565	7.5
1475	-0.943189	120.633040	0.012590	8.0
1476	-0.711986	120.587137	0.005439	8.5
1477	-1.514127	120.541281	0.013775	8.8
1478	-1.995146	120.495471	0.007268	8.1
1479	-1.957992	120.449707	0.004525	8.2
1480	-1.685592	120.403990	0.011695	7.8
1481	-1.612382	120.358319	0.006123	8.2
1482	-0.524122	120.312694	0.003109	9.3
1483	-1.818758	120.267115	0.011677	8.0
1484	-0.303120	120.221582	0.002306	7.6
1485	-0.701229	120.176096	0.003882	8.5
1486	-0.895764	120.130655	0.007289	7.6
1487	-1.454648	120.085260	0.008887	8.0
1488	-0.259563	120.039910	0.003355	7.5
1489	-1.451628	119.994606	0.007317	8.3
1490	-0.677705	119.949348	0.010363	8.1
1491	-1.564900	119.904135	0.016618	8.1
1492	-1.176393	119.858968	0.003567	7.5
1493	-1.070896	119.813846	0.009067	8.1
1494	-0.664852	119.768769	0.004284	7.8
1495	-1.773993	119.723738	0.014968	9.0
1496	-1.696495	119.678752	0.017306	7.9
1497	-0.827260	119.633810	0.005801	7.5
1498	-1.097864	119.588914	0.012653	8.4
1499	-1.808852	119.544062	0.025127	8.2
1500	-1.779727	119.499256	0.011541	8.0
1501	-1.350619	119.454494	0.008850	7.9
1502	-0.275765	119.409777	0.002861	8.9
1503	-0.694922	119.365104	0.008360	7.7
1504	-0.329546	119.320476	0.005616	8.2
1505	-0.573939	119.275893	0.012477	7.5
1506	-0.518374	119.231353	0.002680	8.7
1507	-0.564343	119.186859	0.009074	8.2
1508	-1.338715	119.142408	0.013678	8.9
1509	-0.880899	119.098002	0.008035	8.0
1510	-0.688681	119.053639	0.003750	7.8
1511	-0.498430	119.009321	0.007141	8.1
1512	-0.379334	118.965047	0.003406	8.1
1513	-0.630286	118.920816	0.005912	8.2
1514	-0.779065	118.876630	0.007129	13.7
1515	-1.590270	118.832487	0.005547	8.1
1516	-0.804114	118.788388	0.007786	9.0
1517	-0.574599	118.744332	0.014822	7.9
1518	-1.852810	118.700320	0.008884	8.4
1519	-1.303314	118.656352	0.009975	8.2
1520	-1.924092	118.612427	0.008125	12.1
1521	-0.916255	118.568545	0.004888	13.3
1522	-0.495188	118.524706	0.004205	17.2
1523	-1.896349	118.480911	0.012624	8.8
1524	-1.769125	118.437159	0.008874	9.6
1525	-1.901094	118.393450	0.009752	8.0
1526	-1.710028	118.349784	0.017541	8.0
1527	-1.919844	118.306160	0.006266	7.8
1528	-1.972257	118.262580	0.006032	8.7
1529	-1.743494	118.219042	0.017563	8.8
1530	-1.885708	118.175548	0.007370	8.1
1531	-1.657323	118.132095	0.012883	7.6
1532	-1.461738	118.088686	0.015299	8.0
1533	-1.743851	118.045319	0.010325	7.8
1534	-1.843325	118.001994	0.020194	8.3
1535	-1.276136	117.958712	0.006102	8.2
1536	-1.657976	117.915472	0.014947	8.8
1537	-1.715116	117.872274	0.013456	8.4
1538	-0.933618	117.829118	0.007792	7.5
1539	-1.815304	117.786005	0.015969	7.8
1540	-1.193362	117.742933	0.013990	8.8
1541	-1.839420	117.699904	0.014130	8.8
1542	-1.929977	117.656916	0.016991	8.0
1543	-1.799539	117.613971	0.014251	7.9
1544	-1.863228	117.571067	0.014059	7.5
1545	-1.820405	117.528205	0.018421	7.9
1546	-1.234598	117.485384	0.008476	7.7
1547	-0.722558	117.442605	0.013886	8.5
1548	-1.354359	117.399867	0.013950	8.2
1549	-0.574438	117.357171	0.008164	8.9
1550	-0.486232	117.314517	0.013339	8.3
1551	-1.578247	117.271903	0.011522	8.2
1552	-0.265789	117.229331	0.005157	7.5
1553	-0.560684	117.186800	0.004944	8.8
1554	-1.529624	117.144311	0.007526	7.7
1555	-0.363673	117.101862	0.002923	7.9
1556	-1.522860	117.059454	0.008384	7.7
1557	-1.838879	117.017087	0.017808	8.0
1558	-0.694207	116.974762	0.008500	7.8
1559	-0.766748	116.932476	0.006506	8.7
1560	-0.320438	116.890232	0.002893	7.7
1561	-1.736280	116.848028	0.008395	7.9
1562	-1.736657	116.805865	0.009641	7.8
1563	-1.561249	116.763743	0.017620	8.5
1564	-1.844481	116.721661	0.006721	7.9
1565	-1.610960	116.679619	0.007792	9.5
1566	-0.488462	116.637618	0.006798	8.0
1567	-0.843946	116.595657	0.006981	8.3
1568	-1.796736	116.553736	0.006347	8.2
1569	-1.587932	116.511855	0.008694	8.4
1570	-1.673467	116.470015	0.012366	7.5
1571	-0.976432	116.428214	0.014301	11.8
1572	-1.143394	116.386454	0.008849	8.9
1573	-1.475360	116.344733	0.017289	8.0
1574	-1.161746	116.303052	0.010207	9.2
1575	-1.843077	116.261412	0.012884	8.9
1576	-1.015068	116.219810	0.010119	8.9
1577	-1.825982	116.178249	0.015911	8.4
1578	-0.908497	116.136727	0.004380	8.4
1579	-0.783660	116.095245	0.006398	8.9
1580	-1.304035	116.053802	0.010399	8.1
1581	-1.927786	116.012398	0.007120	11.7
1582	-1.652143	115.971034	0.016647	12.2
1583	-1.804714	115.929710	0.008814	13.8
1584	-1.565898	115.888424	0.014363	9.5
1585	-1.775034	115.847178	0.007415	8.7
1586	-1.924066	115.805970	0.012472	8.0
1587	-0.636339	115.764802	0.006253	8.1
1588	-1.092658	115.723673	0.007528	7.7
1589	-0.675836	115.682583	0.011600	8.9
1590	-1.252900	115.641532	0.006764	7.7
1591	-1.216952	115.600519	0.010278	9.3
1592	-1.588715	115.559546	0.008790	7.9
1593	-0.305021	115.518610	0.002828	8.3
1594	-0.856906	115.477714	0.007122	9.2
1595	-1.940183	115.436856	0.010521	8.0
1596	-0.532763	115.396037	0.005715	8.3
1597	-0.429872	115.355256	0.004919	8.4
1598	-1.207847	115.314514	0.004736	7.6
1599	-1.766095	115.273810	0.008301	8.7
1600	-0.818559	115.233144	0.007764	8.0
1601	-0.714642	115.192517	0.004207	7.8
1602	-1.416966	115.151927	0.009003	7.6
1603	-1.039034	115.111376	0.008188	9.3
1604	-1.733279	115.070863	0.011441	8.2
1605	-1.417213	115.030388	0.018505	8.0
1606	-0.361967	114.989951	0.002815	7.9
1607	-0.894236	114.949551	0.006433	7.6
1608	-1.780195	114.909190	0.011807	8.2
1609	-1.461949	114.868866	0.010639	8.1
1610	-1.954949	114.828580	0.010693	8.0
1611	-0.845753	114.788332	0.004165	7.9
1612	-1.788397	114.748121	0.016465	8.7
1613	-1.735939	114.707948	0.013746	8.5
1614	-1.499854	114.667812	0.013380	9.0
1615	-0.931036	114.627714	0.009940	7.6
1616	-1.683105	114.587653	0.012772	8.1
1617	-0.663306	114.547629	0.009436	8.0
1618	-0.319704	114.507643	0.003433	8.8
1619	-1.536848	114.467693	0.040604	13.7
1620	-0.151021	114.427781	0.001988	19.1
1621	-0.283649	114.387907	0.001895	11.2
1622	-1.892283	114.348069	0.009554	7.7
1623	-0.586891	114.308268	0.007654	7.6
1624	-1.261717	114.268504	0.008501	7.5
1625	-0.933693	114.228777	0.007543	7.8
1626	-0.561216	114.189086	0.018092	8.0
1627	-1.321553	114.149433	0.012044	12.3
1628	-1.262751	114.109816	0.007400	7.8
1629	-1.332603	114.070235	0.007032	11.6
1630	-1.746690	114.030692	0.009315	11.2
1631	-0.757786	113.991185	0.007991	7.3
1632	-1.468696	113.951714	0.008553	8.3
1633	-0.515738	113.912280	0.004808	8.1
1634	-1.890957	113.872882	0.009602	9.0
1635	-1.221227	113.833521	0.007778	7.8
1636	-0.806170	113.794195	0.005204	7.4
1637	-1.829764	113.754906	0.016652	8.4
1638	-1.157657	113.715653	0.007758	8.8
1639	-1.044618	113.676437	0.006837	10.3
1640	-1.872244	113.637256	0.009597	12.3
1641	-1.274899	113.598111	0.018620	13.1
1642	-1.443088	113.559002	0.014768	10.2
1643	-1.203648	113.519929	0.007366	10.4
1644	-0.251702	113.480892	0.002184	8.2
1645	-0.761585	113.441891	0.007882	8.1
1646	-0.348696	113.402925	0.004523	7.8
1647	-1.413614	113.363995	0.012994	7.5
1648	-0.437008	113.325101	0.005211	8.9
1649	-1.982112	113.286242	0.009631	9.4
1650	-1.769162	113.247419	0.006599	8.7
1651	-1.672434	113.208631	0.009321	7.9
1652	-0.683411	113.169879	0.005378	8.3
1653	-0.611459	113.131162	0.009959	9.0
1654	-1.746181	113.092480	0.012211	7.3
1655	-0.705849	113.053833	0.005486	8.2
1656	-1.853467	113.015222	0.011701	7.4
1657	-0.489688	112.976646	0.014132	8.1
1658	-0.936683	112.938105	0.006179	7.7
1659	-1.595948	112.899599	0.018230	7.9
1660	-1.864467	112.861128	0.013847	7.5
1661	-0.957282	112.822692	0.006402	8.8
1662	-1.253462	112.784291	0.004169	7.9
1663	-0.335462	112.745924	0.003838	7.9
1664	-1.892631	112.707593	0.012111	7.5
1665	-1.731107	112.669296	0.011845	9.4
1666	-1.710505	112.631034	0.011571	8.1
1667	-1.839090	112.592806	0.011984	8.6
1668	-0.824518	112.554613	0.016132	8.0
1669	-1.634113	112.516455	0.014501	7.9
1670	-1.747977	112.478331	0.010014	7.4
1671	-0.336836	112.440241	0.002482	8.1
1672	-0.898862	112.402186	0.008102	8.0
1673	-1.503353	112.364165	0.014377	8.0
1674	-0.465626	112.326179	0.003451	8.7
1675	-1.809725	112.288227	0.009642	8.2
1676	-1.901355	112.250309	0.008453	8.3
1677	-0.949686	112.212425	0.009112	8.7
1678	-2.034308	112.174575	0.009168	7.6
1679	-1.752428	112.136759	0.010315	8.2
1680	-1.336664	112.098977	0.011943	8.0
1681	-0.882083	112.061229	0.006525	7.9
1682	-0.660375	112.023515	0.007903	7.6
1683	-1.255235	111.985834	0.014628	8.3
1684	-1.102475	111.948188	0.008109	10.6
1685	-0.365573	111.910575	0.003897	9.4
1686	-1.620227	111.872996	0.006793	8.7
1687	-1.766873	111.835450	0.008124	9.6
1688	-1.458530	111.797939	0.007542	7.8
1689	-1.929617	111.760460	0.006005	8.7
1690	-0.457270	111.723015	0.006129	8.1
1691	-1.670542	111.685604	0.006812	7.8
1692	-1.502245	111.648226	0.018985	7.8
1693	-0.704887	111.610881	0.008214	7.4
1694	-0.242494	111.573570	0.003291	8.5
1695	-1.348115	111.536292	0.004082	10.1
1696	-1.448724	111.499047	0.015465	7.6
1697	-1.475463	111.461835	0.020938	8.1
1698	-1.563643	111.424656	0.023088	7.5
1699	-1.735663	111.387510	0.011573	8.4
1700	-1.546419	111.350398	0.008105	7.7
1701	-1.200008	111.313318	0.006391	12.8
1702	-1.597818	111.276271	0.006063	12.2
1703	-0.338058	111.239257	0.002935	13.9
1704	-1.287511	111.202276	0.014093	9.0
1705	-1.246247	111.165328	0.012075	9.8
1706	-1.960478	111.128412	0.014805	8.1
1707	-1.817511	111.091529	0.011187	8.1
1708	-1.195694	111.054679	0.007129	7.7
1709	-1.701505	111.017861	0.016232	7.7
1710	-0.570386	110.981076	0.008457	9.0
1711	-2.035269	110.944323	0.012227	11.0
1712	-1.499986	110.907603	0.015777	8.3
1713	-0.482775	110.870915	0.002638	8.1
1714	-0.338877	110.834259	0.002652	7.8
1715	-1.730018	110.797636	0.015715	8.3
1716	-0.578882	110.761045	0.005092	8.4
1717	-1.916850	110.724486	0.012636	8.4
1718	-1.978666	110.687959	0.015055	8.0
1719	-1.389871	110.651465	0.009764	7.6
1720	-1.474728	110.615002	0.009746	8.8
1721	-0.622527	110.578572	0.016946	8.2
1722	-2.039147	110.542173	0.015614	8.7
1723	-0.914234	110.505807	0.009887	8.0
1724	-1.391219	110.469472	0.016544	8.6
1725	-0.823640	110.433169	0.002789	8.4
1726	-1.483968	110.396898	0.008208	8.9
1727	-0.543241	110.360659	0.002877	8.3
1728	-1.376955	110.324451	0.017054	7.7
1729	-1.755856	110.288276	0.007825	6.9
1730	-0.893284	110.252131	0.004548	7.9
1731	-0.544061	110.216019	0.006833	8.1
1732	-0.535624	110.179937	0.008238	8.4
1733	-1.203731	110.143888	0.006984	7.4
1734	-0.591291	110.107869	0.007896	8.3
1735	-0.340409	110.071882	0.004594	8.4
1736	-1.649265	110.035927	0.019304	8.3
1737	-1.593335	110.000003	0.010173	7.5
1738	-0.747203	109.964110	0.005678	7.8
1739	-1.917525	109.928248	0.017958	8.3
1740	-1.950114	109.892417	0.013341	7.9
1741	-0.971299	109.856618	0.009646	7.4
1742	-1.909116	109.820850	0.021017	12.6
1743	-0.473889	109.785112	0.004291	7.8
1744	-1.887593	109.749406	0.026980	7.9
1745	-1.669524	109.713730	0.013501	8.2
1746	-1.644743	109.678086	0.025883	7.8
1747	-1.213695	109.642472	0.007229	8.1
1748	-1.686066	109.606890	0.008515	8.0
1749	-1.764347	109.571337	0.009952	8.7
1750	-0.544355	109.535816	0.009444	8.1
1751	-1.098210	109.500326	0.011505	7.7
1752	-0.510138	109.464866	0.004297	9.4
1753	-0.747044	109.429436	0.006155	8.3
1754	-0.449115	109.394038	0.004272	8.4
1755	-0.436127	109.358669	0.004284	8.0
1756	-1.358071	109.323331	0.007618	7.5
1757	-0.762135	109.288024	0.004255	9.1
1758	-1.688406	109.252747	0.014994	8.5
1759	-1.263485	109.217501	0.011109	8.1
1760	-0.538996	109.182284	0.009066	8.1
1761	-1.930174	109.147098	0.005144	7.6
1762	-1.864437	109.111942	0.007156	8.5
1763	-1.458410	109.076817	0.013671	11.8
1764	-0.596029	109.041721	0.012555	12.3
1765	-1.823289	109.006656	0.010416	13.8
1766	-1.731213	108.971620	0.019280	7.5
1767	-0.512179	108.936615	0.016749	10.1
1768	-0.611448	108.901640	0.008913	9.1
1769	-1.856967	108.866694	0.015390	7.9
1770	-2.072147	108.831779	0.008236	8.9
1771	-0.359517	108.796893	0.003231	8.1
1772	-0.433383	108.762037	0.003476	9.7
1773	-1.335011	108.727211	0.011373	9.5
1774	-0.777747	108.692415	0.007529	10.6
1775	-0.378761	108.657648	0.002425	8.6
1776	-0.971334	108.622911	0.012633	8.2
1777	-1.782268	108.588203	0.024045	8.6
1778	-0.730052	108.553525	0.005496	10.6
1779	-1.477759	108.518877	0.015934	8.4
1780	-1.199811	108.484258	0.010937	7.6
1781	-0.589293	108.449668	0.005167	8.4
1782	-0.909747	108.415108	0.004289	8.3
1783	-0.812337	108.380578	0.011206	7.9
1784	-1.934191	108.346076	0.011804	7.6
1785	-1.826622	108.311604	0.008603	8.5
1786	-0.873053	108.277161	0.006192	8.0
1787	-0.569010	108.242747	0.005382	8.1
1788	-1.451255	108.208363	0.004813	7.7
1789	-0.830617	108.174007	0.012709	7.7
1790	-1.266534	108.139681	0.005244	7.9
1791	-1.626820	108.105383	0.018421	8.1
1792	-0.635272	108.071115	0.004502	7.7
1793	-1.607995	108.036875	0.007829	7.8
1794	-0.850492	108.002665	0.008687	7.8
1795	-0.647940	107.968483	0.013245	7.9
1796	-1.408661	107.934330	0.010782	7.4
1797	-0.978271	107.900206	0.004932	8.9
1798	-1.417248	107.866111	0.004968	10.0
1799	-0.622601	107.832044	0.004631	10.1
1800	-1.509598	107.798007	0.008580	8.5
1801	-1.645866	107.763997	0.014920	8.2
1802	-0.555201	107.730017	0.008008	8.4
1803	-0.967191	107.696065	0.011708	7.5
1804	-1.535541	107.662141	0.011866	8.0
1805	-1.861558	107.628246	0.022573	8.4
1806	-0.690314	107.594379	0.008072	8.5
1807	-1.515565	107.560541	0.011142	7.6
1808	-1.775651	107.526731	0.007266	8.1
1809	-1.421456	107.492949	0.019106	7.8
1810	-1.399795	107.459196	0.006423	7.9
1811	-0.720834	107.425471	0.006992	7.4
1812	-1.167852	107.391774	0.011391	8.1
1813	-1.649712	107.358106	0.019497	8.0
1814	-1.877196	107.324465	0.009809	8.9
1815	-1.566002	107.290853	0.008574	7.6
1816	-0.914046	107.257268	0.005939	8.3
1817	-0.538553	107.223712	0.004900	7.9
1818	-0.379660	107.190184	0.003818	8.2
1819	-1.243395	107.156683	0.014206	7.7
1820	-0.852409	107.123211	0.005606	7.7
1821	-1.479806	107.089766	0.013229	7.7
1822	-0.570871	107.056349	0.003474	7.7
1823	-1.390423	107.022960	0.007425	7.8
1824	-1.619079	106.989599	0.020396	11.5
1825	-2.015946	106.956265	0.012705	12.9
1826	-1.422203	106.922960	0.015998	12.2
1827	-1.843269	106.889681	0.007185	10.9
1828	-1.590493	106.856431	0.011773	8.4
1829	-1.761201	106.823208	0.011024	10.1
1830	-1.698786	106.790012	0.013122	7.6
1831	-1.718215	106.756844	0.010182	8.8
1832	-1.910914	106.723703	0.014596	7.8
1833	-1.645071	106.690590	0.009432	8.1
1834	-0.704261	106.657505	0.008076	9.3
1835	-1.091160	106.624446	0.008710	10.9
1836	-1.821903	106.591415	0.009786	7.5
1837	-1.488561	106.558411	0.008045	8.6
1838	-0.382747	106.525435	0.003282	7.7
1839	-1.279741	106.492485	0.011962	7.9
1840	-1.678015	106.459563	0.016228	7.5
1841	-0.718092	106.426668	0.005542	8.2
1842	-0.521376	106.393800	0.004459	7.5
1843	-1.127330	106.360959	0.007033	7.8
1844	-1.738531	106.328145	0.019278	8.0
1845	-0.624300	106.295358	0.003909	8.2
1846	-1.663194	106.262598	0.010630	7.8
1847	-1.672855	106.229865	0.010967	7.9
1848	-0.493388	106.197158	0.005803	7.4
1849	-0.537512	106.164479	0.004546	8.1
1850	-0.794798	106.131826	0.008943	8.2
1851	-1.809371	106.099201	0.015883	7.8
1852	-1.201584	106.066602	0.006985	7.4
1853	-1.951492	106.034029	0.013049	8.6
1854	-1.580579	106.001483	0.008613	7.8
1855	-0.683474	105.968964	0.004964	7.7
1856	-0.800104	105.936472	0.009992	7.4
1857	-1.865660	105.904006	0.014739	8.3
1858	-1.558642	105.871566	0.013145	12.4
1859	-0.496661	105.839153	0.004291	8.0
1860	-0.367611	105.806767	0.003154	9.0
1861	-0.712603	105.774407	0.010300	7.7
1862	-1.530980	105.742073	0.007194	8.0
1863	-1.520442	105.709766	0.010136	7.7
1864	-0.625084	105.677485	0.009666	7.9
1865	-1.636974	105.645230	0.007445	7.9
1866	-1.502439	105.613001	0.016466	7.7
1867	-1.299006	105.580799	0.006691	8.4
1868	-1.946672	105.548623	0.011992	8.2
1869	-0.514732	105.516473	0.003478	7.9
1870	-0.637353	105.484349	0.014647	8.0
1871	-0.574653	105.452251	0.003418	7.6
1872	-1.576014	105.420179	0.008218	8.2
1873	-1.688124	105.388133	0.010482	8.0
1874	-0.668668	105.356113	0.009714	8.2
1875	-0.538220	105.324119	0.007844	7.7
1876	-1.339878	105.292151	0.014543	7.5
1877	-1.781835	105.260209	0.004382	7.9
1878	-0.534443	105.228293	0.007502	8.2
1879	-1.029714	105.196402	0.005156	7.0
1880	-0.811641	105.164537	0.005644	8.0
1881	-1.912579	105.132698	0.011800	8.2
1882	-1.836512	105.100885	0.013449	8.3
1883	-0.683733	105.069097	0.011429	9.1
1884	-1.242830	105.037335	0.008293	8.5
1885	-1.305509	105.005598	0.011211	8.0
1886	-1.365978	104.973887	0.021878	13.1
1887	-1.760428	104.942202	0.013006	12.6
1888	-1.198069	104.910542	0.012874	13.3
1889	-1.777457	104.878907	0.009547	11.7
1890	-1.003290	104.847298	0.003216	9.6
1891	-1.791301	104.815715	0.007115	9.4
1892	-1.653299	104.784156	0.027960	7.8
1893	-1.238811	104.752623	0.005136	8.8
1894	-1.274098	104.721116	0.005706	8.8
1895	-1.223517	104.689633	0.010257	11.0
1896	-1.428978	104.658176	0.011204	9.9
1897	-1.779984	104.626744	0.014008	8.5
1898	-1.210917	104.595337	0.004144	8.7
1899	-1.762632	104.563955	0.010684	7.8
1900	-1.901860	104.532599	0.012076	9.1
1901	-1.681347	104.501267	0.008284	7.6
1902	-1.698029	104.469960	0.013187	8.3
1903	-0.378087	104.438679	0.005198	8.1
1904	-1.380558	104.407422	0.008857	7.9
1905	-1.454447	104.376191	0.010956	8.9
1906	-1.150441	104.344984	0.012638	8.0
1907	-1.572855	104.313802	0.005551	8.4
1908	-0.605146	104.282645	0.015980	8.2
1909	-1.722806	104.251513	0.012115	9.1
1910	-0.985106	104.220405	0.006359	8.0
1911	-0.453075	104.189323	0.004264	9.2
1912	-1.249142	104.158265	0.009563	8.1
1913	-1.133562	104.127231	0.009568	8.3
1914	-0.831318	104.096222	0.010238	10.5
1915	-1.430191	104.065238	0.021118	9.6
1916	-0.769715	104.034279	0.005694	8.9
1917	-1.416723	104.003344	0.013462	8.7
1918	-1.769467	103.972433	0.019173	10.0
1919	-1.707379	103.941547	0.014022	11.6
1920	-1.756778	103.910686	0.015917	10.4
1921	-1.359633	103.879849	0.008836	9.1
1922	-1.577772	103.849036	0.005574	10.6
1923	-0.899947	103.818248	0.008275	9.2
1924	-0.378307	103.787484	0.004346	11.7
1925	-1.100847	103.756744	0.010506	12.9
1926	-1.900850	103.726029	0.005454	10.5
1927	-1.337288	103.695338	0.009031	13.0
1928	-1.766712	103.664671	0.032408	12.3
1929	-0.676856	103.634028	0.005602	8.1
1930	-1.526493	103.603409	0.007878	8.3
1931	-0.638166	103.572814	0.008408	8.7
1932	-0.273812	103.542244	0.003136	8.0
1933	-1.668905	103.511698	0.012005	7.8
1934	-0.988350	103.481175	0.006683	7.6
1935	-0.316943	103.450677	0.003232	8.0
1936	-0.955808	103.420202	0.006297	8.0
1937	-1.681816	103.389752	0.011320	7.8
1938	-1.956339	103.359325	0.013795	7.4
1939	-1.259626	103.328922	0.006063	7.8
1940	-0.088076	103.298543	0.000763	7.5
1941	-1.240024	103.268188	0.006836	7.2
1942	-1.660554	103.237857	0.006230	8.9
1943	-0.870105	103.207549	0.004367	11.9
1944	-0.666429	103.177265	0.011768	11.7
1945	-1.869114	103.147005	0.010037	14.3
1946	-1.965207	103.116768	0.003865	9.1
1947	-1.833064	103.086556	0.005347	9.4
1948	-1.114031	103.056366	0.012146	8.3
1949	-0.216348	103.026200	0.001806	8.6
1950	-0.735401	102.996058	0.008001	8.5
1951	-1.864847	102.965939	0.009555	8.0
1952	-1.057425	102.935844	0.013131	7.8
1953	-1.888393	102.905772	0.004595	8.8
1954	-1.218046	102.875724	0.009030	7.9
1955	-1.812145	102.845699	0.023507	8.6
1956	-1.070967	102.815697	0.007179	8.6
1957	-1.829671	102.785719	0.006838	7.8
1958	-1.878033	102.755764	0.025269	8.3
1959	-1.919887	102.725832	0.018025	8.1
1960	-0.796538	102.695924	0.007696	8.4
1961	-1.410768	102.666038	0.009897	8.0
1962	-0.806639	102.636176	0.007543	7.4
1963	-0.543899	102.606337	0.004137	8.2
1964	-1.166254	102.576521	0.010968	8.1
1965	-1.872856	102.546728	0.008211	8.0
1966	-1.115384	102.516959	0.014222	7.4
1967	-1.615075	102.487212	0.016225	8.2
1968	-1.859624	102.457488	0.007232	8.1
1969	-1.206381	102.427788	0.004821	11.9
1970	-1.614765	102.398110	0.009127	8.5
1971	-1.950205	102.368455	0.005357	7.4
1972	-0.432280	102.338823	0.004973	8.8
1973	-0.230449	102.309214	0.002835	7.7
1974	-1.930530	102.279628	0.010004	8.4
1975	-1.058421	102.250064	0.006360	7.5
1976	-1.538816	102.220524	0.005869	8.1
1977	-0.225232	102.191006	0.002890	7.7
1978	-1.864499	102.161511	0.010029	8.5
1979	-0.675856	102.132038	0.006798	7.5
1980	-1.641957	102.102588	0.009209	8.6
1981	-1.390023	102.073161	0.009978	8.8
1982	-1.823063	102.043757	0.011252	7.9
1983	-1.788120	102.014375	0.022628	8.0
1984	-0.846170	101.985015	0.005117	7.9
1985	-1.682554	101.955678	0.008313	8.4
1986	-0.289711	101.926364	0.004014	7.9
1987	-1.765095	101.897072	0.007713	8.0
1988	-0.310667	101.867802	0.002619	8.0
1989	-1.611711	101.838555	0.008500	7.5
1990	-0.556958	101.809330	0.013047	8.1
1991	-1.592189	101.780128	0.007497	7.7
1992	-1.941889	101.750948	0.011977	7.8
1993	-1.779770	101.721790	0.009118	8.6
1994	-0.400795	101.692654	0.002796	8.1
1995	-2.014078	101.663541	0.009867	8.1
1996	-1.929688	101.634450	0.011824	8.0
1997	-1.726505	101.605381	0.011532	8.9
1998	-0.971579	101.576335	0.003274	8.5
1999	-0.607841	101.547310	0.004382	7.7
