1:ItNr	2:Metric	3:StepSize	4:||Gradient||	Time[ms]
0	-1.243768	627.201626	0.018001	461.5
1	-0.358299	623.504937	0.008828	8.4
2	-1.055179	619.865785	0.012769	7.8
3	-0.503444	616.282728	0.011582	8.0
4	-0.466836	612.754375	0.001881	7.6
5	-1.419417	609.279381	0.022471	7.5
6	-1.074217	605.856447	0.012653	7.6
7	-1.255698	602.484317	0.028174	7.9
8	-1.311047	599.161779	0.016425	7.4
9	-0.001565	595.887656	0.000035	7.9
10	-0.652484	592.660813	0.007423	8.1
11	-1.571600	589.480151	0.012115	8.0
12	-0.758364	586.344606	0.013506	7.5
13	-0.826012	583.253145	0.009960	8.2
14	-0.929826	580.204771	0.014298	10.1
15	-0.562906	577.198517	0.006995	11.9
16	-0.448397	574.233444	0.008818	10.4
17	-0.928745	571.308645	0.019606	11.7
18	-0.580724	568.423237	0.005779	9.7
19	-1.360204	565.576365	0.018032	8.5
20	-0.695426	562.767201	0.007995	10.0
21	-1.393537	559.994938	0.024599	8.0
22	-0.553790	557.258797	0.007103	8.1
23	-0.720487	554.558018	0.008499	7.4
24	-1.183339	551.891865	0.016641	8.2
25	-0.589619	549.259621	0.013987	8.3
26	-0.602219	546.660592	0.011486	7.9
27	-0.867948	544.094102	0.011118	7.5
28	-1.162750	541.559494	0.017373	8.5
29	-0.719706	539.056129	0.005445	8.3
30	-1.019022	536.583387	0.010181	7.9
31	-0.702247	534.140663	0.009569	7.5
32	-1.521619	531.727370	0.022310	8.1
33	-1.507450	529.342935	0.020868	9.0
34	-0.706407	526.986802	0.010257	10.2
35	-1.515701	524.658430	0.014584	8.1
36	-0.744560	522.357290	0.009058	8.5
37	-0.816372	520.082868	0.008219	7.3
38	-1.151928	517.834665	0.013030	8.1
39	-0.377714	515.612193	0.004426	8.4
40	-1.241388	513.414976	0.010486	7.0
41	-0.785613	511.242551	0.009890	6.9
42	-1.561787	509.094468	0.024142	8.6
43	-1.247137	506.970285	0.007700	7.9
44	-0.901677	504.869574	0.007179	7.5
45	-1.213279	502.791916	0.014956	8.5
46	-1.073225	500.736903	0.010409	8.3
47	-1.538783	498.704137	0.014622	8.3
48	-0.784656	496.693228	0.009918	8.3
49	-1.161146	494.703798	0.015965	7.4
50	-1.424503	492.735476	0.012771	8.8
51	-0.908507	490.787900	0.010580	8.5
52	-1.461400	488.860718	0.025370	8.1
53	-1.479722	486.953585	0.019665	7.6
54	-1.468651	485.066164	0.017697	7.4
55	-0.586408	483.198126	0.008840	8.3
56	-1.475829	481.349149	0.012571	8.0
57	-0.838106	479.518920	0.027336	7.6
58	-1.076153	477.707132	0.015339	7.6
59	-1.239798	475.913485	0.021047	7.6
60	-0.548302	474.137684	0.006353	7.0
61	-1.497235	472.379445	0.021276	7.6
62	-0.772126	470.638485	0.008540	8.5
63	-1.256752	468.914531	0.011035	8.5
64	-1.407678	467.207315	0.011669	8.0
65	-0.604277	465.516573	0.017554	7.6
66	-0.273533	463.842050	0.003592	7.7
67	-0.719491	462.183494	0.007961	8.3
68	-1.279559	460.540658	0.019781	7.9
69	-1.076686	458.913303	0.006248	7.5
70	-1.517737	457.301192	0.009733	7.9
71	-1.168111	455.704096	0.009178	9.2
72	-0.066713	454.121787	0.001081	8.4
73	-0.380590	452.554045	0.004714	7.4
74	-0.429980	451.000653	0.005859	7.5
75	-1.091958	449.461399	0.014931	7.9
76	-0.194546	447.936075	0.001068	8.1
77	-1.178246	446.424477	0.014595	12.2
78	-1.217447	444.926406	0.022597	10.5
79	-1.543750	443.441666	0.013464	10.5
80	-0.540630	441.970065	0.007735	11.7
81	-1.119866	440.511415	0.015994	11.1
82	-1.283166	439.065533	0.021460	7.8
83	-1.390170	437.632238	0.018751	8.0
84	-1.530974	436.211351	0.014464	7.7
85	-1.478077	434.802701	0.022860	8.8
86	-1.365273	433.406117	0.015732	7.6
87	-0.581571	432.021430	0.013072	8.3
88	-1.295193	430.648479	0.018505	7.6
89	-0.375677	429.287101	0.002610	8.3
90	-0.649442	427.937140	0.006330	7.7
91	-1.550822	426.598440	0.026606	8.0
92	-0.255780	425.270849	0.002889	8.1
93	-1.483928	423.954220	0.031498	11.3
94	-1.085384	422.648404	0.013680	7.7
95	-1.477269	421.353259	0.018650	8.1
96	-1.570260	420.068643	0.016373	8.9
97	-0.987676	418.794419	0.007462	7.9
98	-1.070722	417.530451	0.014805	9.3
99	-0.447966	416.276604	0.003736	8.0
100	-1.535768	415.032748	0.016971	9.0
101	-1.256855	413.798754	0.028040	8.2
102	-1.401341	412.574495	0.010022	8.3
103	-0.184539	411.359849	0.002613	8.2
104	-0.743357	410.154691	0.019964	8.0
105	-1.522193	408.958904	0.019365	8.5
106	-0.493710	407.772368	0.010126	8.8
107	-0.530377	406.594968	0.008313	7.9
108	-0.298548	405.426590	0.005451	7.8
109	-0.441719	404.267122	0.007056	8.5
110	-0.382262	403.116456	0.004464	8.1
111	-1.147636	401.974481	0.012102	9.1
112	-1.206476	400.841093	0.014076	8.4
113	-0.515006	399.716187	0.008052	7.5
114	-1.463917	398.599660	0.016043	8.6
115	-1.494812	397.491411	0.014857	10.4
116	-1.282916	396.391342	0.008481	9.0
117	-1.178880	395.299353	0.013825	9.4
118	-1.664821	394.215350	0.009823	7.9
119	-0.694470	393.139238	0.007890	7.9
120	-0.254824	392.070924	0.003839	8.1
121	-1.119062	391.010316	0.011685	7.8
122	-0.387149	389.957325	0.008557	8.1
123	-0.507595	388.911862	0.003781	7.3
124	-1.322234	387.873839	0.014056	8.1
125	-0.956957	386.843173	0.010391	8.6
126	-0.659575	385.819777	0.005555	7.4
127	-1.395001	384.803569	0.016974	7.8
128	-1.142760	383.794468	0.010024	8.9
129	-0.313936	382.792393	0.004816	8.1
130	-0.211473	381.797264	0.001976	8.2
131	-0.324667	380.809005	0.005348	8.1
132	-0.708728	379.827537	0.012961	8.2
133	-0.460876	378.852786	0.007683	8.3
134	-1.474532	377.884678	0.018544	8.0
135	-0.675294	376.923138	0.004912	8.2
136	-0.094682	375.968095	0.001035	8.3
137	-0.994683	375.019479	0.011142	7.4
138	-0.591708	374.077218	0.005368	10.4
139	-1.567527	373.141244	0.021171	12.3
140	-0.984127	372.211489	0.016330	13.1
141	-0.415353	371.287887	0.002267	11.6
142	-0.632715	370.370370	0.006541	8.2
143	-0.804460	369.458876	0.016360	7.8
144	-1.543086	368.553338	0.020880	7.9
145	-0.569520	367.653696	0.011114	8.3
146	-1.188757	366.759885	0.011361	9.1
147	-0.332432	365.871846	0.003340	10.1
148	-1.398212	364.989518	0.020626	10.2
149	-0.556573	364.112841	0.013089	7.5
150	-1.134672	363.241757	0.012577	10.9
151	-1.079402	362.376208	0.008810	9.4
152	-1.243963	361.516137	0.011575	8.4
153	-1.444302	360.661488	0.014908	9.6
154	-0.639266	359.812206	0.005564	7.7
155	-1.305584	358.968236	0.010913	7.3
156	-0.788692	358.129524	0.007364	7.9
157	-0.515440	357.296018	0.010525	8.4
158	-1.536185	356.467665	0.019423	7.6
159	-1.431799	355.644414	0.019196	7.6
160	-1.369222	354.826213	0.009716	7.3
161	-1.505571	354.013012	0.025920	8.1
162	-0.775589	353.204763	0.009400	8.3
163	-0.298676	352.401415	0.004425	8.1
164	-1.425987	351.602922	0.021018	7.9
165	-0.912292	350.809235	0.019901	7.9
166	-1.447539	350.020308	0.013365	7.7
167	-1.393869	349.236095	0.018576	7.4
168	-0.277027	348.456550	0.003286	7.7
169	-1.534293	347.681627	0.015701	8.7
170	-0.725865	346.911283	0.004253	7.2
171	-0.824010	346.145474	0.009170	8.2
172	-1.538437	345.384157	0.022607	7.8
173	-0.985522	344.627288	0.006433	8.9
174	-0.822576	343.874826	0.018911	7.6
175	-1.448414	343.126729	0.016670	7.4
176	-0.744841	342.382957	0.015896	10.9
177	-1.113878	341.643469	0.012002	8.3
178	-1.554304	340.908224	0.020452	9.4
179	-0.122888	340.177184	0.001390	8.1
180	-0.521542	339.450309	0.006164	7.8
181	-0.707450	338.727561	0.006943	7.9
182	-0.746959	338.008902	0.008250	8.5
183	-0.982295	337.294295	0.008305	9.4
184	-1.519653	336.583703	0.019255	11.0
185	-1.392352	335.877089	0.012053	8.3
186	-1.584300	335.174416	0.016497	8.1
187	-1.560570	334.475651	0.015207	7.5
188	-0.489305	333.780756	0.004312	8.8
189	-0.747922	333.089698	0.007658	8.7
190	-1.520542	332.402443	0.018098	8.1
191	-0.016848	331.718955	0.000158	8.0
192	-1.226096	331.039203	0.010765	8.4
193	-0.348238	330.363153	0.002198	9.6
194	-0.225273	329.690771	0.001911	7.9
195	-0.677752	329.022027	0.009329	7.9
196	-1.423097	328.356888	0.014491	7.5
197	-0.720859	327.695322	0.009664	8.5
198	-1.592955	327.037299	0.013844	7.7
199	-0.537772	326.382787	0.006421	8.3
200	-0.709848	325.731758	0.008991	12.0
201	-1.168533	325.084179	0.009269	12.3
202	-1.220292	324.440023	0.009218	13.8
203	-1.446470	323.799258	0.014915	8.4
204	-0.207843	323.161858	0.002418	9.8
205	-0.511051	322.527792	0.004462	8.6
206	-1.263687	321.897034	0.013731	7.7
207	-0.553959	321.269554	0.007283	7.9
208	-1.365851	320.645325	0.007312	9.4
209	-0.655125	320.024320	0.007653	8.8
210	-1.422198	319.406512	0.011400	8.9
211	-0.830756	318.791875	0.007815	7.9
212	-1.511881	318.180381	0.010690	7.7
213	-0.735579	317.572005	0.008825	7.5
214	-0.029131	316.966721	0.000471	7.4
215	-0.721734	316.364504	0.005501	7.9
216	-0.154195	315.765329	0.001282	7.5
217	-0.455504	315.169170	0.004886	7.7
218	-0.378322	314.576003	0.005419	7.7
219	-1.448624	313.985804	0.010758	8.1
220	-0.830709	313.398548	0.010256	7.6
221	-0.633617	312.814213	0.008128	8.3
222	-1.117838	312.232773	0.009718	8.0
223	-0.651185	311.654207	0.007092	7.7
224	-1.494235	311.078491	0.015759	7.5
225	-0.804130	310.505602	0.010902	8.4
226	-1.045381	309.935518	0.008508	8.0
227	-0.071321	309.368217	0.001122	8.2
228	-1.378970	308.803676	0.022519	7.6
229	-0.288859	308.241874	0.005650	8.6
230	-1.610826	307.682789	0.016381	8.4
231	-1.040440	307.126400	0.006883	8.3
232	-1.487118	306.572687	0.018192	7.8
233	-0.789867	306.021627	0.009641	7.7
234	-1.355817	305.473201	0.012910	8.0
235	-1.383801	304.927388	0.013957	8.0
236	-1.562605	304.384168	0.011808	7.7
237	-1.627490	303.843521	0.008456	8.6
238	-1.461944	303.305427	0.010869	8.4
239	-1.127245	302.769867	0.016644	8.2
240	-0.195696	302.236821	0.002429	7.7
241	-1.139418	301.706270	0.014518	7.4
242	-1.574436	301.178196	0.020832	7.9
243	-1.289000	300.652580	0.011330	8.1
244	-1.244182	300.129402	0.011667	7.8
245	-1.160877	299.608645	0.014398	7.5
246	-0.739466	299.090291	0.009650	8.2
247	-1.593788	298.574321	0.019999	8.2
248	-1.498278	298.060718	0.008546	8.1
249	-0.985792	297.549465	0.008876	8.4
250	-1.254783	297.040543	0.011681	9.0
251	-0.645571	296.533936	0.008041	7.7
252	-0.196622	296.029626	0.001473	7.6
253	-1.476340	295.527597	0.006187	7.4
254	-0.132273	295.027832	0.001624	8.2
255	-0.660676	294.530315	0.007635	7.5
256	-1.326698	294.035028	0.011981	8.4
257	-1.541066	293.541956	0.013566	7.5
258	-0.879731	293.051083	0.011166	8.9
259	-1.587637	292.562393	0.015567	7.8
260	-0.848395	292.075870	0.005445	8.5
261	-1.417723	291.591498	0.010963	7.5
262	-1.648990	291.109263	0.011195	9.7
263	-1.465435	290.629149	0.010077	11.8
264	-0.924824	290.151140	0.014226	12.7
265	-0.926515	289.675222	0.009504	11.9
266	-0.475984	289.201380	0.011024	9.2
267	-1.151595	288.729600	0.014514	8.0
268	-0.312456	288.259866	0.003388	8.1
269	-1.071202	287.792165	0.014780	11.1
270	-0.735040	287.326481	0.009242	10.2
271	-1.504637	286.862802	0.018576	10.9
272	-1.567553	286.401113	0.018166	9.5
273	-0.888107	285.941400	0.008926	8.3
274	-0.854910	285.483649	0.005395	8.2
275	-1.062815	285.027847	0.013560	8.1
276	-1.421421	284.573981	0.011724	7.2
277	-1.211153	284.122037	0.013009	8.2
278	-0.687960	283.672002	0.010577	8.3
279	-0.692619	283.223863	0.008439	8.2
280	-0.990680	282.777607	0.013863	8.1
281	-0.415106	282.333221	0.005941	8.2
282	-1.160223	281.890692	0.010041	8.6
283	-1.392954	281.450008	0.007156	7.9
284	-0.938167	281.011157	0.009822	6.8
285	-1.562112	280.574125	0.009508	9.1
286	-0.707206	280.138901	0.011647	7.7
287	-1.058712	279.705473	0.010464	7.8
288	-1.515354	279.273829	0.022716	7.5
289	-0.485717	278.843956	0.008511	8.3
290	-1.437936	278.415844	0.011311	7.6
291	-0.444839	277.989479	0.006216	7.7
292	-1.554501	277.564851	0.022076	7.4
293	-1.243421	277.141949	0.018137	8.5
294	-0.855246	276.720761	0.006606	8.5
295	-1.615636	276.301275	0.015050	8.5
296	-0.748840	275.883480	0.008591	7.6
297	-0.996062	275.467366	0.007242	7.5
298	-0.964711	275.052922	0.013562	8.0
299	-0.468951	274.640136	0.012264	7.9
300	-1.563488	274.228998	0.018232	7.7
301	-1.372003	273.819497	0.014209	8.3
302	-0.311843	273.411623	0.005771	8.0
303	-0.262611	273.005365	0.001671	8.0
304	-0.408424	272.600712	0.004673	7.8
305	-0.277791	272.197655	0.003549	8.8
306	-0.477233	271.796184	0.007355	8.8
307	-1.378757	271.396287	0.018808	8.4
308	-0.225917	270.997956	0.003997	8.4
309	-0.618752	270.601180	0.009957	8.3
310	-1.441631	270.205949	0.013516	7.9
311	-0.658776	269.812254	0.006672	8.5
312	-1.577350	269.420085	0.027091	8.7
313	-0.393532	269.029432	0.006091	7.6
314	-1.073489	268.640287	0.011649	7.9
315	-0.860268	268.252638	0.011754	9.2
316	-0.564211	267.866478	0.006753	8.3
317	-1.197197	267.481796	0.015077	8.4
318	-1.489975	267.098584	0.018515	8.3
319	-1.091312	266.716833	0.013311	7.4
320	-1.213771	266.336533	0.007785	8.5
321	-1.054374	265.957676	0.009114	8.4
322	-0.978096	265.580253	0.013321	8.1
323	-0.632534	265.204254	0.009466	7.8
324	-0.381418	264.829672	0.008449	12.5
325	-1.368900	264.456497	0.016659	12.7
326	-1.414027	264.084721	0.013298	14.2
327	-1.625464	263.714335	0.013494	12.2
328	-0.720919	263.345332	0.008489	8.2
329	-1.252669	262.977702	0.006642	7.8
330	-1.505417	262.611438	0.015689	8.5
331	-1.334217	262.246531	0.007495	7.9
332	-0.778048	261.882973	0.011684	9.0
333	-0.642688	261.520756	0.005863	10.7
334	-1.065934	261.159871	0.009129	8.4
335	-0.457862	260.800312	0.003656	8.4
336	-1.601572	260.442070	0.030179	8.1
337	-0.584922	260.085137	0.008119	7.4
338	-1.444134	259.729505	0.015989	8.8
339	-0.644374	259.375167	0.005252	7.6
340	-0.636578	259.022116	0.007244	8.6
341	-1.413791	258.670343	0.013682	7.6
342	-1.296391	258.319841	0.012823	8.1
343	-1.025422	257.970602	0.015410	8.6
344	-1.336192	257.622620	0.009724	8.1
345	-1.280036	257.275887	0.014037	7.7
346	-0.772129	256.930396	0.008960	7.9
347	-1.418869	256.586139	0.011844	8.0
348	-0.413068	256.243109	0.003269	8.7
349	-1.200852	255.901300	0.011159	8.0
350	-0.864722	255.560703	0.005953	8.0
351	-1.125445	255.221313	0.006989	8.9
352	-1.051311	254.883122	0.011258	8.0
353	-1.008996	254.546124	0.008562	8.4
354	-1.157384	254.210311	0.014446	8.3
355	-0.628429	253.875677	0.008510	7.6
356	-0.546438	253.542215	0.007937	8.0
357	-1.135992	253.209918	0.010461	8.0
358	-0.237085	252.878781	0.002882	7.8
359	-1.309973	252.548795	0.005701	7.6
360	-0.710416	252.219956	0.008405	8.7
361	-1.107424	251.892255	0.015324	8.7
362	-0.787551	251.565688	0.005984	8.2
363	-0.614205	251.240247	0.005529	7.9
364	-1.273720	250.915926	0.022588	8.6
365	-0.818085	250.592720	0.015515	8.8
366	-0.643419	250.270621	0.002216	8.0
367	-0.672365	249.949624	0.006910	8.5
368	-1.006709	249.629723	0.010215	7.6
369	-1.556793	249.310911	0.016282	8.6
370	-1.036303	248.993182	0.012068	7.8
371	-0.640678	248.676531	0.008103	8.2
372	-0.112764	248.360952	0.002541	10.2
373	-0.279636	248.046438	0.003131	9.1
374	-1.495040	247.732984	0.007583	7.7
375	-0.970147	247.420584	0.009060	7.8
376	-1.460989	247.109233	0.006185	8.1
377	-0.050079	246.798924	0.000564	8.3
378	-0.757583	246.489652	0.009041	7.4
379	-0.424893	246.181412	0.000828	8.5
380	-1.052106	245.874197	0.006213	8.4
381	-1.595057	245.568002	0.019787	7.9
382	-0.932748	245.262822	0.007945	7.6
383	-0.641426	244.958652	0.003044	8.0
384	-1.476102	244.655485	0.020266	7.8
385	-0.780664	244.353317	0.006998	11.1
386	-0.834728	244.052142	0.011491	11.7
387	-0.464985	243.751955	0.001750	12.1
388	-0.706317	243.452750	0.007343	13.5
389	-1.478981	243.154523	0.008422	7.9
390	-1.215728	242.857268	0.009026	10.0
391	-1.329285	242.560980	0.009681	7.8
392	-1.569943	242.265654	0.019000	8.4
393	-1.631676	241.971285	0.022163	7.4
394	-1.484120	241.677868	0.011756	8.4
395	-0.482083	241.385397	0.009135	8.0
396	-0.927044	241.093869	0.008924	8.7
397	-1.149764	240.803278	0.010414	8.1
398	-1.065922	240.513619	0.010874	7.7
399	-1.411118	240.224887	0.015719	8.2
400	-0.669736	239.937077	0.007551	8.7
401	-0.732883	239.650186	0.010547	7.9
402	-0.775630	239.364207	0.007753	8.2
403	-1.345357	239.079136	0.020103	7.5
404	-0.701396	238.794969	0.012901	7.9
405	-1.399833	238.511701	0.011542	7.6
406	-0.804923	238.229327	0.004540	7.7
407	-0.377648	237.947843	0.004294	8.3
408	-0.749184	237.667244	0.008027	8.0
409	-0.716859	237.387526	0.006102	9.5
410	-1.578851	237.108684	0.011731	8.7
411	-0.651840	236.830714	0.007864	8.0
412	-1.610140	236.553610	0.018227	8.6
413	-0.709907	236.277370	0.013617	8.0
414	-1.425743	236.001989	0.006848	7.9
415	-0.308007	235.727461	0.005364	8.0
416	-0.597553	235.453784	0.008638	7.5
417	-1.317952	235.180952	0.006195	8.7
418	-0.913221	234.908962	0.007195	8.2
419	-0.149361	234.637809	0.001596	8.0
420	-0.697327	234.367488	0.012801	7.4
421	-1.571121	234.097997	0.014762	8.5
422	-1.032796	233.829331	0.006478	8.9
423	-0.165233	233.561485	0.002313	8.5
424	-1.540940	233.294456	0.020691	8.3
425	-1.398321	233.028239	0.014337	7.9
426	-0.665170	232.762831	0.005961	7.9
427	-1.229953	232.498228	0.012018	7.8
428	-0.606611	232.234425	0.006829	8.5
429	-1.239766	231.971419	0.012771	7.7
430	-1.172910	231.709205	0.010986	8.2
431	-1.619772	231.447781	0.014218	9.1
432	-1.177578	231.187141	0.014789	8.2
433	-1.005795	230.927283	0.011886	8.9
434	-1.561781	230.668202	0.015586	7.5
435	-1.472984	230.409895	0.012636	8.6
436	-0.635366	230.152358	0.004335	8.7
437	-1.421222	229.895587	0.011310	7.9
438	-1.272461	229.639578	0.015809	7.8
439	-0.433237	229.384329	0.006160	7.7
440	-1.255819	229.129834	0.010662	7.9
441	-1.395390	228.876091	0.018252	7.8
442	-1.357738	228.623096	0.009104	7.0
443	-1.351347	228.370846	0.012871	8.7
444	-0.670573	228.119336	0.007940	10.3
445	-0.320239	227.868563	0.004697	8.8
446	-1.625763	227.618525	0.010955	8.9
447	-1.360414	227.369216	0.022251	7.8
448	-0.358157	227.120635	0.003525	7.9
449	-1.189411	226.872777	0.009686	8.2
450	-1.013181	226.625638	0.012650	9.4
451	-1.526098	226.379217	0.011568	10.3
452	-1.612517	226.133509	0.011695	12.1
453	-0.412134	225.888510	0.006964	12.5
454	-0.626055	225.644218	0.005239	9.5
455	-1.272741	225.400630	0.012893	8.2
456	-0.661454	225.157741	0.008339	8.4
457	-1.465890	224.915549	0.014587	7.5
458	-0.905322	224.674051	0.010678	7.8
459	-1.339585	224.433242	0.017728	9.0
460	-0.346962	224.193121	0.003951	10.2
461	-1.486390	223.953684	0.010938	9.1
462	-0.600340	223.714927	0.006081	8.4
463	-0.534711	223.476848	0.006756	8.0
464	-0.673638	223.239444	0.005434	7.4
465	-1.600160	223.002710	0.011655	8.4
466	-1.341957	222.766645	0.014684	8.1
467	-0.716677	222.531245	0.006261	7.8
468	-0.891226	222.296508	0.007754	7.5
469	-1.558711	222.062429	0.015903	8.9
470	-0.391122	221.829007	0.005167	8.2
471	-0.637178	221.596238	0.008217	8.1
472	-0.593930	221.364119	0.008370	7.5
473	-0.731716	221.132647	0.011594	8.5
474	-1.182464	220.901820	0.012598	8.5
475	-1.346391	220.671634	0.023494	8.0
476	-1.482163	220.442086	0.017757	7.7
477	-1.470077	220.213174	0.008321	8.4
478	-1.294094	219.984895	0.007604	7.7
479	-0.777003	219.757246	0.010781	9.0
480	-0.733039	219.530224	0.011687	7.7
481	-1.016947	219.303826	0.006301	7.0
482	-1.415592	219.078050	0.011682	7.7
483	-1.520928	218.852893	0.017367	8.5
484	-1.054560	218.628352	0.008437	7.6
485	-0.385476	218.404424	0.005475	7.9
486	-1.439418	218.181106	0.008754	7.6
487	-1.157280	217.958397	0.013185	7.7
488	-1.369269	217.736292	0.017968	7.5
489	-0.657599	217.514790	0.005578	9.3
490	-0.320118	217.293888	0.001097	7.5
491	-1.513037	217.073584	0.012356	8.1
492	-1.481189	216.853873	0.012922	8.1
493	-1.287904	216.634755	0.011269	7.9
494	-0.475767	216.416227	0.003211	8.3
495	-1.645977	216.198285	0.015354	8.3
496	-0.741810	215.980927	0.018549	7.7
497	-0.723017	215.764151	0.007696	7.6
498	-0.631262	215.547955	0.009580	7.9
499	-1.608563	215.332335	0.021087	8.5
500	-1.681415	215.117289	0.021611	7.8
501	-0.367818	214.902815	0.003433	7.0
502	-0.206320	214.688911	0.002469	11.2
503	-0.613651	214.475573	0.007668	8.2
504	-0.265681	214.262800	0.003810	8.3
505	-1.174219	214.050588	0.007207	8.1
506	-1.355984	213.838936	0.011270	7.5
507	-0.112616	213.627842	0.001308	8.0
508	-1.148380	213.417302	0.018191	8.8
509	-1.097177	213.207314	0.008044	8.2
510	-0.893746	212.997877	0.009326	12.1
511	-1.135103	212.788987	0.011757	11.8
512	-0.360065	212.580642	0.006498	13.5
513	-1.529173	212.372841	0.011932	10.4
514	-0.543839	212.165581	0.007747	8.4
515	-1.084488	211.958859	0.015702	7.5
516	-1.134022	211.752673	0.010139	8.4
517	-0.843542	211.547021	0.011097	7.7
518	-1.082769	211.341902	0.010993	9.0
519	-0.805642	211.137311	0.006266	10.0
520	-0.359148	210.933248	0.003234	8.5
521	-1.059583	210.729710	0.005934	7.9
522	-0.727432	210.526695	0.012370	8.0
523	-0.902385	210.324200	0.011906	8.5
524	-1.365884	210.122224	0.012872	7.9
525	-0.607744	209.920765	0.007948	8.0
526	-1.426245	209.719820	0.014308	8.1
527	-0.645985	209.519387	0.005396	7.6
528	-1.569416	209.319463	0.012354	8.4
529	-1.401508	209.120048	0.009519	9.1
530	-1.462716	208.921139	0.018696	7.7
531	-1.135246	208.722733	0.010903	7.7
532	-0.612513	208.524829	0.009461	7.8
533	-1.569970	208.327425	0.021703	8.3
534	-0.902894	208.130518	0.006906	7.8
535	-1.100552	207.934107	0.016151	7.7
536	-1.578629	207.738189	0.012711	8.3
537	-0.742882	207.542762	0.004759	7.9
538	-0.910866	207.347825	0.003880	8.0
539	-1.452676	207.153376	0.016985	7.6
540	-0.455315	206.959412	0.005675	8.2
541	-1.145736	206.765932	0.013030	7.5
542	-0.972739	206.572933	0.005316	8.0
543	-1.021722	206.380414	0.013813	7.4
544	-0.817803	206.188373	0.005891	8.4
545	-0.422297	205.996807	0.001673	7.6
546	-0.747586	205.805716	0.013679	8.1
547	-0.642699	205.615096	0.011007	7.5
548	-1.320512	205.424946	0.011364	7.8
549	-1.406689	205.235265	0.011473	8.1
550	-1.239361	205.046050	0.010287	8.0
551	-0.717707	204.857299	0.009634	8.0
552	-0.646574	204.669011	0.006657	8.2
553	-1.355213	204.481184	0.014768	7.6
554	-0.999120	204.293816	0.007687	7.8
555	-1.214281	204.106905	0.007987	7.5
556	-0.905253	203.920449	0.006211	8.2
557	-1.238471	203.734447	0.007973	7.8
558	-1.437824	203.548896	0.017313	8.3
559	-1.009715	203.363795	0.012518	8.2
560	-1.396476	203.179143	0.009027	7.7
561	-1.496115	202.994937	0.010105	7.8
562	-1.051976	202.811176	0.010082	11.0
563	-1.025754	202.627857	0.011514	8.1
564	-0.243927	202.444980	0.002611	7.8
565	-0.972327	202.262543	0.012243	8.1
566	-0.708849	202.080543	0.008625	8.0
567	-1.597149	201.898979	0.016738	8.1
568	-1.548324	201.717849	0.022249	7.7
569	-0.316274	201.537153	0.003103	7.5
570	-0.683916	201.356887	0.014417	7.7
571	-1.556077	201.177050	0.014301	8.6
572	-0.528907	200.997642	0.006212	7.7
573	-0.437778	200.818659	0.007168	9.9
574	-0.901640	200.640100	0.004943	11.7
575	-0.527010	200.461965	0.007983	11.2
576	-0.985789	200.284250	0.007692	12.1
577	-0.001528	200.106955	0.000043	8.7
578	-1.529785	199.930078	0.010913	7.6
579	-1.148820	199.753617	0.013729	8.4
580	-1.060891	199.577571	0.010962	8.5
581	-1.134678	199.401938	0.007660	8.4
582	-1.475601	199.226717	0.016822	9.8
583	-0.404521	199.051905	0.005189	9.4
584	-1.212399	198.877502	0.008551	7.5
585	-1.355340	198.703506	0.007774	8.3
586	-1.199552	198.529916	0.006887	7.9
587	-1.395267	198.356729	0.012380	8.2
588	-1.416830	198.183944	0.020695	7.4
589	-0.393926	198.011560	0.005167	8.5
590	-1.018297	197.839576	0.010396	7.9
591	-1.129400	197.667989	0.012491	8.3
592	-1.341003	197.496798	0.014787	7.5
593	-1.186196	197.326002	0.007617	8.8
594	-1.560412	197.155600	0.010851	7.5
595	-0.534150	196.985589	0.007223	8.0
596	-0.994431	196.815969	0.004739	7.5
597	-0.400010	196.646738	0.004478	7.6
598	-1.239465	196.477894	0.008742	7.9
599	-1.177275	196.309436	0.013028	8.2
600	-0.797906	196.141363	0.016963	8.7
601	-1.464087	195.973673	0.009856	8.4
602	-1.136462	195.806365	0.010264	10.0
603	-1.627497	195.639437	0.015235	8.5
604	-1.289931	195.472888	0.015777	9.4
605	-0.820122	195.306717	0.018398	9.6
606	-0.912241	195.140922	0.010500	10.0
607	-0.699533	194.975501	0.009881	7.8
608	-0.957058	194.810454	0.014129	7.5
609	-0.936915	194.645779	0.009658	8.2
610	-0.679727	194.481475	0.006392	8.3
611	-1.465444	194.317540	0.018452	8.0
612	-0.953297	194.153973	0.004383	7.5
613	-0.587802	193.990773	0.008734	8.8
614	-1.268908	193.827938	0.009625	8.4
615	-1.455285	193.665467	0.013337	7.8
616	-0.529376	193.503358	0.003138	7.4
617	-1.301337	193.341611	0.010308	8.3
618	-1.423500	193.180224	0.008070	8.4
619	-1.583008	193.019196	0.015918	10.0
620	-1.686619	192.858525	0.006341	10.2
621	-1.419510	192.698210	0.010283	7.9
622	-1.541539	192.538251	0.008728	8.5
623	-1.555561	192.378644	0.010941	8.2
624	-1.196858	192.219391	0.009293	7.6
625	-1.538917	192.060488	0.017990	7.9
626	-1.240914	191.901935	0.015867	8.4
627	-1.276043	191.743730	0.010798	7.5
628	-1.134198	191.585873	0.016823	8.4
629	-1.544663	191.428362	0.009760	8.9
630	-1.412225	191.271196	0.009307	8.0
631	-0.992377	191.114374	0.008024	6.7
632	-1.232824	190.957893	0.014330	7.8
633	-1.465083	190.801755	0.009537	8.1
634	-1.465034	190.645956	0.018530	9.6
635	-0.789842	190.490495	0.011348	12.0
636	-1.591784	190.335373	0.008670	12.3
637	-1.016318	190.180587	0.015695	11.4
638	-1.002210	190.026136	0.009108	8.0
639	-1.464818	189.872019	0.017536	10.0
640	-1.456917	189.718235	0.016658	7.4
641	-1.272277	189.564782	0.017872	8.7
642	-1.405963	189.411661	0.013210	8.1
643	-0.337792	189.258868	0.005505	8.2
644	-1.193319	189.106404	0.006720	9.7
645	-1.042909	188.954267	0.003479	9.1
646	-0.097674	188.802456	0.000530	8.3
647	-1.097598	188.650969	0.007542	8.5
648	-0.818925	188.499807	0.006177	7.6
649	-1.166924	188.348967	0.009429	8.0
650	-1.281235	188.198448	0.010448	7.5
651	-1.221434	188.048250	0.011226	8.3
652	-1.550101	187.898371	0.006918	7.9
653	-1.462901	187.748810	0.012818	7.7
654	-0.186744	187.599566	0.002535	7.7
655	-1.261232	187.450638	0.012775	7.8
656	-0.898631	187.302025	0.005882	8.6
657	-1.310709	187.153725	0.008886	8.4
658	-1.528755	187.005739	0.013229	9.6
659	-0.548015	186.858064	0.007294	8.4
660	-1.682793	186.710699	0.014304	8.3
661	-1.506711	186.563645	0.009512	7.8
662	-1.483765	186.416898	0.022447	8.1
663	-1.285448	186.270459	0.010827	7.5
664	-0.615026	186.124326	0.006119	8.7
665	-1.496579	185.978499	0.015965	8.0
666	-1.129883	185.832976	0.004701	8.1
667	-0.962618	185.687756	0.006220	7.8
668	-1.267579	185.542838	0.005257	7.4
669	-1.570052	185.398222	0.008819	8.0
670	-0.868657	185.253906	0.016017	8.2
671	-0.286551	185.109889	0.003857	7.9
672	-1.490176	184.966170	0.018059	7.4
673	-0.213128	184.822748	0.001926	7.9
674	-0.828750	184.679623	0.009127	7.8
675	-1.225403	184.536792	0.012019	8.4
676	-0.096318	184.394256	0.001534	7.8
677	-1.627477	184.252013	0.019377	8.6
678	-1.469632	184.110062	0.007650	11.2
679	-1.404959	183.968403	0.010651	7.7
680	-0.787781	183.827034	0.009395	8.0
681	-1.517807	183.685954	0.013162	7.7
682	-1.352255	183.545163	0.014316	8.3
683	-0.450341	183.404658	0.006411	9.0
684	-0.957193	183.264441	0.009677	8.1
685	-1.505802	183.124509	0.011761	8.2
686	-0.655109	182.984861	0.007278	7.6
687	-0.864361	182.845497	0.007098	12.6
688	-1.527797	182.706416	0.011309	9.4
689	-1.102353	182.567616	0.008117	8.6
690	-0.603418	182.429098	0.010418	8.0
691	-1.456536	182.290859	0.015967	8.1
692	-1.514386	182.152899	0.006020	7.6
693	-1.096038	182.015217	0.013723	8.6
694	-1.052164	181.877813	0.006963	10.5
695	-1.438498	181.740684	0.008370	9.0
696	-0.265783	181.603832	0.004048	12.2
697	-1.564080	181.467253	0.006941	12.2
698	-0.089229	181.330948	0.000946	14.3
699	-0.594065	181.194916	0.010982	8.3
700	-0.550569	181.059155	0.003751	9.5
701	-1.144533	180.923666	0.007829	8.3
702	-0.141042	180.788446	0.001822	7.4
703	-1.482371	180.653496	0.016878	9.4
704	-0.389289	180.518814	0.006785	7.7
705	-1.094214	180.384399	0.015205	8.0
706	-1.362678	180.250251	0.004383	8.5
707	-1.088113	180.116369	0.011576	8.7
708	-0.008877	179.982752	0.000067	7.8
709	-1.545209	179.849398	0.013631	7.2
710	-0.572814	179.716308	0.003770	8.3
711	-0.857062	179.583480	0.011967	7.7
712	-0.871891	179.450913	0.011003	8.3
713	-1.186261	179.318607	0.008798	9.2
714	-0.946149	179.186561	0.008485	7.5
715	-1.159048	179.054774	0.017221	7.9
716	-1.561266	178.923245	0.006939	7.7
717	-1.430389	178.791973	0.013411	8.2
718	-1.673458	178.660958	0.013601	7.4
719	-1.337343	178.530199	0.008365	8.1
720	-1.406928	178.399694	0.014211	7.4
721	-1.366467	178.269444	0.009093	8.0
722	-1.344797	178.139447	0.009240	7.5
723	-0.519354	178.009702	0.004736	8.3
724	-0.982489	177.880209	0.004881	7.9
725	-1.356110	177.750967	0.009382	10.8
726	-1.576780	177.621975	0.012321	14.7
727	-1.087598	177.493232	0.015391	16.4
728	-1.700457	177.364738	0.013958	12.0
729	-1.090857	177.236492	0.010240	9.3
730	-1.512630	177.108492	0.013191	9.2
731	-1.285094	176.980739	0.011480	8.2
732	-0.902715	176.853231	0.006659	8.2
733	-0.643829	176.725968	0.005544	21.1
734	-0.442530	176.598949	0.005256	16.9
735	-1.431362	176.472173	0.006689	12.5
736	-1.633892	176.345639	0.012853	18.4
737	-0.423582	176.219348	0.003293	8.0
738	-1.005018	176.093296	0.008225	7.5
739	-0.475906	175.967486	0.003252	8.1
740	-0.905653	175.841914	0.005180	8.3
741	-1.522406	175.716581	0.014269	8.3
742	-0.783475	175.591486	0.004720	7.4
743	-1.446090	175.466629	0.014492	8.3
744	-1.504489	175.342008	0.011511	8.4
745	-1.550331	175.217622	0.012309	8.3
746	-0.353614	175.093472	0.003927	7.4
747	-0.972661	174.969556	0.008067	8.1
748	-1.463680	174.845873	0.010544	7.8
749	-0.095681	174.722423	0.001013	8.3
750	-1.605727	174.599206	0.015834	7.4
751	-1.129342	174.476220	0.011198	12.8
752	-1.585176	174.353464	0.012356	12.1
753	-1.585859	174.230939	0.006927	13.1
754	-1.469295	174.108643	0.010238	7.9
755	-1.511730	173.986576	0.007575	7.5
756	-0.172979	173.864737	0.001884	9.1
757	-0.773646	173.743124	0.014031	8.7
758	-1.261182	173.621739	0.007298	10.7
759	-1.604243	173.500579	0.017669	10.6
760	-1.538176	173.379645	0.008054	8.8
761	-0.535696	173.258935	0.006501	8.0
762	-0.802086	173.138449	0.012367	8.1
763	-0.649824	173.018186	0.006203	7.8
764	-1.439737	172.898146	0.013421	9.4
765	-1.281733	172.778327	0.011046	8.4
766	-0.954583	172.658730	0.005934	8.0
767	-0.788924	172.539353	0.009817	7.5
768	-0.964905	172.420196	0.008431	8.5
769	-0.872979	172.301258	0.006871	7.8
770	-1.135667	172.182539	0.010336	7.9
771	-1.360255	172.064037	0.010378	7.5
772	-1.290339	171.945753	0.007818	8.3
773	-1.041901	171.827686	0.010326	7.5
774	-0.606915	171.709834	0.008023	8.6
775	-1.336076	171.592198	0.014210	8.5
776	-1.343456	171.474776	0.017607	7.9
777	-1.129194	171.357568	0.010372	8.8
778	-1.275818	171.240574	0.009530	8.7
779	-0.723907	171.123793	0.008353	8.1
780	-1.475454	171.007223	0.012968	7.4
781	-0.558410	170.890865	0.007257	9.0
782	-1.049659	170.774718	0.007517	7.3
783	-1.034257	170.658782	0.006703	8.1
784	-1.016768	170.543055	0.011812	7.3
785	-1.552706	170.427537	0.010574	8.2
786	-0.729395	170.312227	0.006734	7.3
787	-1.354286	170.197125	0.008508	12.3
788	-1.226963	170.082231	0.009772	8.6
789	-1.253281	169.967543	0.010223	9.2
790	-1.285651	169.853061	0.004924	7.6
791	-1.619975	169.738784	0.013704	7.7
792	-0.477588	169.624713	0.004210	7.5
793	-1.561166	169.510845	0.013692	7.9
794	-1.715497	169.397181	0.009054	8.5
795	-1.021793	169.283720	0.009776	7.5
796	-1.350323	169.170462	0.010437	8.3
797	-0.493719	169.057405	0.004934	7.7
798	-0.781439	168.944549	0.007847	7.5
799	-0.679897	168.831895	0.012332	8.4
800	-1.366120	168.719440	0.013180	7.6
801	-1.531646	168.607185	0.013434	7.9
802	-1.217313	168.495129	0.016062	7.5
803	-0.619013	168.383271	0.007659	8.2
804	-0.838523	168.271611	0.003787	8.5
805	-0.215980	168.160148	0.002038	8.0
806	-0.930349	168.048882	0.009829	7.7
807	-1.223078	167.937812	0.013011	7.5
808	-1.210721	167.826938	0.005096	8.4
809	-0.716525	167.716258	0.007625	7.5
810	-1.016884	167.605773	0.008237	7.6
811	-1.226790	167.495482	0.013505	9.0
812	-0.517580	167.385384	0.007391	8.4
813	-0.751450	167.275479	0.005895	12.2
814	-1.465525	167.165766	0.016543	12.3
815	-0.695134	167.056245	0.004898	14.0
816	-1.392164	166.946915	0.005088	8.8
817	-1.379005	166.837776	0.007701	8.7
818	-0.982337	166.728826	0.006364	8.6
819	-0.875738	166.620067	0.007001	7.6
820	-0.319723	166.511496	0.004088	8.5
821	-0.423241	166.403113	0.002690	8.4
822	-0.015954	166.294919	0.000280	9.7
823	-0.612136	166.186912	0.006589	9.3
824	-1.437507	166.079091	0.010713	8.2
825	-0.741129	165.971458	0.010242	9.2
826	-0.603858	165.864009	0.007904	8.0
827	-0.492087	165.756747	0.011759	7.9
828	-1.065087	165.649669	0.009590	8.0
829	-0.934238	165.542775	0.010782	8.2
830	-1.214763	165.436065	0.017240	8.0
831	-1.024602	165.329538	0.009454	7.9
832	-1.333869	165.223194	0.008740	7.6
833	-1.635129	165.117032	0.011606	8.1
834	-1.271248	165.011052	0.010804	8.0
835	-0.989536	164.905253	0.007100	8.7
836	-0.937133	164.799635	0.008327	7.4
837	-0.936552	164.694197	0.008318	8.2
838	-1.255006	164.588939	0.011578	8.5
839	-0.657236	164.483859	0.014090	8.3
840	-1.201415	164.378959	0.010851	7.4
841	-1.650722	164.274237	0.006294	8.7
842	-0.650790	164.169692	0.005630	8.9
843	-1.304847	164.065325	0.005483	8.3
844	-0.849038	163.961135	0.006088	7.6
845	-1.556007	163.857120	0.009034	10.5
846	-1.527565	163.753282	0.008214	8.4
847	-1.567849	163.649619	0.012592	9.1
848	-0.920515	163.546130	0.007971	9.2
849	-1.350416	163.442816	0.006745	8.4
850	-1.278020	163.339676	0.008673	8.5
851	-0.732680	163.236709	0.011050	7.5
852	-1.230833	163.133915	0.017216	8.7
853	-0.564681	163.031294	0.002944	7.5
854	-1.617369	162.928844	0.011899	8.3
855	-0.354117	162.826566	0.005085	7.4
856	-0.614967	162.724459	0.008360	8.7
857	-1.148917	162.622523	0.010315	7.1
858	-1.395042	162.520757	0.022323	8.4
859	-1.610925	162.419160	0.015700	7.4
860	-1.309699	162.317733	0.008587	7.9
861	-0.891840	162.216474	0.010863	7.9
862	-1.204757	162.115383	0.012314	8.5
863	-0.787509	162.014461	0.010134	7.7
864	-1.596731	161.913705	0.017124	7.9
865	-0.693217	161.813117	0.008626	7.8
866	-1.214159	161.712695	0.011528	8.5
867	-1.554853	161.612439	0.012764	6.8
868	-0.643056	161.512349	0.006263	7.9
869	-0.807498	161.412424	0.012051	7.9
870	-1.429648	161.312663	0.014100	8.4
871	-1.116919	161.213067	0.010225	7.4
872	-1.447006	161.113635	0.015952	7.9
873	-0.110558	161.014366	0.002299	7.8
874	-1.546884	160.915260	0.008492	9.4
875	-1.055594	160.816316	0.007358	12.0
876	-1.306622	160.717535	0.014186	12.5
877	-1.492926	160.618915	0.007202	13.1
878	-1.002535	160.520456	0.016450	8.4
879	-0.774203	160.422158	0.006966	10.1
880	-1.436408	160.324021	0.023055	8.2
881	-1.002152	160.226043	0.012805	9.6
882	-1.451964	160.128225	0.010342	7.8
883	-1.514671	160.030566	0.012922	7.6
884	-0.462111	159.933066	0.003915	10.3
885	-1.346848	159.835723	0.018933	9.4
886	-1.277031	159.738539	0.015680	7.9
887	-0.567461	159.641512	0.007421	9.2
888	-1.223037	159.544642	0.007022	7.6
889	-0.497677	159.447929	0.005555	7.9
890	-1.479143	159.351372	0.007633	8.6
891	-0.295571	159.254971	0.004648	8.6
892	-0.784675	159.158725	0.009969	7.7
893	-1.387500	159.062634	0.017479	7.8
894	-0.623388	158.966697	0.005818	7.9
895	-1.319523	158.870915	0.019072	7.8
896	-1.493721	158.775286	0.009481	7.8
897	-0.523257	158.679811	0.005204	7.7
898	-1.480816	158.584489	0.013875	8.1
899	-0.705518	158.489319	0.008158	8.6
900	-0.862813	158.394302	0.007477	8.2
901	-0.595446	158.299436	0.007146	8.1
902	-1.407002	158.204721	0.005521	7.7
903	-0.851751	158.110158	0.010057	11.0
904	-0.451209	158.015745	0.002148	9.5
905	-0.754929	157.921482	0.008182	8.0
906	-1.184216	157.827369	0.008553	9.1
907	-0.469944	157.733406	0.009446	7.5
908	-1.394220	157.639591	0.014564	8.1
909	-1.104592	157.545925	0.008084	7.7
910	-0.814312	157.452408	0.010651	8.5
911	-1.134930	157.359038	0.012810	7.8
912	-1.064818	157.265816	0.014990	8.1
913	-1.273832	157.172741	0.005607	7.6
914	-1.339117	157.079813	0.011078	8.7
915	-0.885061	156.987031	0.007088	8.0
916	-0.369042	156.894395	0.005613	7.7
917	-1.446542	156.801904	0.008675	7.9
918	-0.892418	156.709559	0.010887	8.4
919	-1.711491	156.617359	0.012290	8.4
920	-1.077192	156.525304	0.006201	8.0
921	-1.412278	156.433392	0.010362	7.5
922	-0.671386	156.341624	0.002309	7.3
923	-1.308803	156.250000	0.012517	7.7
924	-1.605986	156.158519	0.013868	7.8
925	-0.789167	156.067180	0.007092	8.4
926	-1.520445	155.975984	0.011733	8.5
927	-0.833044	155.884930	0.008087	7.9
928	-1.301478	155.794017	0.007594	7.8
929	-0.586487	155.703246	0.004701	7.6
930	-0.731546	155.612615	0.010160	7.9
931	-1.369322	155.522125	0.013206	7.7
932	-1.135605	155.431775	0.008940	7.9
933	-1.325670	155.341565	0.007961	8.2
934	-0.883907	155.251495	0.015513	7.9
935	-1.494496	155.161563	0.015489	7.8
936	-1.103911	155.071771	0.008534	8.1
937	-0.770291	154.982117	0.008000	12.2
938	-1.355450	154.892601	0.006877	12.4
939	-0.562396	154.803222	0.006824	13.8
940	-0.922153	154.713981	0.009728	8.4
941	-0.620590	154.624878	0.004949	9.8
942	-0.082092	154.535910	0.000652	8.2
943	-1.413070	154.447080	0.015070	7.4
944	-0.430934	154.358385	0.001997	8.5
945	-1.300949	154.269826	0.006538	8.5
946	-1.303378	154.181402	0.010327	9.5
947	-1.266684	154.093114	0.010780	10.3
948	-0.534313	154.004960	0.005542	7.4
949	-1.558006	153.916940	0.019090	8.0
950	-1.483576	153.829054	0.010017	8.2
951	-1.322118	153.741303	0.007523	8.3
952	-1.547733	153.653684	0.015086	7.6
953	-0.996088	153.566198	0.009557	7.7
954	-1.299723	153.478846	0.011320	7.9
955	-0.550792	153.391625	0.006091	7.8
956	-1.258418	153.304537	0.010036	8.3
957	-1.375259	153.217580	0.009559	7.9
958	-0.440380	153.130755	0.004905	7.9
959	-1.529081	153.044061	0.010246	8.0
960	-1.385231	152.957498	0.010643	7.5
961	-0.728482	152.871065	0.004622	8.5
962	-0.328795	152.784762	0.002991	7.9
963	-1.546714	152.698589	0.006820	10.2
964	-1.333535	152.612545	0.011369	8.2
965	-1.161599	152.526631	0.005740	8.3
966	-0.939165	152.440845	0.010504	8.4
967	-0.770012	152.355188	0.004637	8.3
968	-1.220719	152.269660	0.005712	8.6
969	-0.802679	152.184259	0.010774	8.0
970	-1.463461	152.098986	0.011769	7.6
971	-0.944817	152.013840	0.017108	7.5
972	-0.962509	151.928821	0.007295	7.7
973	-1.585598	151.843928	0.010638	8.0
974	-0.820587	151.759163	0.005054	7.5
975	-1.300290	151.674523	0.007210	8.7
976	-1.692692	151.590009	0.010860	7.7
977	-1.544725	151.505620	0.014852	7.9
978	-1.044435	151.421357	0.016088	8.4
979	-1.369451	151.337218	0.008834	7.5
980	-0.143709	151.253204	0.001473	7.8
981	-1.623040	151.169314	0.008385	8.0
982	-1.265749	151.085549	0.008641	7.7
983	-1.618685	151.001907	0.014546	8.2
984	-1.081716	150.918388	0.010138	7.8
985	-1.169659	150.834992	0.008129	8.1
986	-1.019715	150.751719	0.012242	7.6
987	-1.233900	150.668569	0.011642	7.6
988	-0.490954	150.585541	0.003360	8.4
989	-1.331206	150.502634	0.010821	8.0
990	-0.388178	150.419849	0.003858	7.6
991	-1.508673	150.337186	0.008016	7.5
992	-1.393042	150.254644	0.012731	8.9
993	-1.303843	150.172222	0.007563	8.2
994	-1.522224	150.089921	0.008731	8.0
995	-1.294417	150.007740	0.005103	7.2
996	-1.556577	149.925679	0.007178	7.8
997	-1.326020	149.843737	0.006240	8.0
998	-0.864160	149.761915	0.008074	7.7
999	-1.545223	149.680212	0.012953	8.0
1000	-1.243034	149.598627	0.011926	14.3
1001	-1.304142	149.517161	0.005996	12.7
1002	-1.168677	149.435814	0.007395	13.8
1003	-1.435587	149.354584	0.013014	9.8
1004	-0.865788	149.273472	0.010989	8.5
1005	-0.476412	149.192477	0.004187	7.6
1006	-1.607947	149.111599	0.023521	8.2
1007	-1.066723	149.030838	0.006254	8.1
1008	-1.570542	148.950194	0.005787	10.8
1009	-1.129371	148.869666	0.011833	10.6
1010	-0.142577	148.789253	0.001616	8.1
1011	-0.781426	148.708957	0.012887	8.4
1012	-0.965401	148.628776	0.007411	9.1
1013	-1.526032	148.548710	0.004033	8.0
1014	-0.635161	148.468759	0.008533	8.0
1015	-0.875845	148.388923	0.004708	8.6
1016	-1.125199	148.309201	0.009921	7.8
1017	-1.553126	148.229594	0.007751	7.7
1018	-1.017394	148.150100	0.007440	8.0
1019	-1.461613	148.070719	0.007518	7.9
1020	-1.366759	147.991452	0.008179	11.3
1021	-1.317547	147.912298	0.008342	10.5
1022	-0.446394	147.833257	0.005098	8.5
1023	-1.216243	147.754329	0.010035	8.1
1024	-1.134224	147.675512	0.010745	7.9
1025	-0.276128	147.596808	0.003231	8.1
1026	-1.339437	147.518216	0.005948	8.4
1027	-0.660618	147.439735	0.008477	7.5
1028	-0.627391	147.361365	0.006392	7.8
1029	-1.125197	147.283106	0.007428	8.0
1030	-0.972888	147.204958	0.007821	8.7
1031	-1.582705	147.126920	0.007080	8.1
1032	-1.630862	147.048993	0.007600	9.8
1033	-0.419925	146.971175	0.007647	8.8
1034	-0.236624	146.893468	0.003678	7.9
1035	-1.383313	146.815869	0.007827	8.6
1036	-0.654749	146.738380	0.013628	8.4
1037	-0.758345	146.661000	0.006561	8.8
1038	-1.417236	146.583729	0.011785	8.6
1039	-1.470388	146.506566	0.014061	8.7
1040	-1.220755	146.429511	0.013572	8.8
1041	-1.452404	146.352565	0.007238	9.7
1042	-0.635501	146.275726	0.005740	8.8
1043	-0.764422	146.198994	0.006765	9.5
1044	-1.090443	146.122370	0.011582	9.0
1045	-1.370829	146.045853	0.008066	7.6
1046	-0.468206	145.969442	0.007578	8.6
1047	-0.898052	145.893139	0.010507	8.4
1048	-0.219353	145.816941	0.002507	8.8
1049	-1.527723	145.740849	0.014476	7.6
1050	-1.078515	145.664863	0.005877	8.0
1051	-0.633788	145.588983	0.006482	7.8
1052	-1.611051	145.513208	0.011517	8.3
1053	-1.376063	145.437538	0.007930	7.5
1054	-0.086086	145.361973	0.001194	7.4
1055	-1.228696	145.286513	0.011942	7.1
1056	-1.336177	145.211157	0.014806	7.8
1057	-0.768359	145.135905	0.007121	8.3
1058	-1.286015	145.060757	0.010203	8.6
1059	-0.538506	144.985712	0.006648	7.8
1060	-1.345773	144.910771	0.009793	12.7
1061	-1.600102	144.835934	0.014248	12.7
1062	-0.598469	144.761199	0.004789	13.2
1063	-0.095691	144.686567	0.001228	7.7
1064	-1.549351	144.612037	0.008791	9.4
1065	-1.133217	144.537610	0.007160	8.0
1066	-0.432215	144.463285	0.002383	8.5
1067	-1.105134	144.389062	0.007373	8.0
1068	-1.062029	144.314940	0.007769	7.7
1069	-1.462229	144.240920	0.012329	10.4
1070	-0.575045	144.167001	0.006233	10.6
1071	-1.256537	144.093182	0.014051	8.3
1072	-0.151976	144.019465	0.002600	8.6
1073	-1.392893	143.945848	0.007724	8.2
1074	-1.555162	143.872331	0.009745	7.5
1075	-1.047264	143.798914	0.005838	7.9
1076	-1.127842	143.725597	0.005871	8.5
1077	-0.547049	143.652380	0.007046	8.9
1078	-1.445275	143.579262	0.014717	11.5
1079	-0.465792	143.506243	0.006641	7.9
1080	-0.940623	143.433323	0.011282	8.0
1081	-1.015363	143.360502	0.009462	8.1
1082	-1.327885	143.287780	0.012450	7.9
1083	-1.430141	143.215155	0.020198	7.7
1084	-1.651837	143.142629	0.019967	7.5
1085	-0.772124	143.070201	0.006022	8.4
1086	-0.493249	142.997870	0.004253	7.3
1087	-1.411685	142.925637	0.022486	7.9
1088	-1.335879	142.853501	0.011493	7.6
1089	-1.588479	142.781462	0.010572	8.3
1090	-1.558588	142.709519	0.021631	8.9
1091	-1.169400	142.637674	0.011789	8.0
1092	-1.481868	142.565924	0.015860	7.8
1093	-0.996505	142.494271	0.008767	7.4
1094	-0.159067	142.422714	0.001871	7.6
1095	-1.659575	142.351252	0.018175	7.9
1096	-1.577864	142.279886	0.008697	7.5
1097	-1.513671	142.208616	0.009915	7.7
1098	-1.409959	142.137440	0.011414	8.1
1099	-1.544812	142.066360	0.012523	8.6
1100	-0.607169	141.995374	0.013338	7.9
1101	-1.169698	141.924483	0.008619	7.4
1102	-1.077920	141.853685	0.007232	7.6
1103	-0.624857	141.782983	0.005940	6.8
1104	-1.231697	141.712373	0.012237	7.4
1105	-1.383180	141.641858	0.008639	7.9
1106	-1.503759	141.571436	0.015055	7.8
1107	-0.960801	141.501108	0.003230	8.6
1108	-1.002890	141.430872	0.009566	7.4
1109	-1.560268	141.360730	0.011867	8.9
1110	-1.160328	141.290680	0.011844	8.8
1111	-0.857319	141.220722	0.011983	7.8
1112	-1.085988	141.150857	0.008657	7.4
1113	-1.232061	141.081084	0.018014	8.4
1114	-0.921482	141.011403	0.008962	7.6
1115	-1.589798	140.941813	0.008818	8.6
1116	-0.878994	140.872315	0.010439	7.5
1117	-0.642901	140.802909	0.005612	7.5
1118	-1.625579	140.733593	0.016142	8.1
1119	-1.341745	140.664369	0.005861	7.9
1120	-0.981039	140.595235	0.005606	7.5
1121	-1.701120	140.526192	0.014057	8.2
1122	-1.445827	140.457239	0.016649	8.4
1123	-1.611074	140.388376	0.011269	10.9
1124	-1.407340	140.319603	0.012642	11.5
1125	-0.203326	140.250920	0.002061	9.9
1126	-0.654053	140.182326	0.004788	13.0
1127	-1.587941	140.113822	0.011058	9.4
1128	-1.192685	140.045407	0.013366	7.7
1129	-0.964651	139.977081	0.008171	8.0
1130	-1.253552	139.908844	0.011585	7.8
1131	-1.624980	139.840696	0.014053	8.5
1132	-1.273157	139.772635	0.007891	8.7
1133	-0.032020	139.704664	0.000887	10.1
1134	-1.498624	139.636780	0.010412	8.6
1135	-0.739096	139.568984	0.005174	7.6
1136	-1.555863	139.501276	0.008043	8.3
1137	-1.434655	139.433655	0.004466	9.5
1138	-0.734930	139.366122	0.009462	9.7
1139	-1.412637	139.298676	0.010110	8.0
1140	-1.368796	139.231317	0.007481	7.9
1141	-1.272102	139.164045	0.008017	7.6
1142	-0.172202	139.096859	0.001270	7.4
1143	-1.557100	139.029760	0.014911	8.2
1144	-1.221228	138.962747	0.010020	7.6
1145	-1.531333	138.895820	0.009153	8.0
1146	-0.433289	138.828978	0.004630	8.2
1147	-0.952738	138.762223	0.009222	8.2
1148	-0.256090	138.695553	0.005045	7.8
1149	-0.191017	138.628969	0.002293	7.6
1150	-1.633195	138.562469	0.017980	8.1
1151	-0.632492	138.496055	0.005361	7.5
1152	-0.777764	138.429725	0.004351	7.2
1153	-0.697713	138.363481	0.004246	7.5
1154	-0.922893	138.297320	0.011611	8.0
1155	-0.887822	138.231244	0.007279	8.0
1156	-1.000936	138.165252	0.005545	7.6
1157	-0.972542	138.099344	0.007830	7.4
1158	-1.542988	138.033520	0.015128	7.8
1159	-0.896884	137.967779	0.012009	7.6
1160	-1.630003	137.902122	0.015920	8.2
1161	-1.058862	137.836548	0.008070	7.6
1162	-0.997851	137.771057	0.005941	8.0
1163	-0.775724	137.705649	0.007780	8.1
1164	-0.602017	137.640324	0.007464	8.5
1165	-1.387371	137.575081	0.013107	8.2
1166	-1.468685	137.509921	0.012167	8.2
1167	-0.556773	137.444842	0.009212	8.4
1168	-0.391379	137.379846	0.007207	8.0
1169	-1.417671	137.314932	0.014386	7.5
1170	-0.710804	137.250100	0.004317	8.2
1171	-0.165358	137.185349	0.004116	8.0
1172	-0.452101	137.120680	0.005446	7.6
1173	-0.224745	137.056092	0.002787	7.4
1174	-1.372604	136.991585	0.005874	7.9
1175	-1.446418	136.927158	0.013781	8.1
1176	-0.268601	136.862813	0.002856	8.5
1177	-0.739962	136.798548	0.006063	7.3
1178	-1.378890	136.734363	0.012323	8.6
1179	-0.437900	136.670259	0.007851	8.4
1180	-0.442212	136.606235	0.003609	7.9
1181	-0.554545	136.542291	0.006765	7.8
1182	-1.430556	136.478426	0.007045	7.3
1183	-0.340656	136.414641	0.004637	7.8
1184	-0.280812	136.350936	0.003303	8.9
1185	-1.056890	136.287310	0.007968	9.1
1186	-1.047522	136.223763	0.005452	14.4
1187	-1.322910	136.160295	0.011361	12.5
1188	-0.843066	136.096905	0.008637	13.6
1189	-0.671367	136.033594	0.003543	10.8
1190	-0.808773	135.970362	0.006132	13.3
1191	-0.737524	135.907208	0.007079	12.4
1192	-1.255503	135.844133	0.011985	14.1
1193	-0.435086	135.781135	0.004415	18.2
1194	-1.518097	135.718215	0.014925	13.2
1195	-0.600146	135.655373	0.002408	11.1
1196	-0.730797	135.592608	0.007587	12.4
1197	-1.135614	135.529921	0.009277	12.4
1198	-0.417737	135.467311	0.006082	12.3
1199	-0.802885	135.404778	0.015087	8.9
1200	-0.547661	135.342322	0.008768	8.1
1201	-1.194109	135.279942	0.025097	7.6
1202	-0.427869	135.217640	0.005104	8.0
1203	-1.402963	135.155413	0.006262	8.1
1204	-1.093119	135.093263	0.011317	8.1
1205	-1.536628	135.031190	0.014992	7.6
1206	-0.709056	134.969192	0.012429	8.0
1207	-1.641093	134.907270	0.009958	7.9
1208	-0.980931	134.845424	0.013953	8.0
1209	-1.029208	134.783653	0.013107	7.5
1210	-0.376057	134.721958	0.004370	8.1
1211	-1.612560	134.660338	0.013958	8.2
1212	-1.448763	134.598793	0.009174	8.1
1213	-1.568453	134.537323	0.014545	7.5
1214	-0.655612	134.475927	0.006729	7.8
1215	-1.212434	134.414607	0.010217	8.2
1216	-1.102146	134.353361	0.007591	8.3
1217	-0.950707	134.292189	0.004009	8.3
1218	-1.370155	134.231092	0.009100	8.6
1219	-0.717911	134.170068	0.005311	8.3
1220	-0.882192	134.109119	0.008733	8.2
1221	-1.410952	134.048243	0.009327	7.8
1222	-1.526745	133.987441	0.009220	7.5
1223	-0.616299	133.926713	0.005043	7.6
1224	-0.104643	133.866057	0.001236	8.1
1225	-1.408597	133.805475	0.011459	7.5
1226	-0.549896	133.744966	0.002586	7.5
1227	-1.328077	133.684530	0.006795	8.3
1228	-0.792192	133.624167	0.006307	8.5
1229	-1.431345	133.563877	0.006731	12.0
1230	-0.348449	133.503658	0.003717	12.2
1231	-1.490569	133.443513	0.008584	10.8
1232	-0.133710	133.383439	0.001649	8.5
1233	-1.121418	133.323437	0.009955	7.7
1234	-1.031646	133.263508	0.007279	7.8
1235	-1.420537	133.203650	0.016716	8.6
1236	-0.059012	133.143864	0.001466	8.3
1237	-0.069336	133.084149	0.000470	9.1
1238	-1.477924	133.024506	0.012560	12.0
1239	-1.669310	132.964934	0.014168	15.4
1240	-1.310493	132.905433	0.005555	13.8
1241	-0.739419	132.846003	0.006404	10.5
1242	-1.126017	132.786643	0.006066	8.5
1243	-1.126688	132.727355	0.013756	8.0
1244	-0.569359	132.668137	0.009566	8.2
1245	-0.799142	132.608989	0.010182	11.5
1246	-1.588178	132.549912	0.009115	11.9
1247	-1.232415	132.490904	0.006867	9.3
1248	-0.935611	132.431967	0.005625	7.9
1249	-1.668130	132.373100	0.011655	9.6
1250	-0.171860	132.314302	0.001937	8.0
1251	-1.594514	132.255574	0.009449	7.5
1252	-1.010374	132.196916	0.009664	8.2
1253	-1.220862	132.138326	0.008248	7.4
1254	-1.334080	132.079806	0.009988	8.0
1255	-1.609818	132.021355	0.025592	7.5
1256	-1.584970	131.962973	0.013423	8.1
1257	-1.197092	131.904660	0.009288	8.0
1258	-1.380194	131.846415	0.016977	7.8
1259	-0.437386	131.788239	0.002075	6.4
1260	-1.210726	131.730131	0.007276	8.0
1261	-0.498272	131.672092	0.002437	8.2
1262	-0.437578	131.614121	0.003232	8.2
1263	-0.339167	131.556217	0.008510	7.7
1264	-0.171739	131.498382	0.001729	8.5
1265	-0.682464	131.440614	0.008267	8.2
1266	-0.645979	131.382914	0.002302	8.2
1267	-0.740791	131.325282	0.012319	8.1
1268	-0.808013	131.267717	0.010937	8.0
1269	-0.832415	131.210219	0.007707	9.0
1270	-1.559662	131.152788	0.017069	7.9
1271	-1.549134	131.095424	0.010408	8.5
1272	-1.517233	131.038127	0.010340	7.4
1273	-1.153816	130.980897	0.008982	8.8
1274	-1.369696	130.923733	0.009738	7.8
1275	-1.061561	130.866636	0.006852	8.8
1276	-0.542980	130.809605	0.007415	7.7
1277	-1.245935	130.752641	0.012792	8.0
1278	-1.081973	130.695742	0.005525	8.0
1279	-1.426199	130.638910	0.008716	8.4
1280	-0.890021	130.582143	0.006964	7.8
1281	-0.914989	130.525442	0.010056	7.6
1282	-0.907207	130.468807	0.014431	8.2
1283	-0.702386	130.412237	0.010334	8.6
1284	-1.023139	130.355733	0.007648	7.9
1285	-1.645764	130.299294	0.014182	7.6
1286	-0.721775	130.242920	0.008999	8.1
1287	-0.428355	130.186611	0.004851	7.9
1288	-1.336429	130.130366	0.013951	7.7
1289	-0.791697	130.074187	0.008695	7.6
1290	-1.659180	130.018072	0.011387	8.1
1291	-0.978405	129.962022	0.008463	8.2
1292	-1.629420	129.906036	0.007043	8.0
1293	-1.033407	129.850114	0.008229	7.9
1294	-1.649114	129.794257	0.008088	7.5
1295	-1.202172	129.738463	0.008263	7.9
1296	-1.482916	129.682734	0.008987	7.9
1297	-0.385789	129.627068	0.003191	7.4
1298	-1.488254	129.571466	0.012497	8.3
1299	-0.723382	129.515927	0.007840	10.8
1300	-1.305138	129.460452	0.013930	11.7
1301	-1.608806	129.405040	0.014174	9.9
1302	-0.865835	129.349692	0.009425	13.8
1303	-1.475546	129.294406	0.007225	9.5
1304	-1.330595	129.239183	0.005911	10.0
1305	-0.776921	129.184024	0.007376	8.2
1306	-1.388067	129.128927	0.007201	8.1
1307	-1.494125	129.073892	0.011837	8.1
1308	-1.426094	129.018921	0.013279	8.9
1309	-1.187656	128.964011	0.004647	10.7
1310	-1.479558	128.909164	0.008597	7.5
1311	-0.983646	128.854379	0.007169	8.0
1312	-1.342823	128.799656	0.004527	8.5
1313	-1.253878	128.744995	0.016816	7.6
1314	-1.530982	128.690396	0.009379	7.8
1315	-0.482130	128.635858	0.007358	8.1
1316	-1.458790	128.581382	0.020497	8.0
1317	-1.615471	128.526968	0.023030	7.8
1318	-0.534469	128.472615	0.006318	7.9
1319	-1.296439	128.418323	0.013099	8.5
1320	-1.328309	128.364092	0.009115	7.8
1321	-1.383467	128.309922	0.010556	8.0
1322	-0.006318	128.255814	0.000201	7.9
1323	-0.550214	128.201766	0.006297	7.7
1324	-1.661920	128.147778	0.011592	8.1
1325	-1.090140	128.093852	0.006631	8.0
1326	-1.408598	128.039985	0.007511	8.0
1327	-1.024737	127.986180	0.008758	7.6
1328	-0.634737	127.932434	0.006343	8.0
1329	-1.090052	127.878749	0.006931	8.3
1330	-0.518305	127.825123	0.003470	8.1
1331	-0.578057	127.771558	0.008875	7.5
1332	-0.704651	127.718052	0.010902	9.0
1333	-0.939645	127.664606	0.008549	8.5
1334	-0.938547	127.611220	0.010255	8.1
1335	-0.942220	127.557893	0.008538	8.2
1336	-0.991453	127.504625	0.007075	7.5
1337	-0.817949	127.451417	0.007211	7.9
1338	-1.580861	127.398268	0.013892	8.7
1339	-0.969417	127.345178	0.005101	8.0
1340	-0.347789	127.292147	0.001066	7.5
1341	-0.759789	127.239175	0.005402	8.4
1342	-0.949105	127.186261	0.009460	7.6
1343	-0.380343	127.133407	0.005698	7.9
1344	-0.910015	127.080610	0.005337	7.4
1345	-0.567099	127.027872	0.006591	8.3
1346	-1.496789	126.975193	0.010122	8.4
1347	-0.939342	126.922572	0.006300	8.1
1348	-1.225368	126.870008	0.010333	7.6
1349	-0.612368	126.817503	0.004638	8.5
1350	-0.653082	126.765056	0.006120	7.8
1351	-0.677580	126.712667	0.014077	8.0
1352	-0.270013	126.660335	0.004651	7.5
1353	-0.804568	126.608061	0.010713	8.7
1354	-0.600480	126.555844	0.007908	8.2
1355	-1.037101	126.503685	0.006460	8.3
1356	-1.341358	126.451583	0.012887	7.5
1357	-1.477115	126.399538	0.011420	7.6
1358	-1.185227	126.347550	0.017245	7.8
1359	-0.472543	126.295619	0.004811	8.2
1360	-1.333195	126.243745	0.016480	7.4
1361	-0.780320	126.191928	0.007675	8.0
1362	-1.009454	126.140168	0.008451	10.5
1363	-0.317088	126.088464	0.002668	11.8
1364	-1.460223	126.036817	0.010025	12.5
1365	-1.062461	125.985226	0.011278	14.6
1366	-1.699052	125.933691	0.009927	9.2
1367	-1.288241	125.882212	0.011491	8.3
1368	-1.553895	125.830790	0.016145	7.6
1369	-0.608651	125.779423	0.003541	8.6
1370	-0.320163	125.728113	0.002973	8.7
1371	-1.235928	125.676858	0.005199	10.0
1372	-1.418457	125.625659	0.013449	9.6
1373	-1.670941	125.574515	0.016169	7.9
1374	-1.144597	125.523427	0.012623	7.7
1375	-1.220572	125.472394	0.005683	7.5
1376	-0.618167	125.421417	0.002139	7.2
1377	-1.597337	125.370495	0.010078	7.7
1378	-1.445114	125.319628	0.015397	7.8
1379	-0.652122	125.268815	0.004529	7.6
1380	-1.421852	125.218058	0.004248	8.3
1381	-0.841613	125.167356	0.012577	7.6
1382	-1.414035	125.116708	0.007625	8.0
1383	-1.408909	125.066115	0.008218	7.6
1384	-1.692199	125.015576	0.015899	8.3
1385	-1.336818	124.965092	0.009192	7.6
1386	-0.595761	124.914662	0.008947	8.0
1387	-0.677020	124.864287	0.011076	7.7
1388	-1.183811	124.813965	0.019265	8.1
1389	-0.961899	124.763698	0.016155	7.5
1390	-1.312384	124.713485	0.006286	8.7
1391	-1.394456	124.663325	0.009197	7.9
1392	-0.940615	124.613219	0.010791	8.0
1393	-0.732813	124.563167	0.004105	7.7
1394	-1.547698	124.513168	0.012628	8.1
1395	-1.130129	124.463223	0.008598	8.0
1396	-1.545719	124.413332	0.009006	8.2
1397	-0.819117	124.363493	0.005093	7.6
1398	-0.623489	124.313708	0.006464	7.9
1399	-0.854678	124.263976	0.002618	7.8
1400	-1.133232	124.214297	0.015366	8.4
1401	-1.529169	124.164671	0.010372	7.5
1402	-0.545678	124.115097	0.005728	7.9
1403	-1.401562	124.065577	0.017605	8.1
1404	-1.026519	124.016109	0.009699	8.8
1405	-0.666573	123.966693	0.007884	7.7
1406	-1.067892	123.917330	0.002588	8.1
1407	-1.193079	123.868020	0.007030	8.1
1408	-1.624629	123.818762	0.014205	7.8
1409	-0.691461	123.769556	0.007342	7.9
1410	-1.348709	123.720402	0.009082	7.0
1411	-1.467118	123.671300	0.006208	8.1
1412	-1.398751	123.622250	0.013060	8.5
1413	-1.209002	123.573252	0.012602	7.7
1414	-0.066198	123.524305	0.000788	7.6
1415	-1.568905	123.475411	0.009210	7.6
1416	-0.830095	123.426568	0.004758	8.3
1417	-0.383278	123.377776	0.006873	8.5
1418	-1.451278	123.329036	0.009407	8.7
1419	-1.577616	123.280347	0.014119	8.5
1420	-1.259912	123.231709	0.009671	8.2
1421	-1.485052	123.183122	0.007029	8.0
1422	-1.358568	123.134587	0.012730	8.2
1423	-1.245973	123.086102	0.011222	11.8
1424	-1.041254	123.037669	0.013607	10.4
1425	-1.284290	122.989286	0.009665	12.2
1426	-0.879124	122.940954	0.004000	13.4
1427	-1.218401	122.892672	0.012538	10.8
1428	-0.600636	122.844441	0.011105	8.4
1429	-0.221796	122.796261	0.001878	8.9
1430	-1.410455	122.748130	0.008256	7.5
1431	-1.524976	122.700050	0.012072	8.0
1432	-1.164977	122.652021	0.007545	11.0
1433	-0.584853	122.604041	0.006505	9.6
1434	-1.234299	122.556111	0.008387	8.2
1435	-1.231819	122.508232	0.007181	8.3
1436	-1.407385	122.460402	0.008817	7.9
1437	-1.556613	122.412622	0.009459	7.7
1438	-1.326844	122.364891	0.014178	8.6
1439	-0.974839	122.317210	0.006288	7.4
1440	-0.787657	122.269579	0.006061	8.1
1441	-1.384652	122.221997	0.013711	7.4
1442	-0.795989	122.174465	0.008203	8.4
1443	-1.556255	122.126981	0.013313	8.5
1444	-1.253960	122.079547	0.005314	8.5
1445	-1.495804	122.032162	0.011354	7.6
1446	-0.837041	121.984826	0.006542	8.3
1447	-0.722872	121.937539	0.004892	7.8
1448	-0.769127	121.890301	0.009226	8.5
1449	-0.925091	121.843112	0.008133	7.7
1450	-0.482879	121.795971	0.002738	7.7
1451	-0.839735	121.748879	0.009487	7.9
1452	-0.400563	121.701835	0.004264	8.4
1453	-0.409669	121.654840	0.004218	7.5
1454	-1.307278	121.607893	0.011446	7.8
1455	-0.403640	121.560994	0.006569	7.5
1456	-1.445508	121.514144	0.010959	8.3
1457	-0.630840	121.467342	0.003359	6.7
1458	-1.078112	121.420588	0.013162	7.9
1459	-1.604813	121.373882	0.008474	7.7
1460	-0.967033	121.327223	0.008292	8.5
1461	-1.463513	121.280613	0.008314	7.3
1462	-0.899727	121.234050	0.005589	8.1
1463	-0.747123	121.187535	0.004588	7.9
1464	-1.370359	121.141067	0.011851	8.8
1465	-1.391493	121.094647	0.008300	7.4
1466	-1.551331	121.048274	0.018089	8.0
1467	-1.566359	121.001949	0.014903	8.1
1468	-1.395322	120.955671	0.007457	8.4
1469	-1.357603	120.909440	0.007881	6.8
1470	-0.699421	120.863256	0.009659	7.8
1471	-1.528607	120.817119	0.012065	8.1
1472	-1.277121	120.771029	0.010610	8.9
1473	-1.602123	120.724986	0.008382	7.7
1474	-1.103105	120.678990	0.015292	7.7
1475	-1.166884	120.633040	0.005568	7.6
1476	-1.491998	120.587137	0.009251	8.1
1477	-0.861758	120.541281	0.006773	7.6
1478	-1.416486	120.495471	0.006283	7.8
1479	-1.264278	120.449707	0.009843	7.8
1480	-0.901749	120.403990	0.008270	8.5
1481	-0.960404	120.358319	0.010655	7.8
1482	-1.262949	120.312694	0.006434	8.1
1483	-0.910537	120.267115	0.006463	9.5
1484	-0.457417	120.221582	0.008280	8.4
1485	-1.536002	120.176096	0.010528	8.5
1486	-0.689754	120.130655	0.006908	7.7
1487	-1.473509	120.085260	0.011102	7.9
1488	-1.407393	120.039910	0.008871	8.3
1489	-1.151762	119.994606	0.010777	11.7
1490	-1.447098	119.949348	0.007369	10.5
1491	-0.532412	119.904135	0.005919	13.5
1492	-1.372633	119.858968	0.010297	11.4
1493	-1.185671	119.813846	0.016221	8.2
1494	-0.706213	119.768769	0.007040	8.3
1495	-0.327391	119.723738	0.007457	7.7
1496	-1.203204	119.678752	0.014572	7.8
1497	-0.832108	119.633810	0.009610	9.5
1498	-0.349049	119.588914	0.003809	10.8
1499	-1.359967	119.544062	0.014397	7.6
1500	-0.337519	119.499256	0.002954	8.0
1501	-1.532512	119.454494	0.010152	8.4
1502	-1.545030	119.409777	0.006852	8.0
1503	-1.166966	119.365104	0.005651	8.0
1504	-0.700936	119.320476	0.008361	8.3
1505	-0.916362	119.275893	0.008322	8.3
1506	-1.051136	119.231353	0.006750	8.0
1507	-0.848723	119.186859	0.004250	7.6
1508	-0.835369	119.142408	0.005005	7.5
1509	-1.452425	119.098002	0.011916	8.1
1510	-1.548608	119.053639	0.011727	8.6
1511	-0.738328	119.009321	0.005513	8.3
1512	-1.247769	118.965047	0.008912	7.4
1513	-1.125869	118.920816	0.003583	8.0
1514	-1.095819	118.876630	0.004584	7.6
1515	-0.480915	118.832487	0.005146	8.2
1516	-0.409194	118.788388	0.002246	7.5
1517	-0.935871	118.744332	0.006485	9.9
1518	-0.351171	118.700320	0.007933	7.6
1519	-0.698847	118.656352	0.003233	8.0
1520	-1.091148	118.612427	0.010880	7.3
1521	-0.696127	118.568545	0.006140	8.5
1522	-1.437706	118.524706	0.014659	8.5
1523	-0.598120	118.480911	0.007379	8.2
1524	-0.527051	118.437159	0.004466	7.5
1525	-1.225806	118.393450	0.005570	7.5
1526	-1.112600	118.349784	0.008531	7.6
1527	-0.620545	118.306160	0.009409	7.8
1528	-0.706042	118.262580	0.010202	7.4
1529	-1.092988	118.219042	0.010210	9.2
1530	-0.292413	118.175548	0.003066	8.4
1531	-1.626011	118.132095	0.013366	8.3
1532	-1.293234	118.088686	0.010132	8.0
1533	-0.511080	118.045319	0.003346	7.4
1534	-0.661266	118.001994	0.006686	8.8
1535	-1.322504	117.958712	0.009342	8.4
1536	-1.442851	117.915472	0.012589	8.0
1537	-1.366093	117.872274	0.012128	9.1
1538	-1.416683	117.829118	0.007566	9.6
1539	-0.289325	117.786005	0.003580	7.5
1540	-1.457778	117.742933	0.011689	11.4
1541	-1.080459	117.699904	0.008536	8.4
1542	-0.695811	117.656916	0.009763	8.1
1543	-1.198916	117.613971	0.009915	9.4
1544	-0.721808	117.571067	0.017243	7.5
1545	-0.764608	117.528205	0.007766	8.2
1546	-0.665155	117.485384	0.008771	7.6
1547	-0.915658	117.442605	0.007638	8.5
1548	-0.929138	117.399867	0.006352	9.0
1549	-0.097717	117.357171	0.000996	12.2
1550	-1.365112	117.314517	0.009750	12.6
1551	-1.551995	117.271903	0.017506	13.3
1552	-1.512416	117.229331	0.014665	9.5
1553	-0.200073	117.186800	0.001880	8.4
1554	-0.358829	117.144311	0.006887	7.9
1555	-1.135271	117.101862	0.007788	8.1
1556	-0.833251	117.059454	0.006981	7.5
1557	-0.630495	117.017087	0.009285	8.2
1558	-0.892699	116.974762	0.010055	7.9
1559	-1.349102	116.932476	0.010530	7.9
1560	-1.559165	116.890232	0.017140	7.5
1561	-1.537074	116.848028	0.011023	8.2
1562	-0.417876	116.805865	0.005747	8.0
1563	-1.311701	116.763743	0.010005	7.9
1564	-1.615995	116.721661	0.011579	7.7
1565	-1.106977	116.679619	0.011231	8.0
1566	-0.903121	116.637618	0.003754	8.2
1567	-1.357005	116.595657	0.010526	8.2
1568	-1.343657	116.553736	0.014646	8.1
1569	-0.839081	116.511855	0.007884	8.1
1570	-1.555104	116.470015	0.008756	9.6
1571	-1.208792	116.428214	0.006545	7.9
1572	-1.468267	116.386454	0.009540	7.5
1573	-0.261733	116.344733	0.002056	7.5
1574	-0.976408	116.303052	0.012252	7.6
1575	-1.563633	116.261412	0.006317	7.8
1576	-1.349147	116.219810	0.007101	8.3
1577	-1.309950	116.178249	0.012125	8.3
1578	-1.738719	116.136727	0.014041	8.0
1579	-1.338067	116.095245	0.007217	8.2
1580	-1.195615	116.053802	0.015353	7.8
1581	-1.299320	116.012398	0.010665	7.8
1582	-1.507564	115.971034	0.011969	8.0
1583	-0.522084	115.929710	0.007613	8.5
1584	-1.068333	115.888424	0.008805	7.8
1585	-0.571769	115.847178	0.008613	7.5
1586	-0.867932	115.805970	0.006861	8.2
1587	-1.424291	115.764802	0.009053	8.0
1588	-0.706191	115.723673	0.005607	8.2
1589	-0.589040	115.682583	0.006555	7.4
1590	-1.100269	115.641532	0.005882	8.6
1591	-1.450719	115.600519	0.012667	8.0
1592	-1.087332	115.559546	0.007638	7.8
1593	-1.308305	115.518610	0.012000	7.5
1594	-0.689053	115.477714	0.016767	8.5
1595	-0.937148	115.436856	0.005432	8.4
1596	-0.361408	115.396037	0.006240	9.0
1597	-1.151051	115.355256	0.005539	6.8
1598	-1.474808	115.314514	0.011514	8.9
1599	-0.567946	115.273810	0.001864	10.5
1600	-1.086928	115.233144	0.003786	8.0
1601	-0.609903	115.192517	0.006794	7.8
1602	-1.340400	115.151927	0.008998	9.4
1603	-0.728436	115.111376	0.006045	7.5
1604	-0.554838	115.070863	0.005776	8.3
1605	-0.758647	115.030388	0.005395	7.4
1606	-0.739936	114.989951	0.009312	7.8
1607	-1.020758	114.949551	0.007209	8.1
1608	-1.410916	114.909190	0.013988	8.4
1609	-1.283426	114.868866	0.014528	8.9
1610	-1.521388	114.828580	0.009206	8.3
1611	-0.828140	114.788332	0.009160	10.3
1612	-1.159546	114.748121	0.009557	12.7
1613	-0.614589	114.707948	0.005618	13.1
1614	-0.090606	114.667812	0.001433	10.5
1615	-1.532811	114.627714	0.017406	9.3
1616	-0.846909	114.587653	0.006586	8.2
1617	-1.000516	114.547629	0.002684	7.9
1618	-1.467386	114.507643	0.019600	7.5
1619	-0.845574	114.467693	0.006699	10.1
1620	-1.516445	114.427781	0.011858	12.5
1621	-0.353767	114.387907	0.008814	10.3
1622	-0.281409	114.348069	0.003065	8.0
1623	-1.425835	114.308268	0.013079	7.8
1624	-1.628208	114.268504	0.009337	9.8
1625	-0.798488	114.228777	0.016261	8.0
1626	-0.256115	114.189086	0.003239	8.4
1627	-1.560750	114.149433	0.014851	7.6
1628	-0.815196	114.109816	0.005605	8.3
1629	-1.333549	114.070235	0.008559	10.4
1630	-0.306073	114.030692	0.004808	8.2
1631	-1.519555	113.991185	0.010486	8.0
1632	-1.575574	113.951714	0.021590	7.4
1633	-1.381826	113.912280	0.005805	8.6
1634	-0.862371	113.872882	0.008285	8.8
1635	-1.250799	113.833521	0.016595	10.1
1636	-0.560285	113.794195	0.007901	7.9
1637	-1.528823	113.754906	0.008305	7.7
1638	-0.552645	113.715653	0.004796	8.2
1639	-1.657187	113.676437	0.010931	7.9
1640	-0.944999	113.637256	0.004312	8.0
1641	-0.917254	113.598111	0.003119	7.4
1642	-0.076054	113.559002	0.001106	8.8
1643	-1.391049	113.519929	0.005811	9.8
1644	-0.858430	113.480892	0.007637	8.3
1645	-0.606417	113.441891	0.007694	8.2
1646	-1.441434	113.402925	0.008974	7.7
1647	-1.068558	113.363995	0.009918	8.5
1648	-1.068641	113.325101	0.010263	8.0
1649	-0.646482	113.286242	0.009855	8.2
1650	-0.085455	113.247419	0.001433	8.5
1651	-1.518526	113.208631	0.009060	9.0
1652	-1.430550	113.169879	0.010986	8.0
1653	-1.467432	113.131162	0.004290	7.7
1654	-1.615883	113.092480	0.009166	8.4
1655	-1.162863	113.053833	0.007867	11.7
1656	-1.323001	113.015222	0.009244	8.0
1657	-1.495826	112.976646	0.020243	7.8
1658	-1.493515	112.938105	0.013243	8.9
1659	-0.723317	112.899599	0.010205	7.8
1660	-1.583243	112.861128	0.014153	7.8
1661	-1.286462	112.822692	0.016877	7.5
1662	-1.187942	112.784291	0.010533	8.2
1663	-0.000000	112.745924	0.000000	7.6
1664	-1.412316	112.707593	0.016507	7.8
1665	-1.007034	112.669296	0.007498	7.7
1666	-0.941025	112.631034	0.008674	8.4
1667	-1.319656	112.592806	0.005326	8.2
1668	-0.942880	112.554613	0.010426	8.2
1669	-1.603188	112.516455	0.011798	7.9
1670	-0.813397	112.478331	0.008473	7.5
1671	-1.255521	112.440241	0.007083	8.8
1672	-1.195959	112.402186	0.008035	12.1
1673	-1.193137	112.364165	0.009586	12.1
1674	-0.770117	112.326179	0.004229	13.4
1675	-0.973775	112.288227	0.010796	8.7
1676	-0.742674	112.250309	0.006030	10.0
1677	-1.685243	112.212425	0.015869	8.2
1678	-0.660514	112.174575	0.005568	7.9
1679	-1.231293	112.136759	0.007792	8.5
1680	-1.364068	112.098977	0.015815	7.6
1681	-0.966832	112.061229	0.009047	8.8
1682	-1.667621	112.023515	0.010676	10.2
1683	-0.183824	111.985834	0.001606	8.5
1684	-0.599766	111.948188	0.006114	8.8
1685	-0.730609	111.910575	0.005083	8.5
1686	-0.160461	111.872996	0.000893	7.8
1687	-0.412239	111.835450	0.003193	7.6
1688	-0.567508	111.797939	0.007168	8.3
1689	-0.628123	111.760460	0.010868	8.5
1690	-1.630669	111.723015	0.009317	10.1
1691	-1.243043	111.685604	0.004562	7.9
1692	-0.609769	111.648226	0.003966	8.3
1693	-1.539639	111.610881	0.013142	7.9
1694	-0.869695	111.573570	0.012688	8.1
1695	-0.408905	111.536292	0.005127	7.8
1696	-0.000022	111.499047	0.000008	8.0
1697	-1.338328	111.461835	0.010718	7.7
1698	-0.317871	111.424656	0.001999	7.2
1699	-0.281914	111.387510	0.004271	7.4
1700	-0.534401	111.350398	0.005415	8.1
1701	-0.971591	111.313318	0.005712	7.7
1702	-0.781878	111.276271	0.006757	8.9
1703	-0.483755	111.239257	0.003456	8.9
1704	-1.529504	111.202276	0.015325	7.7
1705	-0.853323	111.165328	0.008122	8.6
1706	-1.529505	111.128412	0.020676	8.1
1707	-1.505651	111.091529	0.007878	7.9
1708	-0.862647	111.054679	0.003028	8.3
1709	-1.504118	111.017861	0.007198	7.5
1710	-1.309432	110.981076	0.009458	8.0
1711	-1.647485	110.944323	0.011086	8.2
1712	-1.171962	110.907603	0.016451	8.2
1713	-1.555890	110.870915	0.013135	11.7
1714	-1.368311	110.834259	0.004026	7.7
1715	-1.371950	110.797636	0.008416	9.2
1716	-1.080299	110.761045	0.012149	7.7
1717	-1.329542	110.724486	0.007913	8.4
1718	-1.141877	110.687959	0.008208	7.6
1719	-0.918627	110.651465	0.016931	7.7
1720	-1.429088	110.615002	0.014318	9.1
1721	-0.965452	110.578572	0.010220	8.5
1722	-0.486755	110.542173	0.001530	7.2
1723	-1.268212	110.505807	0.013202	7.6
1724	-0.799066	110.469472	0.006207	8.1
1725	-0.946283	110.433169	0.009892	7.8
1726	-1.505222	110.396898	0.010348	8.0
1727	-0.515672	110.360659	0.005862	7.6
1728	-1.477540	110.324451	0.009856	7.9
1729	-1.256774	110.288276	0.010357	8.1
1730	-0.994024	110.252131	0.011128	7.8
1731	-0.641526	110.216019	0.008851	7.7
1732	-1.580057	110.179937	0.010459	8.1
1733	-0.804696	110.143888	0.015159	9.5
1734	-1.373703	110.107869	0.008037	10.8
1735	-0.474045	110.071882	0.005881	12.2
1736	-0.859122	110.035927	0.012665	13.6
1737	-0.786481	110.000003	0.010638	8.4
1738	-0.685609	109.964110	0.007430	8.2
1739	-0.689654	109.928248	0.006289	8.7
1740	-0.877465	109.892417	0.007941	7.9
1741	-1.430282	109.856618	0.007367	7.8
1742	-1.132199	109.820850	0.010287	10.9
1743	-0.222221	109.785112	0.002995	8.7
1744	-0.349280	109.749406	0.006187	9.0
1745	-0.872788	109.713730	0.008809	8.6
1746	-1.470698	109.678086	0.025895	8.2
1747	-1.631985	109.642472	0.013828	7.6
1748	-0.128314	109.606890	0.001223	8.9
1749	-1.272739	109.571337	0.006515	8.1
1750	-0.805126	109.535816	0.011404	8.3
1751	-0.961982	109.500326	0.006395	8.1
1752	-1.177243	109.464866	0.008873	7.8
1753	-1.301345	109.429436	0.010238	8.4
1754	-1.618241	109.394038	0.017427	9.2
1755	-1.232147	109.358669	0.008770	9.3
1756	-0.435257	109.323331	0.003418	9.4
1757	-1.526292	109.288024	0.013557	10.1
1758	-0.521036	109.252747	0.005290	9.1
1759	-1.580625	109.217501	0.009099	7.8
1760	-1.083866	109.182284	0.004983	7.9
1761	-0.992902	109.147098	0.005303	8.2
1762	-1.386797	109.111942	0.012121	8.0
1763	-1.379891	109.076817	0.010111	7.5
1764	-1.571402	109.041721	0.007385	8.5
1765	-0.115154	109.006656	0.001394	8.4
1766	-1.698972	108.971620	0.011353	9.0
1767	-1.443799	108.936615	0.012705	7.7
1768	-1.045845	108.901640	0.008829	7.5
1769	-0.671683	108.866694	0.007859	8.1
1770	-1.578488	108.831779	0.010168	8.4
1771	-1.364285	108.796893	0.010745	11.5
1772	-0.111256	108.762037	0.000380	8.4
1773	-0.706239	108.727211	0.006831	8.8
1774	-0.760703	108.692415	0.007732	7.7
1775	-0.010838	108.657648	0.000206	7.9
1776	-1.259999	108.622911	0.015743	9.0
1777	-0.293488	108.588203	0.002372	7.3
1778	-1.285632	108.553525	0.009583	8.0
1779	-1.448986	108.518877	0.009958	7.8
1780	-1.367323	108.484258	0.005650	7.9
1781	-1.129817	108.449668	0.012104	7.9
1782	-0.624226	108.415108	0.006452	7.8
1783	-1.449569	108.380578	0.007998	8.5
1784	-1.158590	108.346076	0.009981	8.0
1785	-1.129600	108.311604	0.011241	8.1
1786	-0.370676	108.277161	0.004719	7.9
1787	-1.434121	108.242747	0.007403	7.5
1788	-0.977028	108.208363	0.009485	8.2
1789	-0.736681	108.174007	0.009779	8.1
1790	-1.398680	108.139681	0.011534	8.2
1791	-0.972518	108.105383	0.012360	7.4
1792	-0.700397	108.071115	0.008626	8.1
1793	-0.201312	108.036875	0.002061	8.2
1794	-0.935046	108.002665	0.009836	11.9
1795	-0.811809	107.968483	0.003077	12.1
1796	-1.076253	107.934330	0.004383	13.7
1797	-0.689652	107.900206	0.007287	8.6
1798	-1.252446	107.866111	0.008846	10.2
1799	-1.346440	107.832044	0.008096	8.3
1800	-0.764214	107.798007	0.008843	8.0
1801	-0.635728	107.763997	0.008695	8.4
1802	-0.983161	107.730017	0.006453	8.2
1803	-0.884846	107.696065	0.007721	11.2
1804	-1.363589	107.662141	0.015093	8.8
1805	-0.702183	107.628246	0.005828	8.5
1806	-0.876443	107.594379	0.008921	8.8
1807	-1.344087	107.560541	0.009150	8.0
1808	-0.185717	107.526731	0.001746	9.5
1809	-1.206857	107.492949	0.008081	7.5
1810	-0.752569	107.459196	0.005353	8.5
1811	-1.268041	107.425471	0.016268	8.4
1812	-0.907619	107.391774	0.010705	8.7
1813	-0.827192	107.358106	0.004138	7.4
1814	-1.252611	107.324465	0.009411	8.8
1815	-1.003831	107.290853	0.010688	7.8
1816	-1.351963	107.257268	0.009899	8.7
1817	-1.603559	107.223712	0.007787	7.6
1818	-1.578885	107.190184	0.009688	7.9
1819	-0.788834	107.156683	0.011215	8.2
1820	-1.583877	107.123211	0.008974	8.9
1821	-1.454079	107.089766	0.007442	7.9
1822	-1.534129	107.056349	0.014862	7.8
1823	-1.577187	107.022960	0.015938	8.4
1824	-1.552206	106.989599	0.011257	7.6
1825	-0.479114	106.956265	0.003394	6.8
1826	-0.647603	106.922960	0.006447	7.9
1827	-1.324356	106.889681	0.006726	8.2
1828	-1.368547	106.856431	0.004776	8.8
1829	-1.618080	106.823208	0.019351	10.7
1830	-1.180374	106.790012	0.012165	8.2
1831	-1.416377	106.756844	0.009079	9.1
1832	-0.145502	106.723703	0.001891	7.5
1833	-1.379705	106.690590	0.012982	8.8
1834	-1.527816	106.657505	0.009042	8.8
1835	-1.291313	106.624446	0.009057	8.2
1836	-1.385376	106.591415	0.010024	7.5
1837	-1.253285	106.558411	0.006964	8.2
1838	-1.226561	106.525435	0.004941	8.0
1839	-0.915368	106.492485	0.007726	8.7
1840	-1.110320	106.459563	0.014486	7.6
1841	-1.408045	106.426668	0.015249	7.4
1842	-1.335508	106.393800	0.007040	8.0
1843	-0.468186	106.360959	0.004741	8.5
1844	-1.221864	106.328145	0.008086	7.7
1845	-0.194396	106.295358	0.002385	8.0
1846	-0.845022	106.262598	0.010565	7.7
1847	-1.653416	106.229865	0.009582	8.6
1848	-0.852389	106.197158	0.010246	8.3
1849	-0.862351	106.164479	0.006766	8.0
1850	-0.860589	106.131826	0.008738	7.5
1851	-1.444856	106.099201	0.015712	7.8
1852	-0.638977	106.066602	0.003035	7.1
1853	-0.837748	106.034029	0.008504	7.7
1854	-1.162246	106.001483	0.009417	8.1
1855	-1.097264	105.968964	0.007925	9.1
1856	-1.685326	105.936472	0.021707	11.1
1857	-1.625106	105.904006	0.010471	12.4
1858	-0.624276	105.871566	0.003992	13.7
1859	-1.106425	105.839153	0.010235	8.2
1860	-1.517303	105.806767	0.017982	9.5
1861	-1.221380	105.774407	0.005816	8.5
1862	-0.544998	105.742073	0.008376	7.9
1863	-0.682209	105.709766	0.006051	8.1
1864	-1.495930	105.677485	0.015014	7.5
1865	-1.162140	105.645230	0.006768	10.3
1866	-0.300013	105.613001	0.001860	9.3
1867	-0.150529	105.580799	0.001402	8.1
1868	-1.299135	105.548623	0.010741	8.1
1869	-1.593945	105.516473	0.013748	7.5
1870	-0.623496	105.484349	0.009217	8.5
1871	-1.015580	105.452251	0.007959	8.1
1872	-0.811614	105.420179	0.009114	8.2
1873	-1.331337	105.388133	0.009551	7.7
1874	-0.757701	105.356113	0.002960	8.8
1875	-1.503817	105.324119	0.017823	8.0
1876	-0.592226	105.292151	0.008370	9.5
1877	-1.277470	105.260209	0.009561	15.0
1878	-0.953573	105.228293	0.007620	15.0
1879	-0.655564	105.196402	0.008442	12.1
1880	-1.329334	105.164537	0.006095	8.7
1881	-1.076433	105.132698	0.008881	7.8
1882	-1.591274	105.100885	0.009435	8.0
1883	-0.875621	105.069097	0.006660	8.6
1884	-0.573212	105.037335	0.004566	9.1
1885	-0.627874	105.005598	0.006536	13.9
1886	-1.056551	104.973887	0.010729	10.3
1887	-0.606624	104.942202	0.006432	8.7
1888	-1.530354	104.910542	0.012662	11.1
1889	-1.376711	104.878907	0.010382	8.3
1890	-0.600270	104.847298	0.006043	8.2
1891	-1.530432	104.815715	0.009904	11.2
1892	-0.080875	104.784156	0.001179	7.8
1893	-0.814493	104.752623	0.006273	8.1
1894	-0.831634	104.721116	0.004166	11.6
1895	-0.899557	104.689633	0.011466	12.8
1896	-0.790145	104.658176	0.007666	9.2
1897	-0.326776	104.626744	0.004890	10.2
1898	-0.929601	104.595337	0.007478	8.1
1899	-0.715188	104.563955	0.005286	9.5
1900	-1.490595	104.532599	0.007532	11.7
1901	-0.854211	104.501267	0.009904	14.3
1902	-1.396002	104.469960	0.004308	12.8
1903	-1.139385	104.438679	0.004269	14.5
1904	-0.995034	104.407422	0.006448	15.8
1905	-0.732313	104.376191	0.013907	7.9
1906	-0.718119	104.344984	0.004759	9.3
1907	-1.496550	104.313802	0.012572	11.0
1908	-1.574279	104.282645	0.008080	13.9
1909	-1.630672	104.251513	0.008877	13.9
1910	-0.912508	104.220405	0.006627	15.0
1911	-0.787337	104.189323	0.009283	12.9
1912	-0.117606	104.158265	0.001721	9.2
1913	-1.595583	104.127231	0.016125	11.5
1914	-0.730786	104.096222	0.005553	8.7
1915	-1.373157	104.065238	0.019733	8.9
1916	-1.329089	104.034279	0.009162	12.5
1917	-1.625541	104.003344	0.023944	10.1
1918	-0.863634	103.972433	0.008819	9.9
1919	-1.112097	103.941547	0.010199	7.9
1920	-0.623856	103.910686	0.008019	9.2
1921	-1.050824	103.879849	0.009436	8.5
1922	-1.135175	103.849036	0.013425	11.2
1923	-0.068999	103.818248	0.000541	8.1
1924	-0.639041	103.787484	0.001783	7.1
1925	-0.577329	103.756744	0.004203	8.1
1926	-1.544004	103.726029	0.008406	11.8
1927	-1.038279	103.695338	0.005028	9.8
1928	-0.573727	103.664671	0.006044	11.6
1929	-1.531029	103.634028	0.013689	8.6
1930	-0.307077	103.603409	0.002947	9.0
1931	-0.303842	103.572814	0.002880	16.7
1932	-0.936138	103.542244	0.009515	9.2
1933	-1.423254	103.511698	0.007416	11.9
1934	-1.559584	103.481175	0.019008	8.9
1935	-0.986398	103.450677	0.006150	8.0
1936	-0.562172	103.420202	0.004255	11.4
1937	-1.533404	103.389752	0.009199	8.8
1938	-1.319306	103.359325	0.008063	7.9
1939	-0.642121	103.328922	0.002866	11.9
1940	-0.660611	103.298543	0.010126	7.8
1941	-1.634026	103.268188	0.008434	8.0
1942	-0.514814	103.237857	0.004952	11.9
1943	-1.168739	103.207549	0.006500	8.5
1944	-0.296881	103.177265	0.003521	8.3
1945	-0.924513	103.147005	0.004559	8.6
1946	-1.337654	103.116768	0.005409	8.8
1947	-1.685668	103.086556	0.007299	7.6
1948	-0.897071	103.056366	0.003423	10.2
1949	-0.843045	103.026200	0.009669	8.3
1950	-1.354670	102.996058	0.010560	7.6
1951	-1.073705	102.965939	0.003694	7.7
1952	-0.880152	102.935844	0.012445	7.8
1953	-0.727894	102.905772	0.004231	8.1
1954	-1.143223	102.875724	0.008141	8.2
1955	-1.054548	102.845699	0.004188	8.1
1956	-1.418924	102.815697	0.019002	7.9
1957	-1.107514	102.785719	0.010686	8.3
1958	-1.005088	102.755764	0.007876	7.9
1959	-0.657144	102.725832	0.006994	7.9
1960	-0.943709	102.695924	0.009232	8.0
1961	-1.673580	102.666038	0.011107	7.6
1962	-0.575791	102.636176	0.010233	9.8
1963	-1.476810	102.606337	0.010079	15.1
1964	-1.692747	102.576521	0.008123	16.3
1965	-0.594585	102.546728	0.005881	13.8
1966	-0.642644	102.516959	0.008321	9.0
1967	-1.317360	102.487212	0.011309	10.6
1968	-1.650201	102.457488	0.013946	9.3
1969	-1.590608	102.427788	0.015339	8.6
1970	-0.894796	102.398110	0.007053	8.9
1971	-1.552076	102.368455	0.009022	9.1
1972	-1.167884	102.338823	0.004984	10.2
1973	-1.632238	102.309214	0.007576	9.3
1974	-1.671771	102.279628	0.015550	7.8
1975	-0.566847	102.250064	0.002705	7.9
1976	-1.273509	102.220524	0.013705	11.8
1977	-1.626057	102.191006	0.007900	8.0
1978	-0.519583	102.161511	0.004808	7.9
1979	-1.146530	102.132038	0.008174	8.0
1980	-1.589493	102.102588	0.009494	7.6
1981	-0.690128	102.073161	0.005396	8.4
1982	-0.677493	102.043757	0.004081	11.1
1983	-1.398721	102.014375	0.021416	8.1
1984	-1.509376	101.985015	0.008777	7.5
1985	-1.301263	101.955678	0.005839	11.7
1986	-0.532857	101.926364	0.004781	9.6
1987	-0.692692	101.897072	0.006526	10.0
1988	-0.898399	101.867802	0.008943	7.8
1989	-1.517386	101.838555	0.012644	8.0
1990	-1.252217	101.809330	0.008251	8.2
1991	-0.831535	101.780128	0.006187	8.3
1992	-0.528423	101.750948	0.004701	8.0
1993	-1.653802	101.721790	0.008581	12.0
1994	-1.431524	101.692654	0.006161	8.5
1995	-0.927407	101.663541	0.021187	8.1
1996	-1.624366	101.634450	0.018970	7.7
1997	-0.792482	101.605381	0.010902	8.4
1998	-0.575454	101.576335	0.004559	7.6
1999	-1.178053	101.547310	0.015899	8.8
