1:ItNr	2:Metric	3:StepSize	4:||Gradient||	Time[ms]
0	-1.119852	627.201626	0.007214	511.2
1	-1.154889	623.504937	0.007740	16.5
2	-1.096852	619.865785	0.007097	11.1
3	-0.720952	616.282728	0.005477	10.6
4	-0.952016	612.754375	0.007968	9.9
5	-1.030511	609.279381	0.006383	12.3
6	-0.144653	605.856447	0.002614	10.4
7	-1.033207	602.484317	0.008767	10.1
8	-0.961290	599.161779	0.006891	10.5
9	-1.003157	595.887656	0.005428	12.8
10	-0.563195	592.660813	0.005937	10.2
11	-0.116988	589.480151	0.007501	10.8
12	-0.726908	586.344606	0.006614	9.9
13	-0.327053	583.253145	0.003365	12.9
14	-0.858057	580.204771	0.006706	10.4
15	-0.384498	577.198517	0.005736	10.8
16	-1.188012	574.233444	0.007883	9.9
17	-0.929472	571.308645	0.007736	15.6
18	-0.759041	568.423237	0.009083	15.1
19	-0.694777	565.576365	0.005066	17.5
20	-0.815566	562.767201	0.006840	14.0
21	-1.118805	559.994938	0.007981	11.4
22	-1.068678	557.258797	0.009153	11.4
23	-0.780274	554.558018	0.007425	9.9
24	-0.843734	551.891865	0.006754	14.3
25	-0.960416	549.259621	0.007843	9.8
26	-0.922054	546.660592	0.008200	10.6
27	-0.401584	544.094102	0.004160	10.1
28	-0.587093	541.559494	0.006287	13.5
29	-0.620403	539.056129	0.007834	9.0
30	-0.601459	536.583387	0.006111	10.3
31	-1.024014	534.140663	0.006972	10.5
32	-0.156764	531.727370	0.002068	12.8
33	-0.235851	529.342935	0.002343	9.9
34	-0.509015	526.986802	0.006055	10.5
35	-0.770144	524.658430	0.006171	10.6
36	-0.888287	522.357290	0.005790	12.8
37	-0.635464	520.082868	0.007375	9.9
38	-0.764964	517.834665	0.006984	9.9
39	-0.819047	515.612193	0.006425	10.6
40	-0.993511	513.414976	0.005952	12.3
41	-0.858834	511.242551	0.007007	11.0
42	-0.776298	509.094468	0.007185	10.6
43	-0.564342	506.970285	0.006195	10.0
44	-1.102232	504.869574	0.008324	15.3
45	-0.971847	502.791916	0.006755	11.0
46	-0.977439	500.736903	0.006755	10.3
47	-0.778942	498.704137	0.005246	9.7
48	-0.788262	496.693228	0.007791	12.7
49	-1.122635	494.703798	0.009883	10.7
50	-0.702589	492.735476	0.005456	9.7
51	-0.513514	490.787900	0.005114	10.7
52	-0.383691	488.860718	0.005485	13.1
53	-0.781193	486.953585	0.007437	10.4
54	-0.721230	485.066164	0.005646	10.2
55	-1.002952	483.198126	0.008083	10.3
56	-0.544767	481.349149	0.005620	12.1
57	-0.732861	479.518920	0.005229	10.5
58	-0.068046	477.707132	0.005659	10.4
59	-0.592731	475.913485	0.006054	10.4
60	-0.900606	474.137684	0.008016	12.8
61	-0.424665	472.379445	0.004635	10.0
62	-0.948576	470.638485	0.006631	10.3
63	-0.416128	468.914531	0.005902	11.2
64	-0.923892	467.207315	0.007512	14.6
65	-0.417398	465.516573	0.003871	13.3
66	-0.904356	463.842050	0.007211	11.3
67	-0.726980	462.183494	0.006214	14.5
68	-1.210164	460.540658	0.008307	15.9
69	-0.234289	458.913303	0.005657	12.3
70	-0.262414	457.301192	0.003144	13.1
71	-0.343365	455.704096	0.002851	11.3
72	-0.881650	454.121787	0.005609	12.1
73	-0.515293	452.554045	0.005411	11.7
74	-0.754419	451.000653	0.006910	12.3
75	-0.908017	449.461399	0.007424	11.4
76	-0.911197	447.936075	0.006365	11.5
77	-1.041305	446.424477	0.008050	13.2
78	-0.691828	444.926406	0.004967	10.5
79	-0.818725	443.441666	0.006863	10.9
80	-0.667359	441.970065	0.006572	10.3
81	-0.929579	440.511415	0.006079	12.4
82	-0.994451	439.065533	0.006163	10.4
83	-1.028491	437.632238	0.006373	10.8
84	-1.159655	436.211351	0.007739	10.5
85	-0.426887	434.802701	0.004211	12.2
86	-0.721813	433.406117	0.006759	10.3
87	-0.982086	432.021430	0.008923	12.5
88	-0.438094	430.648479	0.004857	12.7
89	-0.754339	429.287101	0.007494	12.1
90	-1.078898	427.937140	0.009759	10.2
91	-0.828187	426.598440	0.006057	11.5
92	-0.639389	425.270849	0.006677	12.5
93	-0.553624	423.954220	0.005953	10.9
94	-0.031116	422.648404	0.000938	10.8
95	-1.032997	421.353259	0.008393	11.2
96	-0.120641	420.068643	0.002564	11.9
97	-0.246073	418.794419	0.002501	9.7
98	-0.765871	417.530451	0.007599	10.0
99	-0.804355	416.276604	0.004877	10.6
100	-0.531536	415.032748	0.004781	10.8
101	-0.864492	413.798754	0.008038	9.9
102	-1.088121	412.574495	0.009533	9.7
103	-1.089571	411.359849	0.008451	13.5
104	-0.732999	410.154691	0.008868	10.1
105	-0.162350	408.958904	0.002849	10.0
106	-0.962585	407.772368	0.007900	9.9
107	-1.119902	406.594968	0.007499	13.4
108	-0.998954	405.426590	0.007943	10.7
109	-0.607879	404.267122	0.007496	13.2
110	-0.778497	403.116456	0.005971	14.0
111	-0.899208	401.974481	0.007458	14.6
112	-0.853908	400.841093	0.007015	14.3
113	-0.986683	399.716187	0.007986	13.3
114	-1.071269	398.599660	0.008884	10.8
115	-1.032899	397.491411	0.006314	9.9
116	-0.771246	396.391342	0.007180	11.0
117	-0.986243	395.299353	0.007066	14.0
118	-0.376131	394.215350	0.004204	13.7
119	-0.592304	393.139238	0.007477	11.3
120	-1.039126	392.070924	0.006863	10.6
121	-0.749402	391.010316	0.006018	13.9
122	-1.120002	389.957325	0.008165	10.5
123	-0.778544	388.911862	0.005674	10.6
124	-0.081635	387.873839	0.003907	12.8
125	-0.607695	386.843173	0.005468	12.3
126	-0.671196	385.819777	0.006906	9.6
127	-0.364236	384.803569	0.003676	8.9
128	-0.927678	383.794468	0.008533	11.6
129	-1.121028	382.792393	0.006588	10.5
130	-0.681867	381.797264	0.005302	12.6
131	-0.898840	380.809005	0.005320	10.4
132	-0.888492	379.827537	0.006840	12.5
133	-0.590507	378.852786	0.004003	10.5
134	-1.188469	377.884678	0.007405	10.6
135	-0.965889	376.923138	0.005352	11.7
136	-1.074040	375.968095	0.007687	10.5
137	-0.885680	375.019479	0.008107	10.2
138	-0.805939	374.077218	0.007125	10.4
139	-0.707994	373.141244	0.008544	12.3
140	-0.739455	372.211489	0.007252	10.9
141	-0.474118	371.287887	0.006352	11.2
142	-0.430740	370.370370	0.003509	10.8
143	-1.081000	369.458876	0.007089	12.5
144	-0.119616	368.553338	0.002554	10.8
145	-0.925965	367.653696	0.006585	10.6
146	-1.092169	366.759885	0.006505	9.9
147	-0.847279	365.871846	0.005371	12.7
148	-1.099214	364.989518	0.008244	11.8
149	-0.654583	364.112841	0.005193	9.7
150	-0.776727	363.241757	0.006352	11.3
151	-1.049878	362.376208	0.006594	12.9
152	-0.752591	361.516137	0.007033	10.4
153	-1.118328	360.661488	0.006297	17.3
154	-0.440005	359.812206	0.005028	20.4
155	-0.775869	358.968236	0.004416	14.7
156	-1.009560	358.129524	0.005486	16.6
157	-0.295176	357.296018	0.003557	32.1
158	-1.083788	356.467665	0.008415	30.4
159	-1.120017	355.644414	0.006681	25.5
160	-0.610025	354.826213	0.006250	32.6
161	-0.393361	354.013012	0.002996	14.8
162	-1.107482	353.204763	0.007095	22.2
163	-0.115015	352.401415	0.003999	19.9
164	-0.191973	351.602922	0.003231	15.6
165	-0.878129	350.809235	0.005760	38.6
166	-1.143844	350.020308	0.007198	21.9
167	-0.971191	349.236095	0.005286	18.3
168	-0.185344	348.456550	0.004320	18.5
169	-0.377613	347.681627	0.002858	21.6
170	-1.042007	346.911283	0.007411	18.3
171	-0.024268	346.145474	0.000247	19.8
172	-1.009044	345.384157	0.007704	14.0
173	-0.296938	344.627288	0.004659	28.7
174	-0.979879	343.874826	0.007297	17.5
175	-0.296332	343.126729	0.002872	25.4
176	-0.574583	342.382957	0.004691	15.4
177	-1.073901	341.643469	0.008584	13.0
178	-1.011359	340.908224	0.008021	20.1
179	-0.800221	340.177184	0.006362	15.0
180	-0.934626	339.450309	0.005814	12.7
181	-0.923818	338.727561	0.008406	14.7
182	-0.494543	338.008902	0.004878	19.5
183	-0.199246	337.294295	0.003618	17.8
184	-1.039726	336.583703	0.009328	20.1
185	-1.069309	335.877089	0.005855	19.1
186	-0.929816	335.174416	0.005303	13.3
187	-0.774061	334.475651	0.007166	12.4
188	-1.074030	333.780756	0.008697	11.4
189	-1.082065	333.089698	0.006615	15.6
190	-0.197354	332.402443	0.006566	16.2
191	-1.133785	331.718955	0.009030	13.2
192	-0.738151	331.039203	0.007123	16.2
193	-1.092029	330.363153	0.007675	13.0
194	-0.833490	329.690771	0.004931	14.2
195	-0.682938	329.022027	0.006229	13.7
196	-0.841403	328.356888	0.006052	12.0
197	-0.656511	327.695322	0.005803	12.8
198	-1.119667	327.037299	0.007334	14.3
199	-0.791541	326.382787	0.006908	13.4
200	-0.985924	325.731758	0.008483	12.2
201	-0.895570	325.084179	0.006699	11.2
202	-1.082465	324.440023	0.007402	11.2
203	-0.664251	323.799258	0.005995	12.3
204	-0.559358	323.161858	0.005637	9.5
205	-1.082299	322.527792	0.006849	12.6
206	-1.015187	321.897034	0.006858	9.9
207	-0.834627	321.269554	0.006467	9.6
208	-0.942772	320.645325	0.007079	9.6
209	-0.687699	320.024320	0.005333	12.4
210	-0.717619	319.406512	0.006924	10.1
211	-1.157524	318.791875	0.007799	10.1
212	-0.923442	318.180381	0.007391	10.1
213	-0.411881	317.572005	0.003821	13.3
214	-0.390854	316.966721	0.004230	9.3
215	-0.801109	316.364504	0.005364	9.8
216	-0.571865	315.765329	0.005303	8.7
217	-1.185147	315.169170	0.009205	16.4
218	-1.149127	314.576003	0.007010	14.8
219	-0.733588	313.985804	0.005100	16.8
220	-1.178584	313.398548	0.008378	15.9
221	-0.724917	312.814213	0.006025	11.3
222	-0.558750	312.232773	0.006944	10.8
223	-0.646657	311.654207	0.006171	10.5
224	-1.120405	311.078491	0.010475	13.0
225	-0.373609	310.505602	0.005177	10.8
226	-0.353959	309.935518	0.005875	9.4
227	-0.004485	309.368217	0.000030	10.5
228	-0.370844	308.803676	0.004425	14.2
229	-0.255911	308.241874	0.003574	12.7
230	-0.882690	307.682789	0.006126	12.7
231	-0.977939	307.126400	0.006976	16.4
232	-0.664364	306.572687	0.005883	17.4
233	-0.857333	306.021627	0.006769	10.6
234	-0.803822	305.473201	0.006477	13.4
235	-1.172001	304.927388	0.009729	20.2
236	-1.090642	304.384168	0.007775	10.8
237	-0.153728	303.843521	0.003286	14.0
238	-1.117522	303.305427	0.007599	12.7
239	-1.006845	302.769867	0.007547	11.7
240	-1.154122	302.236821	0.007226	11.3
241	-0.775481	301.706270	0.006355	14.9
242	-1.040529	301.178196	0.006152	11.9
243	-1.193445	300.652580	0.007295	19.4
244	-0.004308	300.129402	0.000000	11.8
245	-1.087819	299.608645	0.007637	11.9
246	-1.179517	299.090291	0.007223	12.7
247	-0.837126	298.574321	0.006885	14.1
248	-1.115044	298.060718	0.008909	10.6
249	-1.124175	297.549465	0.007213	10.4
250	-0.910133	297.040543	0.005699	14.0
251	-1.105238	296.533936	0.007691	10.8
252	-0.705238	296.029626	0.004922	10.8
253	-1.079336	295.527597	0.007249	11.1
254	-0.883154	295.027832	0.006820	12.2
255	-0.276206	294.530315	0.003946	10.6
256	-1.072649	294.035028	0.007050	10.4
257	-0.900421	293.541956	0.005094	11.8
258	-0.122479	293.051083	0.004805	14.6
259	-1.063631	292.562393	0.008615	15.8
260	-1.200178	292.075870	0.007580	15.9
261	-0.902522	291.591498	0.007439	15.5
262	-1.148086	291.109263	0.009076	11.6
263	-1.022243	290.629149	0.007587	10.5
264	-1.193978	290.151140	0.008742	10.2
265	-0.108239	289.675222	0.002936	12.1
266	-1.014585	289.201380	0.006431	9.7
267	-1.205551	288.729600	0.009505	10.5
268	-0.863313	288.259866	0.007666	11.4
269	-1.154273	287.792165	0.007071	13.6
270	-0.814511	287.326481	0.005515	10.8
271	-0.511898	286.862802	0.009681	9.7
272	-0.741412	286.401113	0.006465	20.1
273	-1.026351	285.941400	0.006416	12.5
274	-0.329010	285.483649	0.004355	10.9
275	-1.017234	285.027847	0.005743	11.4
276	-0.575530	284.573981	0.004686	13.0
277	-0.742134	284.122037	0.006651	16.6
278	-0.668533	283.672002	0.004580	10.7
279	-0.761000	283.223863	0.005441	11.8
280	-1.075056	282.777607	0.009691	10.6
281	-0.427670	282.333221	0.003992	10.4
282	-1.125250	281.890692	0.009161	13.3
283	-1.157527	281.450008	0.007767	18.5
284	-1.040914	281.011157	0.007260	11.4
285	-0.869874	280.574125	0.006845	10.6
286	-0.996904	280.138901	0.009162	13.3
287	-0.769455	279.705473	0.007442	10.3
288	-0.966558	279.273829	0.006472	10.6
289	-0.395964	278.843956	0.006209	15.2
290	-0.454314	278.415844	0.006465	28.5
291	-0.905634	277.989479	0.008072	20.6
292	-1.043491	277.564851	0.007358	24.3
293	-1.115562	277.141949	0.010206	27.0
294	-0.660134	276.720761	0.007214	27.2
295	-0.000001	276.301275	0.000003	24.5
296	-0.568191	275.883480	0.005476	21.6
297	-1.019060	275.467366	0.008015	28.8
298	-0.242545	275.052922	0.003636	24.1
299	-1.126067	274.640136	0.008731	38.1
300	-0.945606	274.228998	0.009113	22.8
301	-0.225010	273.819497	0.002848	27.5
302	-0.240124	273.411623	0.003629	19.8
303	-0.811584	273.005365	0.007143	20.2
304	-0.898832	272.600712	0.007978	18.1
305	-1.008678	272.197655	0.006903	13.5
306	-1.070535	271.796184	0.008741	13.8
307	-1.248905	271.396287	0.010281	10.8
308	-1.129795	270.997956	0.007334	10.8
309	-1.073297	270.601180	0.007852	10.6
310	-0.874872	270.205949	0.007814	13.8
311	-0.956658	269.812254	0.007784	10.3
312	-0.733388	269.420085	0.005544	10.6
313	-0.974272	269.029432	0.008856	10.9
314	-1.062487	268.640287	0.006141	12.1
315	-1.174103	268.252638	0.009622	11.1
316	-1.118634	267.866478	0.006616	10.3
317	-0.248492	267.481796	0.004043	9.5
318	-0.564988	267.098584	0.007370	12.5
319	-0.345162	266.716833	0.003293	10.7
320	-0.995383	266.336533	0.006800	10.3
321	-1.055802	265.957676	0.008181	11.8
322	-1.128333	265.580253	0.007124	12.9
323	-0.804623	265.204254	0.007290	10.6
324	-1.192812	264.829672	0.008637	10.0
325	-0.466286	264.456497	0.003694	13.1
326	-1.151901	264.084721	0.007587	22.5
327	-0.489929	263.714335	0.003457	18.1
328	-1.079254	263.345332	0.007105	15.6
329	-0.907764	262.977702	0.006733	33.2
330	-1.004952	262.611438	0.007582	26.3
331	-1.210113	262.246531	0.008370	16.6
332	-0.382355	261.882973	0.004535	19.2
333	-0.145916	261.520756	0.003615	28.4
334	-0.746344	261.159871	0.006665	20.2
335	-1.186607	260.800312	0.007819	13.2
336	-0.911780	260.442070	0.006841	21.3
337	-1.210570	260.085137	0.008353	16.4
338	-1.086369	259.729505	0.008294	15.8
339	-1.011471	259.375167	0.005880	15.5
340	-0.630012	259.022116	0.005698	13.2
341	-0.348601	258.670343	0.003956	14.1
342	-0.145016	258.319841	0.002552	11.8
343	-0.710851	257.970602	0.005548	11.1
344	-0.834446	257.622620	0.006181	10.3
345	-0.208194	257.275887	0.004278	10.3
346	-0.951573	256.930396	0.005674	12.1
347	-0.436011	256.586139	0.004624	10.9
348	-1.023944	256.243109	0.006914	10.2
349	-0.821655	255.901300	0.006552	9.8
350	-1.157228	255.560703	0.006464	12.7
351	-0.325053	255.221313	0.004654	10.1
352	-1.148165	254.883122	0.007376	9.5
353	-0.654236	254.546124	0.004033	12.1
354	-1.153584	254.210311	0.008482	13.1
355	-0.817952	253.875677	0.005263	11.6
356	-0.860834	253.542215	0.006838	11.1
357	-0.439012	253.209918	0.003849	10.9
358	-0.803757	252.878781	0.006896	12.8
359	-0.683088	252.548795	0.005195	10.9
360	-1.148039	252.219956	0.006846	14.4
361	-0.858230	251.892255	0.007983	14.3
362	-0.401730	251.565688	0.003914	12.8
363	-0.666766	251.240247	0.006438	16.6
364	-0.891465	250.915926	0.007115	17.8
365	-0.873267	250.592720	0.006442	21.3
366	-0.444179	250.270621	0.005360	18.1
367	-0.786109	249.949624	0.006796	14.5
368	-1.062572	249.629723	0.008747	11.7
369	-0.392469	249.310911	0.005063	13.9
370	-0.816914	248.993182	0.006163	11.9
371	-0.815291	248.676531	0.005506	12.3
372	-1.022507	248.360952	0.007700	13.6
373	-0.669599	248.046438	0.006183	11.3
374	-0.833298	247.732984	0.005660	12.0
375	-0.822686	247.420584	0.005855	11.1
376	-0.544506	247.109233	0.003999	13.7
377	-1.049155	246.798924	0.009607	10.3
378	-0.457901	246.489652	0.004797	11.1
379	-1.017839	246.181412	0.006908	10.8
380	-0.458902	245.874197	0.004031	13.5
381	-1.056570	245.568002	0.009702	10.5
382	-0.092128	245.262822	0.004028	10.7
383	-0.826033	244.958652	0.007212	11.1
384	-0.288922	244.655485	0.004035	12.7
385	-0.967523	244.353317	0.006373	10.2
386	-0.720475	244.052142	0.005018	10.8
387	-0.868251	243.751955	0.008145	10.8
388	-0.704932	243.452750	0.005719	12.1
389	-0.536487	243.154523	0.004286	11.1
390	-1.116401	242.857268	0.007301	9.7
391	-0.683581	242.560980	0.007901	10.0
392	-0.420046	242.265654	0.005884	11.7
393	-1.226934	241.971285	0.007311	10.5
394	-1.198474	241.677868	0.008325	10.2
395	-1.202285	241.385397	0.007914	10.5
396	-1.145549	241.093869	0.007100	12.8
397	-0.676559	240.803278	0.004791	10.3
398	-0.663328	240.513619	0.006075	10.9
399	-1.017708	240.224887	0.007201	10.6
400	-1.112653	239.937077	0.007577	11.9
401	-1.187187	239.650186	0.006964	10.7
402	-1.133592	239.364207	0.007206	10.0
403	-0.121769	239.079136	0.002042	8.9
404	-0.419888	238.794969	0.008392	13.2
405	-0.348552	238.511701	0.005003	10.1
406	-0.616719	238.229327	0.005628	10.0
407	-1.217219	237.947843	0.007791	14.6
408	-1.042940	237.667244	0.006726	15.0
409	-0.795933	237.387526	0.006632	14.1
410	-0.004777	237.108684	0.000045	14.3
411	-1.086789	236.830714	0.007176	11.3
412	-0.417582	236.553610	0.005019	10.4
413	-1.224673	236.277370	0.009798	10.4
414	-0.143660	236.001989	0.004052	12.1
415	-0.891367	235.727461	0.006392	9.7
416	-0.927938	235.453784	0.007899	10.8
417	-1.083910	235.180952	0.008174	10.6
418	-1.176680	234.908962	0.008453	12.6
419	-1.010445	234.637809	0.006513	10.1
420	-0.301190	234.367488	0.005149	9.3
421	-1.004514	234.097997	0.008318	10.1
422	-0.722262	233.829331	0.004857	11.9
423	-0.388850	233.561485	0.008881	10.0
424	-1.132773	233.294456	0.007153	9.8
425	-0.834240	233.028239	0.006711	10.2
426	-0.827733	232.762831	0.005823	25.4
427	-0.798952	232.498228	0.006802	16.6
428	-0.042769	232.234425	0.000421	14.3
429	-0.810769	231.971419	0.006362	17.6
430	-0.730880	231.709205	0.005153	17.0
431	-0.766546	231.447781	0.006447	16.3
432	-0.294919	231.187141	0.004950	19.1
433	-0.000008	230.927283	0.000022	14.8
434	-0.946039	230.668202	0.008999	14.5
435	-1.042691	230.409895	0.009350	18.0
436	-1.123280	230.152358	0.006941	17.5
437	-0.969893	229.895587	0.005833	15.4
438	-0.638717	229.639578	0.006582	18.7
439	-0.845163	229.384329	0.006152	17.0
440	-1.019578	229.129834	0.006288	15.1
441	-0.131161	228.876091	0.002358	19.0
442	-1.208358	228.623096	0.007202	22.8
443	-0.964202	228.370846	0.007549	17.5
444	-0.974858	228.119336	0.008363	17.0
445	-0.729585	227.868563	0.009401	16.1
446	-1.009043	227.618525	0.007877	15.0
447	-1.056985	227.369216	0.007277	9.9
448	-0.902500	227.120635	0.007668	10.0
449	-0.108523	226.872777	0.003087	9.8
450	-0.593214	226.625638	0.006208	14.8
451	-0.412731	226.379217	0.007870	10.3
452	-0.985666	226.133509	0.008495	10.1
453	-0.466941	225.888510	0.007823	10.6
454	-1.237991	225.644218	0.008541	12.8
455	-0.868240	225.400630	0.005744	11.4
456	-1.049607	225.157741	0.007824	10.7
457	-0.985148	224.915549	0.006676	9.7
458	-0.165037	224.674051	0.002923	13.3
459	-1.104980	224.433242	0.008648	12.9
460	-0.789971	224.193121	0.005410	10.6
461	-1.148804	223.953684	0.008724	13.4
462	-0.872163	223.714927	0.006168	15.0
463	-0.550800	223.476848	0.006368	12.3
464	-1.137728	223.239444	0.008734	12.7
465	-1.175322	223.002710	0.007911	11.6
466	-1.030212	222.766645	0.007707	13.2
467	-1.223699	222.531245	0.008943	12.2
468	-1.144131	222.296508	0.008944	16.8
469	-1.082454	222.062429	0.006614	10.6
470	-1.217702	221.829007	0.008432	10.7
471	-0.747655	221.596238	0.006173	14.2
472	-1.191115	221.364119	0.008167	15.5
473	-1.010265	221.132647	0.007902	12.3
474	-1.120286	220.901820	0.008258	14.1
475	-0.337784	220.671634	0.005793	8.8
476	-0.847365	220.442086	0.007249	10.8
477	-0.979293	220.213174	0.006388	15.4
478	-0.710589	219.984895	0.006671	10.9
479	-0.962620	219.757246	0.008279	10.9
480	-0.877356	219.530224	0.006597	17.7
481	-0.573671	219.303826	0.006176	17.4
482	-0.973569	219.078050	0.007661	11.2
483	-0.011536	218.852893	0.000405	12.3
484	-1.148692	218.628352	0.006529	11.1
485	-0.458794	218.404424	0.004530	16.7
486	-0.720060	218.181106	0.004077	15.4
487	-0.507695	217.958397	0.008865	15.2
488	-1.001143	217.736292	0.006352	12.8
489	-1.202211	217.514790	0.008293	15.2
490	-1.197884	217.293888	0.008013	12.1
491	-1.060292	217.073584	0.006526	10.5
492	-0.507185	216.853873	0.004916	11.0
493	-0.545463	216.634755	0.006397	14.0
494	-0.817598	216.416227	0.007184	10.6
495	-0.479605	216.198285	0.009164	10.9
496	-1.129205	215.980927	0.007003	11.0
497	-1.090453	215.764151	0.007546	14.5
498	-0.658632	215.547955	0.004338	10.4
499	-1.202917	215.332335	0.007225	11.6
500	-0.766097	215.117289	0.006216	11.6
501	-1.151522	214.902815	0.007414	14.5
502	-0.448296	214.688911	0.006014	12.3
503	-1.098861	214.475573	0.007832	12.4
504	-0.898397	214.262800	0.006806	12.0
505	-0.609487	214.050588	0.006370	14.7
506	-0.811879	213.838936	0.005992	13.0
507	-1.103874	213.627842	0.007800	16.1
508	-0.979584	213.417302	0.005761	12.4
509	-0.953668	213.207314	0.007765	12.6
510	-1.066294	212.997877	0.007131	12.0
511	-0.745106	212.788987	0.005666	12.3
512	-0.810717	212.580642	0.008397	14.8
513	-0.306314	212.372841	0.007222	11.5
514	-1.109043	212.165581	0.007386	14.1
515	-1.095038	211.958859	0.008242	10.1
516	-0.913049	211.752673	0.007927	10.2
517	-1.174301	211.547021	0.007318	12.7
518	-0.257531	211.341902	0.003922	11.8
519	-0.258609	211.137311	0.005192	13.9
520	-0.749652	210.933248	0.005968	11.0
521	-1.005003	210.729710	0.006902	13.5
522	-0.549773	210.526695	0.004026	10.3
523	-0.718870	210.324200	0.006267	10.4
524	-1.101320	210.122224	0.006459	12.3
525	-0.990425	209.920765	0.007824	12.5
526	-1.069819	209.719820	0.007009	14.9
527	-0.953871	209.519387	0.007066	18.7
528	-0.757358	209.319463	0.005793	15.7
529	-1.225139	209.120048	0.009478	9.9
530	-0.762539	208.921139	0.008913	15.1
531	-0.977647	208.722733	0.009074	12.5
532	-1.198126	208.524829	0.010190	11.1
533	-0.895274	208.327425	0.005600	10.8
534	-0.789875	208.130518	0.007644	13.8
535	-1.093525	207.934107	0.007032	13.1
536	-0.527139	207.738189	0.004426	10.4
537	-0.020465	207.542762	0.000219	15.0
538	-1.116842	207.347825	0.009684	11.1
539	-0.834795	207.153376	0.005709	10.6
540	-0.884228	206.959412	0.006875	11.1
541	-1.103474	206.765932	0.007070	15.2
542	-0.976660	206.572933	0.006923	12.8
543	-0.990777	206.380414	0.007651	11.9
544	-0.082630	206.188373	0.004610	14.2
545	-1.188015	205.996807	0.007071	10.9
546	-0.945559	205.805716	0.007099	11.0
547	-0.709942	205.615096	0.006001	12.5
548	-0.194889	205.424946	0.004465	12.7
549	-0.868360	205.235265	0.007423	11.5
550	-1.048374	205.046050	0.007659	12.1
551	-1.080244	204.857299	0.006796	14.8
552	-1.094740	204.669011	0.008167	10.8
553	-0.588599	204.481184	0.004217	10.2
554	-1.028815	204.293816	0.006016	12.3
555	-1.054545	204.106905	0.009377	12.8
556	-1.232357	203.920449	0.007116	10.8
557	-1.187996	203.734447	0.007641	11.1
558	-0.583122	203.548896	0.004615	13.6
559	-1.145183	203.363795	0.007239	14.4
560	-0.978310	203.179143	0.006888	12.1
561	-0.977844	202.994937	0.005552	14.2
562	-0.975472	202.811176	0.006748	10.8
563	-0.769492	202.627857	0.007326	10.1
564	-0.684324	202.444980	0.005309	14.9
565	-1.186232	202.262543	0.009071	11.1
566	-0.737290	202.080543	0.005402	10.0
567	-1.234259	201.898979	0.007947	17.8
568	-1.151855	201.717849	0.006919	16.0
569	-0.948602	201.537153	0.006677	16.9
570	-0.784628	201.356887	0.006051	15.4
571	-0.775269	201.177050	0.007009	10.1
572	-0.008930	200.997642	0.001199	10.7
573	-1.244477	200.818659	0.008577	10.3
574	-0.829589	200.640100	0.005401	13.1
575	-0.814923	200.461965	0.006549	10.2
576	-0.401301	200.284250	0.005940	12.0
577	-0.851552	200.106955	0.006282	10.5
578	-1.275649	199.930078	0.008429	12.9
579	-0.625354	199.753617	0.006860	12.1
580	-0.559379	199.577571	0.006825	11.3
581	-0.742867	199.401938	0.005231	10.5
582	-1.050648	199.226717	0.007548	12.0
583	-1.008795	199.051905	0.007004	12.3
584	-0.789238	198.877502	0.006673	10.4
585	-0.340827	198.703506	0.004061	10.8
586	-1.164492	198.529916	0.007173	16.1
587	-1.024262	198.356729	0.009046	12.3
588	-0.763134	198.183944	0.006587	10.5
589	-1.078654	198.011560	0.006727	10.2
590	-0.606473	197.839576	0.007527	12.8
591	-0.438141	197.667989	0.007498	12.3
592	-0.200775	197.496798	0.007079	10.7
593	-0.906195	197.326002	0.006505	10.1
594	-0.174433	197.155600	0.003012	14.1
595	-0.936870	196.985589	0.006926	10.8
596	-0.794830	196.815969	0.004768	10.1
597	-1.113627	196.646738	0.008840	10.5
598	-1.166625	196.477894	0.010279	15.0
599	-0.794186	196.309436	0.007890	13.9
600	-0.749054	196.141363	0.006667	11.6
601	-0.868724	195.973673	0.006861	14.5
602	-0.892752	195.806365	0.007019	14.1
603	-0.396784	195.639437	0.003071	10.6
604	-0.886054	195.472888	0.007283	13.5
605	-0.986766	195.306717	0.005841	15.8
606	-0.484559	195.140922	0.005129	11.1
607	-0.300771	194.975501	0.002993	12.3
608	-0.474295	194.810454	0.006388	11.0
609	-1.164704	194.645779	0.007788	12.3
610	-0.798818	194.481475	0.007072	17.4
611	-0.852779	194.317540	0.007035	19.6
612	-1.133606	194.153973	0.008549	12.8
613	-0.505854	193.990773	0.006051	17.7
614	-0.524433	193.827938	0.005257	12.7
615	-0.882607	193.665467	0.007409	11.1
616	-0.410707	193.503358	0.004550	11.5
617	-1.148811	193.341611	0.007040	12.6
618	-0.254997	193.180224	0.003530	11.7
619	-0.569441	193.019196	0.004935	10.4
620	-1.206109	192.858525	0.008065	13.3
621	-1.118066	192.698210	0.008880	12.5
622	-1.238533	192.538251	0.008124	11.1
623	-0.391519	192.378644	0.007045	11.6
624	-0.762458	192.219391	0.006353	13.3
625	-1.191710	192.060488	0.009496	12.3
626	-0.986516	191.901935	0.006791	10.4
627	-1.027671	191.743730	0.007292	15.4
628	-0.496034	191.585873	0.005136	10.2
629	-1.226921	191.428362	0.008173	10.2
630	-0.907249	191.271196	0.007051	10.7
631	-0.484121	191.114374	0.003599	13.7
632	-0.786534	190.957893	0.005872	11.5
633	-1.204526	190.801755	0.009482	10.4
634	-0.541998	190.645956	0.005704	10.7
635	-1.029820	190.490495	0.007427	13.0
636	-0.451911	190.335373	0.005238	14.4
637	-1.180458	190.180587	0.007419	14.1
638	-1.034478	190.026136	0.007094	10.6
639	-0.567867	189.872019	0.006316	12.0
640	-0.287921	189.718235	0.008571	14.3
641	-1.063051	189.564782	0.007718	10.7
642	-1.000376	189.411661	0.006202	11.4
643	-1.004227	189.258868	0.008623	14.6
644	-1.099512	189.106404	0.006995	14.7
645	-1.147056	188.954267	0.006154	10.6
646	-0.785333	188.802456	0.008276	13.1
647	-1.141783	188.650969	0.007002	12.0
648	-1.216322	188.499807	0.008613	10.9
649	-0.490860	188.348967	0.007368	19.7
650	-1.093863	188.198448	0.007091	18.5
651	-0.409380	188.048250	0.004372	17.0
652	-0.257702	187.898371	0.002560	15.4
653	-1.034154	187.748810	0.007625	12.7
654	-1.010109	187.599566	0.008395	10.9
655	-1.010352	187.450638	0.006804	13.1
656	-0.505129	187.302025	0.003586	12.4
657	-0.540228	187.153725	0.007048	11.2
658	-1.189856	187.005739	0.008814	16.2
659	-0.903099	186.858064	0.007343	11.6
660	-0.952059	186.710699	0.005996	10.9
661	-0.646796	186.563645	0.007603	12.3
662	-0.004769	186.416898	0.000982	16.2
663	-0.004842	186.270459	0.000867	11.3
664	-1.056255	186.124326	0.007669	15.2
665	-0.922554	185.978499	0.006822	11.8
666	-0.597514	185.832976	0.005710	12.6
667	-1.164809	185.687756	0.008235	16.0
668	-1.085362	185.542838	0.007079	13.1
669	-0.968921	185.398222	0.006921	12.5
670	-1.057971	185.253906	0.006797	14.0
671	-1.038914	185.109889	0.007131	15.9
672	-1.159765	184.966170	0.007811	13.0
673	-0.478286	184.822748	0.005572	17.1
674	-1.028918	184.679623	0.006499	13.8
675	-0.824696	184.536792	0.006524	11.0
676	-1.023568	184.394256	0.007398	12.2
677	-0.920147	184.252013	0.007400	15.1
678	-0.157472	184.110062	0.004321	13.4
679	-0.986198	183.968403	0.006811	12.3
680	-1.110437	183.827034	0.007042	14.9
681	-1.020672	183.685954	0.007027	10.6
682	-1.074157	183.545163	0.007137	11.6
683	-0.681791	183.404658	0.004159	13.0
684	-0.495544	183.264441	0.008276	14.1
685	-0.892555	183.124509	0.007520	13.3
686	-0.960202	182.984861	0.007885	17.3
687	-0.765600	182.845497	0.005889	20.2
688	-0.506159	182.706416	0.004887	22.0
689	-0.476278	182.567616	0.007407	17.1
690	-0.652959	182.429098	0.004544	22.1
691	-0.633333	182.290859	0.005184	11.0
692	-0.969175	182.152899	0.007658	11.9
693	-0.856442	182.015217	0.006414	10.9
694	-1.074364	181.877813	0.007289	16.7
695	-0.026326	181.740684	0.002048	10.9
696	-0.956397	181.603832	0.007928	10.7
697	-0.406642	181.467253	0.004366	15.6
698	-0.734839	181.330948	0.005916	12.8
699	-1.027858	181.194916	0.008962	11.3
700	-0.791840	181.059155	0.005626	15.9
701	-0.272635	180.923666	0.003495	12.9
702	-1.035629	180.788446	0.006018	13.2
703	-0.933399	180.653496	0.007472	17.6
704	-1.226387	180.518814	0.008737	12.4
705	-0.705062	180.384399	0.007282	12.6
706	-0.349827	180.250251	0.005281	11.4
707	-0.880718	180.116369	0.007269	12.3
708	-0.408471	179.982752	0.004219	16.2
709	-1.177202	179.849398	0.009141	14.2
710	-1.040726	179.716308	0.007753	10.8
711	-0.851362	179.583480	0.007143	11.7
712	-1.218507	179.450913	0.007999	12.6
713	-0.798198	179.318607	0.006478	13.0
714	-1.064157	179.186561	0.007988	11.6
715	-1.214597	179.054774	0.006867	13.9
716	-0.650775	178.923245	0.006065	14.5
717	-1.136172	178.791973	0.008913	10.9
718	-1.108338	178.660958	0.008174	15.7
719	-0.831391	178.530199	0.006542	14.8
720	-1.022410	178.399694	0.007770	18.6
721	-1.103040	178.269444	0.008626	15.2
722	-1.113031	178.139447	0.007913	12.3
723	-0.646925	178.009702	0.004226	14.1
724	-0.996067	177.880209	0.006819	18.7
725	-0.746491	177.750967	0.006751	19.4
726	-0.940383	177.621975	0.007313	20.8
727	-1.009556	177.493232	0.006546	12.5
728	-1.168951	177.364738	0.008892	16.3
729	-1.162515	177.236492	0.008883	10.8
730	-0.887428	177.108492	0.006815	10.6
731	-0.947817	176.980739	0.006108	10.8
732	-1.160674	176.853231	0.010136	13.2
733	-0.954002	176.725968	0.007077	13.4
734	-0.788429	176.598949	0.006160	10.9
735	-0.891302	176.472173	0.005182	10.8
736	-0.710866	176.345639	0.007217	12.8
737	-0.648913	176.219348	0.010110	12.2
738	-1.158897	176.093296	0.007929	11.2
739	-0.802496	175.967486	0.007046	16.1
740	-1.179362	175.841914	0.007388	11.0
741	-1.132915	175.716581	0.007392	14.0
742	-0.473924	175.591486	0.003613	10.7
743	-0.936939	175.466629	0.008791	16.8
744	-1.168791	175.342008	0.007928	17.8
745	-1.049990	175.217622	0.007220	17.1
746	-0.761356	175.093472	0.006197	16.7
747	-1.059759	174.969556	0.007757	15.0
748	-1.252310	174.845873	0.009017	16.7
749	-1.119989	174.722423	0.008895	17.1
750	-1.235685	174.599206	0.007716	15.4
751	-1.125125	174.476220	0.006855	16.6
752	-0.687612	174.353464	0.003841	17.5
753	-1.159426	174.230939	0.008041	14.7
754	-1.148124	174.108643	0.006953	18.8
755	-1.130157	173.986576	0.009363	14.4
756	-1.221937	173.864737	0.008289	11.9
757	-0.439529	173.743124	0.005558	13.0
758	-0.842030	173.621739	0.006474	14.1
759	-0.571210	173.500579	0.006942	12.8
760	-0.902748	173.379645	0.005756	19.6
761	-0.402040	173.258935	0.005309	21.6
762	-0.757609	173.138449	0.006446	24.4
763	-0.635878	173.018186	0.008015	14.3
764	-1.062956	172.898146	0.006846	11.0
765	-0.489537	172.778327	0.004738	11.7
766	-1.155235	172.658730	0.007638	13.9
767	-0.338072	172.539353	0.006147	12.4
768	-0.709053	172.420196	0.007175	11.3
769	-0.035444	172.301258	0.002464	15.4
770	-1.014972	172.182539	0.007516	11.5
771	-0.801387	172.064037	0.007339	10.9
772	-1.060218	171.945753	0.007697	12.3
773	-0.246143	171.827686	0.004268	13.8
774	-0.961527	171.709834	0.009308	13.4
775	-0.083750	171.592198	0.003444	14.0
776	-1.111965	171.474776	0.007077	18.5
777	-0.943718	171.357568	0.007564	15.2
778	-0.752183	171.240574	0.006003	16.1
779	-0.792141	171.123793	0.006590	16.2
780	-1.145802	171.007223	0.010037	12.6
781	-1.073427	170.890865	0.011547	15.7
782	-0.422246	170.774718	0.004118	14.3
783	-1.236805	170.658782	0.009428	11.6
784	-1.033580	170.543055	0.008690	17.2
785	-1.197721	170.427537	0.007721	13.0
786	-0.312571	170.312227	0.005038	16.1
787	-0.909150	170.197125	0.006820	16.3
788	-0.726121	170.082231	0.006373	17.7
789	-1.092090	169.967543	0.007807	14.2
790	-1.196445	169.853061	0.008688	17.7
791	-1.047826	169.738784	0.007463	18.5
792	-1.163191	169.624713	0.007400	18.0
793	-0.885395	169.510845	0.006949	22.3
794	-1.019739	169.397181	0.007254	19.2
795	-0.500086	169.283720	0.003319	18.6
796	-0.924129	169.170462	0.007357	21.3
797	-0.912587	169.057405	0.006231	12.0
798	-1.096057	168.944549	0.009038	20.6
799	-0.081104	168.831895	0.002073	17.7
800	-1.095146	168.719440	0.007030	17.6
801	-0.731079	168.607185	0.006564	24.4
802	-0.538737	168.495129	0.004745	19.0
803	-0.752834	168.383271	0.005896	20.3
804	-0.110490	168.271611	0.004043	19.8
805	-1.146671	168.160148	0.009047	20.9
806	-1.094427	168.048882	0.007182	13.1
807	-0.983483	167.937812	0.009181	15.2
808	-1.105153	167.826938	0.007788	10.9
809	-1.154830	167.716258	0.006417	12.0
810	-0.532465	167.605773	0.004174	12.8
811	-1.249496	167.495482	0.008935	13.8
812	-0.943919	167.385384	0.006813	11.0
813	-0.735601	167.275479	0.007203	11.8
814	-1.162107	167.165766	0.007704	14.9
815	-1.186482	167.056245	0.008233	13.0
816	-0.205036	166.946915	0.002958	14.2
817	-0.338795	166.837776	0.005440	15.7
818	-0.954383	166.728826	0.007539	11.9
819	-0.587538	166.620067	0.006253	14.3
820	-1.206718	166.511496	0.007763	16.2
821	-0.482927	166.403113	0.005260	13.0
822	-0.730662	166.294919	0.006196	13.3
823	-0.633772	166.186912	0.004934	13.6
824	-0.913162	166.079091	0.007078	14.9
825	-0.931899	165.971458	0.006183	18.7
826	-0.818666	165.864009	0.007603	18.2
827	-0.836003	165.756747	0.007688	20.7
828	-1.254211	165.649669	0.009214	21.4
829	-0.325111	165.542775	0.004505	12.2
830	-0.108950	165.436065	0.004672	14.2
831	-0.881779	165.329538	0.006281	14.2
832	-1.084164	165.223194	0.007511	10.6
833	-0.409280	165.117032	0.006658	12.6
834	-1.088906	165.011052	0.009538	11.4
835	-0.907418	164.905253	0.005911	16.4
836	-0.092113	164.799635	0.002884	13.6
837	-0.794626	164.694197	0.006409	13.7
838	-0.951756	164.588939	0.006662	16.5
839	-1.077145	164.483859	0.007060	17.4
840	-0.482660	164.378959	0.006762	10.7
841	-0.961744	164.274237	0.006281	13.9
842	-1.158048	164.169692	0.006813	17.0
843	-1.082327	164.065325	0.006900	14.6
844	-1.090248	163.961135	0.008246	12.0
845	-1.001274	163.857120	0.006552	12.0
846	-1.125492	163.753282	0.007532	12.1
847	-1.182147	163.649619	0.006981	13.2
848	-0.473629	163.546130	0.004793	10.8
849	-1.043870	163.442816	0.007511	15.7
850	-1.169032	163.339676	0.008569	10.9
851	-1.046515	163.236709	0.006173	11.4
852	-0.731253	163.133915	0.005103	15.5
853	-0.382884	163.031294	0.006372	13.6
854	-1.063054	162.928844	0.007486	10.1
855	-1.063532	162.826566	0.005464	13.7
856	-0.047227	162.724459	0.003385	11.5
857	0.000000	162.622523	0.000000	13.0
858	-1.121144	162.520757	0.007685	18.3
859	-0.701721	162.419160	0.008910	15.0
860	-1.026772	162.317733	0.008264	14.8
861	-1.211759	162.216474	0.007810	14.0
862	-1.048154	162.115383	0.005383	13.4
863	-1.025146	162.014461	0.008988	17.6
864	-0.353790	161.913705	0.004144	21.8
865	-1.068893	161.813117	0.006778	19.0
866	-0.924592	161.712695	0.006950	15.0
867	-1.124117	161.612439	0.006694	14.5
868	-1.240514	161.512349	0.009099	14.3
869	-1.166508	161.412424	0.007735	12.7
870	-0.761752	161.312663	0.006080	19.3
871	-0.617367	161.213067	0.007185	15.4
872	-0.832708	161.113635	0.006395	23.0
873	-1.068457	161.014366	0.007645	68.2
874	-1.204121	160.915260	0.008324	47.3
875	-0.000000	160.816316	0.000000	15.2
876	-0.962917	160.717535	0.007221	15.1
877	-1.133130	160.618915	0.006981	19.8
878	-0.600651	160.520456	0.005874	13.2
879	-0.982559	160.422158	0.007042	12.4
880	-1.128229	160.324021	0.009771	14.2
881	-1.036835	160.226043	0.006119	19.7
882	-0.725933	160.128225	0.006842	18.8
883	-0.213563	160.030566	0.006486	14.4
884	-0.868533	159.933066	0.006336	14.6
885	-0.770377	159.835723	0.006045	16.3
886	-0.238073	159.738539	0.005125	16.3
887	-1.136436	159.641512	0.006882	15.3
888	-1.159876	159.544642	0.006286	18.6
889	-1.189771	159.447929	0.006457	21.6
890	-1.093990	159.351372	0.008264	27.1
891	-0.602058	159.254971	0.006880	15.2
892	-0.269518	159.158725	0.004456	11.3
893	-0.591542	159.062634	0.003893	11.6
894	-1.205374	158.966697	0.006011	17.4
895	-0.563343	158.870915	0.006806	15.9
896	-0.729419	158.775286	0.006109	17.9
897	-1.138710	158.679811	0.007893	15.9
898	-0.234174	158.584489	0.005259	14.7
899	-1.073782	158.489319	0.006908	22.3
900	-1.104717	158.394302	0.008463	16.2
901	-0.903122	158.299436	0.007974	15.5
902	-0.935243	158.204721	0.007130	19.0
903	-1.098058	158.110158	0.007083	11.4
904	-1.133329	158.015745	0.007615	11.4
905	-1.000400	157.921482	0.006990	12.1
906	-0.472115	157.827369	0.006758	10.4
907	-1.166950	157.733406	0.007516	10.4
908	-0.386042	157.639591	0.003949	13.4
909	-1.009520	157.545925	0.007042	12.5
910	-0.754102	157.452408	0.006120	12.0
911	-0.945777	157.359038	0.007015	13.6
912	-0.709607	157.265816	0.008004	12.3
913	-1.240026	157.172741	0.007234	11.2
914	-0.767939	157.079813	0.006281	10.7
915	-0.680683	156.987031	0.006228	13.4
916	-0.885880	156.894395	0.008295	12.4
917	-0.804560	156.801904	0.007408	11.2
918	-0.677220	156.709559	0.006586	15.1
919	-0.202829	156.617359	0.002505	13.5
920	-0.185160	156.525304	0.005020	10.5
921	-1.278315	156.433392	0.011022	10.3
922	-1.191493	156.341624	0.008667	15.6
923	-0.683616	156.250000	0.005040	10.4
924	-1.047584	156.158519	0.007832	11.4
925	-0.760394	156.067180	0.007463	17.9
926	-1.065964	155.975984	0.007687	14.9
927	-0.419346	155.884930	0.003949	15.8
928	-1.129194	155.794017	0.007136	16.4
929	-0.694816	155.703246	0.006170	12.3
930	-1.281171	155.612615	0.007366	10.3
931	-0.892344	155.522125	0.007003	11.6
932	-0.902735	155.431775	0.005579	18.9
933	-1.022793	155.341565	0.008120	11.7
934	-1.156900	155.251495	0.009379	13.1
935	-1.166270	155.161563	0.008757	10.3
936	-0.983790	155.071771	0.006833	13.2
937	-1.032828	154.982117	0.008897	11.4
938	-1.063417	154.892601	0.008058	14.8
939	-1.211456	154.803222	0.008996	10.1
940	-0.810507	154.713981	0.006031	11.2
941	-1.004722	154.624878	0.006771	12.6
942	-1.144621	154.535910	0.008780	10.9
943	-0.985066	154.447080	0.006914	12.2
944	-0.677109	154.358385	0.006516	11.1
945	-1.141586	154.269826	0.008797	14.7
946	-0.913349	154.181402	0.006761	10.7
947	-0.703516	154.093114	0.005760	10.6
948	-0.109572	154.004960	0.002609	22.1
949	-0.965349	153.916940	0.005437	17.1
950	-0.011445	153.829054	0.000387	15.9
951	0.000000	153.741303	0.000000	17.6
952	-0.815710	153.653684	0.005765	18.3
953	-1.240173	153.566198	0.008912	14.7
954	-0.208257	153.478846	0.003371	18.1
955	-0.998764	153.391625	0.006666	15.2
956	-0.757086	153.304537	0.005427	13.8
957	-1.125030	153.217580	0.007990	18.4
958	-0.163120	153.130755	0.005100	14.9
959	-1.221741	153.044061	0.008151	14.4
960	-0.264804	152.957498	0.005746	16.7
961	-1.247072	152.871065	0.006893	14.9
962	-0.261970	152.784762	0.003048	18.4
963	-1.099839	152.698589	0.007095	36.2
964	-1.162657	152.612545	0.006518	24.4
965	-1.090005	152.526631	0.008749	15.2
966	-1.197723	152.440845	0.007924	18.4
967	-0.583288	152.355188	0.008161	16.4
968	-1.055549	152.269660	0.009190	16.8
969	-0.948718	152.184259	0.006424	13.0
970	-0.885641	152.098986	0.006424	13.9
971	-0.427581	152.013840	0.003388	13.5
972	-0.698639	151.928821	0.005138	13.3
973	-0.680842	151.843928	0.004953	14.9
974	-1.073738	151.759163	0.007640	13.0
975	-0.825098	151.674523	0.006334	12.7
976	-0.945078	151.590009	0.007091	11.9
977	-0.978730	151.505620	0.007632	12.4
978	-1.127696	151.421357	0.006419	11.4
979	-1.126336	151.337218	0.007763	10.4
980	-1.139382	151.253204	0.008185	12.9
981	-0.414513	151.169314	0.004653	10.4
982	-0.524923	151.085549	0.006016	10.1
983	-0.830128	151.001907	0.008251	10.4
984	-1.210407	150.918388	0.010186	13.1
985	-0.904052	150.834992	0.006742	11.8
986	-0.477627	150.751719	0.005430	9.6
987	-0.947341	150.668569	0.007128	10.2
988	-0.786286	150.585541	0.005686	12.9
989	-1.107827	150.502634	0.007354	10.6
990	-0.899109	150.419849	0.007617	10.4
991	-0.940264	150.337186	0.006558	11.7
992	-0.865787	150.254644	0.005922	17.0
993	-1.202516	150.172222	0.007098	12.9
994	-1.119841	150.089921	0.007468	26.4
995	-0.886391	150.007740	0.008461	14.5
996	-1.103951	149.925679	0.006749	25.9
997	-1.186049	149.843737	0.007508	29.2
998	-0.846635	149.761915	0.005556	39.0
999	-1.024046	149.680212	0.007306	31.1
1000	-1.128698	149.598627	0.007576	27.5
1001	-1.007507	149.517161	0.006716	22.6
1002	-0.215883	149.435814	0.005963	11.4
1003	-0.943675	149.354584	0.006730	20.2
1004	-0.704518	149.273472	0.005658	11.5
1005	-1.078245	149.192477	0.007564	15.2
1006	-1.244210	149.111599	0.008075	22.7
1007	-1.327278	149.030838	0.010115	12.1
1008	-1.254916	148.950194	0.008119	15.9
1009	-1.293774	148.869666	0.008595	10.4
1010	-1.111947	148.789253	0.006498	11.9
1011	-1.184122	148.708957	0.007972	12.2
1012	-1.108011	148.628776	0.005737	10.9
1013	-1.134544	148.548710	0.007294	10.4
1014	-0.802204	148.468759	0.006171	11.8
1015	-1.186407	148.388923	0.007383	12.0
1016	-0.054453	148.309201	0.001365	10.2
1017	-1.096666	148.229594	0.008133	10.8
1018	-1.259647	148.150100	0.008184	13.2
1019	-0.379535	148.070719	0.003229	10.4
1020	-1.214435	147.991452	0.007424	10.0
1021	-0.642058	147.912298	0.004982	10.5
1022	-0.649931	147.833257	0.008185	12.8
1023	-1.232834	147.754329	0.008542	11.4
1024	-0.276278	147.675512	0.003375	13.6
1025	-0.553555	147.596808	0.009533	11.6
1026	-1.109437	147.518216	0.007888	12.0
1027	-1.057338	147.439735	0.009611	10.6
1028	-1.076119	147.361365	0.008908	11.1
1029	-1.154859	147.283106	0.007637	13.9
1030	-1.167796	147.204958	0.007499	10.7
1031	-0.164280	147.126920	0.003975	10.5
1032	-0.485604	147.048993	0.005257	16.1
1033	-0.685901	146.971175	0.008448	15.4
1034	-1.152738	146.893468	0.007026	17.3
1035	-0.757979	146.815869	0.005613	16.5
1036	-0.712802	146.738380	0.008022	11.3
1037	-1.032193	146.661000	0.009212	10.7
1038	-0.934932	146.583729	0.009164	10.5
1039	-1.123165	146.506566	0.008349	13.5
1040	-0.355017	146.429511	0.004576	10.8
1041	-1.101166	146.352565	0.009853	10.4
1042	-0.967956	146.275726	0.007323	10.8
1043	-1.088466	146.198994	0.007805	12.8
1044	-0.890842	146.122370	0.007025	9.5
1045	-0.251760	146.045853	0.005093	10.4
1046	-1.152813	145.969442	0.006898	9.7
1047	-0.727386	145.893139	0.006699	11.9
1048	-0.598566	145.816941	0.005325	11.2
1049	-1.219580	145.740849	0.009476	9.9
1050	-0.711597	145.664863	0.007050	11.1
1051	-0.480283	145.588983	0.004924	13.2
1052	-0.730157	145.513208	0.005436	10.4
1053	-1.232895	145.437538	0.007631	10.3
1054	-0.356257	145.361973	0.006798	12.3
1055	-0.223102	145.286513	0.005922	13.2
1056	-0.765882	145.211157	0.007297	10.2
1057	-1.177806	145.135905	0.008131	11.7
1058	-0.858314	145.060757	0.007570	10.1
1059	-0.908398	144.985712	0.008072	12.9
1060	-1.116110	144.910771	0.006134	10.9
1061	-0.881869	144.835934	0.006313	12.0
1062	-0.631984	144.761199	0.005282	10.4
1063	-1.245409	144.686567	0.008352	13.5
1064	-1.168493	144.612037	0.008168	10.4
1065	-1.193838	144.537610	0.009133	11.3
1066	-0.948201	144.463285	0.005616	10.2
1067	-1.247391	144.389062	0.006765	13.0
1068	-0.913303	144.314940	0.006253	10.2
1069	-1.048951	144.240920	0.009367	10.4
1070	-1.071349	144.167001	0.006954	11.9
1071	-0.997508	144.093182	0.005721	12.8
1072	-0.583688	144.019465	0.005580	10.7
1073	-1.028224	143.945848	0.006678	10.3
1074	-0.392827	143.872331	0.004774	15.7
1075	-0.640617	143.798914	0.005798	13.9
1076	-1.040929	143.725597	0.007535	16.0
1077	-1.208905	143.652380	0.007177	17.8
1078	-0.041237	143.579262	0.002419	13.6
1079	-1.045988	143.506243	0.007295	11.2
1080	-1.214201	143.433323	0.009538	10.9
1081	-0.751199	143.360502	0.006632	12.4
1082	-1.238895	143.287780	0.007947	10.8
1083	-0.656747	143.215155	0.007733	10.3
1084	-1.247984	143.142629	0.009810	14.2
1085	-1.287772	143.070201	0.007429	10.1
1086	-0.729346	142.997870	0.006174	9.9
1087	-0.321053	142.925637	0.003876	9.9
1088	-1.102338	142.853501	0.010876	13.6
1089	-0.807963	142.781462	0.006887	11.1
1090	-0.521258	142.709519	0.005902	10.7
1091	-0.648061	142.637674	0.005863	11.8
1092	-0.675213	142.565924	0.005549	12.7
1093	-1.157362	142.494271	0.006630	10.2
1094	-0.244436	142.422714	0.005960	10.9
1095	-1.117947	142.351252	0.006837	10.6
1096	-0.421205	142.279886	0.005121	11.7
1097	-0.896961	142.208616	0.007078	13.9
1098	-0.838434	142.137440	0.006686	10.7
1099	-0.925918	142.066360	0.007078	10.4
1100	-0.789015	141.995374	0.006264	14.1
1101	-0.708213	141.924483	0.007068	10.7
1102	-1.199098	141.853685	0.006527	10.9
1103	-1.241662	141.782983	0.007280	13.5
1104	-1.065136	141.712373	0.006084	10.9
1105	-0.374927	141.641858	0.004691	10.1
1106	-0.867347	141.571436	0.006369	11.0
1107	-0.633885	141.501108	0.005220	13.0
1108	-0.627209	141.430872	0.005190	11.4
1109	-0.265652	141.360730	0.006217	9.8
1110	-0.510110	141.290680	0.004996	10.6
1111	-0.881156	141.220722	0.007599	12.5
1112	-1.045080	141.150857	0.007266	10.9
1113	-1.080935	141.081084	0.006758	11.3
1114	-0.900702	141.011403	0.006811	11.0
1115	-0.580413	140.941813	0.005909	14.5
1116	-0.453303	140.872315	0.004097	12.5
1117	-0.974028	140.802909	0.007558	12.0
1118	-0.789938	140.733593	0.006264	10.5
1119	-1.202080	140.664369	0.006937	15.4
1120	-1.077759	140.595235	0.006284	13.6
1121	-0.634433	140.526192	0.004509	15.5
1122	-1.161032	140.457239	0.007153	12.5
1123	-0.315873	140.388376	0.003593	13.8
1124	-0.262541	140.319603	0.002475	11.2
1125	-0.830909	140.250920	0.007190	12.3
1126	-0.826563	140.182326	0.006274	11.6
1127	-0.730242	140.113822	0.005492	10.9
1128	-0.518389	140.045407	0.006474	11.9
1129	-0.926578	139.977081	0.007837	11.0
1130	-0.444173	139.908844	0.005546	10.8
1131	-1.071753	139.840696	0.009251	10.2
1132	-0.329930	139.772635	0.004038	13.1
1133	-0.492059	139.704664	0.004556	10.6
1134	-1.078372	139.636780	0.005930	10.8
1135	-1.065748	139.568984	0.007616	10.9
1136	-0.790439	139.501276	0.006402	14.0
1137	-1.030756	139.433655	0.007602	12.7
1138	-0.735909	139.366122	0.006807	13.2
1139	-0.740463	139.298676	0.005489	14.6
1140	-1.208410	139.231317	0.007593	10.5
1141	-1.141490	139.164045	0.007585	10.4
1142	-0.898212	139.096859	0.007571	8.9
1143	-0.549059	139.029760	0.005262	13.7
1144	-1.023103	138.962747	0.006864	10.7
1145	-1.172590	138.895820	0.009860	10.3
1146	-0.884556	138.828978	0.006580	10.5
1147	-0.384727	138.762223	0.007089	13.3
1148	-0.302142	138.695553	0.004092	10.5
1149	-0.556551	138.628969	0.004300	10.5
1150	-0.938638	138.562469	0.008752	10.4
1151	-1.064948	138.496055	0.007186	13.0
1152	-0.996480	138.429725	0.008203	10.2
1153	-1.090846	138.363481	0.007622	10.0
1154	-1.145774	138.297320	0.010654	10.4
1155	-1.202125	138.231244	0.008073	12.0
1156	-0.980550	138.165252	0.006340	10.6
1157	-1.185881	138.099344	0.009330	14.3
1158	-0.872914	138.033520	0.008422	12.5
1159	-1.034827	137.967779	0.006825	11.1
1160	-1.045755	137.902122	0.009588	10.6
1161	-0.422932	137.836548	0.004319	10.5
1162	-1.310236	137.771057	0.009201	12.8
1163	-1.005780	137.705649	0.007376	10.3
1164	-1.131177	137.640324	0.008484	12.3
1165	-1.064529	137.575081	0.006599	18.6
1166	-0.997854	137.509921	0.006096	17.9
1167	-0.412420	137.444842	0.006410	11.3
1168	-1.229899	137.379846	0.007292	13.0
1169	-0.912561	137.314932	0.009974	10.4
1170	-0.856909	137.250100	0.006605	10.9
1171	-0.880001	137.185349	0.006404	10.6
1172	-0.886508	137.120680	0.008105	13.5
1173	-0.545640	137.056092	0.007774	10.1
1174	-0.815023	136.991585	0.005432	11.6
1175	-0.488464	136.927158	0.004521	11.3
1176	-0.914180	136.862813	0.006389	13.0
1177	-1.270536	136.798548	0.007698	10.3
1178	-1.121334	136.734363	0.007304	10.1
1179	-1.140636	136.670259	0.007435	10.8
1180	-1.154116	136.606235	0.007669	13.0
1181	-1.174336	136.542291	0.008568	10.4
1182	-0.946200	136.478426	0.006718	11.3
1183	-1.149854	136.414641	0.006177	10.4
1184	-1.093324	136.350936	0.007728	11.9
1185	-1.170225	136.287310	0.007717	11.1
1186	-0.946628	136.223763	0.008418	10.3
1187	-0.855228	136.160295	0.007125	10.4
1188	-0.983703	136.096905	0.006594	12.4
1189	-0.990380	136.033594	0.007396	10.6
1190	-0.928378	135.970362	0.005341	9.9
1191	-1.053207	135.907208	0.011374	11.2
1192	-1.089933	135.844133	0.007118	13.1
1193	-1.080207	135.781135	0.006862	10.2
1194	-1.247952	135.718215	0.008865	11.1
1195	-1.035833	135.655373	0.006753	10.0
1196	-0.998051	135.592608	0.006804	13.5
1197	-1.049709	135.529921	0.006697	10.7
1198	-0.082846	135.467311	0.003667	11.0
1199	-1.165686	135.404778	0.006624	10.9
1200	-1.237895	135.342322	0.007083	14.8
1201	-0.800954	135.279942	0.004876	11.1
1202	-0.359999	135.217640	0.004678	10.9
1203	-0.471217	135.155413	0.003824	9.3
1204	-0.886354	135.093263	0.006674	12.6
1205	-0.100414	135.031190	0.002165	9.4
1206	-1.176802	134.969192	0.006828	10.5
1207	-1.275685	134.907270	0.009432	10.1
1208	-0.847859	134.845424	0.008291	13.3
1209	-0.833751	134.783653	0.006795	10.7
1210	-1.335288	134.721958	0.008050	12.8
1211	-0.520618	134.660338	0.006002	16.1
1212	-1.240184	134.598793	0.009185	13.7
1213	-1.103787	134.537323	0.008025	13.3
1214	-1.018817	134.475927	0.006704	16.6
1215	-1.032681	134.414607	0.006935	11.0
1216	-1.213378	134.353361	0.007888	10.8
1217	-0.721640	134.292189	0.004804	10.9
1218	-1.174907	134.231092	0.007785	16.3
1219	-1.086712	134.170068	0.008877	20.0
1220	-1.129889	134.109119	0.007105	16.4
1221	-1.094646	134.048243	0.008138	28.7
1222	-1.094912	133.987441	0.006286	23.9
1223	-1.155006	133.926713	0.006542	20.3
1224	-1.046028	133.866057	0.006442	29.5
1225	-0.307280	133.805475	0.005058	26.1
1226	-0.430986	133.744966	0.004674	17.1
1227	-0.012267	133.684530	0.000396	18.8
1228	-0.800124	133.624167	0.005415	41.5
1229	-0.921478	133.563877	0.006041	21.6
1230	-1.216270	133.503658	0.008759	27.4
1231	-0.541237	133.443513	0.007507	11.2
1232	-1.140113	133.383439	0.008467	10.9
1233	-0.818519	133.323437	0.006491	12.9
1234	-1.212691	133.263508	0.007818	13.3
1235	-0.327457	133.203650	0.004307	13.5
1236	-0.905301	133.143864	0.007703	17.2
1237	-1.290986	133.084149	0.009089	15.1
1238	-0.444753	133.024506	0.004446	14.4
1239	-1.157358	132.964934	0.010172	16.5
1240	-1.290505	132.905433	0.008596	14.5
1241	-1.305972	132.846003	0.008719	15.2
1242	-0.933460	132.786643	0.006081	15.9
1243	-1.171487	132.727355	0.009473	11.4
1244	-0.381069	132.668137	0.005161	9.9
1245	-1.194628	132.608989	0.006869	10.9
1246	-0.878843	132.549912	0.006059	13.8
1247	-0.824353	132.490904	0.006322	11.1
1248	-1.248169	132.431967	0.008631	10.2
1249	-1.143127	132.373100	0.007692	12.0
1250	-1.217847	132.314302	0.008117	14.8
1251	-0.482550	132.255574	0.003109	10.9
1252	-0.259047	132.196916	0.004404	10.9
1253	-1.228610	132.138326	0.007524	17.5
1254	-0.985361	132.079806	0.006804	24.0
1255	-0.553064	132.021355	0.004218	15.8
1256	-0.389592	131.962973	0.003246	18.8
1257	-0.693230	131.904660	0.006074	35.1
1258	-0.686357	131.846415	0.008773	15.6
1259	-1.202914	131.788239	0.007456	20.2
1260	-0.712918	131.730131	0.004976	28.7
1261	-0.780412	131.672092	0.005343	19.5
1262	-1.092156	131.614121	0.007719	17.8
1263	-0.794791	131.556217	0.006957	17.9
1264	-0.767407	131.498382	0.005696	16.8
1265	-0.548678	131.440614	0.007030	22.1
1266	-1.189810	131.382914	0.007877	21.7
1267	-0.384817	131.325282	0.003765	16.7
1268	-0.614168	131.267717	0.004496	23.7
1269	-0.893442	131.210219	0.006403	14.0
1270	-1.126974	131.152788	0.009344	16.5
1271	-1.048043	131.095424	0.006055	15.7
1272	-1.142923	131.038127	0.007246	15.8
1273	-0.275276	130.980897	0.004443	13.7
1274	-0.974217	130.923733	0.006910	10.2
1275	-1.054073	130.866636	0.006707	10.7
1276	-0.666020	130.809605	0.004885	10.3
1277	-0.701560	130.752641	0.006319	13.5
1278	-1.213149	130.695742	0.007577	11.1
1279	-0.195393	130.638910	0.005279	11.6
1280	-1.021124	130.582143	0.007543	10.5
1281	-1.001016	130.525442	0.007206	11.9
1282	-1.033754	130.468807	0.006526	10.6
1283	-1.232408	130.412237	0.007326	11.6
1284	-0.727707	130.355733	0.006476	13.0
1285	-0.256432	130.299294	0.003862	10.2
1286	-0.739469	130.242920	0.005881	10.4
1287	-0.832644	130.186611	0.006511	11.1
1288	-0.192087	130.130366	0.005737	12.2
1289	-1.283311	130.074187	0.007798	10.3
1290	-1.170348	130.018072	0.008594	9.7
1291	-0.957778	129.962022	0.006372	10.4
1292	-0.437050	129.906036	0.006191	11.8
1293	-0.421741	129.850114	0.005736	9.6
1294	-0.973104	129.794257	0.006327	10.5
1295	-0.568065	129.738463	0.004111	9.5
1296	-1.146462	129.682734	0.009823	14.3
1297	-0.442093	129.627068	0.007465	11.1
1298	-1.153372	129.571466	0.008688	10.2
1299	-1.144935	129.515927	0.006447	10.3
1300	-0.770842	129.460452	0.006157	12.7
1301	-0.236567	129.405040	0.005577	9.5
1302	-0.720426	129.349692	0.005641	9.7
1303	-0.933564	129.294406	0.006930	9.9
1304	-1.019118	129.239183	0.008613	11.4
1305	-0.767828	129.184024	0.005356	9.9
1306	-0.276803	129.128927	0.003576	8.8
1307	-0.998463	129.073892	0.009043	10.5
1308	-0.733900	129.018921	0.004958	14.5
1309	-1.065964	128.964011	0.006060	10.6
1310	-0.878551	128.909164	0.006516	10.3
1311	-1.232814	128.854379	0.009947	10.4
1312	-0.210389	128.799656	0.003222	12.2
1313	-0.929360	128.744995	0.007776	9.6
1314	-1.119684	128.690396	0.006833	11.7
1315	-1.225666	128.635858	0.009567	17.0
1316	-0.437772	128.581382	0.005438	16.8
1317	-1.110533	128.526968	0.007827	15.8
1318	-1.153209	128.472615	0.007373	14.1
1319	-0.345335	128.418323	0.004292	11.6
1320	-0.960485	128.364092	0.006175	9.9
1321	-0.904977	128.309922	0.008880	10.1
1322	-0.971000	128.255814	0.007293	13.5
1323	-1.141693	128.201766	0.007474	11.5
1324	-0.234047	128.147778	0.004034	10.4
1325	-1.184315	128.093852	0.007389	10.2
1326	-1.086688	128.039985	0.007388	12.7
1327	-0.716354	127.986180	0.005000	10.1
1328	-0.635828	127.932434	0.005503	10.0
1329	-1.179309	127.878749	0.007161	10.4
1330	-1.216223	127.825123	0.008047	12.2
1331	-0.444785	127.771558	0.005985	10.4
1332	-0.845214	127.718052	0.005127	11.2
1333	-0.579221	127.664606	0.007700	10.1
1334	-1.209826	127.611220	0.007090	12.4
1335	-1.270773	127.557893	0.007827	11.0
1336	-1.263920	127.504625	0.008447	11.1
1337	-0.314074	127.451417	0.003074	10.4
1338	-0.903083	127.398268	0.008146	12.3
1339	-0.907237	127.345178	0.005848	10.0
1340	-0.966432	127.292147	0.006640	12.0
1341	-1.092795	127.239175	0.008172	10.1
1342	-1.041741	127.186261	0.007724	12.9
1343	-0.912077	127.133407	0.006907	10.5
1344	-1.056022	127.080610	0.007051	10.0
1345	-0.894374	127.027872	0.006443	10.5
1346	-0.919540	126.975193	0.008268	12.9
1347	-1.149263	126.922572	0.008025	10.6
1348	-1.268949	126.870008	0.007145	10.8
1349	-1.106529	126.817503	0.009742	10.1
1350	-1.075579	126.765056	0.006545	12.2
1351	-1.173040	126.712667	0.008371	10.2
1352	-0.590737	126.660335	0.004832	10.2
1353	-1.052390	126.608061	0.009026	10.2
1354	-0.998982	126.555844	0.008235	12.5
1355	-0.069847	126.503685	0.002852	10.0
1356	-0.455368	126.451583	0.006426	10.5
1357	-1.232165	126.399538	0.007791	10.6
1358	-0.007947	126.347550	0.000256	12.6
1359	-1.037134	126.295619	0.006304	9.6
1360	-0.971396	126.243745	0.007071	11.7
1361	-0.129603	126.191928	0.002725	11.9
1362	-0.968246	126.140168	0.006427	16.7
1363	-1.115835	126.088464	0.008851	12.1
1364	-1.060783	126.036817	0.008385	13.2
1365	-0.565597	125.985226	0.005883	14.5
1366	-0.880304	125.933691	0.006242	12.0
1367	-0.321200	125.882212	0.005734	10.0
1368	-0.514112	125.830790	0.004382	12.4
1369	-1.120302	125.779423	0.007586	10.9
1370	-0.009792	125.728113	0.000173	10.5
1371	-0.641531	125.676858	0.008540	10.5
1372	-1.299707	125.625659	0.009317	12.1
1373	-0.254314	125.574515	0.005545	8.7
1374	-1.190387	125.523427	0.007678	10.2
1375	-1.121616	125.472394	0.006973	9.9
1376	-0.986065	125.421417	0.006293	11.8
1377	-1.224335	125.370495	0.008528	10.6
1378	-1.229358	125.319628	0.006901	10.7
1379	-0.956263	125.268815	0.008023	10.3
1380	-1.220796	125.218058	0.008739	12.2
1381	-1.281074	125.167356	0.008721	10.1
1382	-1.273093	125.116708	0.007288	10.5
1383	-1.148561	125.066115	0.008035	11.6
1384	-1.198017	125.015576	0.008316	12.4
1385	-1.043638	124.965092	0.006296	11.6
1386	-1.218662	124.914662	0.008600	11.0
1387	-1.248259	124.864287	0.007685	13.8
1388	-1.093670	124.813965	0.007898	13.1
1389	-0.479966	124.763698	0.005904	11.9
1390	-1.221873	124.713485	0.009112	13.5
1391	-1.260611	124.663325	0.009067	13.4
1392	-0.590888	124.613219	0.005729	13.0
1393	-0.589671	124.563167	0.003903	13.4
1394	-1.142258	124.513168	0.007522	13.3
1395	-1.220829	124.463223	0.010468	12.2
1396	-0.888608	124.413332	0.009812	11.8
1397	-0.176696	124.363493	0.003265	13.4
1398	-1.056025	124.313708	0.007024	13.5
1399	-1.086917	124.263976	0.007085	14.0
1400	-1.119850	124.214297	0.007535	15.3
1401	-0.641660	124.164671	0.005522	11.7
1402	-1.001653	124.115097	0.007070	15.5
1403	-1.281154	124.065577	0.007587	14.4
1404	0.000000	124.016109	0.000000	14.5
1405	-1.124282	123.966693	0.008592	19.4
1406	-1.211589	123.917330	0.007129	22.0
1407	-1.066084	123.868020	0.009540	14.6
1408	-0.369596	123.818762	0.004192	15.9
1409	-1.206079	123.769556	0.007387	12.3
1410	-0.666655	123.720402	0.008290	14.4
1411	-0.832676	123.671300	0.006225	13.9
1412	-0.739484	123.622250	0.005754	15.8
1413	-0.825383	123.573252	0.006534	15.9
1414	-0.011765	123.524305	0.001055	12.7
1415	-0.533291	123.475411	0.008736	11.3
1416	-0.859363	123.426568	0.007796	13.1
1417	-1.034979	123.377776	0.006946	13.4
1418	-0.769981	123.329036	0.006220	10.7
1419	-1.082481	123.280347	0.006987	14.5
1420	-1.189813	123.231709	0.006818	11.9
1421	-0.571107	123.183122	0.005313	11.0
1422	-0.008671	123.134587	0.001475	10.6
1423	-0.111942	123.086102	0.004427	13.0
1424	-0.752265	123.037669	0.008074	10.2
1425	-1.113234	122.989286	0.006961	10.4
1426	-1.029304	122.940954	0.008937	10.6
1427	-0.824823	122.892672	0.006758	12.8
1428	-0.986630	122.844441	0.008071	9.7
1429	-0.594594	122.796261	0.007061	10.3
1430	-1.151692	122.748130	0.007557	10.0
1431	-0.366798	122.700050	0.003306	14.4
1432	-1.187123	122.652021	0.007188	11.3
1433	-0.534309	122.604041	0.004435	12.3
1434	-1.167085	122.556111	0.008072	16.8
1435	-1.211892	122.508232	0.007821	16.4
1436	-1.165421	122.460402	0.007672	14.7
1437	-0.676512	122.412622	0.008637	14.6
1438	-0.757020	122.364891	0.006021	12.2
1439	-0.780447	122.317210	0.005891	11.3
1440	-0.229185	122.269579	0.002704	12.0
1441	-0.593923	122.221997	0.005420	13.5
1442	-0.766911	122.174465	0.007362	14.1
1443	-0.729447	122.126981	0.006186	19.4
1444	-1.109520	122.079547	0.007559	17.8
1445	-0.458033	122.032162	0.005536	18.8
1446	-0.981382	121.984826	0.007039	14.2
1447	-0.578929	121.937539	0.005309	13.3
1448	-0.204380	121.890301	0.004509	15.9
1449	-0.800219	121.843112	0.007779	12.5
1450	-0.824352	121.795971	0.006527	10.9
1451	-1.267496	121.748879	0.010100	15.0
1452	-0.901926	121.701835	0.009610	12.5
1453	-0.493776	121.654840	0.004387	14.1
1454	-0.786456	121.607893	0.009278	14.7
1455	-0.404709	121.560994	0.005983	10.5
1456	-0.689741	121.514144	0.007474	13.3
1457	-1.087556	121.467342	0.007442	12.2
1458	-1.217392	121.420588	0.007380	13.0
1459	-0.609011	121.373882	0.005658	10.1
1460	-1.075257	121.327223	0.007591	9.0
1461	-1.054391	121.280613	0.007214	11.5
1462	-0.727953	121.234050	0.005703	10.4
1463	-1.278520	121.187535	0.008900	9.9
1464	-0.000000	121.141067	0.000000	9.4
1465	-1.143236	121.094647	0.009532	13.2
1466	-1.196901	121.048274	0.008928	11.3
1467	-0.961825	121.001949	0.005954	11.0
1468	-1.076580	120.955671	0.008896	11.0
1469	-1.265982	120.909440	0.008889	12.9
1470	-0.444505	120.863256	0.007041	10.1
1471	-0.078581	120.817119	0.001236	10.2
1472	-0.793860	120.771029	0.006069	10.7
1473	-1.202159	120.724986	0.006681	12.5
1474	-0.959400	120.678990	0.007834	11.8
1475	-1.112094	120.633040	0.006354	13.9
1476	-1.162017	120.587137	0.007216	38.3
1477	-1.169906	120.541281	0.005862	27.8
1478	-1.296103	120.495471	0.008408	27.1
1479	-1.133258	120.449707	0.006335	30.6
1480	-0.949459	120.403990	0.007040	28.7
1481	-1.260789	120.358319	0.008698	29.5
1482	-1.007281	120.312694	0.006786	19.2
1483	-0.689387	120.267115	0.006476	15.9
1484	-1.246251	120.221582	0.008423	27.0
1485	-0.878406	120.176096	0.005249	15.0
1486	-0.812709	120.130655	0.006521	14.6
1487	-0.729116	120.085260	0.004635	14.3
1488	-0.326089	120.039910	0.003843	10.3
1489	-0.719504	119.994606	0.006105	10.8
1490	-1.207934	119.949348	0.008412	10.7
1491	-0.778888	119.904135	0.005647	12.8
1492	-0.919549	119.858968	0.005206	11.0
1493	-0.759148	119.813846	0.008473	11.8
1494	-0.813885	119.768769	0.006756	10.1
1495	-1.282671	119.723738	0.009461	11.9
1496	-1.075676	119.678752	0.006923	11.1
1497	-0.760539	119.633810	0.006338	10.9
1498	-0.285286	119.588914	0.004404	9.9
1499	-1.228956	119.544062	0.010376	13.4
1500	-0.824217	119.499256	0.006128	13.8
1501	-1.275305	119.454494	0.007273	12.4
1502	-0.281115	119.409777	0.004243	14.9
1503	-1.082570	119.365104	0.007612	13.8
1504	-1.162712	119.320476	0.009255	12.1
1505	-1.164664	119.275893	0.007089	15.2
1506	-0.931899	119.231353	0.009132	13.0
1507	-1.177144	119.186859	0.007732	14.9
1508	-0.512952	119.142408	0.005849	19.1
1509	-1.044495	119.098002	0.007779	16.0
1510	-0.555362	119.053639	0.006956	16.1
1511	-0.349711	119.009321	0.006018	15.8
1512	-1.263479	118.965047	0.008035	12.9
1513	-0.235935	118.920816	0.006388	11.5
1514	-1.184993	118.876630	0.008171	14.6
1515	-1.323364	118.832487	0.008162	15.4
1516	-1.119444	118.788388	0.008086	17.0
1517	-0.261131	118.744332	0.005369	20.5
1518	-1.181780	118.700320	0.008815	12.5
1519	-0.407870	118.656352	0.005176	9.7
1520	-0.466400	118.612427	0.003726	10.9
1521	-0.279605	118.568545	0.004692	13.4
1522	-0.543390	118.524706	0.006481	11.0
1523	-0.882771	118.480911	0.007364	13.9
1524	-1.271464	118.437159	0.008129	13.7
1525	-0.764822	118.393450	0.005670	10.1
1526	-0.864113	118.349784	0.005442	11.5
1527	-0.797219	118.306160	0.006336	10.2
1528	-0.703138	118.262580	0.008291	12.8
1529	-0.801104	118.219042	0.005563	11.0
1530	-0.469549	118.175548	0.006770	10.6
1531	-1.100020	118.132095	0.007075	11.0
1532	-0.913413	118.088686	0.008012	12.8
1533	-1.104140	118.045319	0.006146	10.9
1534	-0.777643	118.001994	0.005459	10.5
1535	-0.161687	117.958712	0.001868	10.6
1536	-1.285408	117.915472	0.008655	13.0
1537	-1.074076	117.872274	0.008437	9.3
1538	-0.861573	117.829118	0.007283	10.2
1539	-1.245436	117.786005	0.008089	10.7
1540	-1.180865	117.742933	0.008536	13.3
1541	-0.761271	117.699904	0.006052	11.6
1542	-0.945000	117.656916	0.006377	9.8
1543	-1.228316	117.613971	0.007410	10.6
1544	-1.176622	117.571067	0.007232	15.9
1545	-0.098359	117.528205	0.002951	16.6
1546	-1.278194	117.485384	0.009354	15.4
1547	-0.993370	117.442605	0.006426	18.8
1548	-1.048704	117.399867	0.007923	15.4
1549	-0.946483	117.357171	0.007471	15.9
1550	-0.469512	117.314517	0.004614	16.9
1551	-0.800714	117.271903	0.006459	15.3
1552	-0.688618	117.229331	0.005043	15.7
1553	-0.956346	117.186800	0.006696	17.2
1554	-1.240119	117.144311	0.008552	17.1
1555	-0.700779	117.101862	0.006915	34.5
1556	-0.869732	117.059454	0.007565	28.2
1557	-0.604934	117.017087	0.005025	20.9
1558	-1.013206	116.974762	0.007031	12.2
1559	-0.843028	116.932476	0.006266	15.7
1560	-1.121578	116.890232	0.006730	18.8
1561	-0.388846	116.848028	0.005661	15.9
1562	-1.061228	116.805865	0.009729	19.8
1563	-0.890213	116.763743	0.009531	15.4
1564	-1.031111	116.721661	0.006761	18.8
1565	-0.134529	116.679619	0.002019	18.4
1566	-1.182371	116.637618	0.008791	18.1
1567	-1.131358	116.595657	0.011201	12.0
1568	-1.099784	116.553736	0.006531	16.4
1569	-1.193385	116.511855	0.007015	14.1
1570	-0.966697	116.470015	0.007074	14.2
1571	-1.300536	116.428214	0.007312	14.6
1572	-1.062983	116.386454	0.008193	12.5
1573	-1.293273	116.344733	0.009157	11.9
1574	-0.695609	116.303052	0.005747	12.8
1575	-0.582323	116.261412	0.005215	11.2
1576	-0.951093	116.219810	0.007768	10.4
1577	-0.805699	116.178249	0.008453	11.2
1578	-1.218155	116.136727	0.008607	12.8
1579	-0.905927	116.095245	0.005741	15.0
1580	-1.116641	116.053802	0.006977	15.1
1581	-1.181925	116.012398	0.008233	16.4
1582	-1.292948	115.971034	0.009340	11.5
1583	-0.065341	115.929710	0.005382	9.3
1584	-0.315776	115.888424	0.003288	10.4
1585	-0.909123	115.847178	0.006053	13.2
1586	-0.862619	115.805970	0.007180	11.1
1587	-1.214257	115.764802	0.008011	10.7
1588	-0.911544	115.723673	0.006798	9.9
1589	-0.895415	115.682583	0.005882	13.1
1590	-0.465675	115.641532	0.005623	11.8
1591	-0.039386	115.600519	0.001728	8.9
1592	-0.817825	115.559546	0.004943	10.7
1593	-0.918385	115.518610	0.007380	12.2
1594	-1.233074	115.477714	0.007573	10.5
1595	-1.264979	115.436856	0.007511	11.6
1596	-0.355197	115.396037	0.005172	10.0
1597	-1.064045	115.355256	0.006662	13.5
1598	-1.052432	115.314514	0.007745	14.0
1599	-1.116465	115.273810	0.005662	11.6
1600	-1.223104	115.233144	0.007965	12.2
1601	-1.156118	115.192517	0.007651	13.4
1602	-1.022350	115.151927	0.006434	11.1
1603	-1.118541	115.111376	0.008183	10.8
1604	0.000000	115.070863	0.000000	14.3
1605	-1.062988	115.030388	0.008751	10.3
1606	-1.118368	114.989951	0.007126	10.6
1607	-1.205911	114.949551	0.008507	13.5
1608	-0.054395	114.909190	0.003267	9.7
1609	-0.753473	114.868866	0.006067	11.3
1610	-1.042121	114.828580	0.006564	10.2
1611	-0.821443	114.788332	0.005170	13.8
1612	-1.005481	114.748121	0.009378	12.0
1613	-1.199593	114.707948	0.008928	12.8
1614	-1.159216	114.667812	0.007182	12.9
1615	-1.025630	114.627714	0.006136	11.5
1616	-1.191841	114.587653	0.007634	11.0
1617	-1.270036	114.547629	0.009710	10.4
1618	-1.080843	114.507643	0.007074	12.5
1619	-0.768424	114.467693	0.006321	10.5
1620	-1.202104	114.427781	0.007851	11.2
1621	-0.969117	114.387907	0.008893	10.2
1622	-1.210661	114.348069	0.008523	12.7
1623	-0.696918	114.308268	0.005417	11.1
1624	-0.971146	114.268504	0.007643	14.4
1625	-1.076366	114.228777	0.007507	17.4
1626	-1.277565	114.189086	0.008169	17.7
1627	-0.933301	114.149433	0.006653	17.6
1628	-0.372875	114.109816	0.004479	16.2
1629	-0.794753	114.070235	0.005993	12.6
1630	-1.240300	114.030692	0.007466	12.8
1631	-1.284748	113.991185	0.008216	14.2
1632	-0.881430	113.951714	0.006452	12.9
1633	-1.172934	113.912280	0.007026	13.1
1634	-0.154090	113.872882	0.003790	11.8
1635	-0.514715	113.833521	0.003859	12.9
1636	-0.779064	113.794195	0.005075	15.0
1637	-1.253827	113.754906	0.007568	13.2
1638	-0.879466	113.715653	0.005290	13.9
1639	-1.170482	113.676437	0.008362	13.0
1640	-1.300857	113.637256	0.008285	12.0
1641	-0.988397	113.598111	0.007488	13.2
1642	-0.992405	113.559002	0.005811	14.0
1643	-0.312299	113.519929	0.003644	13.4
1644	-0.981286	113.480892	0.005651	13.2
1645	-1.121713	113.441891	0.008088	12.2
1646	-0.395159	113.402925	0.004440	12.5
1647	-1.189231	113.363995	0.007666	11.4
1648	-1.153572	113.325101	0.008134	11.0
1649	-1.238172	113.286242	0.009088	12.0
1650	-0.906517	113.247419	0.006905	10.3
1651	-0.201787	113.208631	0.003551	9.9
1652	-1.026441	113.169879	0.006503	12.3
1653	-0.514425	113.131162	0.003591	10.5
1654	-1.052704	113.092480	0.007577	10.1
1655	-0.672216	113.053833	0.006016	10.5
1656	-1.194437	113.015222	0.007734	12.4
1657	-0.000006	112.976646	0.000014	10.1
1658	-1.156696	112.938105	0.008481	11.0
1659	-0.564875	112.899599	0.006385	10.6
1660	-1.225109	112.861128	0.007854	11.9
1661	-1.275155	112.822692	0.009824	10.2
1662	-0.016027	112.784291	0.001000	10.9
1663	-1.155550	112.745924	0.009404	9.7
1664	-0.408044	112.707593	0.003533	12.6
1665	-1.009102	112.669296	0.007761	14.0
1666	-0.992967	112.631034	0.007190	14.9
1667	-0.465017	112.592806	0.008953	16.9
1668	-1.225558	112.554613	0.010190	12.4
1669	-0.168914	112.516455	0.003759	10.4
1670	-0.021501	112.478331	0.000555	10.6
1671	-1.158821	112.440241	0.009392	13.1
1672	-0.621300	112.402186	0.004901	10.6
1673	-0.740859	112.364165	0.006436	9.9
1674	-0.890660	112.326179	0.007547	10.4
1675	-1.032626	112.288227	0.009184	12.4
1676	-0.920807	112.250309	0.006577	9.8
1677	-1.084103	112.212425	0.006456	9.9
1678	-1.191969	112.174575	0.008458	10.0
1679	-1.173111	112.136759	0.007486	12.5
1680	-1.106015	112.098977	0.006093	10.8
1681	-1.321811	112.061229	0.008200	10.4
1682	-0.622132	112.023515	0.005071	10.0
1683	-0.987328	111.985834	0.007672	12.4
1684	-1.048876	111.948188	0.009153	10.8
1685	-1.118921	111.910575	0.006930	9.8
1686	-0.743207	111.872996	0.007067	10.3
1687	-0.998654	111.835450	0.005775	12.6
1688	-0.943092	111.797939	0.006673	16.1
1689	-1.124676	111.760460	0.006155	14.6
1690	-0.888340	111.723015	0.006415	20.5
1691	-1.067800	111.685604	0.007258	14.9
1692	-0.817384	111.648226	0.006420	10.7
1693	-0.221085	111.610881	0.002846	11.3
1694	-1.172174	111.573570	0.006916	11.7
1695	-1.181309	111.536292	0.007728	11.0
1696	-0.442160	111.499047	0.004868	10.1
1697	-0.800281	111.461835	0.007860	11.2
1698	-0.315477	111.424656	0.004933	9.9
1699	-1.143906	111.387510	0.007659	10.4
1700	-1.042732	111.350398	0.008142	9.6
1701	-0.861970	111.313318	0.007202	12.7
1702	-1.217565	111.276271	0.008629	9.9
1703	-1.192518	111.239257	0.008272	9.6
1704	-0.421212	111.202276	0.003565	11.6
1705	-1.212143	111.165328	0.006475	16.4
1706	-0.725876	111.128412	0.006323	12.3
1707	-0.637756	111.091529	0.005759	15.2
1708	-0.449496	111.054679	0.004814	15.6
1709	-1.020327	111.017861	0.007414	10.1
1710	-1.039733	110.981076	0.006673	10.4
1711	-0.192065	110.944323	0.005250	9.2
1712	-0.887513	110.907603	0.008436	12.6
1713	-1.182224	110.870915	0.007320	10.5
1714	-1.158402	110.834259	0.006877	10.3
1715	-1.011408	110.797636	0.007173	9.6
1716	-1.323275	110.761045	0.008491	13.0
1717	-0.777156	110.724486	0.008734	9.5
1718	-0.921326	110.687959	0.006625	13.6
1719	-1.252513	110.651465	0.008805	16.7
1720	-0.084070	110.615002	0.002734	16.2
1721	-1.104335	110.578572	0.010012	14.5
1722	-0.336535	110.542173	0.005248	11.8
1723	-0.233433	110.505807	0.006060	9.8
1724	-1.226214	110.469472	0.007460	10.1
1725	-0.809322	110.433169	0.007998	9.7
1726	-1.142348	110.396898	0.008526	12.3
1727	-0.749036	110.360659	0.005578	11.9
1728	-0.843085	110.324451	0.006498	13.4
1729	-1.231986	110.288276	0.006603	13.6
1730	-0.944223	110.252131	0.006923	11.4
1731	-1.129464	110.216019	0.006526	15.8
1732	-1.162584	110.179937	0.008496	13.5
1733	-0.656795	110.143888	0.005697	10.6
1734	-1.150258	110.107869	0.008360	9.2
1735	-0.603429	110.071882	0.008196	10.5
1736	-0.838832	110.035927	0.006423	12.9
1737	-1.057922	110.000003	0.007251	9.7
1738	-0.861632	109.964110	0.004717	11.5
1739	-1.107708	109.928248	0.006963	9.9
1740	-0.954131	109.892417	0.006703	13.0
1741	-1.071323	109.856618	0.006594	10.0
1742	-1.115986	109.820850	0.007711	9.8
1743	-1.095929	109.785112	0.007901	9.3
1744	-1.216020	109.749406	0.008677	11.3
1745	-1.073350	109.713730	0.005783	10.0
1746	-0.724859	109.678086	0.007575	10.4
1747	-0.779850	109.642472	0.008910	10.4
1748	-0.764296	109.606890	0.005493	14.6
1749	-1.140098	109.571337	0.007661	15.4
1750	-0.965465	109.535816	0.006044	15.4
1751	-1.049868	109.500326	0.007425	14.9
1752	-0.854747	109.464866	0.006003	10.2
1753	-1.136549	109.429436	0.008028	10.4
1754	-0.297756	109.394038	0.004495	10.8
1755	-1.215432	109.358669	0.008573	12.0
1756	-1.188980	109.323331	0.008314	11.7
1757	-1.240804	109.288024	0.007239	13.3
1758	-1.206188	109.252747	0.006166	11.6
1759	-1.133572	109.217501	0.008835	13.2
1760	-0.973662	109.182284	0.007744	11.4
1761	-1.043368	109.147098	0.007505	19.2
1762	-0.832215	109.111942	0.007142	10.6
1763	-0.612087	109.076817	0.005297	10.4
1764	-0.206471	109.041721	0.005079	11.1
1765	-1.074524	109.006656	0.007834	11.5
1766	-1.284622	108.971620	0.008682	11.0
1767	-0.038002	108.936615	0.002914	10.6
1768	-1.122143	108.901640	0.006620	10.2
1769	-1.025849	108.866694	0.007030	12.4
1770	-1.253738	108.831779	0.009271	10.2
1771	-0.901612	108.796893	0.005085	10.2
1772	-0.799544	108.762037	0.006316	12.1
1773	-0.375300	108.727211	0.006331	16.9
1774	-1.121563	108.692415	0.007709	16.7
1775	-1.061538	108.657648	0.006983	9.9
1776	-1.177055	108.622911	0.008912	14.9
1777	-1.012582	108.588203	0.007874	12.9
1778	-0.515291	108.553525	0.005523	10.9
1779	-0.219274	108.518877	0.005168	10.9
1780	-0.375535	108.484258	0.003813	18.0
1781	-1.147776	108.449668	0.007960	17.8
1782	-0.918896	108.415108	0.006527	18.1
1783	-1.220172	108.380578	0.006465	10.0
1784	-1.120416	108.346076	0.010708	10.3
1785	-0.064212	108.311604	0.001007	16.5
1786	-0.723890	108.277161	0.004563	17.6
1787	-1.258144	108.242747	0.009488	12.8
1788	-1.072748	108.208363	0.008100	14.7
1789	-1.233893	108.174007	0.007847	11.4
1790	-0.647453	108.139681	0.004977	10.9
1791	-0.882813	108.105383	0.006540	10.7
1792	-0.834184	108.071115	0.007720	12.1
1793	-1.279952	108.036875	0.007903	10.7
1794	-1.235890	108.002665	0.008034	10.1
1795	-1.101160	107.968483	0.007369	9.9
1796	-0.310595	107.934330	0.004771	12.4
1797	-0.434505	107.900206	0.006499	9.8
1798	-0.601566	107.866111	0.005609	9.5
1799	-1.194251	107.832044	0.006272	10.2
1800	-1.151604	107.798007	0.006521	12.7
1801	-0.031436	107.763997	0.002224	10.0
1802	-0.222335	107.730017	0.003715	9.9
1803	-1.098347	107.696065	0.007348	9.8
1804	-0.286106	107.662141	0.003226	12.5
1805	-1.019469	107.628246	0.006708	15.8
1806	-1.071693	107.594379	0.006715	15.1
1807	-1.166707	107.560541	0.008895	15.5
1808	-1.137072	107.526731	0.007290	12.9
1809	-0.345395	107.492949	0.003875	9.8
1810	-1.168972	107.459196	0.006373	10.0
1811	-0.086503	107.425471	0.003910	12.4
1812	-0.686909	107.391774	0.006598	10.8
1813	-0.981157	107.358106	0.007703	11.7
1814	-0.729656	107.324465	0.005891	10.1
1815	-0.652895	107.290853	0.007227	12.2
1816	-1.119973	107.257268	0.007405	9.5
1817	-1.216088	107.223712	0.007649	10.3
1818	-1.183515	107.190184	0.007018	9.6
1819	-1.207571	107.156683	0.007341	11.6
1820	-0.851298	107.123211	0.006039	10.2
1821	-1.290454	107.089766	0.008093	9.8
1822	-0.961395	107.056349	0.005985	9.7
1823	-1.001968	107.022960	0.009708	12.5
1824	-1.035987	106.989599	0.006122	10.0
1825	-0.501761	106.956265	0.003908	8.6
1826	-1.046585	106.922960	0.007266	10.5
1827	-1.289644	106.889681	0.009497	12.5
1828	-0.304619	106.856431	0.002666	9.7
1829	-0.654313	106.823208	0.005594	11.0
1830	-1.059622	106.790012	0.007823	9.4
1831	-0.850469	106.756844	0.006829	13.2
1832	-1.182061	106.723703	0.008162	9.9
1833	-1.043827	106.690590	0.008858	9.7
1834	-0.823699	106.657505	0.006338	8.9
1835	-0.462318	106.624446	0.005539	12.7
1836	-0.979427	106.591415	0.008792	9.6
1837	-0.791834	106.558411	0.005703	10.1
1838	-0.848540	106.525435	0.005980	10.9
1839	-0.908405	106.492485	0.006896	12.7
1840	-1.096396	106.459563	0.006499	10.5
1841	-0.878767	106.426668	0.006835	10.9
1842	-1.136286	106.393800	0.007392	10.5
1843	-1.218951	106.360959	0.008554	13.5
1844	-1.170351	106.328145	0.008848	13.4
1845	-1.229984	106.295358	0.007444	14.3
1846	-1.043174	106.262598	0.009347	18.1
1847	-1.208214	106.229865	0.006662	15.6
1848	-0.155871	106.197158	0.003614	16.2
1849	-0.523300	106.164479	0.004675	18.1
1850	-0.974605	106.131826	0.005597	15.1
1851	-0.863613	106.099201	0.008688	17.1
1852	-1.095741	106.066602	0.008185	21.6
1853	-1.171794	106.034029	0.008734	19.2
1854	-0.952744	106.001483	0.007319	14.6
1855	-1.280165	105.968964	0.007487	16.2
1856	-1.341983	105.936472	0.010153	11.5
1857	-0.940191	105.904006	0.008625	10.5
1858	-1.150498	105.871566	0.007213	12.3
1859	-0.474490	105.839153	0.006848	10.3
1860	-1.155888	105.806767	0.008035	10.3
1861	-1.205005	105.774407	0.007985	16.1
1862	-0.785574	105.742073	0.006521	11.4
1863	-0.566201	105.709766	0.005812	10.0
1864	-0.252430	105.677485	0.003414	9.8
1865	-0.546078	105.645230	0.004826	11.7
1866	-0.342988	105.613001	0.004571	12.0
1867	-0.689775	105.580799	0.006133	11.4
1868	-0.168941	105.548623	0.003063	10.0
1869	-0.763007	105.516473	0.007543	12.1
1870	-0.514729	105.484349	0.005576	10.6
1871	-1.236866	105.452251	0.007900	10.1
1872	-1.074078	105.420179	0.009178	10.6
1873	-1.200668	105.388133	0.010153	14.6
1874	-1.133727	105.356113	0.008295	13.0
1875	-0.248325	105.324119	0.002882	13.5
1876	-0.509358	105.292151	0.003512	13.9
1877	-0.710629	105.260209	0.005096	13.7
1878	-0.344357	105.228293	0.004901	10.6
1879	-1.019704	105.196402	0.008052	15.4
1880	-1.181825	105.164537	0.007419	12.8
1881	-0.410291	105.132698	0.003322	14.7
1882	-1.208693	105.100885	0.006400	14.8
1883	-1.009874	105.069097	0.007729	11.7
1884	-0.944965	105.037335	0.006431	12.6
1885	-1.079511	105.005598	0.008140	14.4
1886	-0.733564	104.973887	0.005449	14.0
1887	-1.288286	104.942202	0.011440	14.8
1888	-0.996042	104.910542	0.008355	18.1
1889	-0.838694	104.878907	0.006360	14.6
1890	-0.323160	104.847298	0.004406	13.0
1891	-1.244452	104.815715	0.006914	19.0
1892	-0.586211	104.784156	0.006405	21.3
1893	-1.177953	104.752623	0.008328	17.1
1894	-0.627950	104.721116	0.006307	14.6
1895	-0.833113	104.689633	0.007806	13.6
1896	-1.046173	104.658176	0.006548	15.4
1897	-0.870865	104.626744	0.007375	13.2
1898	-0.727751	104.595337	0.005796	12.5
1899	-1.049426	104.563955	0.007520	14.2
1900	-1.309295	104.532599	0.008181	12.5
1901	-1.154309	104.501267	0.007567	14.1
1902	-1.248711	104.469960	0.008300	16.7
1903	-1.131308	104.438679	0.007146	12.7
1904	-0.742507	104.407422	0.004743	11.0
1905	-1.102964	104.376191	0.007941	14.9
1906	-1.169774	104.344984	0.009730	12.5
1907	-1.233426	104.313802	0.007118	12.7
1908	-0.931018	104.282645	0.006724	9.1
1909	-0.751923	104.251513	0.004734	12.8
1910	-0.909688	104.220405	0.005239	11.5
1911	-0.063495	104.189323	0.002576	12.4
1912	-0.667605	104.158265	0.008528	14.7
1913	-0.050941	104.127231	0.001941	10.2
1914	-0.197724	104.096222	0.006949	13.5
1915	-0.477384	104.065238	0.004389	12.8
1916	-0.776442	104.034279	0.005941	14.3
1917	-1.125574	104.003344	0.006957	11.9
1918	-0.467567	103.972433	0.005411	13.0
1919	-0.815271	103.941547	0.005586	14.2
1920	-1.089752	103.910686	0.007086	12.9
1921	-0.441193	103.879849	0.006492	13.1
1922	-0.930408	103.849036	0.006325	16.9
1923	-0.733045	103.818248	0.005197	10.3
1924	-1.168736	103.787484	0.011150	12.3
1925	-0.600410	103.756744	0.005514	12.3
1926	-1.196450	103.726029	0.008019	10.6
1927	-0.806596	103.695338	0.006821	11.3
1928	-1.102304	103.664671	0.007727	13.5
1929	-0.931647	103.634028	0.009058	13.1
1930	-0.869559	103.603409	0.005515	13.3
1931	-1.243906	103.572814	0.007136	17.3
1932	-0.808517	103.542244	0.007459	14.0
1933	-0.267974	103.511698	0.004030	11.4
1934	-0.653283	103.481175	0.004804	13.5
1935	-0.384675	103.450677	0.004841	10.9
1936	-1.179207	103.420202	0.006971	10.5
1937	-1.125441	103.389752	0.005887	12.0
1938	-0.876046	103.359325	0.006404	15.2
1939	-0.141546	103.328922	0.003281	12.8
1940	-1.025891	103.298543	0.009463	12.5
1941	-1.267398	103.268188	0.007565	15.6
1942	-1.047500	103.237857	0.007726	11.8
1943	-0.862988	103.207549	0.006071	13.5
1944	-0.448320	103.177265	0.003807	14.3
1945	-0.992732	103.147005	0.007658	12.3
1946	-0.899761	103.116768	0.007036	11.0
1947	-0.648577	103.086556	0.008188	13.0
1948	-0.939332	103.056366	0.008257	13.5
1949	-0.484937	103.026200	0.005444	11.9
1950	-0.776364	102.996058	0.012023	13.5
1951	-1.112600	102.965939	0.008937	10.8
1952	-0.371245	102.935844	0.003416	10.3
1953	-0.498862	102.905772	0.005565	13.4
1954	-0.677024	102.875724	0.006123	11.8
1955	-0.867408	102.845699	0.006716	8.8
1956	-0.591988	102.815697	0.006653	11.7
1957	-0.762574	102.785719	0.005634	16.1
1958	-0.934887	102.755764	0.006111	16.5
1959	-1.162362	102.725832	0.006278	16.7
1960	-0.963231	102.695924	0.007925	18.5
1961	-0.456885	102.666038	0.004804	11.1
1962	-1.251232	102.636176	0.008416	12.4
1963	-1.094635	102.606337	0.006472	12.1
1964	-1.117747	102.576521	0.007388	11.9
1965	-0.293157	102.546728	0.007011	12.5
1966	-1.151880	102.516959	0.007075	12.1
1967	-1.247019	102.487212	0.009090	17.5
1968	-0.086770	102.457488	0.003037	19.1
1969	-1.165422	102.427788	0.008362	20.3
1970	-0.984600	102.398110	0.011147	26.1
1971	-0.086092	102.368455	0.002024	21.8
1972	-1.179257	102.338823	0.008269	33.0
1973	-1.066469	102.309214	0.006630	21.5
1974	-0.958404	102.279628	0.007205	16.6
1975	-1.035213	102.250064	0.006651	15.9
1976	-0.580582	102.220524	0.005273	25.4
1977	-1.143747	102.191006	0.006762	16.8
1978	-1.213780	102.161511	0.008536	11.1
1979	-0.403974	102.132038	0.005004	14.0
1980	-0.423245	102.102588	0.004403	13.0
1981	-1.028268	102.073161	0.007479	13.4
1982	-1.054502	102.043757	0.006531	12.7
1983	-1.113469	102.014375	0.006273	12.2
1984	-0.550542	101.985015	0.007702	16.8
1985	-0.439746	101.955678	0.005154	19.6
1986	-1.035855	101.926364	0.008128	11.5
1987	-0.871213	101.897072	0.005560	13.6
1988	-0.753189	101.867802	0.005867	12.7
1989	-0.090533	101.838555	0.003357	13.6
1990	-0.368002	101.809330	0.004331	10.9
1991	-0.940396	101.780128	0.005943	11.6
1992	-0.669847	101.750948	0.004990	14.7
1993	-1.227615	101.721790	0.009516	11.1
1994	-0.692017	101.692654	0.005508	10.6
1995	-1.147571	101.663541	0.006956	13.0
1996	-0.795893	101.634450	0.006160	11.0
1997	-0.751378	101.605381	0.006557	12.7
1998	-0.380439	101.576335	0.003491	11.2
1999	-0.353944	101.547310	0.004516	12.1
