1:ItNr	2:Metric	3:StepSize	4:||Gradient||	Time[ms]
0	-0.957879	627.201626	0.007981	511.1
1	-0.256978	623.504937	0.003561	9.4
2	-0.424306	619.865785	0.004529	8.9
3	-0.998501	616.282728	0.006316	11.5
4	-0.617896	612.754375	0.005380	9.9
5	-1.013104	609.279381	0.008939	8.9
6	-0.854063	605.856447	0.007604	10.0
7	-0.422271	602.484317	0.005194	11.1
8	-0.797439	599.161779	0.006219	10.1
9	-0.839125	595.887656	0.010488	10.3
10	-0.740093	592.660813	0.005824	9.3
11	-0.236961	589.480151	0.002306	11.6
12	-0.382847	586.344606	0.005046	11.1
13	-0.459537	583.253145	0.005731	9.3
14	-0.446161	580.204771	0.004476	9.6
15	-0.586748	577.198517	0.007473	11.3
16	-0.746882	574.233444	0.008191	9.5
17	-0.902582	571.308645	0.010508	9.9
18	-0.506871	568.423237	0.005212	9.2
19	-0.856294	565.576365	0.007391	12.1
20	-0.177529	562.767201	0.002237	10.0
21	-0.285004	559.994938	0.004170	9.1
22	-0.761514	557.258797	0.008106	9.3
23	-0.860342	554.558018	0.006308	12.5
24	-0.364341	551.891865	0.003721	9.2
25	-1.036585	549.259621	0.006932	8.9
26	-1.143963	546.660592	0.008152	9.8
27	-1.141718	544.094102	0.009127	11.9
28	-0.277773	541.559494	0.003473	9.4
29	-0.981870	539.056129	0.006495	9.9
30	-0.811120	536.583387	0.006277	9.5
31	-0.502454	534.140663	0.006739	13.1
32	-0.972654	531.727370	0.009444	9.4
33	-0.781826	529.342935	0.010562	8.7
34	-1.054054	526.986802	0.009286	13.0
35	-0.411666	524.658430	0.004451	12.4
36	-0.764963	522.357290	0.005970	8.4
37	-1.088418	520.082868	0.008564	9.3
38	-1.073978	517.834665	0.006704	9.1
39	-0.779310	515.612193	0.008324	9.5
40	-0.470875	513.414976	0.005471	9.2
41	-0.928163	511.242551	0.006991	10.0
42	-1.141968	509.094468	0.006634	10.0
43	-0.995447	506.970285	0.007154	9.8
44	-0.603362	504.869574	0.006366	10.0
45	-1.154151	502.791916	0.008049	14.1
46	-0.879498	500.736903	0.007033	15.3
47	-0.297157	498.704137	0.002715	15.4
48	-1.069388	496.693228	0.009555	13.6
49	-1.164954	494.703798	0.008128	15.2
50	-0.019160	492.735476	0.001980	8.5
51	-1.145274	490.787900	0.008592	8.2
52	-1.015511	488.860718	0.009860	8.3
53	-0.493869	486.953585	0.007738	9.1
54	-0.914544	485.066164	0.009489	12.8
55	-0.583096	483.198126	0.003854	9.0
56	-1.077332	481.349149	0.006530	9.0
57	-0.766763	479.518920	0.007536	9.5
58	-1.146047	477.707132	0.009656	12.3
59	-0.832486	475.913485	0.008474	9.4
60	-0.725214	474.137684	0.008311	10.5
61	-1.125503	472.379445	0.008461	11.4
62	-0.734975	470.638485	0.008027	9.5
63	-1.103171	468.914531	0.008464	10.1
64	-0.729065	467.207315	0.008852	9.8
65	-0.754807	465.516573	0.007678	12.4
66	-0.243358	463.842050	0.004443	9.9
67	-0.739356	462.183494	0.004895	8.7
68	-0.754373	460.540658	0.006497	9.8
69	-0.825455	458.913303	0.007142	12.0
70	-0.752009	457.301192	0.006532	10.2
71	-0.930273	455.704096	0.005930	9.8
72	-0.488078	454.121787	0.005648	8.2
73	-0.787904	452.554045	0.008522	11.4
74	-0.728168	451.000653	0.008270	9.8
75	-0.279244	449.461399	0.003456	9.3
76	-0.919648	447.936075	0.007184	10.0
77	-1.029045	446.424477	0.005888	12.5
78	-0.594757	444.926406	0.006253	9.3
79	-0.409511	443.441666	0.002979	10.1
80	-0.560885	441.970065	0.005659	10.0
81	-1.065368	440.511415	0.006489	12.6
82	-0.682390	439.065533	0.006190	8.7
83	-0.975025	437.632238	0.007596	9.9
84	-0.983505	436.211351	0.006755	9.0
85	-1.066939	434.802701	0.008587	11.1
86	-0.206853	433.406117	0.001811	9.7
87	-0.298782	432.021430	0.002342	9.0
88	-1.144476	430.648479	0.006826	9.6
89	-0.256907	429.287101	0.004506	12.2
90	-0.899472	427.937140	0.010135	9.3
91	-0.814183	426.598440	0.006885	10.5
92	-0.634801	425.270849	0.007973	11.1
93	-0.993783	423.954220	0.008207	11.2
94	-1.178594	422.648404	0.009459	9.2
95	-0.185608	421.353259	0.004891	9.0
96	-0.959118	420.068643	0.008160	10.4
97	-1.072271	418.794419	0.009845	17.2
98	-0.519363	417.530451	0.005868	9.5
99	-1.206088	416.276604	0.007092	9.0
100	-0.093973	415.032748	0.001920	9.1
101	-0.754113	413.798754	0.005243	9.9
102	-0.367949	412.574495	0.002734	10.4
103	-0.719744	411.359849	0.008319	10.0
104	-1.019948	410.154691	0.006289	10.5
105	-0.753327	408.958904	0.008417	11.0
106	-0.784765	407.772368	0.007535	9.8
107	-0.847752	406.594968	0.007033	9.1
108	-0.941738	405.426590	0.007671	9.1
109	-0.846905	404.267122	0.007235	10.0
110	-0.279593	403.116456	0.002911	8.6
111	-0.362546	401.974481	0.004036	9.1
112	-1.168783	400.841093	0.007530	8.8
113	-1.117554	399.716187	0.007988	9.9
114	-0.697398	398.599660	0.007244	10.8
115	-0.705619	397.491411	0.007357	8.7
116	-0.254632	396.391342	0.004674	9.5
117	-0.811184	395.299353	0.005310	9.6
118	-0.788620	394.215350	0.008909	13.3
119	-0.863457	393.139238	0.007191	9.6
120	-0.732247	392.070924	0.005902	8.9
121	-0.348718	391.010316	0.004267	9.2
122	-1.182705	389.957325	0.008843	10.4
123	-0.187051	388.911862	0.002789	7.4
124	-0.815827	387.873839	0.005834	9.2
125	-0.933350	386.843173	0.004938	8.7
126	-0.534948	385.819777	0.003293	11.8
127	-0.708589	384.803569	0.005215	8.8
128	-0.559990	383.794468	0.006246	8.9
129	-1.095756	382.792393	0.007840	9.5
130	0.000000	381.797264	0.000000	11.7
131	-0.219180	380.809005	0.003468	8.5
132	0.000000	379.827537	0.000000	9.0
133	-1.012659	378.852786	0.007464	8.3
134	-1.122518	377.884678	0.006126	10.3
135	-1.065519	376.923138	0.007724	8.3
136	-1.096097	375.968095	0.008906	9.0
137	-0.822511	375.019479	0.006941	11.0
138	-1.076034	374.077218	0.008921	10.8
139	-1.030873	373.141244	0.007718	9.4
140	-0.654317	372.211489	0.005442	9.6
141	-1.106883	371.287887	0.008864	10.0
142	-0.607284	370.370370	0.004489	11.7
143	-0.485893	369.458876	0.003839	10.1
144	-1.083080	368.553338	0.006801	10.5
145	-0.884605	367.653696	0.005051	9.7
146	-0.893505	366.759885	0.004615	12.1
147	-0.633935	365.871846	0.007553	9.5
148	-0.916579	364.989518	0.009506	10.0
149	-0.751640	364.112841	0.007137	9.9
150	-0.968377	363.241757	0.006559	12.8
151	-0.633577	362.376208	0.006125	14.6
152	-0.504072	361.516137	0.004069	9.1
153	-0.790937	360.661488	0.007729	11.6
154	-0.771165	359.812206	0.006445	11.7
155	-1.175098	358.968236	0.008197	8.8
156	-0.980922	358.129524	0.007564	9.4
157	-1.082449	357.296018	0.008682	11.5
158	-0.203619	356.467665	0.002619	8.7
159	-0.625142	355.644414	0.007015	8.4
160	-0.852941	354.826213	0.006719	8.9
161	-0.935821	354.013012	0.008817	9.2
162	-0.491555	353.204763	0.005085	11.1
163	-0.962943	352.401415	0.006626	8.6
164	-0.448547	351.602922	0.004767	8.0
165	-0.732302	350.809235	0.006579	8.9
166	-1.159982	350.020308	0.010569	10.6
167	-0.760754	349.236095	0.007325	10.7
168	-0.511082	348.456550	0.005027	11.2
169	-1.170379	347.681627	0.006255	8.6
170	-1.103933	346.911283	0.007859	9.9
171	-1.184599	346.145474	0.008187	9.4
172	-0.573965	345.384157	0.005384	8.8
173	-1.071836	344.627288	0.008233	8.6
174	-0.709567	343.874826	0.007064	10.2
175	-1.238711	343.126729	0.008319	11.1
176	-0.073380	342.382957	0.001360	11.2
177	-1.120178	341.643469	0.006758	9.1
178	-1.107928	340.908224	0.008833	12.7
179	-1.160627	340.177184	0.007042	10.7
180	-1.237082	339.450309	0.007675	8.8
181	-0.761630	338.727561	0.005113	8.6
182	-0.607956	338.008902	0.006313	9.7
183	-0.708294	337.294295	0.007408	9.5
184	-0.616607	336.583703	0.005738	9.0
185	-1.266906	335.877089	0.008607	8.2
186	-0.170387	335.174416	0.001825	8.9
187	-0.942742	334.475651	0.006550	11.7
188	-0.994378	333.780756	0.009540	10.8
189	-1.013850	333.089698	0.006455	9.2
190	-1.053760	332.402443	0.005515	10.1
191	-1.064954	331.718955	0.006928	8.6
192	-1.099848	331.039203	0.007624	8.7
193	-0.270388	330.363153	0.002654	8.4
194	-0.992090	329.690771	0.009069	9.4
195	-1.155780	329.022027	0.006713	15.9
196	-0.760213	328.356888	0.005772	14.0
197	-0.740187	327.695322	0.004948	15.4
198	-0.032897	327.037299	0.003337	14.3
199	-0.580505	326.382787	0.005509	14.2
200	-0.714491	325.731758	0.006110	18.8
201	-0.536598	325.084179	0.006914	10.4
202	-1.039364	324.440023	0.007400	10.3
203	-0.552837	323.799258	0.005987	8.4
204	-1.069566	323.161858	0.006445	10.9
205	-0.845491	322.527792	0.007176	8.4
206	-0.671335	321.897034	0.005315	8.0
207	-1.189779	321.269554	0.008673	8.9
208	-1.033757	320.645325	0.009095	9.0
209	-0.580446	320.024320	0.005591	11.9
210	-1.022676	319.406512	0.007638	15.0
211	-1.156028	318.791875	0.006905	12.9
212	-1.183261	318.180381	0.007088	12.9
213	-0.326598	317.572005	0.002876	14.9
214	-1.223748	316.966721	0.007676	12.7
215	-0.778668	316.364504	0.004558	12.3
216	-1.066267	315.765329	0.005320	13.8
217	-0.781326	315.169170	0.009133	12.6
218	-0.561955	314.576003	0.005856	12.4
219	-0.734444	313.985804	0.006486	13.8
220	-1.235084	313.398548	0.007443	8.8
221	-0.963906	312.814213	0.010371	8.7
222	-1.237575	312.232773	0.007441	7.9
223	-0.928076	311.654207	0.006192	9.2
224	-0.047067	311.078491	0.001746	10.8
225	-0.654929	310.505602	0.004079	8.7
226	-0.801198	309.935518	0.007488	9.4
227	-0.936846	309.368217	0.007036	8.9
228	-0.950337	308.803676	0.007198	11.2
229	-0.698476	308.241874	0.005212	8.9
230	-0.982923	307.682789	0.005996	8.1
231	-0.854648	307.126400	0.007889	8.5
232	-0.405030	306.572687	0.004891	8.5
233	-0.513249	306.021627	0.005425	11.4
234	-0.452330	305.473201	0.004431	8.9
235	-0.192811	304.927388	0.003404	8.4
236	-1.151665	304.384168	0.006177	10.9
237	-0.855604	303.843521	0.007048	12.4
238	-1.232579	303.305427	0.008849	9.3
239	-0.534588	302.769867	0.006181	10.6
240	-1.027074	302.236821	0.007467	12.3
241	-1.072840	301.706270	0.005951	9.4
242	-0.681872	301.178196	0.005529	9.7
243	-0.977955	300.652580	0.007220	9.6
244	-0.973740	300.129402	0.009323	10.7
245	-0.560604	299.608645	0.004275	10.3
246	-1.003815	299.090291	0.006855	9.7
247	-0.841899	298.574321	0.006047	9.8
248	-0.888693	298.060718	0.008263	10.7
249	-0.705889	297.549465	0.006433	8.9
250	-0.675614	297.040543	0.005487	9.7
251	-0.741573	296.533936	0.006920	9.9
252	-1.007794	296.029626	0.005906	10.6
253	-0.842322	295.527597	0.005219	8.4
254	-1.246831	295.027832	0.005700	9.3
255	-1.183199	294.530315	0.009022	9.7
256	-0.661925	294.035028	0.007703	10.2
257	-1.212062	293.541956	0.008017	10.0
258	-1.041226	293.051083	0.008033	9.4
259	-0.040419	292.562393	0.001511	10.7
260	-0.892541	292.075870	0.005457	11.2
261	-1.139535	291.591498	0.009809	9.4
262	-1.031777	291.109263	0.007429	10.5
263	-0.425336	290.629149	0.003896	8.7
264	-0.335603	290.151140	0.008995	11.9
265	-0.185080	289.675222	0.003594	10.8
266	-1.067275	289.201380	0.007009	9.7
267	-0.040739	288.729600	0.001878	9.4
268	-0.913884	288.259866	0.007005	10.7
269	-1.230646	287.792165	0.010588	9.0
270	-1.082835	287.326481	0.006010	9.4
271	-0.755126	286.862802	0.005844	14.3
272	-0.999231	286.401113	0.010494	12.0
273	-0.685253	285.941400	0.005517	13.0
274	-0.721408	285.483649	0.005441	9.2
275	-0.744939	285.027847	0.006195	8.6
276	-0.647902	284.573981	0.007000	11.6
277	-0.818911	284.122037	0.005532	9.4
278	-0.759107	283.672002	0.004909	9.3
279	-1.175127	283.223863	0.008077	9.3
280	-0.515467	282.777607	0.004244	9.9
281	-0.513649	282.333221	0.003375	9.6
282	-0.564937	281.890692	0.006703	8.6
283	-1.044582	281.450008	0.007568	8.5
284	-0.715953	281.011157	0.004753	9.4
285	-0.779686	280.574125	0.007185	10.3
286	-0.480327	280.138901	0.004153	9.1
287	-0.867602	279.705473	0.007167	11.9
288	-0.742370	279.273829	0.004748	11.2
289	-0.768000	278.843956	0.006245	8.7
290	-0.677455	278.415844	0.006988	8.8
291	-0.696172	277.989479	0.006675	9.2
292	-0.727099	277.564851	0.004581	9.4
293	-0.868797	277.141949	0.008261	9.6
294	-0.669513	276.720761	0.007131	8.9
295	-0.642117	276.301275	0.005174	7.7
296	-0.941353	275.883480	0.010214	8.8
297	-0.579374	275.467366	0.005642	10.8
298	-1.067309	275.052922	0.005442	8.8
299	-1.094518	274.640136	0.006621	9.0
300	-1.183557	274.228998	0.009522	8.4
301	-0.032277	273.819497	0.001451	8.8
302	-0.821934	273.411623	0.006561	10.8
303	-0.723427	273.005365	0.005677	7.9
304	-1.081347	272.600712	0.006967	9.2
305	-1.248128	272.197655	0.008365	8.8
306	-1.058799	271.796184	0.009353	11.0
307	-1.114906	271.396287	0.007160	8.9
308	-0.179069	270.997956	0.002513	9.1
309	-0.164546	270.601180	0.002098	8.4
310	-1.159603	270.205949	0.006137	9.0
311	-0.269173	269.812254	0.003007	10.9
312	-1.202876	269.420085	0.008341	9.0
313	-1.110448	269.029432	0.008687	9.0
314	-1.161254	268.640287	0.006995	10.8
315	-0.309188	268.252638	0.004930	9.7
316	-0.305792	267.866478	0.002497	8.2
317	-1.259041	267.481796	0.007593	8.7
318	-1.090187	267.098584	0.007449	8.9
319	-1.001232	266.716833	0.007746	11.7
320	-0.451413	266.336533	0.002825	8.2
321	-1.225874	265.957676	0.005343	10.3
322	-0.786038	265.580253	0.005988	8.8
323	-0.399484	265.204254	0.004019	13.3
324	-0.703991	264.829672	0.006641	9.8
325	-0.795923	264.456497	0.006027	10.2
326	-0.968320	264.084721	0.007604	10.5
327	-0.834817	263.714335	0.007383	10.5
328	-0.056193	263.345332	0.001216	8.4
329	-0.697128	262.977702	0.005376	9.4
330	-1.099051	262.611438	0.007796	11.5
331	-1.006716	262.246531	0.007473	9.4
332	-1.091511	261.882973	0.006203	9.2
333	-0.558493	261.520756	0.005727	8.1
334	-0.600801	261.159871	0.005527	9.4
335	-0.683174	260.800312	0.006245	11.3
336	-1.130613	260.442070	0.008390	10.4
337	-0.792324	260.085137	0.005101	10.1
338	-0.586625	259.729505	0.006175	11.0
339	-1.229387	259.375167	0.008090	9.5
340	-0.994766	259.022116	0.006502	9.1
341	-0.887979	258.670343	0.006520	7.8
342	-0.073314	258.319841	0.001838	9.7
343	-0.313230	257.970602	0.003228	12.8
344	-0.269334	257.622620	0.001906	9.3
345	-0.539658	257.275887	0.003719	9.5
346	-1.132826	256.930396	0.007507	11.2
347	-1.216889	256.586139	0.007159	10.6
348	-0.429538	256.243109	0.003882	9.6
349	-1.165893	255.901300	0.005532	9.9
350	-1.159032	255.560703	0.007558	11.7
351	-0.211420	255.221313	0.003615	8.5
352	-1.151868	254.883122	0.006621	9.4
353	-1.054962	254.546124	0.005954	9.9
354	-0.177778	254.210311	0.001988	11.0
355	-1.249957	253.875677	0.007754	9.3
356	-0.790086	253.542215	0.006403	10.4
357	-0.981944	253.209918	0.006318	9.3
358	-1.037988	252.878781	0.006256	10.6
359	-0.891308	252.548795	0.006894	9.5
360	-1.145005	252.219956	0.007612	10.1
361	-0.430920	251.892255	0.004005	8.3
362	-0.316334	251.565688	0.003140	12.8
363	-0.807025	251.240247	0.007699	9.4
364	-0.822635	250.915926	0.005046	9.5
365	-0.990374	250.592720	0.006879	10.2
366	-0.934598	250.270621	0.006581	13.0
367	-0.937500	249.949624	0.004846	8.8
368	-0.457012	249.629723	0.004721	9.0
369	-0.717045	249.310911	0.007492	9.3
370	-0.792870	248.993182	0.005850	9.0
371	-0.973348	248.676531	0.006917	10.7
372	-0.859602	248.360952	0.008089	8.7
373	-1.062690	248.046438	0.007780	9.1
374	-0.881298	247.732984	0.006062	9.6
375	-1.163683	247.420584	0.006012	10.4
376	-0.702589	247.109233	0.007817	8.5
377	-0.639096	246.798924	0.005806	8.2
378	-0.216444	246.489652	0.001712	10.1
379	-0.721574	246.181412	0.004452	13.0
380	-0.822815	245.874197	0.007043	11.1
381	-1.098639	245.568002	0.007549	8.8
382	-0.783904	245.262822	0.005714	10.9
383	-0.705258	244.958652	0.005322	9.0
384	-0.792214	244.655485	0.004967	9.9
385	-1.172723	244.353317	0.006448	12.3
386	-0.653813	244.052142	0.004969	15.5
387	-0.732650	243.751955	0.007738	13.3
388	-0.246685	243.452750	0.003805	12.5
389	-0.655103	243.154523	0.005926	15.2
390	-1.049983	242.857268	0.006652	13.1
391	-1.144124	242.560980	0.006753	13.0
392	-1.097872	242.265654	0.007847	13.4
393	-0.734056	241.971285	0.005876	13.7
394	-0.643338	241.677868	0.006586	10.7
395	-0.809829	241.385397	0.007461	13.2
396	-1.181725	241.093869	0.009729	17.8
397	-0.977795	240.803278	0.007767	11.8
398	-0.206176	240.513619	0.004153	15.3
399	-1.270381	240.224887	0.007566	7.9
400	-0.000000	239.937077	0.000000	8.9
401	-1.127417	239.650186	0.009158	8.6
402	-1.163472	239.364207	0.007048	10.0
403	-0.805126	239.079136	0.006345	9.8
404	-1.069791	238.794969	0.010106	8.5
405	-0.492161	238.511701	0.004913	8.7
406	-1.181898	238.229327	0.006137	8.4
407	-0.788002	237.947843	0.007605	11.8
408	-1.104367	237.667244	0.008861	9.1
409	-0.406335	237.387526	0.003166	8.6
410	-0.603850	237.108684	0.004557	9.1
411	-0.463875	236.830714	0.005264	11.5
412	-0.757046	236.553610	0.005058	9.1
413	-0.366737	236.277370	0.004054	9.0
414	-0.471316	236.001989	0.003472	7.6
415	-0.885579	235.727461	0.005630	11.6
416	-1.041411	235.453784	0.006435	8.2
417	-0.916356	235.180952	0.006481	9.2
418	-0.772736	234.908962	0.004802	8.7
419	-0.670222	234.637809	0.006356	10.5
420	-1.008791	234.367488	0.006777	9.8
421	-0.540221	234.097997	0.003794	10.5
422	-1.113952	233.829331	0.006978	10.0
423	-0.997643	233.561485	0.006559	11.1
424	-0.050477	233.294456	0.001821	9.3
425	-1.148922	233.028239	0.008697	10.2
426	-1.082741	232.762831	0.006574	9.2
427	-0.732162	232.498228	0.004962	10.1
428	-0.628562	232.234425	0.005883	10.0
429	-1.062847	231.971419	0.007133	10.0
430	-0.324344	231.709205	0.005363	9.4
431	-0.599437	231.447781	0.005414	12.1
432	-1.218926	231.187141	0.007813	10.5
433	-1.113981	230.927283	0.005780	9.3
434	-1.055646	230.668202	0.007437	9.1
435	-0.833657	230.409895	0.006475	13.1
436	-0.323856	230.152358	0.003571	9.2
437	-0.846230	229.895587	0.005561	9.3
438	-0.663258	229.639578	0.006335	9.1
439	-1.151056	229.384329	0.006644	10.4
440	-0.445944	229.129834	0.005827	10.1
441	-1.046916	228.876091	0.007112	8.8
442	-0.843080	228.623096	0.007298	9.0
443	-1.228857	228.370846	0.006590	9.4
444	-0.962891	228.119336	0.005732	11.2
445	-0.612533	227.868563	0.005347	9.1
446	-1.149798	227.618525	0.007363	8.1
447	-1.105868	227.369216	0.004888	8.8
448	-0.136454	227.120635	0.001868	11.9
449	-1.069703	226.872777	0.007746	8.1
450	-0.865494	226.625638	0.006212	9.4
451	-0.928968	226.379217	0.005645	8.9
452	-0.991496	226.133509	0.007718	11.3
453	-0.412792	225.888510	0.004215	8.8
454	-0.943328	225.644218	0.007793	8.8
455	-0.527785	225.400630	0.005636	8.9
456	-1.268283	225.157741	0.010259	12.5
457	-1.106670	224.915549	0.008587	9.7
458	-1.227649	224.674051	0.008015	10.5
459	-1.156552	224.433242	0.007806	9.9
460	-1.122324	224.193121	0.007212	10.6
461	-0.267433	223.953684	0.005011	9.3
462	-0.706080	223.714927	0.007836	10.7
463	-1.066817	223.476848	0.009155	11.1
464	-1.264711	223.239444	0.007330	9.3
465	-0.437953	223.002710	0.003548	9.9
466	-0.735441	222.766645	0.005365	9.4
467	-0.581578	222.531245	0.005951	10.8
468	-1.116588	222.296508	0.007597	8.7
469	-0.861310	222.062429	0.007713	9.8
470	-0.761349	221.829007	0.005919	9.3
471	-0.883972	221.596238	0.007713	11.5
472	-1.018748	221.364119	0.007196	10.1
473	-0.962117	221.132647	0.005905	8.9
474	-1.007456	220.901820	0.006708	9.5
475	-0.765334	220.671634	0.005410	11.0
476	-1.071426	220.442086	0.007524	9.6
477	-0.168088	220.213174	0.003169	9.5
478	-0.707640	219.984895	0.004433	8.7
479	-1.080667	219.757246	0.005514	12.0
480	-1.153633	219.530224	0.006971	11.1
481	-1.153109	219.303826	0.006355	8.8
482	-1.197862	219.078050	0.009965	9.7
483	-0.707558	218.852893	0.004737	11.6
484	-0.785129	218.628352	0.006501	8.7
485	-1.081260	218.404424	0.005762	9.7
486	-0.002225	218.181106	0.001658	8.4
487	-1.176581	217.958397	0.006805	10.1
488	-0.850281	217.736292	0.008191	9.9
489	-0.987572	217.514790	0.007429	9.1
490	-1.260996	217.293888	0.007620	9.5
491	-1.237475	217.073584	0.007024	8.8
492	-1.186297	216.853873	0.006388	12.2
493	-0.634622	216.634755	0.006496	9.4
494	-1.168753	216.416227	0.008018	8.3
495	-0.741624	216.198285	0.006184	9.5
496	-0.132166	215.980927	0.001737	10.4
497	-0.541901	215.764151	0.004971	8.6
498	-0.575811	215.547955	0.003415	9.3
499	-0.656996	215.332335	0.006341	10.2
500	-0.582476	215.117289	0.006147	9.7
501	-0.812117	214.902815	0.007232	9.4
502	-0.533109	214.688911	0.005395	11.2
503	-0.696275	214.475573	0.004927	12.2
504	-0.626791	214.262800	0.005882	10.3
505	-0.687114	214.050588	0.007105	9.8
506	-1.280678	213.838936	0.006225	9.6
507	-1.245934	213.627842	0.008268	12.2
508	-1.130858	213.417302	0.007414	8.2
509	-0.011541	213.207314	0.001271	9.0
510	-1.116373	212.997877	0.008792	8.5
511	-1.117778	212.788987	0.006479	9.0
512	-1.110536	212.580642	0.005482	12.2
513	-0.358791	212.372841	0.004806	8.5
514	-1.141259	212.165581	0.008234	8.5
515	-1.069048	211.958859	0.007256	9.0
516	-0.619373	211.752673	0.006447	12.1
517	-0.932198	211.547021	0.005872	9.6
518	-1.114405	211.341902	0.006010	10.3
519	-0.093931	211.137311	0.002326	11.6
520	-0.924141	210.933248	0.005724	9.5
521	-0.329047	210.729710	0.002560	9.7
522	-0.652145	210.526695	0.003358	9.7
523	-1.042444	210.324200	0.007315	11.9
524	-0.585637	210.122224	0.003886	10.9
525	-0.751322	209.920765	0.004246	8.4
526	-0.430406	209.719820	0.004792	8.9
527	-0.358143	209.519387	0.005916	9.4
528	-0.154795	209.319463	0.002397	10.6
529	-1.081567	209.120048	0.008855	8.8
530	-0.872092	208.921139	0.006817	9.0
531	-0.768925	208.722733	0.007378	10.0
532	-0.516785	208.524829	0.005202	9.0
533	-1.098645	208.327425	0.006457	8.9
534	-1.149259	208.130518	0.008137	9.0
535	-1.103994	207.934107	0.006256	10.3
536	-1.224216	207.738189	0.005915	11.4
537	-0.184573	207.542762	0.001894	9.5
538	-0.042295	207.347825	0.001399	13.8
539	-1.137369	207.153376	0.007417	16.6
540	-0.666537	206.959412	0.005264	13.7
541	-1.002470	206.765932	0.007157	13.3
542	-1.101420	206.572933	0.004968	16.1
543	-0.822424	206.380414	0.005439	10.6
544	-0.793727	206.188373	0.005702	12.4
545	-0.738122	205.996807	0.007082	9.1
546	-0.755172	205.805716	0.004190	11.3
547	-0.494618	205.615096	0.005296	9.4
548	-0.803919	205.424946	0.005171	8.2
549	-1.156090	205.235265	0.006791	8.5
550	-1.012847	205.046050	0.007162	9.7
551	-0.424723	204.857299	0.002745	9.7
552	-0.579524	204.669011	0.006732	8.3
553	-1.070950	204.481184	0.006901	8.9
554	-0.851981	204.293816	0.006478	9.1
555	-0.947554	204.106905	0.005801	11.0
556	-1.144337	203.920449	0.006652	9.0
557	-0.794707	203.734447	0.007336	9.2
558	-0.722958	203.548896	0.005841	10.0
559	-1.110882	203.363795	0.006288	11.2
560	-1.182933	203.179143	0.010099	9.8
561	-0.359427	202.994937	0.003619	10.3
562	-0.730438	202.811176	0.007225	12.2
563	-0.855398	202.627857	0.006309	9.5
564	-0.635148	202.444980	0.005926	10.8
565	-1.278913	202.262543	0.008306	10.6
566	-0.888693	202.080543	0.007207	11.6
567	-0.107706	201.898979	0.001312	9.0
568	-0.598855	201.717849	0.005371	8.8
569	-1.144582	201.537153	0.007291	8.5
570	-1.010199	201.356887	0.007803	8.6
571	-0.818719	201.177050	0.005562	10.4
572	-0.531532	200.997642	0.003793	9.0
573	-1.090906	200.818659	0.010756	9.1
574	-0.662659	200.640100	0.007163	10.9
575	-1.129202	200.461965	0.006560	9.7
576	-1.089814	200.284250	0.007850	8.2
577	-1.093316	200.106955	0.005937	9.1
578	-1.109675	199.930078	0.006115	9.1
579	-0.893989	199.753617	0.005758	10.5
580	-0.167707	199.577571	0.003957	8.2
581	-1.043359	199.401938	0.006657	8.9
582	-0.275719	199.226717	0.002556	8.8
583	-1.009264	199.051905	0.008274	11.0
584	-0.799158	198.877502	0.006876	9.4
585	-1.250784	198.703506	0.009656	8.5
586	-0.072017	198.529916	0.003186	8.9
587	-1.129436	198.356729	0.005618	10.6
588	-1.186190	198.183944	0.008094	8.2
589	-1.104853	198.011560	0.005564	8.5
590	-0.925180	197.839576	0.007222	9.0
591	-0.181321	197.667989	0.003660	11.3
592	-0.892342	197.496798	0.006935	9.8
593	-0.683998	197.326002	0.006729	9.5
594	-1.024535	197.155600	0.008135	10.4
595	-0.682350	196.985589	0.006184	11.0
596	-0.859723	196.815969	0.006390	9.2
597	-1.105713	196.646738	0.007881	9.3
598	-1.016906	196.477894	0.006029	9.6
599	-0.952527	196.309436	0.005284	10.2
600	-1.155985	196.141363	0.010003	9.2
601	-0.582255	195.973673	0.005139	9.3
602	-0.700034	195.806365	0.005771	9.9
603	-1.154055	195.639437	0.005173	10.8
604	-0.927233	195.472888	0.006725	9.1
605	-0.769669	195.306717	0.004673	8.9
606	-0.174154	195.140922	0.001620	9.1
607	-0.647080	194.975501	0.005901	13.4
608	-1.007874	194.810454	0.008180	9.4
609	-0.776711	194.645779	0.005104	9.3
610	-1.064674	194.481475	0.010869	10.3
611	-1.244134	194.317540	0.007189	11.4
612	-0.336912	194.153973	0.004586	9.1
613	-1.069821	193.990773	0.006884	9.9
614	-1.128179	193.827938	0.009033	9.0
615	-0.321068	193.665467	0.003800	12.2
616	-0.649275	193.503358	0.006104	9.8
617	-1.224460	193.341611	0.005927	10.6
618	-0.603770	193.180224	0.005194	9.3
619	-0.051661	193.019196	0.002642	10.7
620	-0.857807	192.858525	0.007170	10.6
621	-1.024303	192.698210	0.007257	9.2
622	-0.881612	192.538251	0.008439	9.2
623	-0.465181	192.378644	0.004426	12.0
624	-0.725400	192.219391	0.007337	9.7
625	-1.139870	192.060488	0.006494	9.2
626	-0.127145	191.901935	0.003688	9.3
627	-1.105671	191.743730	0.008494	11.7
628	-1.007699	191.585873	0.008172	7.7
629	-1.047037	191.428362	0.006832	10.3
630	-0.473320	191.271196	0.005029	9.9
631	-0.960345	191.114374	0.007045	9.7
632	-0.899381	190.957893	0.006324	11.8
633	-0.502511	190.801755	0.004623	10.0
634	-0.784141	190.645956	0.005975	9.3
635	-0.367919	190.490495	0.006295	13.0
636	-0.658740	190.335373	0.004431	9.4
637	-0.857687	190.180587	0.006971	10.7
638	-0.351579	190.026136	0.002676	9.2
639	-0.432490	189.872019	0.005070	11.1
640	-1.190856	189.718235	0.008571	9.7
641	-0.715219	189.564782	0.005294	10.9
642	-1.076128	189.411661	0.006442	10.3
643	-0.873624	189.258868	0.006687	11.5
644	-0.913392	189.106404	0.008635	9.8
645	-1.032438	188.954267	0.005375	9.3
646	-0.318966	188.802456	0.004666	8.1
647	-1.228959	188.650969	0.007680	10.3
648	-1.205713	188.499807	0.006912	16.2
649	-0.297498	188.348967	0.002864	12.7
650	-0.054521	188.198448	0.001489	11.2
651	-0.913670	188.048250	0.007609	13.5
652	-1.196913	187.898371	0.008463	10.0
653	-1.128293	187.748810	0.008171	9.7
654	-0.314617	187.599566	0.003814	10.5
655	-1.067193	187.450638	0.006701	9.7
656	-0.329531	187.302025	0.003885	9.4
657	-0.899894	187.153725	0.006214	9.6
658	-0.825532	187.005739	0.007514	12.7
659	-0.903747	186.858064	0.007501	8.6
660	-0.529618	186.710699	0.004944	8.6
661	-0.669890	186.563645	0.005878	8.2
662	-0.751007	186.416898	0.004617	9.5
663	-1.186458	186.270459	0.010012	10.6
664	-0.922616	186.124326	0.006114	8.4
665	-1.211802	185.978499	0.008405	9.2
666	-0.354779	185.832976	0.004084	7.7
667	-1.051883	185.687756	0.008800	10.9
668	-0.739617	185.542838	0.006135	8.5
669	-0.620383	185.398222	0.004882	8.2
670	-1.071075	185.253906	0.007913	8.8
671	-1.071219	185.109889	0.007464	8.9
672	-0.845445	184.966170	0.006316	11.0
673	-0.583031	184.822748	0.004472	9.5
674	-0.973676	184.679623	0.004909	9.0
675	-1.221958	184.536792	0.007372	8.8
676	-1.023849	184.394256	0.009241	10.2
677	-0.973831	184.252013	0.006553	8.5
678	-1.021398	184.110062	0.007740	8.9
679	-0.582297	183.968403	0.009156	9.9
680	-0.077363	183.827034	0.001659	10.1
681	-1.149378	183.685954	0.009469	9.0
682	-1.148961	183.545163	0.007838	8.9
683	-1.199891	183.404658	0.006159	8.8
684	-1.086692	183.264441	0.008674	12.0
685	-0.976607	183.124509	0.004715	9.0
686	-0.419490	182.984861	0.005825	7.3
687	-0.646926	182.845497	0.005083	9.5
688	-0.288930	182.706416	0.004078	9.2
689	-1.259229	182.567616	0.007325	11.6
690	-1.071962	182.429098	0.008620	9.1
691	-0.719734	182.290859	0.007800	8.9
692	-1.073972	182.152899	0.006178	9.4
693	-1.052068	182.015217	0.006342	10.5
694	-1.127544	181.877813	0.006169	15.6
695	-0.627227	181.740684	0.005753	15.0
696	-0.999957	181.603832	0.008437	15.1
697	-0.860611	181.467253	0.006890	15.1
698	-1.176554	181.330948	0.006995	17.5
699	-1.120048	181.194916	0.007120	14.7
700	-0.911758	181.059155	0.005421	13.3
701	-0.214861	180.923666	0.003052	14.5
702	-0.324959	180.788446	0.003593	12.8
703	-0.135214	180.653496	0.002809	13.1
704	-1.225290	180.518814	0.007471	14.8
705	-0.954591	180.384399	0.007331	12.8
706	-0.886829	180.250251	0.006514	13.6
707	-1.064063	180.116369	0.005448	21.5
708	-0.268670	179.982752	0.006016	11.8
709	-0.689202	179.849398	0.006966	11.3
710	-0.762386	179.716308	0.005932	11.0
711	-1.124318	179.583480	0.008338	11.5
712	-0.706662	179.450913	0.003061	8.9
713	-1.212013	179.318607	0.006204	9.0
714	-0.944169	179.186561	0.006194	8.6
715	-0.698891	179.054774	0.006481	10.4
716	-0.913502	178.923245	0.004355	9.1
717	-0.774296	178.791973	0.005576	8.3
718	-1.048112	178.660958	0.007421	8.7
719	-0.239232	178.530199	0.003297	11.2
720	-0.723888	178.399694	0.005774	8.9
721	-0.105404	178.269444	0.001786	9.4
722	-0.947180	178.139447	0.007898	9.3
723	-0.871653	178.009702	0.006040	11.5
724	-0.997348	177.880209	0.005646	9.8
725	-1.179145	177.750967	0.006395	9.4
726	-1.220964	177.621975	0.006747	9.0
727	-0.820289	177.493232	0.009872	10.7
728	-0.725444	177.364738	0.005653	9.2
729	-1.108829	177.236492	0.005954	9.1
730	-0.877421	177.108492	0.006324	8.8
731	-0.829019	176.980739	0.007542	11.4
732	-1.163839	176.853231	0.007230	8.2
733	-1.258378	176.725968	0.006681	8.8
734	-0.605245	176.598949	0.003670	9.0
735	-0.853056	176.472173	0.007905	11.7
736	-0.961286	176.345639	0.004735	9.5
737	-1.113208	176.219348	0.009140	9.0
738	-1.149930	176.093296	0.006840	9.6
739	-0.432051	175.967486	0.004817	9.4
740	-1.210750	175.841914	0.006350	9.8
741	-0.753071	175.716581	0.006385	8.3
742	-0.414680	175.591486	0.005172	9.3
743	-1.172426	175.466629	0.006847	8.7
744	-1.097118	175.342008	0.006656	11.7
745	-1.115814	175.217622	0.006591	8.4
746	-0.065349	175.093472	0.003987	10.2
747	-0.932406	174.969556	0.006625	8.9
748	-1.260357	174.845873	0.006107	11.9
749	-0.381975	174.722423	0.004445	12.8
750	-1.087941	174.599206	0.005913	14.0
751	-1.196711	174.476220	0.007185	14.0
752	-0.875541	174.353464	0.007262	9.5
753	-1.101296	174.230939	0.008659	8.9
754	-0.827791	174.108643	0.005204	8.9
755	-0.198974	173.986576	0.001877	10.1
756	-1.148552	173.864737	0.008452	9.1
757	-0.335019	173.743124	0.003484	9.1
758	-0.924471	173.621739	0.005609	9.6
759	-0.502787	173.500579	0.003719	10.4
760	-1.058218	173.379645	0.008892	9.2
761	-0.671524	173.258935	0.005987	10.2
762	-0.477786	173.138449	0.003262	10.9
763	-0.816635	173.018186	0.006124	9.5
764	-0.958832	172.898146	0.006217	9.9
765	-0.677626	172.778327	0.004266	12.7
766	-1.060434	172.658730	0.005190	11.5
767	-0.971466	172.539353	0.005520	8.4
768	-1.062051	172.420196	0.005331	10.4
769	-0.971970	172.301258	0.008327	9.0
770	-1.216682	172.182539	0.006614	9.9
771	-0.901827	172.064037	0.007756	10.0
772	-0.660170	171.945753	0.008614	9.5
773	-0.844381	171.827686	0.006839	9.4
774	-1.069310	171.709834	0.005661	11.8
775	-0.119254	171.592198	0.001958	9.2
776	-0.570398	171.474776	0.003912	9.9
777	-0.959430	171.357568	0.007914	10.2
778	-0.286958	171.240574	0.003154	12.7
779	-0.713737	171.123793	0.005969	9.0
780	-0.709963	171.007223	0.007614	9.6
781	-0.581810	170.890865	0.007476	9.6
782	-0.916562	170.774718	0.005441	11.7
783	-1.174615	170.658782	0.006017	10.3
784	-0.969324	170.543055	0.006023	11.3
785	-1.068166	170.427537	0.007791	17.6
786	-1.180788	170.312227	0.007077	11.4
787	-0.376002	170.197125	0.003055	9.4
788	-1.147802	170.082231	0.006853	10.5
789	-1.104309	169.967543	0.007418	12.0
790	-1.093958	169.853061	0.006438	9.8
791	-0.796256	169.738784	0.007604	11.1
792	-0.707830	169.624713	0.003978	9.3
793	-0.337341	169.510845	0.003514	12.5
794	-1.024805	169.397181	0.007056	9.8
795	-0.333092	169.283720	0.003033	9.8
796	-0.691477	169.170462	0.004056	9.3
797	-1.197965	169.057405	0.007947	13.2
798	-0.700945	168.944549	0.005484	9.9
799	-0.782378	168.831895	0.007336	9.0
800	-0.867045	168.719440	0.005479	10.2
801	-0.657382	168.607185	0.005599	11.6
802	-1.223248	168.495129	0.006532	9.3
803	-1.112022	168.383271	0.006560	9.3
804	-1.094006	168.271611	0.005770	10.5
805	-1.205479	168.160148	0.006438	11.1
806	-0.819851	168.048882	0.006556	9.8
807	-0.997812	167.937812	0.006095	9.3
808	-0.678358	167.826938	0.006265	9.4
809	-1.006256	167.716258	0.005513	15.0
810	-1.064218	167.605773	0.005543	14.5
811	-0.165289	167.495482	0.005651	15.9
812	-0.854300	167.385384	0.007221	12.8
813	-0.708487	167.275479	0.004165	8.7
814	-0.708214	167.165766	0.007096	8.3
815	-1.152099	167.056245	0.006660	10.6
816	-1.121905	166.946915	0.005136	11.2
817	-1.040778	166.837776	0.006676	9.7
818	-0.845164	166.728826	0.007369	10.6
819	-0.740750	166.620067	0.005451	9.6
820	-1.117422	166.511496	0.006037	11.1
821	-1.190750	166.403113	0.006252	10.2
822	-0.119822	166.294919	0.003311	8.8
823	-0.833412	166.186912	0.006681	8.6
824	-1.188408	166.079091	0.007762	9.7
825	-1.197647	165.971458	0.008334	9.5
826	-1.287137	165.864009	0.009492	8.6
827	-0.883964	165.756747	0.007695	10.7
828	-0.754351	165.649669	0.008309	10.0
829	-1.042862	165.542775	0.005808	9.2
830	-0.774054	165.436065	0.006201	8.9
831	-1.068431	165.329538	0.006499	9.0
832	-1.257246	165.223194	0.007682	9.1
833	-0.414220	165.117032	0.003678	11.5
834	-0.745894	165.011052	0.006412	8.5
835	-0.640423	164.905253	0.004842	8.4
836	-1.193453	164.799635	0.005841	11.8
837	-1.104527	164.694197	0.008105	10.5
838	-1.027015	164.588939	0.006064	11.8
839	-1.175155	164.483859	0.005927	9.3
840	-0.103195	164.378959	0.003322	11.7
841	-0.290514	164.274237	0.005760	10.9
842	-1.006251	164.169692	0.007227	10.4
843	-0.090268	164.065325	0.003714	8.9
844	-1.217392	163.961135	0.006009	12.7
845	-0.856397	163.857120	0.008405	9.4
846	-0.887066	163.753282	0.004965	9.4
847	-0.523430	163.649619	0.005050	8.1
848	-0.789112	163.546130	0.004872	11.2
849	-0.004604	163.442816	0.000297	9.4
850	-1.261729	163.339676	0.007215	9.5
851	-0.691637	163.236709	0.007265	8.4
852	-0.857464	163.133915	0.005449	9.9
853	-0.388873	163.031294	0.003965	10.6
854	-0.953697	162.928844	0.005356	9.3
855	-0.729283	162.826566	0.005509	9.6
856	-0.840929	162.724459	0.005467	9.9
857	-1.059694	162.622523	0.008324	10.0
858	-1.040200	162.520757	0.004742	9.0
859	-0.786668	162.419160	0.005859	8.6
860	-0.053851	162.317733	0.001055	10.7
861	-0.043975	162.216474	0.000749	9.5
862	-0.962175	162.115383	0.005412	9.2
863	-0.651535	162.014461	0.006482	9.0
864	-0.603357	161.913705	0.004742	11.5
865	-0.896227	161.813117	0.006191	12.4
866	-0.080529	161.712695	0.002199	15.0
867	-0.126736	161.612439	0.002114	11.9
868	-0.127418	161.512349	0.002761	8.6
869	-1.001920	161.412424	0.007544	8.7
870	-1.034063	161.312663	0.005144	9.2
871	-0.977688	161.213067	0.006845	9.1
872	-1.161726	161.113635	0.008447	10.8
873	-0.996877	161.014366	0.005239	8.3
874	-0.512870	160.915260	0.004024	9.3
875	-0.970276	160.816316	0.005071	9.1
876	-0.426145	160.717535	0.005311	9.7
877	-1.249520	160.618915	0.007246	8.6
878	-1.040678	160.520456	0.007158	8.3
879	-0.618036	160.422158	0.003800	10.1
880	-0.371144	160.324021	0.004445	11.1
881	-0.603892	160.226043	0.004276	8.1
882	-0.389615	160.128225	0.004060	8.1
883	-1.180979	160.030566	0.007248	9.1
884	-1.052492	159.933066	0.007527	11.2
885	-1.121582	159.835723	0.006418	9.1
886	-0.898300	159.738539	0.008230	9.2
887	-0.891064	159.641512	0.005229	7.8
888	-0.918336	159.544642	0.006006	10.2
889	-1.048672	159.447929	0.005176	10.7
890	-1.195182	159.351372	0.007391	8.4
891	-0.743160	159.254971	0.005660	8.5
892	-0.815728	159.158725	0.008120	9.5
893	-1.059095	159.062634	0.005688	10.5
894	-1.114355	158.966697	0.006399	9.0
895	-0.393568	158.870915	0.004154	8.8
896	-0.629974	158.775286	0.004395	9.1
897	-0.274335	158.679811	0.003472	11.6
898	-1.172252	158.584489	0.008014	9.2
899	-0.728343	158.489319	0.007519	8.7
900	-0.528212	158.394302	0.005476	9.0
901	-0.769706	158.299436	0.007020	11.5
902	-0.749934	158.204721	0.005231	8.5
903	-1.038151	158.110158	0.005946	9.4
904	-1.248598	158.015745	0.006780	9.4
905	-1.007131	157.921482	0.005762	11.3
906	-1.070970	157.827369	0.006793	8.2
907	-1.200412	157.733406	0.009957	8.4
908	-0.936613	157.639591	0.008848	7.9
909	-1.127557	157.545925	0.006650	10.8
910	-0.018893	157.452408	0.001451	8.8
911	-1.169693	157.359038	0.006574	9.2
912	-0.680115	157.265816	0.006240	8.5
913	-0.392342	157.172741	0.003214	9.2
914	-0.069107	157.079813	0.002650	9.8
915	-0.903870	156.987031	0.005525	7.9
916	-1.212267	156.894395	0.007572	9.0
917	-0.250036	156.801904	0.003838	8.5
918	-0.686333	156.709559	0.004699	16.1
919	-0.218499	156.617359	0.004348	12.7
920	-1.071335	156.525304	0.005347	14.8
921	-1.267187	156.433392	0.007292	15.3
922	-0.883409	156.341624	0.007194	13.6
923	-0.825687	156.250000	0.010348	14.7
924	-1.063431	156.158519	0.007850	14.8
925	-1.252424	156.067180	0.007197	15.5
926	-1.128501	155.975984	0.006942	24.5
927	-1.227392	155.884930	0.007259	16.6
928	-0.620107	155.794017	0.005994	15.9
929	-0.710468	155.703246	0.005643	16.0
930	-1.229469	155.612615	0.006952	12.3
931	-0.513189	155.522125	0.004950	12.3
932	-0.854242	155.431775	0.006379	16.7
933	-1.088298	155.341565	0.010226	12.7
934	-1.239514	155.251495	0.006830	14.9
935	-0.290529	155.161563	0.003409	15.9
936	-1.290242	155.071771	0.007169	15.1
937	-0.169761	154.982117	0.003009	12.4
938	-1.002155	154.892601	0.004827	15.3
939	-1.129211	154.803222	0.011769	11.8
940	-1.160259	154.713981	0.006916	12.7
941	-0.817773	154.624878	0.006386	17.8
942	-0.822480	154.535910	0.004785	14.7
943	-1.286621	154.447080	0.006487	15.9
944	-1.036977	154.358385	0.006867	16.1
945	-0.143172	154.269826	0.004110	14.8
946	-1.212594	154.181402	0.005944	15.4
947	-0.621577	154.093114	0.005210	18.0
948	-0.642674	154.004960	0.004513	15.7
949	-0.772964	153.916940	0.005361	15.6
950	-0.392859	153.829054	0.004055	17.4
951	-0.866276	153.741303	0.005375	15.0
952	-1.005025	153.653684	0.007250	14.8
953	-1.004060	153.566198	0.007362	19.7
954	-1.015197	153.478846	0.007574	16.2
955	-0.877496	153.391625	0.007380	16.7
956	-0.731742	153.304537	0.005202	16.9
957	-1.323314	153.217580	0.010993	18.3
958	-0.636119	153.130755	0.006193	9.2
959	-0.564430	153.044061	0.003393	11.1
960	-1.014570	152.957498	0.005599	10.1
961	-0.204348	152.871065	0.005101	9.3
962	-0.308268	152.784762	0.005527	9.8
963	-1.247726	152.698589	0.009744	12.8
964	-1.197664	152.612545	0.006218	9.6
965	-0.771766	152.526631	0.005681	9.1
966	-0.703664	152.440845	0.006340	9.6
967	-1.080233	152.355188	0.008296	10.4
968	-1.106998	152.269660	0.011159	9.7
969	-1.142673	152.184259	0.008327	9.2
970	-0.376017	152.098986	0.003104	9.4
971	-1.256843	152.013840	0.007685	10.4
972	-0.799802	151.928821	0.006234	8.6
973	-0.723319	151.843928	0.006448	8.6
974	-0.784922	151.759163	0.006524	8.4
975	-0.165026	151.674523	0.001779	9.6
976	-0.828207	151.590009	0.006022	10.7
977	-1.301911	151.505620	0.008115	8.4
978	-0.842705	151.421357	0.005140	8.6
979	-1.251800	151.337218	0.007349	8.5
980	-0.639164	151.253204	0.004610	10.4
981	-1.031876	151.169314	0.006334	8.7
982	-0.609011	151.085549	0.005628	8.0
983	-0.695716	151.001907	0.003875	9.4
984	-0.831332	150.918388	0.008042	8.3
985	-0.815593	150.834992	0.005722	11.2
986	-0.694527	150.751719	0.004836	8.8
987	-1.216975	150.668569	0.010550	8.3
988	-0.722848	150.585541	0.005645	8.2
989	-0.713155	150.502634	0.004986	10.7
990	-0.184253	150.419849	0.002443	8.4
991	-0.753810	150.337186	0.003962	9.2
992	-0.854020	150.254644	0.007644	8.9
993	-0.987041	150.172222	0.006494	8.4
994	-0.261966	150.089921	0.005124	10.6
995	-0.390871	150.007740	0.002934	8.5
996	-1.169006	149.925679	0.006122	8.3
997	-1.264093	149.843737	0.008743	9.0
998	-1.241937	149.761915	0.008046	10.5
999	-0.609864	149.680212	0.005472	9.5
1000	-0.588303	149.598627	0.006985	9.8
1001	-0.881035	149.517161	0.006581	10.1
1002	-0.318586	149.435814	0.002599	12.2
1003	-0.942777	149.354584	0.005625	11.4
1004	-0.976708	149.273472	0.004450	9.6
1005	-0.853139	149.192477	0.004298	8.4
1006	-0.447864	149.111599	0.004567	11.0
1007	-0.191784	149.030838	0.004437	8.5
1008	-0.103943	148.950194	0.005068	8.6
1009	-0.359214	148.869666	0.003749	7.5
1010	-0.775432	148.789253	0.004859	8.3
1011	-1.037468	148.708957	0.008546	11.0
1012	-0.525641	148.628776	0.006051	8.9
1013	-1.184978	148.548710	0.006113	9.0
1014	-1.330705	148.468759	0.007890	9.4
1015	-0.642356	148.388923	0.003903	10.8
1016	-0.836939	148.309201	0.006476	8.9
1017	-1.061524	148.229594	0.005873	9.8
1018	-0.788547	148.150100	0.005882	8.6
1019	-1.099910	148.070719	0.005467	9.0
1020	-1.301310	147.991452	0.007745	9.6
1021	-0.513175	147.912298	0.004154	9.1
1022	-0.553081	147.833257	0.005021	8.8
1023	-0.984657	147.754329	0.005219	9.6
1024	-0.066794	147.675512	0.002818	11.2
1025	-0.792062	147.596808	0.005214	10.7
1026	-0.000145	147.518216	0.000180	8.1
1027	-0.670482	147.439735	0.010556	10.1
1028	-1.227436	147.361365	0.007876	11.6
1029	-0.062039	147.283106	0.001520	10.4
1030	-0.000000	147.204958	0.000000	9.9
1031	-1.102001	147.126920	0.006238	13.2
1032	-1.064013	147.048993	0.005547	10.2
1033	-0.742420	146.971175	0.006564	9.5
1034	-1.214267	146.893468	0.007823	10.1
1035	-1.045357	146.815869	0.005975	12.8
1036	-1.171548	146.738380	0.008221	9.7
1037	-0.752982	146.661000	0.004381	10.3
1038	-1.226843	146.583729	0.007841	9.9
1039	-0.772423	146.506566	0.006225	12.3
1040	-0.529037	146.429511	0.003999	9.9
1041	-1.161116	146.352565	0.006753	9.7
1042	-1.084311	146.275726	0.008119	8.9
1043	-1.015540	146.198994	0.006258	11.5
1044	-0.936277	146.122370	0.007312	10.1
1045	-1.195264	146.045853	0.007682	9.2
1046	-0.535970	145.969442	0.005712	9.4
1047	-0.984236	145.893139	0.008003	12.9
1048	-1.127171	145.816941	0.006343	9.1
1049	-0.595431	145.740849	0.004629	9.9
1050	-1.012300	145.664863	0.004838	9.9
1051	-0.791404	145.588983	0.005294	12.3
1052	-1.238974	145.513208	0.006252	10.2
1053	-0.946778	145.437538	0.008059	10.6
1054	-0.237419	145.361973	0.001718	9.0
1055	-1.284073	145.286513	0.008413	11.6
1056	-0.875954	145.211157	0.004668	10.3
1057	-0.712895	145.135905	0.005471	9.2
1058	-0.551830	145.060757	0.003957	9.0
1059	-0.745128	144.985712	0.004235	10.8
1060	-0.897985	144.910771	0.004400	10.1
1061	-0.628823	144.835934	0.006152	9.7
1062	-0.299982	144.761199	0.003036	9.0
1063	-0.641368	144.686567	0.004887	12.9
1064	-1.157450	144.612037	0.008512	10.3
1065	-0.000000	144.537610	0.000000	8.5
1066	-0.976898	144.463285	0.005317	9.7
1067	-1.092549	144.389062	0.007345	12.2
1068	-0.952274	144.314940	0.006340	8.5
1069	-0.762828	144.240920	0.005649	9.2
1070	-1.232946	144.167001	0.006263	8.1
1071	-1.078686	144.093182	0.006451	9.4
1072	-1.158483	144.019465	0.006975	10.8
1073	-1.188292	143.945848	0.007209	8.2
1074	-0.397111	143.872331	0.004610	8.1
1075	-1.190950	143.798914	0.006513	8.7
1076	-0.948264	143.725597	0.008464	10.8
1077	-0.790669	143.652380	0.004456	8.6
1078	-1.049965	143.579262	0.005535	8.1
1079	-0.802820	143.506243	0.005317	8.3
1080	-1.154695	143.433323	0.006459	8.8
1081	-0.574845	143.360502	0.004103	11.2
1082	-1.097320	143.287780	0.005854	7.8
1083	-1.036639	143.215155	0.008466	8.8
1084	-0.660479	143.142629	0.005816	8.8
1085	-0.533099	143.070201	0.004324	11.4
1086	-0.992701	142.997870	0.006299	9.0
1087	-1.075007	142.925637	0.007255	8.6
1088	-1.199456	142.853501	0.008185	8.0
1089	-0.722895	142.781462	0.006919	8.0
1090	-1.216965	142.709519	0.008231	11.2
1091	-1.016320	142.637674	0.005965	8.6
1092	-0.740579	142.565924	0.006138	8.3
1093	-0.445713	142.494271	0.002991	8.5
1094	-1.151973	142.422714	0.006189	10.7
1095	-0.932647	142.351252	0.006836	8.4
1096	-0.508446	142.279886	0.005893	8.0
1097	-1.159694	142.208616	0.006026	9.4
1098	-1.155936	142.137440	0.006599	9.3
1099	-0.739151	142.066360	0.005892	10.5
1100	-1.136593	141.995374	0.005716	8.8
1101	-0.917882	141.924483	0.005486	10.1
1102	-1.259889	141.853685	0.007446	9.1
1103	-0.467002	141.782983	0.003760	12.2
1104	-1.088812	141.712373	0.005221	8.6
1105	-1.112024	141.641858	0.005378	8.5
1106	-0.517283	141.571436	0.004904	8.1
1107	-0.838624	141.501108	0.006038	10.3
1108	-0.298744	141.430872	0.002969	8.7
1109	-0.723249	141.360730	0.006113	8.5
1110	-0.510558	141.290680	0.007233	8.6
1111	-1.167988	141.220722	0.005107	9.2
1112	-0.965659	141.150857	0.006529	11.4
1113	-0.687908	141.081084	0.003200	8.5
1114	-1.103787	141.011403	0.006806	8.0
1115	-0.618849	140.941813	0.005790	8.5
1116	-0.692521	140.872315	0.005113	11.2
1117	-1.314229	140.802909	0.006728	8.9
1118	-1.029028	140.733593	0.006808	8.5
1119	-0.452380	140.664369	0.004550	9.0
1120	-0.730647	140.595235	0.004792	8.1
1121	-0.283722	140.526192	0.003003	11.4
1122	-1.133316	140.457239	0.007540	8.0
1123	-0.182586	140.388376	0.005258	8.9
1124	-0.945415	140.319603	0.005929	8.6
1125	-0.267587	140.250920	0.004748	10.7
1126	-1.160857	140.182326	0.006718	8.9
1127	-1.263631	140.113822	0.006387	8.1
1128	-0.478877	140.045407	0.004151	8.0
1129	-0.659599	139.977081	0.004799	8.2
1130	-0.406440	139.908844	0.002546	10.8
1131	-0.643848	139.840696	0.004761	9.5
1132	-1.190880	139.772635	0.005350	8.8
1133	-0.475307	139.704664	0.003598	9.1
1134	-0.925989	139.636780	0.006116	8.4
1135	-0.976393	139.568984	0.007030	10.1
1136	-0.822934	139.501276	0.006081	8.3
1137	-0.931258	139.433655	0.008851	8.7
1138	-1.255424	139.366122	0.009395	8.7
1139	-0.783153	139.298676	0.005970	10.4
1140	-0.741330	139.231317	0.006419	8.9
1141	-1.284766	139.164045	0.007176	8.1
1142	-1.044480	139.096859	0.006900	7.9
1143	-1.120163	139.029760	0.006814	8.2
1144	-1.076479	138.962747	0.006829	10.2
1145	-0.762549	138.895820	0.006032	8.0
1146	-1.148738	138.828978	0.007260	8.9
1147	-1.158811	138.762223	0.005500	8.3
1148	-0.891476	138.695553	0.004960	7.8
1149	-0.330745	138.628969	0.003614	10.7
1150	-1.144438	138.562469	0.006635	8.7
1151	-0.478959	138.496055	0.004467	8.8
1152	-0.876594	138.429725	0.006545	8.6
1153	-0.798995	138.363481	0.004460	9.0
1154	-0.081835	138.297320	0.003831	10.7
1155	-0.642554	138.231244	0.005500	8.3
1156	-0.642813	138.165252	0.004151	8.7
1157	-0.845464	138.099344	0.007457	9.0
1158	-0.740247	138.033520	0.006239	12.3
1159	-1.126423	137.967779	0.005958	9.4
1160	-0.750071	137.902122	0.004493	9.7
1161	-1.142501	137.836548	0.007792	8.6
1162	-0.276847	137.771057	0.003543	12.6
1163	-0.727060	137.705649	0.006076	10.2
1164	-1.232364	137.640324	0.007267	9.4
1165	-0.858041	137.575081	0.006383	9.9
1166	-1.018283	137.509921	0.005993	11.1
1167	-1.124302	137.444842	0.005594	9.7
1168	-1.195761	137.379846	0.008431	10.3
1169	-1.159148	137.314932	0.007308	10.1
1170	-1.162088	137.250100	0.007128	11.7
1171	-0.825275	137.185349	0.006847	11.2
1172	-1.081171	137.120680	0.006624	10.2
1173	-1.139287	137.056092	0.007613	9.5
1174	-0.683544	136.991585	0.004785	12.5
1175	-0.203444	136.927158	0.002361	9.1
1176	-1.035126	136.862813	0.005366	9.8
1177	-0.548722	136.798548	0.004362	9.6
1178	-1.161439	136.734363	0.006079	11.7
1179	-0.769052	136.670259	0.005401	8.9
1180	-1.151577	136.606235	0.008087	9.7
1181	-0.716558	136.542291	0.008029	9.4
1182	-0.877912	136.478426	0.005262	11.8
1183	-1.196202	136.414641	0.008477	9.0
1184	-1.046726	136.350936	0.006956	9.5
1185	-0.998170	136.287310	0.006115	8.7
1186	-1.043487	136.223763	0.007333	9.9
1187	-0.968616	136.160295	0.004395	10.3
1188	-1.165649	136.096905	0.008835	8.2
1189	-0.830171	136.033594	0.005473	8.7
1190	-0.880658	135.970362	0.008104	8.4
1191	-1.127312	135.907208	0.006844	12.8
1192	-0.636630	135.844133	0.006603	9.5
1193	-1.287773	135.781135	0.005917	8.6
1194	-0.500373	135.718215	0.004622	9.6
1195	-0.960590	135.655373	0.005189	11.2
1196	-1.173863	135.592608	0.006631	9.7
1197	-1.081593	135.529921	0.007755	9.8
1198	-1.015916	135.467311	0.007804	10.5
1199	-1.149099	135.404778	0.006560	9.6
1200	-0.205800	135.342322	0.002957	9.7
1201	-0.701499	135.279942	0.003744	9.4
1202	-0.175524	135.217640	0.003599	9.9
1203	-0.950971	135.155413	0.007265	10.6
1204	-0.771456	135.093263	0.005208	8.5
1205	-0.522494	135.031190	0.004481	9.4
1206	-1.233693	134.969192	0.008731	9.9
1207	-0.369771	134.907270	0.005676	11.4
1208	-0.940047	134.845424	0.006524	9.3
1209	-0.567555	134.783653	0.005047	8.1
1210	-0.026514	134.721958	0.000207	8.3
1211	-0.107389	134.660338	0.003078	11.3
1212	-1.278908	134.598793	0.008639	9.0
1213	-0.892136	134.537323	0.005109	9.1
1214	-1.182791	134.475927	0.005219	10.0
1215	-1.068431	134.414607	0.008778	9.8
1216	-1.306403	134.353361	0.007695	8.9
1217	-0.843611	134.292189	0.005044	8.9
1218	-1.092509	134.231092	0.007660	9.0
1219	-0.832471	134.170068	0.005235	11.2
1220	-0.323250	134.109119	0.003796	8.3
1221	-1.284196	134.048243	0.007483	9.0
1222	-0.341601	133.987441	0.003914	8.9
1223	-0.841391	133.926713	0.006492	11.3
1224	-1.182000	133.866057	0.006118	8.9
1225	-0.953293	133.805475	0.007139	9.2
1226	-0.310413	133.744966	0.002715	9.0
1227	-1.263672	133.684530	0.006288	10.6
1228	-0.209553	133.624167	0.003980	11.4
1229	-0.787104	133.563877	0.005458	9.3
1230	-1.128600	133.503658	0.006463	10.5
1231	-0.946035	133.443513	0.007722	12.7
1232	-0.643374	133.383439	0.007111	9.5
1233	-1.167984	133.323437	0.005613	10.7
1234	-0.758715	133.263508	0.006691	10.4
1235	-0.440948	133.203650	0.005477	12.6
1236	-0.996340	133.143864	0.006236	9.8
1237	-0.734374	133.084149	0.006655	11.0
1238	-0.181812	133.024506	0.001829	9.4
1239	-0.634795	132.964934	0.004959	11.4
1240	-0.879815	132.905433	0.007133	10.4
1241	-0.723362	132.846003	0.006009	9.3
1242	-0.226053	132.786643	0.002880	9.2
1243	-0.422507	132.727355	0.005687	12.1
1244	-0.910614	132.668137	0.006314	10.4
1245	-0.305629	132.608989	0.003909	9.6
1246	-0.583950	132.549912	0.005088	9.8
1247	-1.025815	132.490904	0.006836	12.7
1248	-0.653193	132.431967	0.004096	9.6
1249	-0.423245	132.373100	0.003041	9.5
1250	-0.922131	132.314302	0.005980	9.1
1251	-0.725552	132.255574	0.006307	10.0
1252	-0.952506	132.196916	0.008106	8.8
1253	-0.650303	132.138326	0.004361	10.3
1254	-0.906937	132.079806	0.004033	9.0
1255	-0.244912	132.021355	0.002549	10.2
1256	-1.189473	131.962973	0.007088	8.6
1257	-0.491571	131.904660	0.004594	8.7
1258	-0.124918	131.846415	0.001810	9.9
1259	-1.099638	131.788239	0.007022	8.6
1260	-0.740343	131.730131	0.005601	11.8
1261	-1.174099	131.672092	0.012472	8.4
1262	-0.622195	131.614121	0.004490	10.5
1263	-0.467238	131.556217	0.005698	10.1
1264	-1.000465	131.498382	0.007263	10.7
1265	-0.781583	131.440614	0.006137	8.9
1266	-0.470912	131.382914	0.004543	10.1
1267	-0.635819	131.325282	0.005273	12.2
1268	-0.782423	131.267717	0.003577	9.8
1269	-0.908993	131.210219	0.006609	10.0
1270	-0.448976	131.152788	0.005608	9.7
1271	-0.364382	131.095424	0.002765	12.6
1272	-0.917916	131.038127	0.004706	9.5
1273	-0.865790	130.980897	0.005067	9.3
1274	-1.058938	130.923733	0.007686	8.7
1275	-1.057607	130.866636	0.006484	12.0
1276	-0.892127	130.809605	0.005165	8.4
1277	-1.223462	130.752641	0.007023	9.7
1278	-1.240287	130.695742	0.005578	11.0
1279	-1.235289	130.638910	0.007232	10.8
1280	-1.284105	130.582143	0.007580	9.5
1281	-1.071886	130.525442	0.005121	10.4
1282	-1.055785	130.468807	0.007043	9.4
1283	-1.057848	130.412237	0.007162	10.5
1284	-0.976353	130.355733	0.006239	9.3
1285	-0.300674	130.299294	0.003656	9.3
1286	-0.806541	130.242920	0.005155	9.6
1287	-0.667390	130.186611	0.006941	10.9
1288	-0.852009	130.130366	0.006151	8.9
1289	-0.279696	130.074187	0.003269	9.4
1290	-1.249649	130.018072	0.005768	10.2
1291	-0.572581	129.962022	0.003219	11.3
1292	-0.883950	129.906036	0.007512	10.1
1293	-0.328631	129.850114	0.005481	8.4
1294	-0.343978	129.794257	0.004500	10.4
1295	-1.219639	129.738463	0.005236	11.0
1296	-0.320263	129.682734	0.002707	9.9
1297	-0.870898	129.627068	0.006759	10.9
1298	-1.120666	129.571466	0.007348	9.4
1299	-0.222886	129.515927	0.003051	11.0
1300	-1.187799	129.460452	0.007991	11.9
1301	-0.559166	129.405040	0.004406	9.7
1302	-0.372659	129.349692	0.003453	9.3
1303	-0.763587	129.294406	0.006322	12.0
1304	-0.984565	129.239183	0.004869	9.0
1305	-0.732891	129.184024	0.004627	8.9
1306	-1.234672	129.128927	0.007288	8.5
1307	-0.507154	129.073892	0.004912	7.5
1308	-1.087886	129.018921	0.005658	11.6
1309	-0.047514	128.964011	0.000142	9.1
1310	-0.167308	128.909164	0.002165	8.7
1311	-0.825104	128.854379	0.005344	8.7
1312	-0.247284	128.799656	0.003242	11.2
1313	-0.930350	128.744995	0.007318	9.8
1314	-0.714838	128.690396	0.004436	8.6
1315	-0.169434	128.635858	0.005597	8.7
1316	-1.327829	128.581382	0.007642	9.0
1317	-1.151504	128.526968	0.007468	10.1
1318	-0.706281	128.472615	0.005599	9.4
1319	-0.919372	128.418323	0.005999	8.3
1320	-0.964447	128.364092	0.007165	8.4
1321	-1.298077	128.309922	0.007403	11.8
1322	-0.547761	128.255814	0.004498	8.6
1323	-0.436597	128.201766	0.003959	8.9
1324	-1.101695	128.147778	0.006473	9.2
1325	-0.789326	128.093852	0.004284	12.1
1326	-0.202049	128.039985	0.002557	8.7
1327	-0.815013	127.986180	0.007367	8.3
1328	-1.149049	127.932434	0.008811	9.1
1329	-0.369093	127.878749	0.004527	10.5
1330	-0.455241	127.825123	0.003072	8.7
1331	-0.324455	127.771558	0.003000	8.5
1332	-0.910550	127.718052	0.005801	9.4
1333	-1.189465	127.664606	0.006784	9.0
1334	-0.942528	127.611220	0.006132	10.5
1335	-1.314175	127.557893	0.009489	9.0
1336	-1.223364	127.504625	0.010945	9.1
1337	-0.951939	127.451417	0.007236	9.6
1338	-0.843623	127.398268	0.006894	10.9
1339	-0.858945	127.345178	0.006700	8.6
1340	-0.530348	127.292147	0.003615	8.5
1341	-0.643433	127.239175	0.004504	8.7
1342	-0.730933	127.186261	0.004944	11.3
1343	-1.130383	127.133407	0.008608	8.6
1344	-1.139121	127.080610	0.008026	8.3
1345	-1.040416	127.027872	0.005833	8.6
1346	-1.013688	126.975193	0.008626	8.6
1347	-1.167041	126.922572	0.006007	10.6
1348	-1.014508	126.870008	0.007952	8.6
1349	-1.183954	126.817503	0.008263	9.1
1350	-0.793543	126.765056	0.004231	8.0
1351	-0.527847	126.712667	0.004181	10.8
1352	-0.503532	126.660335	0.003778	9.3
1353	-0.512790	126.608061	0.006097	8.5
1354	-0.891803	126.555844	0.005304	9.4
1355	-1.191292	126.503685	0.008095	8.5
1356	-0.878475	126.451583	0.008620	10.2
1357	-1.201262	126.399538	0.005045	8.4
1358	-0.694088	126.347550	0.005122	7.5
1359	-1.199817	126.295619	0.007305	9.0
1360	-0.564437	126.243745	0.002688	10.7
1361	-1.237578	126.191928	0.007639	8.5
1362	-0.859333	126.140168	0.008346	8.5
1363	-0.880517	126.088464	0.006596	9.0
1364	-0.952412	126.036817	0.007252	8.1
1365	-0.919806	125.985226	0.005874	11.0
1366	-0.891514	125.933691	0.008846	8.4
1367	-0.420867	125.882212	0.006161	8.5
1368	-1.201787	125.830790	0.006794	9.2
1369	-0.691540	125.779423	0.003864	11.1
1370	-1.029006	125.728113	0.007464	8.6
1371	-0.526312	125.676858	0.006325	8.6
1372	-0.784308	125.625659	0.005076	8.1
1373	-0.593083	125.574515	0.006469	8.4
1374	-1.244246	125.523427	0.008684	11.0
1375	-1.171983	125.472394	0.007927	8.6
1376	-0.504513	125.421417	0.006428	7.8
1377	-0.852526	125.370495	0.005708	8.6
1378	-0.412031	125.319628	0.004305	11.2
1379	-0.908035	125.268815	0.008055	7.8
1380	-0.390834	125.218058	0.002579	9.3
1381	-1.065393	125.167356	0.009193	8.4
1382	-1.166304	125.116708	0.005652	9.4
1383	-1.020282	125.066115	0.006258	10.8
1384	-0.985456	125.015576	0.006863	8.4
1385	-1.016786	124.965092	0.005316	8.5
1386	-0.961511	124.914662	0.005890	7.8
1387	-0.767633	124.864287	0.006783	10.2
1388	-1.238113	124.813965	0.006770	8.6
1389	-0.718686	124.763698	0.004690	8.4
1390	-1.141498	124.713485	0.006013	8.3
1391	-1.019269	124.663325	0.008414	8.7
1392	-1.200875	124.613219	0.006561	11.1
1393	-0.830113	124.563167	0.005564	7.9
1394	-1.281668	124.513168	0.006831	9.0
1395	-0.579248	124.463223	0.004583	8.2
1396	-1.226887	124.413332	0.007113	10.5
1397	-0.437756	124.363493	0.005903	8.7
1398	-0.406062	124.313708	0.004130	8.3
1399	-1.178066	124.263976	0.011002	7.9
1400	-0.747429	124.214297	0.005139	8.9
1401	-0.799052	124.164671	0.006000	11.1
1402	-0.390915	124.115097	0.004322	8.5
1403	-0.863788	124.065577	0.008393	9.0
1404	-1.158173	124.016109	0.008071	9.3
1405	-0.156977	123.966693	0.002192	11.1
1406	-1.075881	123.917330	0.006416	8.4
1407	-0.989652	123.868020	0.006349	7.9
1408	-0.653314	123.818762	0.004349	9.4
1409	-0.339161	123.769556	0.003317	8.1
1410	-0.207197	123.720402	0.002112	11.7
1411	-0.337694	123.671300	0.003821	8.4
1412	-1.063640	123.622250	0.006317	8.6
1413	-0.762853	123.573252	0.005312	8.5
1414	-1.134845	123.524305	0.007961	11.4
1415	-0.895613	123.475411	0.006108	8.9
1416	-1.313620	123.426568	0.010605	8.4
1417	-0.705863	123.377776	0.006605	8.3
1418	-0.483151	123.329036	0.004275	9.6
1419	-0.000343	123.280347	0.000021	10.2
1420	-1.122912	123.231709	0.006104	8.8
1421	-0.785149	123.183122	0.007121	8.6
1422	-1.221002	123.134587	0.007412	8.2
1423	-1.247752	123.086102	0.007335	10.6
1424	-0.976947	123.037669	0.006100	8.4
1425	-0.952901	122.989286	0.007333	8.8
1426	-0.850266	122.940954	0.009422	8.6
1427	-0.311256	122.892672	0.003666	8.7
1428	-0.700642	122.844441	0.006369	10.8
1429	-1.182368	122.796261	0.006003	8.5
1430	-0.412480	122.748130	0.003730	8.4
1431	-0.871778	122.700050	0.007225	8.2
1432	-0.627722	122.652021	0.003012	10.9
1433	-1.067898	122.604041	0.008136	8.3
1434	-1.161627	122.556111	0.005161	8.4
1435	-1.307217	122.508232	0.007406	9.1
1436	-0.225930	122.460402	0.004728	8.7
1437	-0.746926	122.412622	0.007078	11.2
1438	-1.216498	122.364891	0.007005	8.7
1439	-0.826024	122.317210	0.007551	9.3
1440	-0.645396	122.269579	0.006229	8.3
1441	-1.266048	122.221997	0.006238	10.6
1442	-0.789054	122.174465	0.006394	8.6
1443	-1.032458	122.126981	0.007006	9.1
1444	-0.543439	122.079547	0.004133	8.5
1445	-1.071920	122.032162	0.005497	9.8
1446	-0.387012	121.984826	0.004212	9.8
1447	-0.710529	121.937539	0.006928	8.7
1448	-0.894628	121.890301	0.004695	8.4
1449	-1.122047	121.843112	0.005807	8.5
1450	-1.238485	121.795971	0.008078	10.8
1451	-0.601979	121.748879	0.005106	8.9
1452	-0.059661	121.701835	0.000967	8.9
1453	-0.860721	121.654840	0.007350	8.6
1454	-1.148131	121.607893	0.006522	9.6
1455	-0.490937	121.560994	0.004719	9.7
1456	-1.003632	121.514144	0.005980	8.4
1457	-1.281637	121.467342	0.006358	9.3
1458	-1.007724	121.420588	0.006642	8.1
1459	-1.017823	121.373882	0.004794	10.6
1460	-0.999895	121.327223	0.006784	8.3
1461	-0.777026	121.280613	0.005896	8.3
1462	-0.589839	121.234050	0.005420	8.6
1463	-1.137542	121.187535	0.009123	9.3
1464	-0.495643	121.141067	0.002802	10.4
1465	-0.684425	121.094647	0.006092	8.7
1466	-0.538033	121.048274	0.004205	8.2
1467	-0.786779	121.001949	0.006247	8.1
1468	-1.298792	120.955671	0.006318	11.2
1469	-0.817621	120.909440	0.007105	8.9
1470	-1.167693	120.863256	0.006587	8.8
1471	-0.928780	120.817119	0.007867	8.9
1472	-0.768833	120.771029	0.006266	9.5
1473	-0.748625	120.724986	0.005522	9.4
1474	-0.718008	120.678990	0.005655	9.0
1475	-1.159935	120.633040	0.007367	12.7
1476	-0.861479	120.587137	0.004211	15.5
1477	-0.986799	120.541281	0.007172	8.8
1478	-0.998249	120.495471	0.006412	8.9
1479	-1.016773	120.449707	0.006772	8.4
1480	-1.186523	120.403990	0.005579	11.9
1481	-0.779767	120.358319	0.006260	10.0
1482	-1.231676	120.312694	0.006675	14.0
1483	-0.979483	120.267115	0.005873	11.8
1484	-0.531299	120.221582	0.003221	12.6
1485	-0.977817	120.176096	0.006835	8.9
1486	-0.073060	120.130655	0.003776	8.7
1487	-0.138865	120.085260	0.003347	10.0
1488	-0.489162	120.039910	0.003790	10.7
1489	-1.082710	119.994606	0.010647	10.7
1490	-0.057056	119.949348	0.002620	8.5
1491	-1.057695	119.904135	0.006032	11.6
1492	-1.104651	119.858968	0.007295	14.4
1493	-0.916497	119.813846	0.006939	13.0
1494	-0.840870	119.768769	0.008100	20.5
1495	-1.241652	119.723738	0.007813	11.0
1496	-1.110182	119.678752	0.006424	8.9
1497	-1.235517	119.633810	0.005227	8.8
1498	-0.536954	119.588914	0.004225	12.7
1499	-1.027238	119.544062	0.007153	10.1
1500	-0.258293	119.499256	0.004140	8.9
1501	-1.014082	119.454494	0.006862	8.7
1502	-0.362075	119.409777	0.003586	15.7
1503	-1.067114	119.365104	0.007538	12.8
1504	-0.642897	119.320476	0.005712	11.6
1505	-1.273965	119.275893	0.005810	9.7
1506	-1.214592	119.231353	0.006900	28.6
1507	-0.570905	119.186859	0.004946	20.7
1508	-1.061044	119.142408	0.006507	13.1
1509	-0.773976	119.098002	0.004861	11.3
1510	-0.367089	119.053639	0.006322	9.4
1511	-0.804453	119.009321	0.007835	11.6
1512	-0.893624	118.965047	0.007416	10.9
1513	-0.711947	118.920816	0.004911	9.4
1514	-0.771975	118.876630	0.006107	9.3
1515	-0.190625	118.832487	0.004135	12.4
1516	-0.963578	118.788388	0.007132	9.7
1517	-0.813243	118.744332	0.005994	10.0
1518	-0.109978	118.700320	0.001427	9.2
1519	-1.144426	118.656352	0.006067	11.4
1520	-1.149715	118.612427	0.006403	10.0
1521	-0.739465	118.568545	0.006238	9.4
1522	-0.739667	118.524706	0.004386	9.3
1523	-0.846944	118.480911	0.007145	13.6
1524	-0.908839	118.437159	0.005466	9.5
1525	-1.095753	118.393450	0.010263	9.3
1526	-0.964377	118.349784	0.005273	10.0
1527	-1.172600	118.306160	0.006107	11.2
1528	-0.937147	118.262580	0.006012	12.2
1529	-0.947390	118.219042	0.005588	10.9
1530	-1.047971	118.175548	0.006559	9.5
1531	-0.709217	118.132095	0.003720	11.8
1532	-0.776017	118.088686	0.006277	9.6
1533	-1.042683	118.045319	0.005506	9.0
1534	-1.184286	118.001994	0.006056	9.0
1535	-0.861283	117.958712	0.005223	15.0
1536	-0.873432	117.915472	0.006185	15.5
1537	-0.797312	117.872274	0.006146	15.2
1538	-0.612855	117.829118	0.006950	13.9
1539	-0.739703	117.786005	0.004935	11.0
1540	-0.652657	117.742933	0.004629	10.1
1541	-0.834498	117.699904	0.004370	10.8
1542	-0.250665	117.656916	0.003357	11.2
1543	-0.799922	117.613971	0.007436	9.8
1544	-1.277882	117.571067	0.006780	10.1
1545	-1.083136	117.528205	0.006084	10.0
1546	-0.471646	117.485384	0.003746	11.6
1547	-1.188510	117.442605	0.006441	10.3
1548	-1.182992	117.399867	0.006818	10.2
1549	-0.926288	117.357171	0.005246	9.0
1550	-0.794946	117.314517	0.006147	13.4
1551	-0.332550	117.271903	0.003079	10.2
1552	-1.031580	117.229331	0.006517	8.4
1553	-0.686754	117.186800	0.005130	11.7
1554	-0.718166	117.144311	0.006008	10.9
1555	-0.872466	117.101862	0.007739	9.0
1556	-0.902686	117.059454	0.008142	10.1
1557	-0.870102	117.017087	0.007768	10.1
1558	-1.175690	116.974762	0.007674	10.2
1559	-0.562978	116.932476	0.004788	9.8
1560	-0.602484	116.890232	0.003980	9.4
1561	-1.164739	116.848028	0.006866	12.2
1562	-0.451696	116.805865	0.005142	12.6
1563	-0.939292	116.763743	0.006702	9.9
1564	-1.106918	116.721661	0.008178	9.4
1565	-1.001178	116.679619	0.006559	9.2
1566	-0.812409	116.637618	0.004848	12.4
1567	-1.168084	116.595657	0.006906	8.6
1568	-1.196363	116.553736	0.009215	8.6
1569	-1.164985	116.511855	0.006153	9.9
1570	-1.263687	116.470015	0.007907	14.3
1571	-0.505518	116.428214	0.004063	9.4
1572	-0.671257	116.386454	0.005327	8.6
1573	-1.243481	116.344733	0.006569	8.6
1574	-1.278926	116.303052	0.007302	9.6
1575	-0.123414	116.261412	0.001597	11.7
1576	-1.206034	116.219810	0.007905	9.5
1577	-0.997760	116.178249	0.005086	9.6
1578	-0.365192	116.136727	0.004102	10.3
1579	-0.672739	116.095245	0.003681	11.2
1580	-1.183333	116.053802	0.006146	13.7
1581	-0.519768	116.012398	0.003471	15.1
1582	-1.279116	115.971034	0.009755	13.4
1583	-1.248428	115.929710	0.006533	12.8
1584	-0.969905	115.888424	0.005453	16.2
1585	-0.453322	115.847178	0.004965	13.8
1586	-0.820309	115.805970	0.006333	16.7
1587	-0.452691	115.764802	0.004413	10.3
1588	-1.016059	115.723673	0.007552	8.2
1589	-0.947611	115.682583	0.006710	8.6
1590	-0.672027	115.641532	0.005387	8.0
1591	-1.051673	115.600519	0.005702	8.4
1592	-0.948716	115.559546	0.007765	12.2
1593	-1.222735	115.518610	0.007979	7.9
1594	-1.159216	115.477714	0.006248	8.7
1595	-0.957558	115.436856	0.007646	7.8
1596	-0.881520	115.396037	0.008205	11.1
1597	-0.531405	115.355256	0.004354	8.5
1598	-0.354539	115.314514	0.003126	8.0
1599	-1.181009	115.273810	0.012431	9.1
1600	-1.077585	115.233144	0.005181	9.0
1601	-0.943069	115.192517	0.006660	11.6
1602	-1.179800	115.151927	0.006414	8.4
1603	-0.173849	115.111376	0.001629	8.2
1604	-0.479891	115.070863	0.003756	7.3
1605	-0.114574	115.030388	0.003811	10.9
1606	-0.987390	114.989951	0.005825	8.8
1607	-1.159259	114.949551	0.005930	9.1
1608	-0.938493	114.909190	0.005527	8.3
1609	-0.762206	114.868866	0.005084	7.6
1610	-0.711099	114.828580	0.005247	11.8
1611	-1.021917	114.788332	0.007227	8.5
1612	-1.187456	114.748121	0.008050	9.9
1613	-0.046496	114.707948	0.000734	9.1
1614	-1.225305	114.667812	0.006255	12.0
1615	-1.179640	114.627714	0.006119	9.0
1616	-0.742212	114.587653	0.006862	8.9
1617	-0.740630	114.547629	0.006240	8.9
1618	-1.103143	114.507643	0.007096	12.4
1619	-0.982800	114.467693	0.006318	10.1
1620	-0.973464	114.427781	0.006451	9.1
1621	-0.674462	114.387907	0.005534	11.1
1622	-1.058715	114.348069	0.006393	9.0
1623	-0.640737	114.308268	0.004518	9.4
1624	-1.126618	114.268504	0.007617	9.5
1625	-1.313965	114.228777	0.007249	12.9
1626	-0.107422	114.189086	0.002254	12.8
1627	-1.146947	114.149433	0.007277	15.2
1628	-1.079082	114.109816	0.007860	13.9
1629	-1.204126	114.070235	0.006602	10.3
1630	-0.654868	114.030692	0.005179	10.1
1631	-0.760459	113.991185	0.006701	9.5
1632	-1.054546	113.951714	0.006391	11.6
1633	-0.947308	113.912280	0.005695	10.0
1634	-1.065514	113.872882	0.008308	10.0
1635	-0.386521	113.833521	0.004687	9.7
1636	-0.967704	113.794195	0.007017	12.2
1637	-1.263182	113.754906	0.006634	9.8
1638	-0.762090	113.715653	0.006297	9.4
1639	-0.246257	113.676437	0.003368	10.0
1640	-1.216083	113.637256	0.006823	13.9
1641	-1.170941	113.598111	0.006360	10.0
1642	-1.064089	113.559002	0.006023	10.9
1643	-0.960214	113.519929	0.007008	9.9
1644	-0.915919	113.480892	0.005053	11.4
1645	-1.009955	113.441891	0.006512	9.0
1646	-1.253139	113.402925	0.006231	9.1
1647	-1.032417	113.363995	0.005572	8.6
1648	-0.429138	113.325101	0.003360	8.8
1649	-0.857234	113.286242	0.007299	10.6
1650	-1.161629	113.247419	0.007730	8.8
1651	-0.970741	113.208631	0.003976	8.8
1652	-0.382374	113.169879	0.004796	9.1
1653	-0.149821	113.131162	0.003075	11.9
1654	-1.006108	113.092480	0.007330	9.3
1655	-1.151410	113.053833	0.005610	9.3
1656	-1.211019	113.015222	0.009135	9.6
1657	-0.308163	112.976646	0.003830	12.0
1658	-1.263180	112.938105	0.007268	9.0
1659	-0.816392	112.899599	0.006249	9.3
1660	-1.162711	112.861128	0.006097	10.2
1661	-1.024169	112.822692	0.006585	9.7
1662	-1.102226	112.784291	0.006122	9.4
1663	-0.827664	112.745924	0.004561	76.1
1664	-1.244925	112.707593	0.006413	22.2
1665	-1.289094	112.669296	0.007128	14.7
1666	-1.232030	112.631034	0.007715	14.1
1667	-1.265745	112.592806	0.006586	14.8
1668	-0.591780	112.554613	0.005000	15.5
1669	-0.772673	112.516455	0.004048	9.9
1670	-1.231011	112.478331	0.006714	11.7
1671	-1.112794	112.440241	0.006595	9.0
1672	-1.234955	112.402186	0.007005	12.4
1673	-1.225742	112.364165	0.006488	17.4
1674	-0.933318	112.326179	0.006614	15.2
1675	-0.834780	112.288227	0.007193	14.7
1676	-0.809260	112.250309	0.007082	10.9
1677	-0.715210	112.212425	0.006040	12.3
1678	-0.575485	112.174575	0.004763	9.5
1679	-1.317331	112.136759	0.006696	11.1
1680	-0.789685	112.098977	0.005918	9.7
1681	-1.137818	112.061229	0.007240	9.3
1682	-1.097586	112.023515	0.007059	9.6
1683	-1.212919	111.985834	0.006481	10.7
1684	-1.008589	111.948188	0.007458	9.7
1685	-0.225261	111.910575	0.003680	7.9
1686	-1.119503	111.872996	0.007161	8.8
1687	-0.804587	111.835450	0.006373	11.5
1688	-1.283985	111.797939	0.006092	9.6
1689	-0.861647	111.760460	0.006489	9.1
1690	-0.508924	111.723015	0.004781	9.4
1691	-1.145713	111.685604	0.005158	10.0
1692	-0.775047	111.648226	0.006871	10.0
1693	-0.624177	111.610881	0.003768	9.0
1694	-1.163495	111.573570	0.008704	9.4
1695	-1.022229	111.536292	0.009660	16.4
1696	-0.942218	111.499047	0.007667	13.9
1697	-0.000000	111.461835	0.000000	10.6
1698	-1.100305	111.424656	0.007930	9.7
1699	-0.990976	111.387510	0.008203	11.5
1700	-1.171126	111.350398	0.007005	9.8
1701	-1.215054	111.313318	0.007011	8.7
1702	-0.531378	111.276271	0.003634	10.1
1703	-0.974169	111.239257	0.008048	11.4
1704	-0.537290	111.202276	0.005920	9.0
1705	-0.867867	111.165328	0.005347	9.6
1706	-1.019075	111.128412	0.007649	8.8
1707	-1.141999	111.091529	0.005724	10.7
1708	-0.447628	111.054679	0.005717	9.1
1709	-1.210957	111.017861	0.006495	10.7
1710	-0.858332	110.981076	0.005627	9.4
1711	-0.941694	110.944323	0.005774	10.4
1712	-0.877237	110.907603	0.005985	11.0
1713	-0.767661	110.870915	0.007402	13.2
1714	-0.849492	110.834259	0.005725	16.9
1715	-0.696745	110.797636	0.005772	18.5
1716	-1.225678	110.761045	0.006002	8.8
1717	-0.331348	110.724486	0.004926	13.0
1718	-1.311056	110.687959	0.008758	9.5
1719	-1.353575	110.651465	0.007446	9.6
1720	-0.161153	110.615002	0.003157	9.2
1721	-0.297033	110.578572	0.004395	9.8
1722	-1.186397	110.542173	0.007419	8.5
1723	-0.712877	110.505807	0.006825	8.7
1724	-1.159100	110.469472	0.008038	8.4
1725	-0.779772	110.433169	0.004257	8.5
1726	-0.368827	110.396898	0.003253	12.2
1727	-1.164840	110.360659	0.008607	8.4
1728	-1.008822	110.324451	0.005756	8.7
1729	-1.100967	110.288276	0.007651	9.7
1730	-1.305923	110.252131	0.006266	10.7
1731	-0.244543	110.216019	0.003858	8.2
1732	-0.647223	110.179937	0.004903	9.1
1733	-1.217920	110.143888	0.006859	8.2
1734	-0.589520	110.107869	0.005331	10.8
1735	-0.324808	110.071882	0.004047	8.3
1736	-1.229908	110.035927	0.005352	8.6
1737	-0.966317	110.000003	0.004753	9.4
1738	-0.646014	109.964110	0.003549	9.0
1739	-0.809067	109.928248	0.006705	10.7
1740	-0.134156	109.892417	0.002382	8.6
1741	-1.024416	109.856618	0.003705	8.3
1742	-1.146404	109.820850	0.007917	8.9
1743	-0.455759	109.785112	0.006201	10.0
1744	-1.289930	109.749406	0.007933	8.6
1745	-0.262164	109.713730	0.002434	9.4
1746	-0.108318	109.678086	0.002989	8.4
1747	-0.710550	109.642472	0.004884	18.1
1748	-0.670776	109.606890	0.004251	15.5
1749	-0.467554	109.571337	0.006161	9.8
1750	-0.641965	109.535816	0.006243	10.2
1751	-0.923902	109.500326	0.008304	11.2
1752	-0.771015	109.464866	0.005270	9.0
1753	-1.037388	109.429436	0.007241	9.0
1754	-0.648247	109.394038	0.005702	9.2
1755	-0.171717	109.358669	0.002954	9.6
1756	-0.833435	109.323331	0.004795	8.5
1757	-0.412729	109.288024	0.003047	8.5
1758	-0.926444	109.252747	0.006242	9.6
1759	-0.290018	109.217501	0.003024	11.4
1760	-0.201666	109.182284	0.002716	9.2
1761	-1.049230	109.147098	0.006600	9.0
1762	-0.550145	109.111942	0.002576	7.8
1763	-0.189685	109.076817	0.003786	12.0
1764	-0.845214	109.041721	0.005163	13.4
1765	-1.184258	109.006656	0.005756	13.7
1766	-1.272974	108.971620	0.006642	17.0
1767	-1.023459	108.936615	0.006232	10.3
1768	-0.703651	108.901640	0.005677	8.9
1769	-1.149219	108.866694	0.005836	9.0
1770	-1.164357	108.831779	0.006280	10.8
1771	-1.284482	108.796893	0.008341	8.4
1772	-0.616454	108.762037	0.005492	8.7
1773	-1.316013	108.727211	0.007265	9.2
1774	-1.259106	108.692415	0.008010	9.1
1775	-0.724324	108.657648	0.007256	10.9
1776	-0.999501	108.622911	0.004944	8.4
1777	-0.902083	108.588203	0.005108	8.5
1778	-1.229847	108.553525	0.006955	8.3
1779	-1.224630	108.518877	0.006538	11.4
1780	-1.022952	108.484258	0.008231	8.9
1781	-0.848114	108.449668	0.004697	10.9
1782	-0.910788	108.415108	0.007118	9.0
1783	-0.811322	108.380578	0.005347	10.9
1784	-0.033738	108.346076	0.000557	10.0
1785	-0.824056	108.311604	0.004682	8.7
1786	-1.242824	108.277161	0.005470	8.6
1787	-0.008097	108.242747	0.000051	9.0
1788	-1.203226	108.208363	0.008409	10.2
1789	-1.273333	108.174007	0.006618	8.7
1790	-0.295037	108.139681	0.004188	8.2
1791	-1.192289	108.105383	0.006300	9.0
1792	-0.921420	108.071115	0.005500	10.8
1793	-1.079687	108.036875	0.006703	8.6
1794	-0.269861	108.002665	0.002599	9.0
1795	-1.027777	107.968483	0.006820	9.1
1796	-0.593149	107.934330	0.004933	10.8
1797	-1.161638	107.900206	0.006766	8.4
1798	-0.168020	107.866111	0.001816	8.3
1799	-1.176480	107.832044	0.007948	8.9
1800	-0.856669	107.798007	0.006725	8.6
1801	-1.065665	107.763997	0.007694	11.7
1802	-0.392965	107.730017	0.003901	9.2
1803	-0.944569	107.696065	0.004285	8.7
1804	-1.231397	107.662141	0.007418	8.3
1805	-0.494090	107.628246	0.004912	10.4
1806	-1.015995	107.594379	0.006042	8.2
1807	-1.080224	107.560541	0.006370	8.5
1808	-0.858129	107.526731	0.005988	8.5
1809	-0.610175	107.492949	0.005442	7.6
1810	-0.877566	107.459196	0.005570	10.9
1811	-1.091785	107.425471	0.007520	8.2
1812	-0.700018	107.391774	0.005211	8.8
1813	-1.210757	107.358106	0.006679	8.6
1814	-0.702641	107.324465	0.006311	9.1
1815	-0.774134	107.290853	0.005795	12.4
1816	-1.195453	107.257268	0.006890	10.6
1817	-0.945415	107.223712	0.005470	8.8
1818	-1.149015	107.190184	0.005599	13.0
1819	-0.951232	107.156683	0.006126	8.9
1820	-0.711528	107.123211	0.004353	13.4
1821	-0.469262	107.089766	0.002989	10.5
1822	-1.212321	107.056349	0.005612	16.3
1823	-0.429552	107.022960	0.006309	8.6
1824	-1.283785	106.989599	0.006082	9.3
1825	-1.341237	106.956265	0.006835	8.8
1826	-1.094759	106.922960	0.006372	8.5
1827	-0.842908	106.889681	0.006166	11.0
1828	-1.062490	106.856431	0.008422	9.1
1829	-0.072855	106.823208	0.002836	9.0
1830	-0.883320	106.790012	0.005915	9.1
1831	-1.098106	106.756844	0.008256	12.0
1832	-1.260979	106.723703	0.007687	8.8
1833	-0.915818	106.690590	0.006696	9.0
1834	-0.446957	106.657505	0.004861	8.2
1835	-1.157536	106.624446	0.007818	10.2
1836	-1.076470	106.591415	0.007935	8.2
1837	-1.280206	106.558411	0.007902	9.0
1838	-0.603748	106.525435	0.004075	8.4
1839	-1.270422	106.492485	0.007357	8.9
1840	-0.939475	106.459563	0.006552	11.9
1841	-1.231276	106.426668	0.008813	8.8
1842	-1.094994	106.393800	0.007633	8.9
1843	-1.143656	106.360959	0.007601	8.0
1844	-1.237527	106.328145	0.006162	10.3
1845	-0.822057	106.295358	0.006065	8.8
1846	-1.178037	106.262598	0.008013	8.8
1847	-1.073815	106.229865	0.005420	8.1
1848	-0.876446	106.197158	0.004535	8.8
1849	-0.983678	106.164479	0.008643	10.9
1850	-1.175502	106.131826	0.009350	8.2
1851	-0.268221	106.099201	0.002616	8.7
1852	-0.150060	106.066602	0.002514	8.7
1853	-1.099083	106.034029	0.005148	10.9
1854	-0.961720	106.001483	0.005863	9.6
1855	-0.695594	105.968964	0.005261	8.9
1856	-1.311688	105.936472	0.007413	9.2
1857	-0.004647	105.904006	0.000128	10.9
1858	-1.205630	105.871566	0.006856	10.7
1859	-1.165430	105.839153	0.007572	10.3
1860	-0.458256	105.806767	0.006447	9.8
1861	-1.280423	105.774407	0.008928	11.7
1862	-0.341217	105.742073	0.004646	9.0
1863	-0.782084	105.709766	0.005374	8.2
1864	-0.625207	105.677485	0.005916	8.7
1865	-0.720066	105.645230	0.004649	10.0
1866	-1.205584	105.613001	0.006413	15.3
1867	-1.164167	105.580799	0.006718	9.0
1868	-0.898719	105.548623	0.006633	8.2
1869	-1.111826	105.516473	0.006553	11.3
1870	-0.864176	105.484349	0.007328	9.9
1871	-1.139359	105.452251	0.007840	9.0
1872	-0.965730	105.420179	0.007135	12.2
1873	-1.064596	105.388133	0.006434	13.7
1874	-0.381409	105.356113	0.005847	14.8
1875	-0.750636	105.324119	0.005329	12.2
1876	-0.601154	105.292151	0.005897	10.6
1877	-0.636673	105.260209	0.005531	8.6
1878	-0.649013	105.228293	0.005335	7.8
1879	-1.134418	105.196402	0.005622	9.0
1880	-1.161471	105.164537	0.006310	8.3
1881	-1.150086	105.132698	0.006744	10.6
1882	-1.077748	105.100885	0.006038	8.7
1883	-1.089042	105.069097	0.007508	9.5
1884	-0.712199	105.037335	0.003935	9.1
1885	-1.173165	105.005598	0.006209	10.9
1886	-1.263216	104.973887	0.006280	10.9
1887	-0.499879	104.942202	0.003299	8.9
1888	-0.182732	104.910542	0.003986	8.8
1889	-0.584688	104.878907	0.006506	10.6
1890	-0.632565	104.847298	0.005008	9.1
1891	-1.291242	104.815715	0.008703	8.1
1892	-0.713581	104.784156	0.006796	8.7
1893	-1.132664	104.752623	0.005987	8.8
1894	-0.855442	104.721116	0.007525	10.4
1895	-0.387309	104.689633	0.004991	9.2
1896	-1.185372	104.658176	0.005776	8.9
1897	-1.190015	104.626744	0.009299	9.9
1898	-0.898068	104.595337	0.006602	11.3
1899	-0.234331	104.563955	0.003528	9.6
1900	-1.015057	104.532599	0.005936	7.4
1901	-1.144999	104.501267	0.005087	8.6
1902	-0.851343	104.469960	0.006705	11.4
1903	-0.800918	104.438679	0.003874	8.1
1904	-0.692741	104.407422	0.004534	9.2
1905	-0.254678	104.376191	0.002180	9.6
1906	-0.588710	104.344984	0.005367	8.4
1907	-1.132061	104.313802	0.005689	10.0
1908	-0.771510	104.282645	0.005079	8.4
1909	-1.192667	104.251513	0.006440	9.7
1910	-0.672022	104.220405	0.004277	9.3
1911	-1.207104	104.189323	0.006105	10.5
1912	-1.030344	104.158265	0.005769	9.4
1913	-1.179483	104.127231	0.005776	8.1
1914	-0.985306	104.096222	0.006005	8.5
1915	-1.245731	104.065238	0.007278	10.9
1916	-1.313816	104.034279	0.007690	12.5
1917	-1.032846	104.003344	0.007439	9.3
1918	-0.612118	103.972433	0.004059	9.1
1919	-1.153507	103.941547	0.007521	11.7
1920	-1.121606	103.910686	0.006314	9.0
1921	-0.921988	103.879849	0.005276	9.0
1922	-0.312294	103.849036	0.006136	7.9
1923	-1.071423	103.818248	0.006028	10.1
1924	-1.132215	103.787484	0.005549	9.8
1925	-0.780294	103.756744	0.003503	10.1
1926	-1.110093	103.726029	0.004746	13.2
1927	-1.087222	103.695338	0.007662	14.4
1928	-0.098766	103.664671	0.000939	14.2
1929	-1.299212	103.634028	0.007471	10.6
1930	-0.274284	103.603409	0.002801	8.9
1931	-0.636779	103.572814	0.004633	12.0
1932	-0.779536	103.542244	0.005222	9.8
1933	-1.107747	103.511698	0.007269	11.3
1934	-1.099484	103.481175	0.007644	13.0
1935	-1.086882	103.450677	0.004738	9.3
1936	-1.284119	103.420202	0.006492	8.8
1937	-1.105230	103.389752	0.006682	9.2
1938	-0.021342	103.359325	0.003171	11.1
1939	-0.978579	103.328922	0.009436	8.4
1940	-1.008710	103.298543	0.005261	9.0
1941	-0.225486	103.268188	0.002993	8.4
1942	-1.023795	103.237857	0.007857	9.6
1943	-0.186060	103.207549	0.004083	10.1
1944	-0.032359	103.177265	0.002408	7.6
1945	-0.980371	103.147005	0.005660	8.8
1946	-0.538062	103.116768	0.003894	8.8
1947	-0.373394	103.086556	0.004816	10.8
1948	-1.268450	103.056366	0.007160	9.2
1949	-1.077964	103.026200	0.004736	8.6
1950	-0.833205	102.996058	0.007536	8.8
1951	-1.257926	102.965939	0.007737	9.4
1952	-1.211347	102.935844	0.006926	10.1
1953	-1.150063	102.905772	0.005492	8.4
1954	-1.293585	102.875724	0.008509	8.5
1955	-1.207593	102.845699	0.007990	8.9
1956	-0.817812	102.815697	0.005532	10.8
1957	-1.114076	102.785719	0.005246	8.6
1958	-0.284550	102.755764	0.003493	9.3
1959	-1.225525	102.725832	0.005181	9.0
1960	-0.610836	102.695924	0.004147	9.6
1961	-0.576887	102.666038	0.003980	12.2
1962	-1.070460	102.636176	0.007981	9.0
1963	-1.101724	102.606337	0.006507	8.1
1964	-0.707919	102.576521	0.006172	9.4
1965	-0.713661	102.546728	0.004438	11.7
1966	-1.208426	102.516959	0.007749	13.6
1967	-0.816598	102.487212	0.006485	9.7
1968	-0.707612	102.457488	0.005616	11.4
1969	-1.054687	102.427788	0.004753	9.2
1970	-1.084194	102.398110	0.004490	8.9
1971	-0.899900	102.368455	0.007105	9.9
1972	-1.147381	102.338823	0.006158	10.0
1973	-0.865256	102.309214	0.006609	9.0
1974	-1.133244	102.279628	0.005686	8.3
1975	-1.234787	102.250064	0.006074	9.7
1976	-0.835413	102.220524	0.006313	10.0
1977	-0.757151	102.191006	0.005595	9.6
1978	-1.264519	102.161511	0.006009	10.7
1979	-0.915832	102.132038	0.004532	12.7
1980	-1.010106	102.102588	0.008950	15.5
1981	-0.292543	102.073161	0.003277	12.5
1982	-1.318457	102.043757	0.007268	9.2
1983	-1.186492	102.014375	0.005570	11.5
1984	-1.044550	101.985015	0.005815	10.2
1985	-0.472722	101.955678	0.003193	8.2
1986	-1.262468	101.926364	0.006051	11.2
1987	-0.322132	101.897072	0.002400	7.4
1988	-1.094642	101.867802	0.005441	8.5
1989	-0.378118	101.838555	0.002718	11.0
1990	-1.290855	101.809330	0.008217	8.2
1991	-1.263070	101.780128	0.006945	8.8
1992	-0.858678	101.750948	0.005549	9.2
1993	-0.864516	101.721790	0.005674	11.6
1994	-0.769032	101.692654	0.006822	8.8
1995	-0.361221	101.663541	0.004050	8.2
1996	-1.258161	101.634450	0.006564	8.5
1997	-0.911752	101.605381	0.004287	10.7
1998	-0.764169	101.576335	0.004244	8.5
1999	-1.169307	101.547310	0.006510	8.8
