1:ItNr	2:Metric	3:StepSize	4:||Gradient||	Time[ms]
0	-0.983750	627.201626	0.008729	481.7
1	-1.122430	623.504937	0.008954	8.8
2	-0.687416	619.865785	0.011355	7.9
3	-1.085855	616.282728	0.008137	8.5
4	-0.216344	612.754375	0.001830	10.4
5	-1.240259	609.279381	0.010938	9.1
6	-0.883496	605.856447	0.011439	7.9
7	-0.014414	602.484317	0.000245	9.1
8	-0.579468	599.161779	0.005643	11.3
9	-0.655038	595.887656	0.007519	8.8
10	-0.597921	592.660813	0.004735	8.0
11	-0.678977	589.480151	0.008611	7.5
12	-0.592602	586.344606	0.011298	8.7
13	-0.853623	583.253145	0.006380	9.6
14	-1.085329	580.204771	0.016696	9.2
15	-1.100770	577.198517	0.010337	8.0
16	-0.948322	574.233444	0.011437	8.2
17	-1.164458	571.308645	0.009673	7.3
18	-1.134305	568.423237	0.009998	10.2
19	-0.665813	565.576365	0.009413	8.9
20	-0.009203	562.767201	0.000047	8.9
21	-0.314497	559.994938	0.005038	8.3
22	-0.532048	557.258797	0.013973	7.7
23	-1.148301	554.558018	0.013026	12.1
24	-1.130991	551.891865	0.013045	8.3
25	-0.980383	549.259621	0.018388	8.3
26	-1.123377	546.660592	0.007071	8.7
27	-0.889737	544.094102	0.012684	10.7
28	-0.812953	541.559494	0.009484	8.6
29	-1.170312	539.056129	0.010011	7.7
30	-1.046445	536.583387	0.012465	8.0
31	-0.293461	534.140663	0.005471	8.0
32	-0.160375	531.727370	0.004066	9.9
33	-0.701293	529.342935	0.004387	9.4
34	-1.170804	526.986802	0.007625	8.5
35	-1.094639	524.658430	0.015332	8.0
36	-0.370759	522.357290	0.004268	7.0
37	-0.298551	520.082868	0.002483	9.4
38	-1.141282	517.834665	0.013190	8.4
39	-0.837527	515.612193	0.009174	9.5
40	-0.686936	513.414976	0.012356	8.7
41	-0.646583	511.242551	0.003593	8.6
42	-1.220941	509.094468	0.008424	10.2
43	-0.976351	506.970285	0.014501	8.5
44	-0.735103	504.869574	0.009697	8.5
45	-0.626446	502.791916	0.003444	9.8
46	-0.423994	500.736903	0.002627	10.7
47	-1.130250	498.704137	0.007591	7.9
48	-1.184604	496.693228	0.011412	8.0
49	-0.453080	494.703798	0.006803	7.6
50	-0.601772	492.735476	0.005496	7.8
51	-0.040022	490.787900	0.001354	10.7
52	-0.752904	488.860718	0.009467	8.3
53	-1.153375	486.953585	0.013267	8.0
54	-1.045940	485.066164	0.007270	8.2
55	-0.946734	483.198126	0.013069	8.7
56	-1.218496	481.349149	0.012669	10.5
57	-0.653541	479.518920	0.010179	8.7
58	-0.827840	477.707132	0.008640	8.1
59	-0.983309	475.913485	0.013373	7.8
60	-0.576286	474.137684	0.006053	10.4
61	-0.979338	472.379445	0.009885	8.7
62	-0.020359	470.638485	0.000148	8.0
63	-0.085828	468.914531	0.002363	8.5
64	-0.547373	467.207315	0.005287	8.4
65	-1.058046	465.516573	0.010610	11.1
66	-0.402049	463.842050	0.005243	8.9
67	-0.541085	462.183494	0.010550	8.0
68	-0.733080	460.540658	0.007963	8.4
69	-0.591702	458.913303	0.007884	10.3
70	-0.158542	457.301192	0.002463	8.9
71	-1.138646	455.704096	0.015037	9.3
72	-0.521226	454.121787	0.005754	8.1
73	-1.165475	452.554045	0.005567	7.9
74	-0.851005	451.000653	0.010309	11.0
75	-1.246587	449.461399	0.011709	8.4
76	-0.148490	447.936075	0.003960	8.5
77	-0.585772	446.424477	0.008117	7.6
78	-0.408025	444.926406	0.002992	10.8
79	-1.029261	443.441666	0.011383	8.5
80	-1.166518	441.970065	0.013512	8.3
81	-1.101316	440.511415	0.009799	8.0
82	-1.011798	439.065533	0.007124	7.9
83	-0.587474	437.632238	0.008191	10.2
84	-0.847683	436.211351	0.008883	8.9
85	-0.945717	434.802701	0.007437	10.2
86	-0.256243	433.406117	0.004707	7.6
87	-1.171055	432.021430	0.015769	8.2
88	-0.913926	430.648479	0.013289	11.6
89	-0.775386	429.287101	0.004715	8.3
90	-0.872344	427.937140	0.008658	8.1
91	-0.484439	426.598440	0.003868	8.0
92	-0.922145	425.270849	0.009054	10.4
93	-0.197077	423.954220	0.003235	7.1
94	-1.030477	422.648404	0.009683	9.2
95	-0.229084	421.353259	0.003601	8.0
96	-0.607729	420.068643	0.009677	8.5
97	-0.202244	418.794419	0.001602	9.0
98	-1.135246	417.530451	0.009798	8.4
99	-0.865063	416.276604	0.010656	7.6
100	-0.722464	415.032748	0.010325	8.1
101	-1.192062	413.798754	0.005791	7.9
102	-0.887178	412.574495	0.009755	10.3
103	-0.993150	411.359849	0.006535	7.3
104	-1.188172	410.154691	0.008040	9.2
105	-0.561088	408.958904	0.008276	8.5
106	-0.553876	407.772368	0.006024	8.5
107	-0.627160	406.594968	0.010794	11.8
108	-0.302950	405.426590	0.004236	9.9
109	-0.945877	404.267122	0.006302	8.4
110	-1.142734	403.116456	0.007982	8.0
111	-1.184125	401.974481	0.009814	10.8
112	-0.636292	400.841093	0.003939	8.1
113	-1.132060	399.716187	0.006684	9.0
114	-1.226207	398.599660	0.011634	8.4
115	-1.115296	397.491411	0.010169	9.9
116	-0.650243	396.391342	0.007540	11.6
117	-0.610917	395.299353	0.003528	9.9
118	-1.134092	394.215350	0.007349	9.5
119	-1.068874	393.139238	0.009942	11.9
120	-1.211198	392.070924	0.010980	8.4
121	-1.169947	391.010316	0.006600	8.7
122	-0.226048	389.957325	0.001962	7.8
123	-1.210019	388.911862	0.006692	8.6
124	-0.674976	387.873839	0.011744	10.4
125	-0.590145	386.843173	0.012402	9.1
126	-1.061581	385.819777	0.010946	8.6
127	-1.129866	384.803569	0.007077	8.0
128	-0.972780	383.794468	0.006284	10.3
129	-1.051023	382.792393	0.012771	8.1
130	-0.484045	381.797264	0.007643	9.2
131	-1.128806	380.809005	0.010491	8.0
132	-1.039976	379.827537	0.005777	8.5
133	-0.363839	378.852786	0.003528	11.8
134	-0.990323	377.884678	0.007812	8.7
135	-0.628941	376.923138	0.016070	8.0
136	-1.169798	375.968095	0.013479	8.3
137	-0.583240	375.019479	0.012182	10.1
138	-1.001737	374.077218	0.009458	9.2
139	-1.043694	373.141244	0.007688	8.7
140	-0.720592	372.211489	0.006277	8.1
141	-0.975488	371.287887	0.013106	8.9
142	-1.105009	370.370370	0.008347	8.5
143	-0.924811	369.458876	0.006274	12.6
144	-0.977948	368.553338	0.007182	12.2
145	-1.182146	367.653696	0.012750	14.3
146	-1.064203	366.759885	0.005454	10.9
147	-0.808666	365.871846	0.004098	7.2
148	-0.793818	364.989518	0.004797	8.0
149	-0.635653	364.112841	0.006566	8.3
150	-0.937853	363.241757	0.009217	11.5
151	-0.623326	362.376208	0.005250	8.0
152	-1.142036	361.516137	0.007463	8.4
153	-0.589260	360.661488	0.012275	8.6
154	-0.593014	359.812206	0.009615	11.0
155	-0.712560	358.968236	0.006080	9.4
156	-1.282474	358.129524	0.009830	7.9
157	-1.157562	357.296018	0.008661	7.9
158	-0.431001	356.467665	0.005594	8.0
159	-0.566755	355.644414	0.008666	10.1
160	-0.989206	354.826213	0.009589	9.9
161	-0.677593	354.013012	0.006524	11.2
162	-0.038357	353.204763	0.001598	7.5
163	-0.085604	352.401415	0.003104	9.8
164	-0.646741	351.602922	0.006840	8.1
165	-1.169176	350.809235	0.009763	7.4
166	-0.474400	350.020308	0.006899	10.2
167	-1.177910	349.236095	0.010890	9.2
168	-1.077969	348.456550	0.011919	10.1
169	-0.525434	347.681627	0.004337	8.9
170	-0.911647	346.911283	0.005252	8.2
171	-0.743313	346.145474	0.008734	8.4
172	-0.793927	345.384157	0.006206	10.5
173	-0.688653	344.627288	0.004262	9.2
174	-1.216002	343.874826	0.009350	7.6
175	-1.174510	343.126729	0.009046	8.1
176	-0.875563	342.382957	0.012290	7.9
177	-0.836878	341.643469	0.004772	10.4
178	-0.766133	340.908224	0.005078	7.8
179	-0.643777	340.177184	0.010088	8.9
180	-1.155457	339.450309	0.009746	8.5
181	-0.771721	338.727561	0.008037	8.3
182	-1.092886	338.008902	0.018191	11.5
183	-0.928951	337.294295	0.012850	8.7
184	-0.916772	336.583703	0.008452	9.5
185	-0.691851	335.877089	0.006605	10.8
186	-0.669241	335.174416	0.010213	8.8
187	-1.219531	334.475651	0.007745	9.7
188	-1.203536	333.780756	0.010486	7.7
189	-0.319365	333.089698	0.005709	8.4
190	-0.025628	332.402443	0.001113	8.8
191	-0.625433	331.718955	0.008445	10.6
192	-0.853091	331.039203	0.009357	8.6
193	-0.386482	330.363153	0.006343	8.9
194	-0.890061	329.690771	0.004054	8.0
195	-1.080329	329.022027	0.014156	10.9
196	-1.111678	328.356888	0.005870	9.6
197	-0.877399	327.695322	0.005252	8.5
198	-1.009251	327.037299	0.008644	8.4
199	-0.074198	326.382787	0.002846	8.9
200	-0.751099	325.731758	0.005845	9.3
201	-0.007178	325.084179	0.001600	8.0
202	-0.804062	324.440023	0.006315	8.9
203	-1.112692	323.799258	0.007323	8.3
204	-0.378722	323.161858	0.004485	10.5
205	-0.038601	322.527792	0.001500	8.5
206	-0.844199	321.897034	0.007566	9.8
207	-1.166387	321.269554	0.012919	7.8
208	-1.287825	320.645325	0.014269	8.2
209	-1.088332	320.024320	0.009302	13.2
210	-0.329593	319.406512	0.007746	8.0
211	-0.707304	318.791875	0.007328	9.5
212	-1.219577	318.180381	0.012313	8.3
213	-0.560503	317.572005	0.004585	10.9
214	-1.108090	316.966721	0.011138	8.8
215	-0.281128	316.364504	0.004223	9.5
216	-0.510666	315.765329	0.004245	8.9
217	-0.412698	315.169170	0.004450	11.5
218	-1.122983	314.576003	0.005456	7.5
219	-1.175277	313.985804	0.008179	7.8
220	-1.191887	313.398548	0.008586	8.0
221	-0.279188	312.814213	0.003646	10.3
222	-1.277876	312.232773	0.009913	8.1
223	-0.298427	311.654207	0.003525	8.8
224	-1.052448	311.078491	0.008745	7.6
225	-0.119217	310.505602	0.002300	7.2
226	-0.562170	309.935518	0.004235	13.4
227	-0.892953	309.368217	0.010150	10.0
228	-0.844897	308.803676	0.009114	8.9
229	-0.635547	308.241874	0.009736	8.3
230	-0.793915	307.682789	0.012857	8.5
231	-0.735106	307.126400	0.015179	10.2
232	-0.843183	306.572687	0.007646	9.0
233	-1.073307	306.021627	0.006097	7.6
234	-1.247809	305.473201	0.008969	8.1
235	-1.025874	304.927388	0.009139	10.4
236	-0.652832	304.384168	0.009629	9.0
237	-0.484946	303.843521	0.003972	6.8
238	-0.941969	303.305427	0.009457	7.8
239	-1.232195	302.769867	0.010812	8.2
240	-0.930453	302.236821	0.008728	10.7
241	-0.808715	301.706270	0.004919	8.4
242	-1.267497	301.178196	0.007108	9.2
243	-0.538968	300.652580	0.003743	7.1
244	-1.144294	300.129402	0.009989	8.1
245	-1.214469	299.608645	0.005477	10.0
246	-0.209244	299.090291	0.005120	9.2
247	-1.030584	298.574321	0.006412	8.0
248	-1.142434	298.060718	0.008728	8.0
249	-0.489335	297.549465	0.006252	8.5
250	-0.848903	297.040543	0.012204	9.9
251	-0.679326	296.533936	0.005658	9.2
252	-0.055130	296.029626	0.001520	8.7
253	-1.211315	295.527597	0.009623	7.8
254	-0.908638	295.027832	0.009475	8.0
255	-0.383201	294.530315	0.004610	12.5
256	-1.122612	294.035028	0.008698	7.5
257	-1.239259	293.541956	0.007422	8.4
258	-0.990279	293.051083	0.008356	8.1
259	-0.566760	292.562393	0.009054	10.7
260	-0.589977	292.075870	0.006577	8.0
261	-1.131540	291.591498	0.007093	8.6
262	-1.144496	291.109263	0.007465	7.9
263	-1.090392	290.629149	0.006856	8.1
264	-1.047184	290.151140	0.008102	10.2
265	-0.745329	289.675222	0.009568	8.2
266	-1.034593	289.201380	0.008498	10.3
267	-0.032014	288.729600	0.001565	7.2
268	-0.634177	288.259866	0.005016	8.5
269	-1.232937	287.792165	0.009140	10.7
270	-1.113256	287.326481	0.011693	9.2
271	-0.425122	286.862802	0.006532	8.6
272	-1.044394	286.401113	0.008623	7.5
273	-1.200172	285.941400	0.006196	11.3
274	-0.880230	285.483649	0.005456	7.7
275	-0.730501	285.027847	0.005399	8.2
276	-0.954898	284.573981	0.015999	7.9
277	-0.802231	284.122037	0.006463	8.4
278	-1.155279	283.672002	0.009491	9.9
279	-1.010308	283.223863	0.010211	9.6
280	-1.159070	282.777607	0.008913	7.9
281	-0.261336	282.333221	0.003195	8.3
282	-1.087073	281.890692	0.009158	8.5
283	-0.773755	281.450008	0.008926	10.3
284	-0.731142	281.011157	0.010885	8.5
285	-1.148917	280.574125	0.006124	9.0
286	-1.287517	280.138901	0.008201	8.3
287	-1.232241	279.705473	0.008121	10.6
288	-0.956200	279.273829	0.007622	9.2
289	-0.271179	278.843956	0.003204	8.2
290	-0.813605	278.415844	0.010918	8.7
291	-1.013598	277.989479	0.005568	9.0
292	-0.567924	277.564851	0.008468	10.7
293	-0.299137	277.141949	0.004795	8.9
294	-0.979075	276.720761	0.007263	7.9
295	-0.435809	276.301275	0.004826	8.2
296	-1.198970	275.883480	0.006504	10.2
297	-1.052040	275.467366	0.006070	8.5
298	-0.532724	275.052922	0.004520	10.3
299	-0.613994	274.640136	0.005866	8.3
300	-1.125693	274.228998	0.006878	10.4
301	-0.737225	273.819497	0.004585	9.6
302	-0.122829	273.411623	0.002177	7.4
303	-1.203379	273.005365	0.010530	8.8
304	-0.070586	272.600712	0.003171	7.9
305	-1.182329	272.197655	0.012706	10.5
306	-0.613154	271.796184	0.005927	8.0
307	-0.282081	271.396287	0.004934	8.9
308	-0.186306	270.997956	0.004996	8.1
309	-0.590594	270.601180	0.006925	8.6
310	-1.005261	270.205949	0.009863	12.1
311	-0.588300	269.812254	0.008410	7.7
312	-0.671111	269.420085	0.006622	8.3
313	-1.141443	269.029432	0.008686	7.5
314	-0.367497	268.640287	0.006278	10.7
315	-0.814202	268.252638	0.006250	8.4
316	-0.644572	267.866478	0.004299	8.7
317	-0.549644	267.481796	0.001589	8.2
318	-0.072674	267.098584	0.000668	6.9
319	-0.189763	266.716833	0.002400	10.3
320	-0.697941	266.336533	0.009954	8.9
321	-0.408341	265.957676	0.005763	8.2
322	-0.246470	265.580253	0.001968	8.8
323	-0.952926	265.204254	0.008847	8.2
324	-0.699145	264.829672	0.006686	10.9
325	-1.152574	264.456497	0.007772	8.7
326	-1.254438	264.084721	0.008549	7.6
327	-0.726748	263.714335	0.007293	8.2
328	-0.962233	263.345332	0.012519	11.0
329	-0.317363	262.977702	0.004298	8.8
330	-0.725754	262.611438	0.008724	8.1
331	-0.798838	262.246531	0.010068	7.6
332	-0.705126	261.882973	0.008060	8.0
333	-1.219842	261.520756	0.012058	10.4
334	-1.305996	261.159871	0.013715	8.5
335	-1.167854	260.800312	0.011904	9.1
336	-1.272014	260.442070	0.009117	8.1
337	-1.246970	260.085137	0.009344	8.7
338	-1.145724	259.729505	0.006733	11.1
339	-0.175849	259.375167	0.002594	8.0
340	-0.365264	259.022116	0.007836	8.1
341	-1.247278	258.670343	0.007848	9.0
342	-0.335916	258.319841	0.002344	10.7
343	-1.107233	257.970602	0.008847	8.6
344	-1.051400	257.622620	0.007000	9.8
345	-0.810878	257.275887	0.007924	7.6
346	-1.022866	256.930396	0.004464	9.1
347	-0.515376	256.586139	0.003803	12.4
348	-0.614986	256.243109	0.007661	7.8
349	-1.080569	255.901300	0.010546	8.2
350	-0.806777	255.560703	0.005785	7.8
351	-0.224179	255.221313	0.002909	10.1
352	-0.667361	254.883122	0.006975	7.6
353	-0.708771	254.546124	0.007271	9.1
354	-0.723018	254.210311	0.005314	8.3
355	-0.687270	253.875677	0.008354	9.7
356	-0.447931	253.542215	0.006265	11.2
357	-0.323691	253.209918	0.004082	8.3
358	-0.788936	252.878781	0.004856	8.3
359	-1.085894	252.548795	0.009104	7.6
360	-0.241655	252.219956	0.002963	11.2
361	-1.133721	251.892255	0.009762	8.6
362	-1.020645	251.565688	0.009175	8.6
363	-0.462962	251.240247	0.003742	7.4
364	-0.265818	250.915926	0.002174	7.4
365	-0.411005	250.592720	0.002242	10.8
366	-0.971998	250.270621	0.011077	8.8
367	-1.234904	249.949624	0.011644	8.5
368	-0.964867	249.629723	0.009065	8.2
369	-0.725439	249.310911	0.002581	8.1
370	-0.343143	248.993182	0.005348	9.4
371	-1.097203	248.676531	0.006169	8.2
372	-1.108929	248.360952	0.011248	9.4
373	-1.159120	248.046438	0.007158	8.1
374	-0.879084	247.732984	0.003795	9.7
375	-1.219488	247.420584	0.006944	10.7
376	-0.637393	247.109233	0.008918	8.2
377	-0.620898	246.798924	0.007042	8.2
378	-0.823327	246.489652	0.004962	7.9
379	-0.084467	246.181412	0.001771	10.4
380	-1.030320	245.874197	0.013696	8.0
381	-1.059006	245.568002	0.009544	9.1
382	-0.311483	245.262822	0.004975	8.5
383	-0.900279	244.958652	0.009988	8.3
384	-1.117638	244.655485	0.006483	12.0
385	-1.011725	244.353317	0.009320	8.8
386	-0.910677	244.052142	0.004496	8.0
387	-0.601604	243.751955	0.004337	7.5
388	-0.821722	243.452750	0.009082	10.4
389	-0.912951	243.154523	0.006308	8.0
390	-1.193055	242.857268	0.005511	9.3
391	-1.166526	242.560980	0.006171	7.6
392	-1.058892	242.265654	0.008620	8.3
393	-0.190795	241.971285	0.002270	11.1
394	-1.157457	241.677868	0.007697	8.7
395	-0.808793	241.385397	0.006982	7.5
396	-0.889471	241.093869	0.007185	8.2
397	-1.240917	240.803278	0.007252	11.2
398	-1.232082	240.513619	0.006374	7.9
399	-0.713374	240.224887	0.007494	9.1
400	-0.258923	239.937077	0.003449	8.5
401	-0.696970	239.650186	0.004914	7.4
402	-0.434548	239.364207	0.004764	9.7
403	-1.054534	239.079136	0.005372	8.9
404	-1.039240	238.794969	0.008340	8.2
405	-0.118826	238.511701	0.002152	8.0
406	-1.178346	238.229327	0.011045	7.9
407	-1.171148	237.947843	0.008555	10.4
408	-1.185338	237.667244	0.005343	8.8
409	-0.275428	237.387526	0.001695	8.4
410	-0.314597	237.108684	0.002500	8.3
411	-1.001965	236.830714	0.004803	9.5
412	-0.929076	236.553610	0.005629	10.9
413	-0.601371	236.277370	0.006796	8.0
414	-0.630327	236.001989	0.006086	7.9
415	-1.042318	235.727461	0.010464	8.7
416	-1.137830	235.453784	0.012186	9.8
417	-0.596868	235.180952	0.010139	9.0
418	-1.257074	234.908962	0.005773	9.6
419	-0.857651	234.637809	0.010239	8.5
420	-1.238966	234.367488	0.012212	8.4
421	-0.802819	234.097997	0.004750	10.1
422	-1.189247	233.829331	0.007378	8.8
423	-0.675168	233.561485	0.005812	7.8
424	-0.397353	233.294456	0.003094	8.0
425	-0.367845	233.028239	0.003640	10.5
426	-0.655021	232.762831	0.008179	8.1
427	-1.294385	232.498228	0.013432	8.6
428	-1.298528	232.234425	0.010145	7.9
429	-0.931506	231.971419	0.012557	8.3
430	-0.963999	231.709205	0.009108	9.9
431	-0.673993	231.447781	0.011923	8.8
432	-1.022521	231.187141	0.006927	7.9
433	-0.864573	230.927283	0.006523	8.0
434	-0.907675	230.668202	0.005463	8.3
435	-0.511517	230.409895	0.006472	8.8
436	-0.158579	230.152358	0.002653	8.1
437	-0.289428	229.895587	0.004252	8.4
438	-0.446559	229.639578	0.003681	7.6
439	-0.560228	229.384329	0.008363	9.6
440	-0.972958	229.129834	0.004372	12.2
441	-0.834381	228.876091	0.008041	8.6
442	-1.187146	228.623096	0.006592	8.3
443	-1.083121	228.370846	0.004035	8.0
444	-0.787416	228.119336	0.004035	10.4
445	-0.981419	227.868563	0.007321	9.8
446	-0.687034	227.618525	0.006032	9.3
447	-1.099583	227.369216	0.006912	7.6
448	-1.066834	227.120635	0.010769	9.9
449	-1.128119	226.872777	0.008528	9.7
450	-1.143815	226.625638	0.006482	10.8
451	-0.681451	226.379217	0.002525	7.8
452	-0.710021	226.133509	0.008089	8.4
453	-0.865515	225.888510	0.003971	10.0
454	-1.049769	225.644218	0.007543	7.8
455	-1.113801	225.400630	0.010021	8.0
456	-0.893196	225.157741	0.009230	9.0
457	-0.976850	224.915549	0.010170	10.1
458	-0.632872	224.674051	0.008210	8.3
459	-0.005428	224.433242	0.000601	9.0
460	-1.292673	224.193121	0.010156	8.4
461	-0.322582	223.953684	0.003394	8.5
462	-0.729342	223.714927	0.008797	11.7
463	-0.086619	223.476848	0.003014	7.7
464	-0.506258	223.239444	0.002926	7.9
465	-0.490359	223.002710	0.008687	7.5
466	-1.360608	222.766645	0.020553	10.4
467	-1.405200	222.531245	0.008972	9.4
468	-0.315997	222.296508	0.004996	8.6
469	-0.868709	222.062429	0.004602	7.9
470	-0.546657	221.829007	0.005508	8.4
471	-0.524889	221.596238	0.005258	10.8
472	-0.975365	221.364119	0.008988	9.0
473	-1.231614	221.132647	0.005239	7.7
474	-1.261069	220.901820	0.006174	8.5
475	-1.152644	220.671634	0.010417	10.7
476	-1.117512	220.442086	0.008253	8.0
477	-1.220665	220.213174	0.008970	9.1
478	-0.126406	219.984895	0.001643	8.0
479	-1.209982	219.757246	0.007499	8.1
480	-1.193405	219.530224	0.008950	12.1
481	-0.877158	219.303826	0.003036	8.6
482	-1.225366	219.078050	0.010212	8.4
483	-0.703208	218.852893	0.006611	8.1
484	-1.255786	218.628352	0.007231	11.1
485	-1.113206	218.404424	0.005648	8.1
486	-0.419514	218.181106	0.004621	7.2
487	-0.691117	217.958397	0.009135	7.7
488	-1.023481	217.736292	0.010764	8.3
489	-0.769400	217.514790	0.009491	10.0
490	-0.304802	217.293888	0.003655	8.5
491	-0.547154	217.073584	0.004875	7.7
492	-0.286824	216.853873	0.002888	8.1
493	-0.626457	216.634755	0.006953	8.0
494	-1.221011	216.416227	0.010765	10.2
495	-1.162569	216.198285	0.012777	8.1
496	-0.531722	215.980927	0.004016	8.7
497	-0.764604	215.764151	0.004982	7.8
498	-0.975192	215.547955	0.008033	8.0
499	-1.202996	215.332335	0.011374	9.7
500	-0.922227	215.117289	0.005136	9.4
501	-0.993229	214.902815	0.003951	8.4
502	-0.773853	214.688911	0.010144	7.7
503	-1.163904	214.475573	0.010561	8.0
504	-0.792024	214.262800	0.009850	10.4
505	-1.107813	214.050588	0.016622	8.2
506	-1.050750	213.838936	0.006054	9.3
507	-1.321684	213.627842	0.005963	7.9
508	-0.621597	213.417302	0.005820	10.7
509	-0.051934	213.207314	0.002347	8.5
510	-0.578057	212.997877	0.003966	8.1
511	-1.023810	212.788987	0.010641	7.8
512	-0.677294	212.580642	0.005620	8.2
513	-0.000645	212.372841	0.000404	9.3
514	-0.809842	212.165581	0.012155	8.2
515	-0.140687	211.958859	0.003925	8.9
516	-0.825353	211.752673	0.006328	8.0
517	-1.148584	211.547021	0.007139	8.4
518	-0.613272	211.341902	0.008688	11.0
519	-1.158046	211.137311	0.007186	9.0
520	-1.081380	210.933248	0.005756	7.7
521	-0.436769	210.729710	0.007596	8.1
522	-1.053796	210.526695	0.004534	10.6
523	-1.201896	210.324200	0.005665	8.0
524	-0.923109	210.122224	0.010279	9.4
525	-0.564340	209.920765	0.003073	8.0
526	-0.809247	209.719820	0.007719	8.1
527	-0.092909	209.519387	0.001250	10.7
528	-0.698590	209.319463	0.010377	8.8
529	-1.212786	209.120048	0.008174	8.3
530	-0.992965	208.921139	0.004346	9.1
531	-0.474897	208.722733	0.006049	10.5
532	-1.097800	208.524829	0.011793	10.2
533	-1.101277	208.327425	0.005514	8.3
534	-0.011591	208.130518	0.000049	7.1
535	-1.122121	207.934107	0.007872	8.6
536	-0.300418	207.738189	0.005211	10.3
537	-0.764925	207.542762	0.006943	8.1
538	-1.215910	207.347825	0.005878	7.9
539	-0.338477	207.153376	0.008204	8.1
540	-0.170925	206.959412	0.003384	10.5
541	-1.177867	206.765932	0.013245	8.6
542	-0.435198	206.572933	0.007132	8.5
543	-1.283946	206.380414	0.007233	7.8
544	-0.739104	206.188373	0.006703	8.2
545	-0.628268	205.996807	0.005697	9.9
546	-1.015491	205.805716	0.010518	7.3
547	-1.117469	205.615096	0.006234	8.3
548	-1.241086	205.424946	0.007346	8.4
549	-1.102607	205.235265	0.008383	8.0
550	-1.127207	205.046050	0.008227	11.0
551	-1.199368	204.857299	0.007922	7.9
552	-0.676900	204.669011	0.008117	9.1
553	-0.744441	204.481184	0.005352	8.2
554	-0.470258	204.293816	0.002622	8.3
555	-0.793854	204.106905	0.010228	11.4
556	-0.948531	203.920449	0.005804	9.4
557	-0.723564	203.734447	0.007180	7.6
558	-0.956479	203.548896	0.005857	7.7
559	-1.045429	203.363795	0.009487	10.9
560	-1.029729	203.179143	0.006982	9.5
561	-1.212008	202.994937	0.006681	7.9
562	-1.067952	202.811176	0.010001	8.2
563	-0.162955	202.627857	0.002418	7.7
564	-0.622118	202.444980	0.005335	9.5
565	-1.273091	202.262543	0.008813	8.9
566	-0.185851	202.080543	0.003263	8.2
567	-1.204491	201.898979	0.007856	8.3
568	-0.789820	201.717849	0.003601	7.6
569	-1.089701	201.537153	0.012286	10.1
570	-0.584057	201.356887	0.007521	7.8
571	-0.487514	201.177050	0.005392	9.1
572	-0.880386	200.997642	0.005095	8.3
573	-1.317143	200.818659	0.009608	8.2
574	-0.590176	200.640100	0.012432	10.7
575	-0.009583	200.461965	0.000592	8.8
576	-0.652062	200.284250	0.008271	7.1
577	-0.647930	200.106955	0.008683	8.1
578	-0.748218	199.930078	0.008397	9.6
579	-0.664138	199.753617	0.008767	9.3
580	-0.711902	199.577571	0.009453	7.7
581	-0.748137	199.401938	0.010056	8.5
582	-0.740972	199.226717	0.007869	8.4
583	-1.126366	199.051905	0.006173	10.2
584	-1.265158	198.877502	0.007366	9.4
585	-1.122939	198.703506	0.005978	8.1
586	-0.845002	198.529916	0.006260	7.7
587	-0.202163	198.356729	0.002429	8.7
588	-1.012203	198.183944	0.008378	9.2
589	-0.334437	198.011560	0.003235	8.3
590	-0.282404	197.839576	0.005841	8.3
591	-0.374947	197.667989	0.005757	8.3
592	-1.060789	197.496798	0.006696	10.6
593	-0.165610	197.326002	0.003415	8.1
594	-0.943707	197.155600	0.005571	8.8
595	-0.673710	196.985589	0.006834	9.2
596	-0.897810	196.815969	0.007624	10.3
597	-0.875025	196.646738	0.011320	7.7
598	-0.541577	196.477894	0.006104	8.1
599	-0.760954	196.309436	0.010545	7.9
600	-0.242949	196.141363	0.004605	8.3
601	-0.420804	195.973673	0.004637	9.9
602	-1.118570	195.806365	0.010472	8.6
603	-1.134404	195.639437	0.006916	8.6
604	-0.858638	195.472888	0.005076	8.0
605	-0.731999	195.306717	0.005363	8.6
606	-0.173006	195.140922	0.003334	10.7
607	-1.077862	194.975501	0.011603	9.7
608	-0.098658	194.810454	0.002786	8.2
609	-1.197616	194.645779	0.006900	9.0
610	-0.375886	194.481475	0.002743	10.9
611	-1.219962	194.317540	0.006192	7.6
612	-1.204200	194.153973	0.006847	7.7
613	-1.267102	193.990773	0.008901	8.3
614	-0.927677	193.827938	0.005374	8.3
615	-0.809655	193.665467	0.013130	10.3
616	-0.663614	193.503358	0.008067	9.1
617	-1.160536	193.341611	0.010064	7.8
618	-0.612771	193.180224	0.005672	8.5
619	-0.233967	193.019196	0.005200	6.2
620	-0.900144	192.858525	0.007051	10.5
621	-1.218609	192.698210	0.009484	7.8
622	-0.620303	192.538251	0.003788	8.8
623	-1.173236	192.378644	0.009350	8.4
624	-0.758628	192.219391	0.008062	7.9
625	-0.754825	192.060488	0.008856	11.1
626	-1.135004	191.901935	0.009034	9.5
627	-1.022358	191.743730	0.008825	8.3
628	-0.798907	191.585873	0.008457	7.5
629	-1.042468	191.428362	0.005277	8.9
630	-1.140093	191.271196	0.016287	10.9
631	-1.113306	191.114374	0.006909	8.6
632	-0.991193	190.957893	0.007877	7.7
633	-1.069726	190.801755	0.009319	7.8
634	-0.518848	190.645956	0.007094	10.4
635	-1.294222	190.490495	0.008979	8.4
636	-0.576067	190.335373	0.006840	8.5
637	-0.358872	190.180587	0.004588	8.4
638	-0.390449	190.026136	0.005459	9.9
639	-0.338490	189.872019	0.003538	11.4
640	-1.193441	189.718235	0.006666	8.4
641	-1.197931	189.564782	0.006337	7.9
642	-0.836953	189.411661	0.008003	7.8
643	-0.611880	189.258868	0.007704	10.3
644	-1.292251	189.106404	0.009751	8.7
645	-1.228677	188.954267	0.004603	8.8
646	-1.297536	188.802456	0.008434	8.2
647	-1.091708	188.650969	0.006680	8.0
648	-1.240270	188.499807	0.005413	10.0
649	-0.665204	188.348967	0.008356	7.8
650	-0.662725	188.198448	0.008619	9.6
651	-0.245464	188.048250	0.003670	8.0
652	-0.999562	187.898371	0.004167	10.7
653	-0.051224	187.748810	0.000253	7.9
654	-1.213722	187.599566	0.006783	8.1
655	-0.622193	187.450638	0.003221	8.0
656	-0.935154	187.302025	0.011195	8.3
657	-0.548029	187.153725	0.006845	11.2
658	-1.041480	187.005739	0.009308	8.2
659	-0.553047	186.858064	0.003909	8.4
660	-0.233874	186.710699	0.006033	7.8
661	-0.533613	186.563645	0.005404	8.7
662	-0.420001	186.416898	0.005613	9.5
663	-0.838198	186.270459	0.006151	9.6
664	-0.778003	186.124326	0.008946	8.3
665	-0.266027	185.978499	0.003168	8.3
666	-1.322084	185.832976	0.012924	7.9
667	-0.890205	185.687756	0.006393	9.8
668	-1.179317	185.542838	0.006901	9.0
669	-1.203425	185.398222	0.013308	8.5
670	-1.252717	185.253906	0.007638	8.4
671	-1.260707	185.109889	0.008831	10.5
672	-1.308368	184.966170	0.010250	9.1
673	-1.162156	184.822748	0.006618	8.7
674	-0.788167	184.679623	0.004979	8.1
675	-1.204261	184.536792	0.007614	8.4
676	-1.179627	184.394256	0.007577	9.8
677	-1.091736	184.252013	0.006512	8.4
678	-1.167912	184.110062	0.005906	8.3
679	-0.571603	183.968403	0.003246	7.9
680	-0.212171	183.827034	0.002157	10.5
681	-0.630996	183.685954	0.009588	9.1
682	-0.000001	183.545163	0.000001	8.9
683	-1.140432	183.404658	0.010825	8.3
684	-1.019748	183.264441	0.005399	8.4
685	-0.436327	183.124509	0.005132	9.9
686	-0.703619	182.984861	0.008763	7.9
687	-1.044278	182.845497	0.008333	8.5
688	-0.686595	182.706416	0.006744	8.7
689	-0.700342	182.567616	0.004579	10.1
690	-0.111611	182.429098	0.007348	6.7
691	-0.534503	182.290859	0.003164	8.5
692	-1.303646	182.152899	0.010390	8.1
693	-1.200334	182.015217	0.005887	8.1
694	-1.056789	181.877813	0.008588	10.6
695	-1.116272	181.740684	0.009628	8.8
696	-1.182318	181.603832	0.005873	7.8
697	-1.217343	181.467253	0.005335	8.7
698	-0.699777	181.330948	0.006467	8.1
699	-1.324689	181.194916	0.010200	10.9
700	-0.114978	181.059155	0.002260	8.3
701	-0.313081	180.923666	0.003897	7.6
702	-1.181932	180.788446	0.012654	7.7
703	-0.440693	180.653496	0.002995	10.5
704	-0.602337	180.518814	0.008959	8.9
705	-0.701986	180.384399	0.008361	8.4
706	-1.132766	180.250251	0.015180	8.4
707	-1.057502	180.116369	0.004160	7.8
708	-0.793719	179.982752	0.006090	9.9
709	-1.206055	179.849398	0.007535	8.5
710	-0.079247	179.716308	0.002348	8.7
711	-0.704031	179.583480	0.005175	8.7
712	-0.140822	179.450913	0.005577	8.7
713	-1.232707	179.318607	0.005558	7.8
714	-0.115117	179.186561	0.001923	8.3
715	-0.919500	179.054774	0.007542	8.5
716	-1.052935	178.923245	0.006325	7.4
717	-0.788974	178.791973	0.010108	11.0
718	-0.973411	178.660958	0.006787	7.7
719	-0.895949	178.530199	0.010616	8.2
720	-0.672406	178.399694	0.006262	8.5
721	-1.238006	178.269444	0.008985	7.6
722	-1.287904	178.139447	0.011640	10.7
723	-0.080099	178.009702	0.003202	8.5
724	-1.270842	177.880209	0.007019	8.9
725	-0.788252	177.750967	0.012929	8.4
726	-0.152441	177.621975	0.002273	8.9
727	-1.129382	177.493232	0.009446	10.2
728	-0.611269	177.364738	0.007171	8.2
729	-0.727154	177.236492	0.006103	9.3
730	-1.052387	177.108492	0.008447	8.7
731	-0.945849	176.980739	0.004616	9.9
732	-1.232683	176.853231	0.007567	8.3
733	-0.912276	176.725968	0.007275	8.3
734	-1.181472	176.598949	0.010075	7.7
735	-0.347855	176.472173	0.007245	8.5
736	-1.200404	176.345639	0.007446	9.9
737	-1.274333	176.219348	0.007846	8.0
738	-1.053252	176.093296	0.005933	9.3
739	-0.675750	175.967486	0.009573	8.7
740	-1.259895	175.841914	0.006957	9.2
741	-0.319473	175.716581	0.006089	11.1
742	-0.582079	175.591486	0.007158	7.7
743	-1.179366	175.466629	0.007828	7.8
744	-0.396966	175.342008	0.005246	8.6
745	-0.556860	175.217622	0.004401	9.3
746	-0.948866	175.093472	0.005574	7.6
747	-0.878005	174.969556	0.005719	9.0
748	-1.099513	174.845873	0.004423	8.5
749	-0.728068	174.722423	0.007282	8.0
750	-1.301370	174.599206	0.006801	10.2
751	-0.238627	174.476220	0.003626	9.2
752	-1.132655	174.353464	0.006890	8.1
753	-1.258018	174.230939	0.006223	9.4
754	-0.788026	174.108643	0.008203	8.2
755	-0.891614	173.986576	0.005251	10.0
756	-1.131108	173.864737	0.007435	8.8
757	-0.816496	173.743124	0.004032	8.9
758	-0.663937	173.621739	0.011189	8.6
759	-1.246708	173.500579	0.007215	9.5
760	-0.616658	173.379645	0.006665	9.6
761	-0.695236	173.258935	0.008655	8.6
762	-1.239352	173.138449	0.009698	7.9
763	-1.076509	173.018186	0.011082	8.7
764	-1.050936	172.898146	0.005044	10.3
765	-0.690016	172.778327	0.003323	8.7
766	-1.143121	172.658730	0.004623	9.0
767	-1.262915	172.539353	0.011939	9.0
768	-1.176373	172.420196	0.005232	12.2
769	-1.271351	172.301258	0.008143	10.8
770	-0.191237	172.182539	0.001950	9.9
771	-1.076016	172.064037	0.007508	8.0
772	-0.298945	171.945753	0.004704	10.4
773	-1.252178	171.827686	0.006475	7.9
774	-0.943564	171.709834	0.009513	9.4
775	-1.288966	171.592198	0.007835	8.7
776	-1.212780	171.474776	0.008807	7.7
777	-1.198876	171.357568	0.012045	11.7
778	-0.552758	171.240574	0.005643	9.5
779	-0.449342	171.123793	0.005232	7.8
780	-1.172122	171.007223	0.007480	8.1
781	-1.075603	170.890865	0.009990	10.7
782	-0.897111	170.774718	0.008398	8.8
783	-0.603009	170.658782	0.005118	7.7
784	-0.796199	170.543055	0.008012	9.8
785	-1.252983	170.427537	0.007263	9.4
786	-1.238339	170.312227	0.009242	10.0
787	-0.837096	170.197125	0.004343	9.0
788	-1.050281	170.082231	0.005334	8.3
789	-0.055264	169.967543	0.002041	8.8
790	-1.192035	169.853061	0.006577	12.5
791	-1.090175	169.738784	0.006010	7.6
792	-0.680042	169.624713	0.004907	8.2
793	-0.526343	169.510845	0.003177	6.7
794	-1.261834	169.397181	0.008505	10.6
795	-1.280680	169.283720	0.008789	7.8
796	-0.985412	169.170462	0.009655	9.4
797	-0.708817	169.057405	0.008480	9.0
798	-0.518389	168.944549	0.006404	9.8
799	-1.064033	168.831895	0.005580	9.1
800	-1.245404	168.719440	0.004335	9.1
801	-0.572632	168.607185	0.008730	7.8
802	-0.666811	168.495129	0.009489	7.9
803	-1.126008	168.383271	0.003715	10.6
804	-1.206872	168.271611	0.006801	8.5
805	-1.305187	168.160148	0.010664	9.3
806	-1.067214	168.048882	0.005299	8.0
807	-1.140862	167.937812	0.012785	7.9
808	-1.096403	167.826938	0.005092	10.9
809	-0.280723	167.716258	0.003045	8.5
810	-0.532163	167.605773	0.003033	8.3
811	-1.246972	167.495482	0.010611	8.3
812	-1.230661	167.385384	0.008444	10.0
813	-1.169139	167.275479	0.007157	8.8
814	-0.477215	167.165766	0.008220	8.1
815	-1.229996	167.056245	0.010057	8.4
816	-0.249802	166.946915	0.002095	8.1
817	-0.782693	166.837776	0.004353	10.4
818	-1.089736	166.728826	0.005161	9.0
819	-0.685433	166.620067	0.003904	8.1
820	-0.295041	166.511496	0.004087	7.7
821	-0.682635	166.403113	0.006282	8.6
822	-1.070742	166.294919	0.010044	10.0
823	-1.278614	166.186912	0.007792	8.8
824	-1.240280	166.079091	0.005030	9.1
825	-0.900248	165.971458	0.008320	7.7
826	-0.500716	165.864009	0.008585	7.5
827	-0.424487	165.756747	0.006304	10.4
828	-1.096233	165.649669	0.007553	9.3
829	-1.196445	165.542775	0.006118	8.1
830	-0.277832	165.436065	0.004763	8.2
831	-1.134084	165.329538	0.005222	7.6
832	-0.808938	165.223194	0.009509	11.7
833	-1.173064	165.117032	0.010157	9.1
834	-1.157134	165.011052	0.005797	8.3
835	-1.086193	164.905253	0.008589	8.1
836	-0.796786	164.799635	0.007617	10.3
837	-0.595772	164.694197	0.005448	9.0
838	-1.242845	164.588939	0.009774	7.6
839	-1.296068	164.483859	0.010801	7.9
840	-0.428302	164.378959	0.005920	7.9
841	-1.243008	164.274237	0.005087	10.0
842	-0.736688	164.169692	0.007491	7.9
843	-0.370383	164.065325	0.004240	9.0
844	-1.071605	163.961135	0.007257	7.2
845	-0.560486	163.857120	0.003755	8.2
846	-1.360302	163.753282	0.011769	10.6
847	-0.894399	163.649619	0.008806	9.4
848	-1.352617	163.546130	0.006376	8.3
849	-0.258613	163.442816	0.005240	7.0
850	-0.902989	163.339676	0.011803	8.7
851	-0.824610	163.236709	0.009740	10.4
852	-0.385502	163.133915	0.003281	9.1
853	-0.501823	163.031294	0.002473	8.4
854	-0.219422	162.928844	0.002555	6.6
855	-0.868737	162.826566	0.005904	10.0
856	-0.715427	162.724459	0.006642	9.0
857	-0.361736	162.622523	0.005635	8.5
858	-0.866044	162.520757	0.003618	8.4
859	-1.091603	162.419160	0.006919	8.5
860	-1.238218	162.317733	0.005211	10.0
861	-0.939326	162.216474	0.004966	7.8
862	-1.258403	162.115383	0.009851	8.9
863	-0.547771	162.014461	0.006519	8.3
864	-0.084877	161.913705	0.002431	9.3
865	-0.728953	161.813117	0.007183	8.2
866	-0.564578	161.712695	0.006407	9.0
867	-0.989535	161.612439	0.009143	7.6
868	-1.133138	161.512349	0.004695	8.1
869	-1.248926	161.412424	0.009292	11.2
870	-1.278299	161.312663	0.012273	8.9
871	-0.005293	161.213067	0.001070	7.9
872	-1.229935	161.113635	0.007177	8.2
873	-0.403209	161.014366	0.004774	8.0
874	-0.402868	160.915260	0.002989	8.6
875	-1.343054	160.816316	0.021431	10.8
876	-0.738159	160.717535	0.007161	8.3
877	-1.124481	160.618915	0.009972	8.2
878	-0.550937	160.520456	0.003585	8.3
879	-0.736937	160.422158	0.006745	10.7
880	-0.824714	160.324021	0.006777	10.0
881	-1.260194	160.226043	0.005726	8.2
882	-0.599345	160.128225	0.006119	8.2
883	-0.810206	160.030566	0.007543	10.5
884	-1.145522	159.933066	0.008064	9.0
885	-1.197063	159.835723	0.005842	7.6
886	-1.212281	159.738539	0.011421	8.0
887	-1.112112	159.641512	0.004825	10.5
888	-1.122352	159.544642	0.011327	9.0
889	-1.264780	159.447929	0.008928	9.2
890	-0.969706	159.351372	0.006607	7.6
891	-0.336948	159.254971	0.005631	8.5
892	-0.731247	159.158725	0.004699	10.1
893	-0.136338	159.062634	0.003648	9.2
894	-1.237376	158.966697	0.005993	9.1
895	-0.278428	158.870915	0.006702	7.9
896	-1.164976	158.775286	0.005382	11.1
897	-1.281472	158.679811	0.009716	8.7
898	-1.151587	158.584489	0.006967	8.2
899	-1.359487	158.489319	0.010868	7.7
900	-0.187632	158.394302	0.005121	8.0
901	-0.715158	158.299436	0.007799	10.9
902	-0.815176	158.204721	0.010369	8.6
903	-0.204896	158.110158	0.002234	9.7
904	-0.314671	158.015745	0.002976	7.6
905	-0.197034	157.921482	0.002757	8.4
906	-0.121569	157.827369	0.002038	10.8
907	-0.304913	157.733406	0.002784	8.0
908	-0.526192	157.639591	0.002649	9.0
909	-1.228036	157.545925	0.006855	9.2
910	-0.867693	157.452408	0.006848	10.8
911	-1.175626	157.359038	0.006052	10.3
912	-1.337238	157.265816	0.012051	11.2
913	-1.164389	157.172741	0.008214	8.4
914	-0.946624	157.079813	0.005722	8.9
915	-1.155099	156.987031	0.010409	9.1
916	-0.521369	156.894395	0.005906	7.8
917	-1.225336	156.801904	0.005379	9.6
918	-1.153298	156.709559	0.006534	7.9
919	-1.307067	156.617359	0.012157	10.7
920	-0.764120	156.525304	0.009972	8.8
921	-1.230731	156.433392	0.006088	7.7
922	-0.924172	156.341624	0.006183	7.3
923	-0.778502	156.250000	0.007491	11.3
924	-1.183468	156.158519	0.005323	9.3
925	-0.904524	156.067180	0.005755	7.8
926	-1.133251	155.975984	0.010009	8.3
927	-1.274603	155.884930	0.009170	7.7
928	-0.788340	155.794017	0.002957	10.5
929	-1.195007	155.703246	0.005475	7.6
930	-1.148900	155.612615	0.009288	9.0
931	-0.650515	155.522125	0.004649	8.7
932	-1.044072	155.431775	0.005951	7.9
933	-1.195617	155.341565	0.005898	11.9
934	-0.149685	155.251495	0.001867	7.8
935	-1.082467	155.161563	0.013753	8.6
936	-0.412109	155.071771	0.002827	7.1
937	-0.660010	154.982117	0.003165	10.8
938	-1.007709	154.892601	0.006429	8.3
939	-0.908065	154.803222	0.010461	8.8
940	-0.116506	154.713981	0.002523	8.1
941	-1.056160	154.624878	0.006424	7.6
942	-0.920315	154.535910	0.006557	10.8
943	-0.672976	154.447080	0.007588	8.9
944	-1.166385	154.358385	0.005684	9.0
945	-0.161966	154.269826	0.004589	8.0
946	-0.407691	154.181402	0.004515	8.0
947	-0.696157	154.093114	0.006803	10.1
948	-1.268767	154.004960	0.005414	9.2
949	-1.238512	153.916940	0.009999	11.0
950	-1.142508	153.829054	0.005690	8.8
951	-0.537191	153.741303	0.009398	10.0
952	-0.801823	153.653684	0.008477	8.6
953	-1.210293	153.566198	0.005055	8.0
954	-0.721472	153.478846	0.005958	9.2
955	-0.214938	153.391625	0.002912	7.5
956	-0.989033	153.304537	0.007800	11.0
957	-0.953180	153.217580	0.013595	8.8
958	-0.407103	153.130755	0.006589	9.1
959	-0.625914	153.044061	0.003112	8.3
960	-0.400254	152.957498	0.002434	10.7
961	-1.272527	152.871065	0.008776	9.2
962	-1.359619	152.784762	0.011435	7.6
963	-0.546411	152.698589	0.006908	8.5
964	-1.162737	152.612545	0.004909	7.7
965	-0.910502	152.526631	0.003983	11.1
966	-0.712048	152.440845	0.010284	9.5
967	-1.024570	152.355188	0.007641	7.8
968	-0.896637	152.269660	0.007383	7.5
969	-1.144563	152.184259	0.012384	8.1
970	-1.023004	152.098986	0.004266	10.5
971	-0.927894	152.013840	0.006415	8.3
972	-0.830937	151.928821	0.004047	9.1
973	-1.134992	151.843928	0.005625	7.9
974	-1.061542	151.759163	0.010417	8.0
975	-1.369193	151.674523	0.011954	9.5
976	-1.004022	151.590009	0.011253	9.1
977	-1.070300	151.505620	0.004506	8.5
978	-0.949071	151.421357	0.012802	8.6
979	-0.514878	151.337218	0.006221	8.5
980	-1.093909	151.253204	0.011037	9.7
981	-1.380244	151.169314	0.010205	9.4
982	-0.842512	151.085549	0.006147	8.0
983	-1.143974	151.001907	0.006597	8.4
984	-1.104831	150.918388	0.011101	10.5
985	-1.250634	150.834992	0.006386	8.7
986	-1.228264	150.751719	0.007592	8.2
987	-0.687856	150.668569	0.006495	7.9
988	-1.096582	150.585541	0.005220	9.2
989	-1.195208	150.502634	0.006202	11.1
990	-0.858887	150.419849	0.005783	8.3
991	-1.091485	150.337186	0.005494	9.0
992	-0.756194	150.254644	0.003541	7.7
993	-1.203743	150.172222	0.007318	10.6
994	-1.028068	150.089921	0.008248	8.6
995	-0.061992	150.007740	0.001958	8.0
996	-0.901187	149.925679	0.008358	7.6
997	-1.004144	149.843737	0.009447	8.4
998	-1.099388	149.761915	0.005546	9.8
999	-1.112258	149.680212	0.009554	8.1
1000	-1.316403	149.598627	0.006922	8.4
1001	-0.756632	149.517161	0.006370	8.8
1002	-0.634128	149.435814	0.009823	8.0
1003	-0.724746	149.354584	0.006500	10.3
1004	-1.075213	149.273472	0.010133	9.4
1005	-0.534417	149.192477	0.007023	7.9
1006	-1.235155	149.111599	0.006849	9.7
1007	-0.893406	149.030838	0.006155	9.2
1008	-1.294716	148.950194	0.013851	9.9
1009	-1.261282	148.869666	0.008551	9.3
1010	-0.740148	148.789253	0.011384	7.8
1011	-0.810988	148.708957	0.004055	7.9
1012	-1.232566	148.628776	0.009673	11.0
1013	-1.208325	148.548710	0.011473	8.1
1014	-0.420072	148.468759	0.003283	7.9
1015	-0.469275	148.388923	0.004483	8.9
1016	-1.156962	148.309201	0.010693	8.2
1017	-1.237619	148.229594	0.006503	10.5
1018	-0.706663	148.150100	0.007608	8.5
1019	-0.238194	148.070719	0.003785	7.9
1020	-1.231220	147.991452	0.012698	9.1
1021	-1.076101	147.912298	0.003419	8.2
1022	-0.842220	147.833257	0.007259	12.0
1023	-1.221630	147.754329	0.010924	9.2
1024	-1.171956	147.675512	0.004660	8.0
1025	-0.524873	147.596808	0.007336	7.7
1026	-0.953350	147.518216	0.005532	9.9
1027	-0.545077	147.439735	0.004952	8.8
1028	-0.812807	147.361365	0.003962	8.3
1029	-1.079083	147.283106	0.004541	8.3
1030	-1.105346	147.204958	0.010065	7.6
1031	-0.743893	147.126920	0.006970	10.9
1032	-0.446403	147.048993	0.006031	7.7
1033	-0.717002	146.971175	0.006846	8.2
1034	-0.722686	146.893468	0.007625	8.1
1035	-1.224203	146.815869	0.012083	8.1
1036	-0.756093	146.738380	0.008396	10.8
1037	-1.217641	146.661000	0.005747	8.4
1038	-1.022706	146.583729	0.007172	8.6
1039	-1.326445	146.506566	0.011044	8.0
1040	-0.162786	146.429511	0.002267	8.2
1041	-1.285978	146.352565	0.010236	10.2
1042	-1.150443	146.275726	0.005967	8.1
1043	-0.397461	146.198994	0.002283	8.5
1044	-0.131429	146.122370	0.001486	7.1
1045	-1.180463	146.045853	0.005697	8.1
1046	-0.326012	145.969442	0.003274	10.4
1047	-1.248157	145.893139	0.005802	9.3
1048	-0.537027	145.816941	0.004221	7.6
1049	-0.864346	145.740849	0.009405	8.5
1050	-0.714558	145.664863	0.004786	7.2
1051	-1.261238	145.588983	0.015609	10.4
1052	-1.018902	145.513208	0.004808	9.1
1053	-0.645293	145.437538	0.008282	8.3
1054	-0.980270	145.361973	0.010258	9.0
1055	-1.202581	145.286513	0.008551	9.2
1056	-0.280116	145.211157	0.003820	10.4
1057	-0.493284	145.135905	0.002791	8.1
1058	-0.874141	145.060757	0.005522	8.5
1059	-0.853650	144.985712	0.006896	7.6
1060	-0.789075	144.910771	0.008139	11.1
1061	-1.066265	144.835934	0.006570	7.8
1062	-0.151900	144.761199	0.003895	9.3
1063	-0.591547	144.686567	0.003155	8.9
1064	-0.825166	144.612037	0.006559	8.7
1065	-0.617062	144.537610	0.012250	10.2
1066	-0.932684	144.463285	0.008146	7.7
1067	-0.897556	144.389062	0.007980	8.0
1068	-1.037978	144.314940	0.005221	8.0
1069	-0.454722	144.240920	0.004202	10.7
1070	-0.924465	144.167001	0.006483	8.8
1071	-1.371891	144.093182	0.011643	8.9
1072	-0.693056	144.019465	0.008310	8.1
1073	-0.792942	143.945848	0.005845	7.8
1074	-0.995329	143.872331	0.013503	12.1
1075	-0.845777	143.798914	0.004887	7.5
1076	-0.680148	143.725597	0.002453	8.5
1077	-1.200832	143.652380	0.005773	7.8
1078	-1.175900	143.579262	0.004296	10.4
1079	-0.482507	143.506243	0.005814	7.7
1080	-1.163746	143.433323	0.011767	9.5
1081	-1.218097	143.360502	0.009250	8.7
1082	-0.776798	143.287780	0.007479	8.8
1083	-1.056672	143.215155	0.008271	9.6
1084	-0.568434	143.142629	0.005989	9.4
1085	-0.936426	143.070201	0.008688	8.8
1086	-0.411658	142.997870	0.005105	7.7
1087	-0.759797	142.925637	0.013145	10.9
1088	-0.768440	142.853501	0.008104	8.5
1089	-0.954491	142.781462	0.010782	7.7
1090	-0.629879	142.709519	0.003233	8.2
1091	-0.724720	142.637674	0.007110	7.8
1092	-1.060001	142.565924	0.004135	10.0
1093	-0.561008	142.494271	0.005803	9.5
1094	-0.689826	142.422714	0.006262	8.2
1095	-1.105656	142.351252	0.004132	8.0
1096	-0.689309	142.279886	0.009201	8.4
1097	-1.084948	142.208616	0.006852	10.6
1098	-0.325157	142.137440	0.003456	8.5
1099	-0.530133	142.066360	0.002621	8.7
1100	-1.059458	141.995374	0.008381	7.9
1101	-0.828564	141.924483	0.007055	10.1
1102	-0.812660	141.853685	0.008627	9.1
1103	-1.076088	141.782983	0.013828	8.3
1104	-0.731607	141.712373	0.004140	8.1
1105	-0.904016	141.641858	0.004365	7.6
1106	-1.153480	141.571436	0.004070	10.4
1107	-0.833165	141.501108	0.008677	7.6
1108	-1.174729	141.430872	0.006559	8.4
1109	-1.226816	141.360730	0.006597	8.4
1110	-0.079604	141.290680	0.002336	8.1
1111	-1.332158	141.220722	0.010759	10.3
1112	-0.800280	141.150857	0.004242	7.9
1113	-0.331486	141.081084	0.006336	7.9
1114	-0.736060	141.011403	0.003207	7.8
1115	-0.268729	140.941813	0.001514	6.4
1116	-0.397504	140.872315	0.005780	10.0
1117	-0.809683	140.802909	0.003143	8.6
1118	-0.480353	140.733593	0.002523	8.6
1119	-1.257642	140.664369	0.007801	8.9
1120	-0.661796	140.595235	0.005073	8.4
1121	-0.157127	140.526192	0.003278	10.1
1122	-0.853710	140.457239	0.006518	8.8
1123	-0.473218	140.388376	0.006239	8.2
1124	-0.630646	140.319603	0.003941	8.0
1125	-1.267492	140.250920	0.010999	10.3
1126	-1.231272	140.182326	0.007666	8.0
1127	-0.422103	140.113822	0.004574	8.3
1128	-0.496939	140.045407	0.005798	9.2
1129	-1.264960	139.977081	0.007868	8.2
1130	-0.134110	139.908844	0.004236	11.6
1131	-1.191966	139.840696	0.007032	10.1
1132	-0.497649	139.772635	0.002906	8.2
1133	-0.539502	139.704664	0.002648	8.2
1134	-1.156916	139.636780	0.005118	10.4
1135	-0.563129	139.568984	0.003065	8.8
1136	-0.710207	139.501276	0.003939	8.3
1137	-0.278187	139.433655	0.002624	8.9
1138	-0.778099	139.366122	0.007146	8.0
1139	-1.258782	139.298676	0.006267	10.8
1140	-0.860820	139.231317	0.006771	8.6
1141	-1.097020	139.164045	0.006044	7.8
1142	-0.884707	139.096859	0.009824	9.6
1143	-0.777587	139.029760	0.008238	11.1
1144	-0.884996	138.962747	0.007620	8.1
1145	-0.438514	138.895820	0.007385	9.3
1146	-1.066790	138.828978	0.008363	7.8
1147	-0.581965	138.762223	0.005558	8.2
1148	-1.254832	138.695553	0.006077	9.7
1149	-1.041293	138.628969	0.008174	9.4
1150	-0.750498	138.562469	0.003735	8.0
1151	-0.818997	138.496055	0.005270	8.2
1152	-0.821814	138.429725	0.003558	7.6
1153	-1.196056	138.363481	0.005698	11.4
1154	-0.297719	138.297320	0.006600	6.5
1155	-0.843962	138.231244	0.006248	8.9
1156	-0.623093	138.165252	0.006992	8.9
1157	-1.264847	138.099344	0.007834	10.5
1158	-0.997550	138.033520	0.004125	8.5
1159	-0.753393	137.967779	0.007373	8.3
1160	-1.041203	137.902122	0.007876	8.9
1161	-1.082493	137.836548	0.007414	8.8
1162	-1.115512	137.771057	0.013027	11.1
1163	-0.491067	137.705649	0.007351	8.8
1164	-1.080453	137.640324	0.006962	8.8
1165	-0.914215	137.575081	0.007568	8.4
1166	-0.947514	137.509921	0.007158	10.4
1167	-1.242975	137.444842	0.008403	7.7
1168	-0.910915	137.379846	0.009796	8.8
1169	-0.735949	137.314932	0.010082	9.4
1170	-0.540857	137.250100	0.002423	9.6
1171	-1.116934	137.185349	0.004733	9.7
1172	-1.184748	137.120680	0.006439	8.3
1173	-0.184733	137.056092	0.002336	7.3
1174	-1.078799	136.991585	0.010051	8.2
1175	-0.533828	136.927158	0.006798	10.1
1176	-1.259687	136.862813	0.011371	8.9
1177	-0.412864	136.798548	0.005754	9.6
1178	-1.020150	136.734363	0.011083	8.6
1179	-0.333151	136.670259	0.005325	8.5
1180	-0.982336	136.606235	0.009536	10.1
1181	-0.317045	136.542291	0.004914	7.7
1182	-1.022074	136.478426	0.009819	7.8
1183	-1.318408	136.414641	0.008390	8.6
1184	-1.020129	136.350936	0.010473	10.4
1185	-1.238685	136.287310	0.006176	8.2
1186	-1.176056	136.223763	0.007854	8.7
1187	-0.518365	136.160295	0.003191	7.6
1188	-0.330145	136.096905	0.005231	8.5
1189	-1.334974	136.033594	0.006479	10.1
1190	-1.268443	135.970362	0.010714	10.0
1191	-0.771394	135.907208	0.002878	7.9
1192	-0.933429	135.844133	0.004474	7.6
1193	-1.014229	135.781135	0.006596	8.1
1194	-0.011194	135.718215	0.000581	9.8
1195	-0.600742	135.655373	0.005099	9.9
1196	-0.563159	135.592608	0.006934	8.7
1197	-0.087805	135.529921	0.001722	7.2
1198	-1.274204	135.467311	0.006233	10.3
1199	-1.201452	135.404778	0.009816	8.7
1200	-1.147392	135.342322	0.009959	8.3
1201	-1.147353	135.279942	0.006651	7.9
1202	-0.167798	135.217640	0.005536	7.4
1203	-0.863233	135.155413	0.003478	10.0
1204	-1.034992	135.093263	0.004627	7.9
1205	-0.670675	135.031190	0.005090	8.9
1206	-0.715744	134.969192	0.008079	9.1
1207	-0.832887	134.907270	0.007877	7.1
1208	-0.545158	134.845424	0.005178	10.3
1209	-1.310653	134.783653	0.004931	8.8
1210	-0.910116	134.721958	0.004698	7.7
1211	-0.867569	134.660338	0.006223	8.0
1212	-0.836796	134.598793	0.009664	8.7
1213	-0.946473	134.537323	0.003889	10.5
1214	-0.820775	134.475927	0.003632	8.9
1215	-1.289974	134.414607	0.011685	11.3
1216	-0.044671	134.353361	0.002118	8.6
1217	-0.867685	134.292189	0.003938	12.3
1218	-0.506886	134.231092	0.004940	8.4
1219	-0.771082	134.170068	0.010500	8.6
1220	-0.056103	134.109119	0.004372	13.6
1221	-1.260912	134.048243	0.008807	14.5
1222	-0.955816	133.987441	0.004524	10.1
1223	-0.815948	133.926713	0.006424	8.3
1224	-1.169166	133.866057	0.008132	8.3
1225	-0.878814	133.805475	0.007007	6.7
1226	-0.802874	133.744966	0.008720	10.8
1227	-0.338506	133.684530	0.004657	7.9
1228	-1.325506	133.624167	0.008269	10.5
1229	-0.792469	133.563877	0.009816	8.5
1230	-1.135619	133.503658	0.008828	10.1
1231	-1.225938	133.443513	0.007425	8.6
1232	-1.125142	133.383439	0.004482	8.5
1233	-0.834311	133.323437	0.008982	8.8
1234	-0.637415	133.263508	0.007646	6.7
1235	-1.177849	133.203650	0.004929	10.6
1236	-0.745940	133.143864	0.013250	7.7
1237	-0.876956	133.084149	0.003984	8.9
1238	-0.855614	133.024506	0.004479	8.8
1239	-0.943629	132.964934	0.014305	8.4
1240	-1.293047	132.905433	0.009032	12.3
1241	-0.752711	132.846003	0.006586	7.9
1242	-0.508054	132.786643	0.004373	8.4
1243	-1.083656	132.727355	0.004362	7.8
1244	-1.249764	132.668137	0.007785	10.9
1245	-1.267198	132.608989	0.008608	7.8
1246	-1.096623	132.549912	0.007970	9.1
1247	-0.943694	132.490904	0.008363	8.2
1248	-0.746438	132.431967	0.002981	8.4
1249	-0.668640	132.373100	0.005732	11.2
1250	-0.996077	132.314302	0.010616	8.7
1251	-0.815414	132.255574	0.008368	8.2
1252	-0.643170	132.196916	0.003902	8.3
1253	-1.030492	132.138326	0.007745	10.7
1254	-0.795936	132.079806	0.004444	8.4
1255	-0.093718	132.021355	0.001150	8.4
1256	-0.435606	131.962973	0.005125	9.0
1257	-1.208912	131.904660	0.009151	7.6
1258	-0.968180	131.846415	0.008970	11.2
1259	-0.562071	131.788239	0.004267	8.8
1260	-0.309574	131.730131	0.003514	8.4
1261	-0.915235	131.672092	0.004312	8.3
1262	-0.998537	131.614121	0.003649	10.6
1263	-1.277111	131.556217	0.011016	8.4
1264	-0.795266	131.498382	0.007114	8.6
1265	-1.218823	131.440614	0.008754	8.0
1266	-1.059257	131.382914	0.005867	8.0
1267	-1.119757	131.325282	0.008527	9.8
1268	-0.165010	131.267717	0.004619	7.2
1269	-1.267795	131.210219	0.008606	8.1
1270	-1.039960	131.152788	0.009150	8.6
1271	-0.714098	131.095424	0.005715	8.8
1272	-0.711815	131.038127	0.006325	10.1
1273	-0.420729	130.980897	0.002778	8.0
1274	-0.792805	130.923733	0.004633	8.8
1275	-0.701176	130.866636	0.008326	7.8
1276	-0.944549	130.809605	0.006874	8.1
1277	-0.995355	130.752641	0.007311	9.9
1278	-1.110297	130.695742	0.004126	8.7
1279	-1.279001	130.638910	0.013137	8.0
1280	-1.302402	130.582143	0.004054	8.2
1281	-0.000002	130.525442	0.000002	8.6
1282	-0.581160	130.468807	0.002944	11.9
1283	-0.288407	130.412237	0.001945	9.3
1284	-1.279641	130.355733	0.007986	8.6
1285	-1.285994	130.299294	0.008625	9.2
1286	-0.219847	130.242920	0.004877	11.2
1287	-1.253834	130.186611	0.006647	8.9
1288	-0.687462	130.130366	0.007565	8.5
1289	-0.626308	130.074187	0.006719	7.5
1290	-0.694017	130.018072	0.005853	11.1
1291	-0.832822	129.962022	0.007815	7.8
1292	-0.005565	129.906036	0.000378	9.1
1293	-0.218171	129.850114	0.002649	9.2
1294	-0.441971	129.794257	0.005864	8.5
1295	-1.180701	129.738463	0.005415	10.4
1296	-0.176625	129.682734	0.003228	8.9
1297	-1.105095	129.627068	0.005590	8.2
1298	-0.683345	129.571466	0.003725	8.9
1299	-1.290951	129.515927	0.008938	10.7
1300	-0.646381	129.460452	0.003410	8.5
1301	-1.222230	129.405040	0.008296	8.4
1302	-1.202923	129.349692	0.005922	8.1
1303	-0.139350	129.294406	0.002581	7.8
1304	-1.210609	129.239183	0.006226	10.3
1305	-0.747580	129.184024	0.006414	8.9
1306	-0.673165	129.128927	0.007666	8.3
1307	-1.027445	129.073892	0.012084	8.3
1308	-0.654008	129.018921	0.003305	8.5
1309	-0.111378	128.964011	0.002526	11.6
1310	-0.582696	128.909164	0.005731	8.3
1311	-1.281133	128.854379	0.014974	9.9
1312	-0.326441	128.799656	0.003989	8.5
1313	-1.177015	128.744995	0.004590	11.3
1314	-1.014174	128.690396	0.011489	9.0
1315	-1.098400	128.635858	0.007706	7.9
1316	-1.197428	128.581382	0.008235	8.4
1317	-0.899713	128.526968	0.006871	10.1
1318	-1.169353	128.472615	0.009735	8.6
1319	-1.068525	128.418323	0.005280	7.7
1320	-0.328867	128.364092	0.004736	7.9
1321	-1.089411	128.309922	0.008642	7.9
1322	-1.075994	128.255814	0.006318	10.3
1323	-0.986548	128.201766	0.004227	8.9
1324	-1.210851	128.147778	0.006637	7.5
1325	-0.762627	128.093852	0.004268	8.8
1326	-1.352044	128.039985	0.006748	8.1
1327	-1.056304	127.986180	0.007141	10.7
1328	-1.218173	127.932434	0.005441	7.8
1329	-1.225743	127.878749	0.007361	7.8
1330	-0.176091	127.825123	0.002121	7.3
1331	-0.488612	127.771558	0.004281	8.5
1332	-1.159067	127.718052	0.008503	10.5
1333	-0.354191	127.664606	0.004271	9.0
1334	-1.261363	127.611220	0.005362	8.1
1335	-0.597819	127.557893	0.008672	7.8
1336	-0.860084	127.504625	0.006685	8.8
1337	-0.944148	127.451417	0.006403	10.3
1338	-1.024872	127.398268	0.008553	9.5
1339	-0.570553	127.345178	0.009051	8.5
1340	-0.193287	127.292147	0.002330	7.3
1341	-0.610575	127.239175	0.008033	10.4
1342	-1.277656	127.186261	0.008906	8.9
1343	-1.186667	127.133407	0.004653	9.1
1344	-1.202597	127.080610	0.011339	8.9
1345	-0.215702	127.027872	0.003252	9.3
1346	-1.171777	126.975193	0.004833	11.0
1347	-0.853727	126.922572	0.011445	7.9
1348	-0.713464	126.870008	0.011758	8.1
1349	-0.165798	126.817503	0.002927	8.7
1350	-1.226749	126.765056	0.009819	11.4
1351	-0.716024	126.712667	0.008721	9.5
1352	-1.100123	126.660335	0.006757	8.1
1353	-0.756429	126.608061	0.006786	9.3
1354	-0.315408	126.555844	0.002969	10.4
1355	-0.737324	126.503685	0.003488	9.3
1356	-0.923836	126.451583	0.005779	7.9
1357	-1.266961	126.399538	0.008051	8.2
1358	-1.146008	126.347550	0.004348	8.0
1359	-0.046586	126.295619	0.000602	11.2
1360	-1.159506	126.243745	0.007125	9.3
1361	-1.262194	126.191928	0.007568	8.5
1362	-0.716100	126.140168	0.010196	8.0
1363	-0.850153	126.088464	0.002843	10.2
1364	-0.333257	126.036817	0.004403	9.0
1365	-0.006480	125.985226	0.000382	7.8
1366	-1.071967	125.933691	0.012085	8.3
1367	-1.133403	125.882212	0.009467	8.2
1368	-1.256791	125.830790	0.010647	11.8
1369	-1.101156	125.779423	0.004770	8.6
1370	-0.615570	125.728113	0.003397	7.5
1371	-0.608006	125.676858	0.005664	8.3
1372	-0.856897	125.625659	0.009193	10.8
1373	-1.241683	125.574515	0.008062	8.9
1374	-0.657469	125.523427	0.004162	8.5
1375	-0.880454	125.472394	0.006747	8.0
1376	-1.132079	125.421417	0.005292	7.7
1377	-1.314854	125.370495	0.007771	9.6
1378	-1.295255	125.319628	0.008516	9.1
1379	-1.212097	125.268815	0.009994	8.7
1380	-1.207673	125.218058	0.007531	8.0
1381	-0.596746	125.167356	0.010641	8.4
1382	-1.228599	125.116708	0.010477	11.6
1383	-0.801046	125.066115	0.011344	9.8
1384	-1.170647	125.015576	0.004571	8.3
1385	-0.941394	124.965092	0.006288	8.9
1386	-0.749012	124.914662	0.008401	11.1
1387	-0.722499	124.864287	0.007810	8.7
1388	-0.907164	124.813965	0.010653	9.6
1389	-1.205653	124.763698	0.008057	8.3
1390	-0.702562	124.713485	0.005801	10.3
1391	-0.939866	124.663325	0.011677	9.0
1392	-1.048860	124.613219	0.012463	8.7
1393	-0.591080	124.563167	0.005195	8.1
1394	-0.684843	124.513168	0.004980	8.1
1395	-0.939102	124.463223	0.011742	10.8
1396	-0.465397	124.413332	0.006289	8.0
1397	-1.152688	124.363493	0.010554	8.9
1398	-0.553103	124.313708	0.011168	8.4
1399	-1.076238	124.263976	0.005547	11.1
1400	-0.713533	124.214297	0.007026	9.6
1401	-0.671375	124.164671	0.006446	8.2
1402	-0.483976	124.115097	0.003554	6.8
1403	-0.839801	124.065577	0.006769	7.5
1404	-1.185201	124.016109	0.009294	10.7
1405	-0.606029	123.966693	0.004953	7.6
1406	-1.164029	123.917330	0.006297	8.9
1407	-1.025185	123.868020	0.003968	8.3
1408	-0.779674	123.818762	0.004577	8.6
1409	-1.109623	123.769556	0.005299	9.7
1410	-0.740100	123.720402	0.008214	8.8
1411	-0.518206	123.671300	0.005986	7.8
1412	-0.760143	123.622250	0.006105	8.5
1413	-0.932275	123.573252	0.009276	8.2
1414	-1.287436	123.524305	0.011240	10.4
1415	-1.202843	123.475411	0.006645	9.0
1416	-1.208093	123.426568	0.011002	7.6
1417	-0.870055	123.377776	0.005764	8.8
1418	-0.722260	123.329036	0.006501	7.7
1419	-0.443056	123.280347	0.003194	11.3
1420	-1.189990	123.231709	0.009645	8.2
1421	-0.187645	123.183122	0.002073	7.6
1422	-1.307013	123.134587	0.017376	7.7
1423	-0.659459	123.086102	0.007737	8.3
1424	-1.191281	123.037669	0.006031	10.1
1425	-1.166650	122.989286	0.005024	8.7
1426	-0.453322	122.940954	0.003927	7.6
1427	-0.971839	122.892672	0.004248	8.7
1428	-0.641077	122.844441	0.008151	8.7
1429	-1.127065	122.796261	0.006125	10.8
1430	-0.472814	122.748130	0.004787	7.9
1431	-0.945914	122.700050	0.004651	9.2
1432	-0.762662	122.652021	0.008131	7.8
1433	-0.726143	122.604041	0.007283	10.6
1434	-0.639629	122.556111	0.010368	8.3
1435	-0.016721	122.508232	0.000465	8.9
1436	-0.625137	122.460402	0.004394	8.0
1437	-0.869975	122.412622	0.007931	8.4
1438	-1.254434	122.364891	0.008741	10.9
1439	-1.173154	122.317210	0.005747	7.8
1440	-0.872629	122.269579	0.002809	8.7
1441	-0.868057	122.221997	0.004472	8.2
1442	-0.155328	122.174465	0.002799	10.8
1443	-0.004485	122.126981	0.000110	9.8
1444	-0.305282	122.079547	0.007755	8.3
1445	-0.540064	122.032162	0.003254	9.0
1446	-1.348444	121.984826	0.016746	8.3
1447	-0.974343	121.937539	0.009246	10.5
1448	-1.171848	121.890301	0.009307	7.8
1449	-0.829033	121.843112	0.003173	9.0
1450	-0.914408	121.795971	0.005256	7.8
1451	-0.745288	121.748879	0.007116	10.6
1452	-1.216714	121.701835	0.009393	7.9
1453	-1.229809	121.654840	0.009214	8.7
1454	-0.258747	121.607893	0.002476	7.7
1455	-0.799617	121.560994	0.008272	8.9
1456	-0.723793	121.514144	0.007272	12.8
1457	-0.748673	121.467342	0.007950	7.9
1458	-0.403400	121.420588	0.003656	9.1
1459	-1.313704	121.373882	0.007507	8.2
1460	-1.142953	121.327223	0.010164	10.0
1461	-1.034715	121.280613	0.008013	7.8
1462	-0.411889	121.234050	0.004652	9.1
1463	-0.796882	121.187535	0.006395	8.3
1464	-1.127837	121.141067	0.008222	7.6
1465	-0.752924	121.094647	0.007247	10.9
1466	-1.110317	121.048274	0.005185	7.4
1467	-0.884602	121.001949	0.004841	8.9
1468	-0.606133	120.955671	0.004015	8.2
1469	-0.976781	120.909440	0.010224	8.1
1470	-0.187753	120.863256	0.002869	10.5
1471	-0.911566	120.817119	0.005157	8.6
1472	-0.701396	120.771029	0.005849	8.0
1473	-1.069517	120.724986	0.006130	7.3
1474	-0.215178	120.678990	0.004215	8.6
1475	-1.159762	120.633040	0.005728	10.1
1476	-0.809348	120.587137	0.006695	8.2
1477	-0.985201	120.541281	0.005332	8.7
1478	-1.071428	120.495471	0.005358	8.4
1479	-1.284828	120.449707	0.008994	12.8
1480	-0.977652	120.403990	0.008845	8.8
1481	-0.922228	120.358319	0.005589	8.4
1482	-1.218872	120.312694	0.011328	10.9
1483	-0.055874	120.267115	0.001754	7.7
1484	-0.787888	120.221582	0.008729	10.4
1485	-1.245392	120.176096	0.005618	11.5
1486	-0.628800	120.130655	0.004938	10.3
1487	-1.078865	120.085260	0.007691	13.6
1488	-1.131762	120.039910	0.005168	11.9
1489	-1.078706	119.994606	0.004322	9.5
1490	-1.333198	119.949348	0.009015	8.6
1491	-1.094502	119.904135	0.010282	10.5
1492	-1.307429	119.858968	0.007340	9.3
1493	-1.261012	119.813846	0.010030	7.8
1494	-1.127217	119.768769	0.009258	7.6
1495	-1.062553	119.723738	0.006993	8.7
1496	-1.049351	119.678752	0.009143	12.1
1497	-0.410205	119.633810	0.005471	8.9
1498	-0.896333	119.588914	0.008249	8.4
1499	-0.676478	119.544062	0.006576	8.5
1500	-1.201163	119.499256	0.009592	13.3
1501	-0.876777	119.454494	0.008357	7.8
1502	-0.577446	119.409777	0.006093	8.9
1503	-1.289861	119.365104	0.009340	11.2
1504	-0.444827	119.320476	0.006152	8.5
1505	-1.337429	119.275893	0.005627	9.8
1506	-0.671163	119.231353	0.003626	12.7
1507	-1.200555	119.186859	0.006687	7.7
1508	-1.129122	119.142408	0.008566	8.8
1509	-1.277786	119.098002	0.013147	9.8
1510	-1.108787	119.053639	0.007437	11.6
1511	-1.069789	119.009321	0.004395	8.2
1512	-0.779255	118.965047	0.006007	9.5
1513	-0.299753	118.920816	0.003602	12.6
1514	-0.134086	118.876630	0.001632	8.9
1515	-0.830967	118.832487	0.004210	8.3
1516	-1.023328	118.788388	0.008393	13.0
1517	-1.196779	118.744332	0.004663	8.6
1518	-0.428908	118.700320	0.006854	8.8
1519	-0.653115	118.656352	0.004168	8.3
1520	-1.229029	118.612427	0.008200	11.0
1521	-0.790398	118.568545	0.008828	10.2
1522	-0.894939	118.524706	0.006668	8.7
1523	-1.349938	118.480911	0.017017	10.3
1524	-0.606998	118.437159	0.005802	10.2
1525	-1.154291	118.393450	0.009186	8.6
1526	-1.074415	118.349784	0.007901	12.4
1527	-1.080349	118.306160	0.006530	7.8
1528	-0.880560	118.262580	0.004484	8.8
1529	-1.024307	118.219042	0.006027	10.8
1530	-0.640235	118.175548	0.010731	9.0
1531	-0.770100	118.132095	0.007834	10.4
1532	-1.246196	118.088686	0.007836	9.1
1533	-1.345195	118.045319	0.009609	9.2
1534	-0.537850	118.001994	0.003645	11.7
1535	-1.058879	117.958712	0.009222	7.7
1536	-1.328865	117.915472	0.012209	9.5
1537	-0.575899	117.872274	0.003196	10.9
1538	-1.209827	117.829118	0.006432	8.2
1539	-0.866413	117.786005	0.003700	8.4
1540	-1.215913	117.742933	0.010200	8.4
1541	-1.241622	117.699904	0.006841	11.4
1542	-0.926957	117.656916	0.004710	11.6
1543	-1.010589	117.613971	0.005687	9.2
1544	-1.196214	117.571067	0.008945	11.0
1545	-0.804828	117.528205	0.008685	10.7
1546	-1.182465	117.485384	0.008852	9.6
1547	-0.956988	117.442605	0.005645	11.7
1548	-1.248923	117.399867	0.006439	8.3
1549	-1.235185	117.357171	0.005216	10.0
1550	-1.283514	117.314517	0.006065	8.1
1551	-0.529972	117.271903	0.004504	9.6
1552	-0.333662	117.229331	0.003447	9.7
1553	-1.070840	117.186800	0.008216	9.0
1554	-0.772319	117.144311	0.007350	11.7
1555	-1.108132	117.101862	0.006270	9.7
1556	-1.171527	117.059454	0.005368	9.0
1557	-1.184404	117.017087	0.005374	10.8
1558	-1.249087	116.974762	0.008171	10.5
1559	-0.799581	116.932476	0.010064	9.0
1560	-0.481406	116.890232	0.008510	7.6
1561	-0.839460	116.848028	0.005967	8.0
1562	-0.602159	116.805865	0.008004	13.8
1563	-0.117282	116.763743	0.002727	8.9
1564	-1.289518	116.721661	0.008264	8.7
1565	-1.328381	116.679619	0.005230	12.9
1566	-1.023880	116.637618	0.003873	9.6
1567	-0.574796	116.595657	0.006953	10.1
1568	-0.347695	116.553736	0.005847	10.5
1569	-0.227681	116.511855	0.001851	10.5
1570	-0.584404	116.470015	0.005653	8.6
1571	-0.770577	116.428214	0.005951	9.1
1572	-1.124270	116.386454	0.010637	8.0
1573	-0.820129	116.344733	0.005782	8.4
1574	-0.704932	116.303052	0.006256	10.4
1575	-1.189145	116.261412	0.008602	9.5
1576	-1.272245	116.219810	0.008303	8.0
1577	-1.188638	116.178249	0.006496	8.8
1578	-1.373807	116.136727	0.009873	10.7
1579	-0.701386	116.095245	0.006840	9.2
1580	-1.222257	116.053802	0.006940	9.3
1581	-0.732942	116.012398	0.009127	8.2
1582	-1.231947	115.971034	0.008532	7.8
1583	-1.315633	115.929710	0.007028	15.4
1584	-1.215183	115.888424	0.010131	7.8
1585	-0.196478	115.847178	0.002435	8.9
1586	-0.445731	115.805970	0.004702	14.1
1587	-0.428071	115.764802	0.003401	7.9
1588	-1.166549	115.723673	0.005581	9.8
1589	-0.772297	115.682583	0.003887	10.6
1590	-0.733312	115.641532	0.005399	8.5
1591	-0.337447	115.600519	0.004221	8.7
1592	-0.170619	115.559546	0.003105	8.9
1593	-1.151881	115.518610	0.006444	10.7
1594	-1.180477	115.477714	0.006342	11.0
1595	-1.195402	115.436856	0.005749	8.9
1596	-0.922414	115.396037	0.003298	8.3
1597	-1.167897	115.355256	0.010850	7.7
1598	-1.158993	115.314514	0.004722	7.8
1599	-0.857134	115.273810	0.003870	10.7
1600	-1.220017	115.233144	0.006173	7.8
1601	-0.370883	115.192517	0.007280	9.2
1602	-1.223353	115.151927	0.010444	7.7
1603	-0.938090	115.111376	0.008525	7.9
1604	-1.241497	115.070863	0.008115	9.8
1605	-0.586285	115.030388	0.007514	9.4
1606	-0.743865	114.989951	0.006906	9.8
1607	-1.017146	114.949551	0.010659	9.7
1608	-0.942833	114.909190	0.008530	10.0
1609	-1.306518	114.868866	0.008848	8.1
1610	-0.704711	114.828580	0.006848	9.0
1611	-1.289245	114.788332	0.007458	7.8
1612	-1.161426	114.748121	0.005594	8.6
1613	-0.986219	114.707948	0.004902	10.9
1614	-1.057111	114.667812	0.004702	9.0
1615	-0.849131	114.627714	0.007578	8.3
1616	-0.928685	114.587653	0.007845	7.7
1617	-0.608394	114.547629	0.007581	10.8
1618	-0.621314	114.507643	0.011272	7.6
1619	-1.121303	114.467693	0.004466	9.2
1620	-0.045759	114.427781	0.001666	8.5
1621	-0.666344	114.387907	0.003964	8.1
1622	-0.816051	114.348069	0.006122	11.0
1623	-0.631730	114.308268	0.005126	8.4
1624	-1.135359	114.268504	0.007749	7.8
1625	-0.692589	114.228777	0.005613	8.2
1626	-0.396352	114.189086	0.006124	10.5
1627	-1.076103	114.149433	0.006199	11.1
1628	-0.897240	114.109816	0.008816	8.9
1629	-0.292415	114.070235	0.006363	8.2
1630	-1.365080	114.030692	0.015941	8.8
1631	-1.014377	113.991185	0.009535	9.5
1632	-0.628848	113.951714	0.007241	8.7
1633	-0.402218	113.912280	0.004199	8.7
1634	-1.277092	113.872882	0.007277	8.6
1635	-1.064366	113.833521	0.008419	11.8
1636	-0.837417	113.794195	0.006937	8.4
1637	-0.793211	113.754906	0.008117	8.2
1638	-1.013332	113.715653	0.008074	8.8
1639	-1.269496	113.676437	0.006127	10.3
1640	-0.725340	113.637256	0.005446	11.9
1641	-0.819516	113.598111	0.006138	8.8
1642	-1.052238	113.559002	0.006051	8.4
1643	-0.594500	113.519929	0.003691	10.3
1644	-1.184659	113.480892	0.007977	9.2
1645	-0.669264	113.441891	0.009002	8.9
1646	-1.088419	113.402925	0.006791	7.2
1647	-1.219459	113.363995	0.006848	8.5
1648	-1.218974	113.325101	0.009262	11.0
1649	-0.728415	113.286242	0.005304	8.4
1650	-1.380351	113.247419	0.006815	11.5
1651	-0.647595	113.208631	0.003110	8.7
1652	-1.054159	113.169879	0.007754	10.5
1653	-0.386598	113.131162	0.006011	8.8
1654	-1.277555	113.092480	0.006961	8.4
1655	-0.522730	113.053833	0.006987	8.7
1656	-0.375139	113.015222	0.003751	9.3
1657	-1.170120	112.976646	0.008314	8.6
1658	-0.195992	112.938105	0.004335	8.3
1659	-1.093835	112.899599	0.006807	8.2
1660	-0.976625	112.861128	0.003994	8.3
1661	-0.851395	112.822692	0.006100	11.1
1662	-0.671319	112.784291	0.003915	9.4
1663	-0.372893	112.745924	0.002997	9.6
1664	-0.734171	112.707593	0.004126	8.0
1665	-1.088704	112.669296	0.009223	10.1
1666	-0.456607	112.631034	0.005724	8.6
1667	-0.559539	112.592806	0.006525	8.7
1668	-1.237754	112.554613	0.006226	8.0
1669	-0.824152	112.516455	0.005080	8.1
1670	-1.227919	112.478331	0.008731	10.5
1671	-1.169507	112.440241	0.006559	9.5
1672	-0.585264	112.402186	0.007251	9.1
1673	-0.116289	112.364165	0.004652	8.3
1674	-1.140346	112.326179	0.004244	10.6
1675	-1.203457	112.288227	0.006595	9.3
1676	-0.811194	112.250309	0.006039	8.1
1677	-1.053257	112.212425	0.006143	8.2
1678	-1.078968	112.174575	0.008008	7.9
1679	-0.331488	112.136759	0.004569	10.9
1680	-0.518382	112.098977	0.005418	9.0
1681	-0.315138	112.061229	0.001828	9.1
1682	-1.075431	112.023515	0.003732	13.6
1683	-0.551718	111.985834	0.002568	9.1
1684	-1.245457	111.948188	0.009402	9.1
1685	-1.181847	111.910575	0.004239	8.6
1686	-0.678616	111.872996	0.006794	9.6
1687	-0.767949	111.835450	0.005889	8.8
1688	-0.437321	111.797939	0.005774	7.8
1689	-0.743662	111.760460	0.003949	8.3
1690	-0.752693	111.723015	0.007199	8.7
1691	-0.758060	111.685604	0.008678	10.7
1692	-0.744076	111.648226	0.006600	7.9
1693	-1.015117	111.610881	0.004664	9.0
1694	-1.267843	111.573570	0.005048	7.9
1695	-0.812759	111.536292	0.008251	12.0
1696	-0.853996	111.499047	0.008765	9.3
1697	-0.795073	111.461835	0.006379	8.2
1698	-1.375703	111.424656	0.006602	8.8
1699	-0.775901	111.387510	0.008428	7.7
1700	-0.872095	111.350398	0.006243	9.8
1701	-1.246935	111.313318	0.010416	7.5
1702	-0.446739	111.276271	0.002917	9.5
1703	-1.285391	111.239257	0.005399	7.9
1704	-1.128429	111.202276	0.003776	11.5
1705	-1.160107	111.165328	0.005712	11.3
1706	-0.732424	111.128412	0.008730	8.4
1707	-0.109758	111.091529	0.001680	8.5
1708	-1.317485	111.054679	0.010115	7.7
1709	-0.740987	111.017861	0.007327	10.2
1710	-0.813734	110.981076	0.008339	7.7
1711	-0.084986	110.944323	0.002125	9.0
1712	-1.005581	110.907603	0.005714	8.5
1713	-0.205788	110.870915	0.003016	7.7
1714	-1.081661	110.834259	0.007100	10.2
1715	-1.142779	110.797636	0.008418	7.7
1716	-1.062925	110.761045	0.009273	8.5
1717	-1.261718	110.724486	0.007119	9.5
1718	-1.074521	110.687959	0.007450	11.1
1719	-0.343455	110.651465	0.004809	7.9
1720	-1.227428	110.615002	0.010737	8.6
1721	-0.977319	110.578572	0.005914	8.2
1722	-0.665468	110.542173	0.007244	8.5
1723	-1.112726	110.505807	0.005088	9.9
1724	-1.019864	110.469472	0.007201	8.7
1725	-0.879463	110.433169	0.012408	9.4
1726	-1.076563	110.396898	0.009165	8.4
1727	-0.449017	110.360659	0.007641	12.3
1728	-1.161356	110.324451	0.005964	8.0
1729	-1.207620	110.288276	0.006802	8.7
1730	-0.932475	110.252131	0.009627	8.4
1731	-0.021384	110.216019	0.001066	8.0
1732	-1.278755	110.179937	0.010985	10.7
1733	-1.205672	110.143888	0.007905	8.9
1734	-0.279501	110.107869	0.005274	8.7
1735	-1.227236	110.071882	0.005637	8.2
1736	-1.261138	110.035927	0.006426	8.4
1737	-0.866273	110.000003	0.010226	10.4
1738	-0.759946	109.964110	0.007236	7.9
1739	-0.772886	109.928248	0.006740	10.0
1740	-0.979051	109.892417	0.005826	11.7
1741	-1.293242	109.856618	0.011207	9.4
1742	-1.064887	109.820850	0.010558	9.0
1743	-0.866756	109.785112	0.008671	8.0
1744	-1.276984	109.749406	0.007513	8.0
1745	-0.866532	109.713730	0.007580	10.7
1746	-1.002376	109.678086	0.005454	8.9
1747	-1.187209	109.642472	0.009392	8.3
1748	-1.393974	109.606890	0.011940	8.0
1749	-1.222041	109.571337	0.009116	8.1
1750	-0.721009	109.535816	0.008229	10.5
1751	-0.032117	109.500326	0.002121	7.8
1752	-0.804235	109.464866	0.003689	8.4
1753	-0.730373	109.429436	0.004507	8.3
1754	-1.242039	109.394038	0.014255	12.0
1755	-1.240280	109.358669	0.006759	9.1
1756	-1.312025	109.323331	0.008572	8.1
1757	-0.290493	109.288024	0.004560	7.8
1758	-0.206955	109.252747	0.004806	8.6
1759	-0.590408	109.217501	0.002428	10.7
1760	-1.289029	109.182284	0.009926	11.9
1761	-0.396669	109.147098	0.004611	8.4
1762	-1.056104	109.111942	0.003342	8.4
1763	-0.892859	109.076817	0.004386	11.2
1764	-1.292770	109.041721	0.008674	8.2
1765	-1.297499	109.006656	0.013807	10.1
1766	-1.232417	108.971620	0.009203	8.4
1767	-0.761973	108.936615	0.004812	10.7
1768	-0.737719	108.901640	0.011201	8.2
1769	-1.291216	108.866694	0.006229	9.0
1770	-1.285905	108.831779	0.009284	7.9
1771	-1.082227	108.796893	0.003920	10.4
1772	-0.677345	108.762037	0.007321	9.6
1773	-1.249552	108.727211	0.006360	10.6
1774	-1.159282	108.692415	0.004046	8.1
1775	-1.151649	108.657648	0.007255	9.0
1776	-0.060469	108.622911	0.002524	9.1
1777	-1.162929	108.588203	0.009728	8.2
1778	-1.155722	108.553525	0.006302	9.6
1779	-0.984430	108.518877	0.006531	8.0
1780	-0.602455	108.484258	0.004483	11.2
1781	-0.306003	108.449668	0.005242	9.0
1782	-0.886440	108.415108	0.006024	10.5
1783	-0.840538	108.380578	0.006588	7.9
1784	-1.367654	108.346076	0.008379	11.0
1785	-1.149354	108.311604	0.011026	9.4
1786	-1.201044	108.277161	0.010395	8.3
1787	-0.683665	108.242747	0.007810	8.0
1788	-0.440692	108.208363	0.003372	10.8
1789	-1.127729	108.174007	0.011932	8.1
1790	-0.418120	108.139681	0.006950	8.3
1791	-1.374498	108.105383	0.014942	7.8
1792	-0.437158	108.071115	0.004772	8.5
1793	-1.229712	108.036875	0.008138	9.4
1794	-1.041377	108.002665	0.008292	10.2
1795	-1.132601	107.968483	0.005734	10.0
1796	-1.125765	107.934330	0.005217	8.1
1797	-0.834612	107.900206	0.006466	9.0
1798	-0.969368	107.866111	0.009576	8.4
1799	-0.680707	107.832044	0.008328	8.7
1800	-0.707899	107.798007	0.009590	8.5
1801	-0.899790	107.763997	0.003980	8.3
1802	-1.120366	107.730017	0.009147	10.0
1803	-1.251327	107.696065	0.004540	8.8
1804	-0.895293	107.662141	0.007924	11.0
1805	-0.608595	107.628246	0.003120	7.7
1806	-1.112626	107.594379	0.007162	10.4
1807	-0.722107	107.560541	0.008432	9.8
1808	-0.692076	107.526731	0.006803	8.1
1809	-0.177856	107.492949	0.003305	8.4
1810	-1.221013	107.459196	0.006865	7.8
1811	-1.269975	107.425471	0.011667	10.7
1812	-0.612907	107.391774	0.010082	9.4
1813	-0.885904	107.358106	0.004856	8.0
1814	-1.326649	107.324465	0.011306	7.9
1815	-0.819648	107.290853	0.006962	10.4
1816	-1.178524	107.257268	0.007869	8.1
1817	-0.898907	107.223712	0.006581	12.1
1818	-0.579315	107.190184	0.006126	8.3
1819	-0.785050	107.156683	0.005470	9.1
1820	-1.280274	107.123211	0.007250	8.4
1821	-1.423978	107.089766	0.008885	9.6
1822	-0.998575	107.056349	0.006370	8.0
1823	-0.878826	107.022960	0.004777	8.2
1824	-1.030336	106.989599	0.012515	11.2
1825	-1.001207	106.956265	0.003799	9.3
1826	-1.304917	106.922960	0.009261	11.3
1827	-0.396244	106.889681	0.003037	7.7
1828	-0.515546	106.856431	0.004562	12.1
1829	-1.332050	106.823208	0.009941	7.5
1830	-0.848961	106.790012	0.007014	8.3
1831	-1.302145	106.756844	0.012515	8.0
1832	-1.221692	106.723703	0.005516	11.3
1833	-0.728350	106.690590	0.004391	9.1
1834	-0.618231	106.657505	0.006965	8.5
1835	-1.299319	106.624446	0.009592	8.0
1836	-1.182545	106.591415	0.006690	7.6
1837	-1.327261	106.558411	0.010574	11.3
1838	-1.100208	106.525435	0.008110	8.6
1839	-0.707331	106.492485	0.008141	11.4
1840	-1.226254	106.459563	0.010007	8.3
1841	-0.492769	106.426668	0.004789	9.9
1842	-1.246414	106.393800	0.008816	9.0
1843	-0.808840	106.360959	0.006481	8.0
1844	-1.197885	106.328145	0.006070	8.2
1845	-0.662568	106.295358	0.007790	10.8
1846	-1.055331	106.262598	0.008724	9.2
1847	-0.673539	106.229865	0.007983	8.4
1848	-0.743083	106.197158	0.008625	11.1
1849	-1.007143	106.164479	0.004808	10.2
1850	-0.860569	106.131826	0.008653	8.0
1851	-1.181238	106.099201	0.005519	8.8
1852	-1.179809	106.066602	0.005654	8.0
1853	-1.335884	106.034029	0.006958	8.8
1854	-0.467863	106.001483	0.005883	11.5
1855	-1.135303	105.968964	0.006404	10.7
1856	-0.682856	105.936472	0.007045	9.9
1857	-1.228375	105.904006	0.007962	8.3
1858	-0.207819	105.871566	0.002474	10.5
1859	-0.679832	105.839153	0.007253	8.2
1860	-1.278383	105.806767	0.009341	8.6
1861	-0.957980	105.774407	0.006963	11.4
1862	-0.288315	105.742073	0.004798	11.0
1863	-1.317094	105.709766	0.010087	8.4
1864	-1.061547	105.677485	0.010250	7.9
1865	-1.023129	105.645230	0.003939	8.5
1866	-0.335910	105.613001	0.005852	10.6
1867	-0.332884	105.580799	0.004948	8.9
1868	-1.226429	105.548623	0.009543	8.5
1869	-0.872405	105.516473	0.010849	9.4
1870	-0.361865	105.484349	0.004693	10.6
1871	-0.751327	105.452251	0.005407	8.7
1872	-0.586327	105.420179	0.004804	8.9
1873	-1.258643	105.388133	0.007802	7.4
1874	-0.330817	105.356113	0.005044	9.1
1875	-0.872417	105.324119	0.003569	10.0
1876	-0.887286	105.292151	0.006310	8.7
1877	-1.156743	105.260209	0.007037	7.4
1878	-0.770088	105.228293	0.005116	8.0
1879	-1.446317	105.196402	0.012408	8.0
1880	-1.227957	105.164537	0.008865	10.4
1881	-1.049827	105.132698	0.009187	8.1
1882	-0.981693	105.100885	0.009470	8.9
1883	-1.328997	105.069097	0.010657	11.6
1884	-0.901168	105.037335	0.007128	8.9
1885	-0.961897	105.005598	0.006267	10.6
1886	-0.134025	104.973887	0.003331	7.6
1887	-0.907770	104.942202	0.010492	7.9
1888	-1.232657	104.910542	0.011689	8.1
1889	-0.550086	104.878907	0.004749	10.1
1890	-0.744710	104.847298	0.007033	8.2
1891	-0.858011	104.815715	0.004914	8.7
1892	-0.261168	104.784156	0.002487	11.3
1893	-1.220292	104.752623	0.006265	8.7
1894	-0.757919	104.721116	0.006839	9.8
1895	-0.864047	104.689633	0.007273	8.1
1896	-1.040637	104.658176	0.010828	8.9
1897	-0.072932	104.626744	0.002708	8.1
1898	-0.328199	104.595337	0.002637	10.6
1899	-0.748674	104.563955	0.007584	8.1
1900	-1.452379	104.532599	0.014030	9.2
1901	-0.713121	104.501267	0.006926	7.8
1902	-1.109888	104.469960	0.005183	10.2
1903	-1.232460	104.438679	0.008176	8.1
1904	-0.994758	104.407422	0.005801	8.6
1905	-0.680123	104.376191	0.004258	10.9
1906	-0.401148	104.344984	0.004418	9.5
1907	-0.924041	104.313802	0.004189	10.7
1908	-0.700762	104.282645	0.007195	7.7
1909	-0.345508	104.251513	0.004866	8.3
1910	-1.234971	104.220405	0.005461	8.3
1911	-1.283201	104.189323	0.007071	11.6
1912	-1.338810	104.158265	0.006626	9.4
1913	-0.725664	104.127231	0.004574	8.0
1914	-0.473118	104.096222	0.002475	12.1
1915	-0.957600	104.065238	0.005663	9.0
1916	-0.746741	104.034279	0.005309	9.3
1917	-1.235180	104.003344	0.005809	7.7
1918	-1.224565	103.972433	0.009975	9.0
1919	-1.322762	103.941547	0.007281	11.4
1920	-1.405705	103.910686	0.006385	8.0
1921	-1.100947	103.879849	0.005447	8.4
1922	-0.071384	103.849036	0.003877	7.7
1923	-0.998745	103.818248	0.008783	8.6
1924	-0.197418	103.787484	0.004088	9.9
1925	-1.136038	103.756744	0.005547	9.1
1926	-1.183909	103.726029	0.010287	8.3
1927	-0.866621	103.695338	0.007844	7.9
1928	-0.218699	103.664671	0.001918	6.8
1929	-0.788213	103.634028	0.005740	10.1
1930	-0.764433	103.603409	0.008607	9.0
1931	-0.666804	103.572814	0.004748	9.2
1932	-1.199101	103.542244	0.009727	8.4
1933	-1.164014	103.511698	0.009546	7.8
1934	-1.221440	103.481175	0.006087	11.4
1935	-1.167629	103.450677	0.005238	7.9
1936	-0.739387	103.420202	0.007150	8.2
1937	-1.067496	103.389752	0.008975	8.3
1938	-1.009547	103.359325	0.006043	10.4
1939	-1.128643	103.328922	0.005495	8.1
1940	-0.190604	103.298543	0.003822	8.6
1941	-1.078418	103.268188	0.007345	8.6
1942	-1.225537	103.237857	0.008411	7.9
1943	-1.261363	103.207549	0.006472	9.9
1944	-1.273604	103.177265	0.010387	9.1
1945	-0.195573	103.147005	0.003598	7.7
1946	-0.267173	103.116768	0.003631	7.7
1947	-0.104526	103.086556	0.002168	8.0
1948	-1.205666	103.056366	0.006794	10.3
1949	-1.298215	103.026200	0.006775	8.2
1950	-1.021431	102.996058	0.003569	9.1
1951	-0.064791	102.965939	0.001545	7.9
1952	-0.465075	102.935844	0.003518	8.4
1953	-1.385124	102.905772	0.009836	11.6
1954	-0.740751	102.875724	0.004688	9.1
1955	-0.505627	102.845699	0.007455	8.4
1956	-0.459865	102.815697	0.004711	8.1
1957	-1.144667	102.785719	0.004613	10.3
1958	-0.899466	102.755764	0.006035	8.1
1959	-1.189805	102.725832	0.007032	8.7
1960	-1.048996	102.695924	0.003952	8.0
1961	-0.238860	102.666038	0.005268	8.4
1962	-1.036574	102.636176	0.007344	12.4
1963	-1.353074	102.606337	0.011132	9.3
1964	-1.032886	102.576521	0.007242	8.3
1965	-1.038462	102.546728	0.006119	7.5
1966	-1.237074	102.516959	0.009443	10.6
1967	-0.827428	102.487212	0.008146	8.5
1968	-1.280452	102.457488	0.007511	8.6
1969	-0.605012	102.427788	0.007477	9.4
1970	-0.135798	102.398110	0.004486	6.5
1971	-0.370474	102.368455	0.003290	8.7
1972	-0.748188	102.338823	0.010194	9.0
1973	-0.334598	102.309214	0.003168	8.3
1974	-1.171026	102.279628	0.009651	8.6
1975	-0.577668	102.250064	0.002660	8.8
1976	-1.433569	102.220524	0.010702	9.4
1977	-0.617942	102.191006	0.005620	8.1
1978	-1.334615	102.161511	0.009713	9.2
1979	-0.612404	102.132038	0.007357	8.1
1980	-1.184186	102.102588	0.004833	10.2
1981	-1.257734	102.073161	0.011501	9.4
1982	-0.199939	102.043757	0.003927	8.6
1983	-1.203880	102.014375	0.006328	8.7
1984	-1.267443	101.985015	0.008752	8.5
1985	-0.256095	101.955678	0.003173	9.3
1986	-0.721403	101.926364	0.006464	9.7
1987	-1.161973	101.897072	0.004478	9.7
1988	-1.245355	101.867802	0.006783	9.0
1989	-1.066122	101.838555	0.005276	11.1
1990	-0.726323	101.809330	0.005860	9.8
1991	-0.569194	101.780128	0.004362	7.8
1992	-0.278480	101.750948	0.005464	7.6
1993	-0.796126	101.721790	0.004097	10.1
1994	-1.242274	101.692654	0.004435	9.2
1995	-0.835303	101.663541	0.006641	8.6
1996	-0.266063	101.634450	0.005458	8.2
1997	-0.640829	101.605381	0.003814	8.5
1998	-0.815975	101.576335	0.008239	10.6
1999	-1.226373	101.547310	0.005692	8.7
