1:ItNr	2:Metric	3:StepSize	4:||Gradient||	Time[ms]
0	-1.247291	627.201626	0.021305	470.3
1	-0.290817	623.504937	0.013314	8.2
2	-1.049219	619.865785	0.008427	8.1
3	-0.554123	616.282728	0.010940	8.4
4	-0.469129	612.754375	0.003266	11.5
5	-1.398223	609.279381	0.027017	8.1
6	-1.016393	605.856447	0.013019	8.6
7	-1.157316	602.484317	0.031582	8.6
8	-1.380545	599.161779	0.017208	11.6
9	-0.001240	595.887656	0.000143	8.9
10	-0.723783	592.660813	0.013940	9.8
11	-1.485822	589.480151	0.018462	8.0
12	-0.804848	586.344606	0.013293	8.7
13	-0.855727	583.253145	0.010389	11.5
14	-1.044702	580.204771	0.017528	8.1
15	-0.585253	577.198517	0.006192	8.2
16	-0.380253	574.233444	0.006946	8.6
17	-0.938276	571.308645	0.018699	10.9
18	-0.655126	568.423237	0.008478	7.0
19	-1.343169	565.576365	0.013606	8.8
20	-0.689107	562.767201	0.006784	8.8
21	-1.374870	559.994938	0.015554	8.1
22	-0.492869	557.258797	0.012574	9.7
23	-0.812661	554.558018	0.015486	9.2
24	-1.094529	551.891865	0.017154	8.3
25	-0.620501	549.259621	0.013143	8.0
26	-0.584562	546.660592	0.011716	8.3
27	-0.950552	544.094102	0.019854	11.3
28	-1.172451	541.559494	0.008353	8.8
29	-0.751155	539.056129	0.005816	8.1
30	-1.105678	536.583387	0.027174	8.2
31	-0.745241	534.140663	0.012434	10.8
32	-1.425537	531.727370	0.010161	9.5
33	-1.464400	529.342935	0.020629	11.5
34	-0.744113	526.986802	0.010900	15.9
35	-1.349155	524.658430	0.016370	14.0
36	-0.845264	522.357290	0.007522	8.2
37	-0.796170	520.082868	0.012716	9.2
38	-1.164608	517.834665	0.014765	12.6
39	-0.292023	515.612193	0.005402	9.6
40	-1.427540	513.414976	0.017478	7.5
41	-0.836604	511.242551	0.012551	8.8
42	-1.443678	509.094468	0.020681	9.9
43	-1.127422	506.970285	0.009027	12.6
44	-1.024712	504.869574	0.011112	8.8
45	-1.169105	502.791916	0.018241	9.1
46	-1.027191	500.736903	0.010337	11.0
47	-1.469361	498.704137	0.016052	9.7
48	-0.699011	496.693228	0.005511	8.0
49	-1.080744	494.703798	0.011076	8.4
50	-1.354010	492.735476	0.015170	16.1
51	-0.935213	490.787900	0.020243	13.7
52	-1.454994	488.860718	0.017359	18.0
53	-1.466250	486.953585	0.011418	17.3
54	-1.419057	485.066164	0.018205	8.1
55	-0.691837	483.198126	0.012706	8.7
56	-1.461964	481.349149	0.014394	8.6
57	-0.858232	479.518920	0.010703	8.9
58	-1.072657	477.707132	0.017319	12.1
59	-1.198189	475.913485	0.019618	9.3
60	-0.659225	474.137684	0.008793	6.6
61	-1.537777	472.379445	0.017192	8.3
62	-0.884543	470.638485	0.009539	11.8
63	-0.923856	468.914531	0.014358	10.5
64	-1.451177	467.207315	0.017922	8.7
65	-0.623308	465.516573	0.017028	8.1
66	-0.279051	463.842050	0.002049	9.1
67	-0.602410	462.183494	0.008790	10.7
68	-1.297270	460.540658	0.020415	8.5
69	-1.005051	458.913303	0.008281	8.1
70	-1.500460	457.301192	0.010184	8.4
71	-1.118691	455.704096	0.023112	9.9
72	-0.055768	454.121787	0.001232	15.9
73	-0.399105	452.554045	0.006100	7.6
74	-0.437089	451.000653	0.006217	8.0
75	-1.033707	449.461399	0.020543	11.4
76	-0.179697	447.936075	0.001691	9.4
77	-1.095368	446.424477	0.018841	8.7
78	-1.163126	444.926406	0.021343	8.3
79	-1.547483	443.441666	0.009269	17.2
80	-0.581331	441.970065	0.009635	18.8
81	-1.041008	440.511415	0.020470	9.3
82	-1.305497	439.065533	0.013362	9.9
83	-1.392427	437.632238	0.020215	9.2
84	-1.562088	436.211351	0.024444	9.6
85	-1.441026	434.802701	0.027317	8.7
86	-1.337064	433.406117	0.014359	14.7
87	-0.642823	432.021430	0.012878	8.7
88	-1.231998	430.648479	0.015868	9.4
89	-0.371146	429.287101	0.006976	8.7
90	-0.656600	427.937140	0.007134	8.2
91	-1.437356	426.598440	0.021166	11.9
92	-0.220752	425.270849	0.003635	8.6
93	-1.512272	423.954220	0.014261	11.2
94	-1.042218	422.648404	0.013288	13.7
95	-1.351821	421.353259	0.012979	13.9
96	-1.517958	420.068643	0.028887	12.6
97	-0.920713	418.794419	0.010007	16.2
98	-1.069422	417.530451	0.016392	11.3
99	-0.439650	416.276604	0.001775	9.0
100	-1.492317	415.032748	0.017051	8.8
101	-1.316804	413.798754	0.024209	9.1
102	-1.391562	412.574495	0.012566	8.6
103	-0.142451	411.359849	0.002042	8.9
104	-0.759327	410.154691	0.011235	8.5
105	-1.508669	408.958904	0.020375	9.9
106	-0.541751	407.772368	0.010365	11.5
107	-0.501575	406.594968	0.007207	8.3
108	-0.257685	405.426590	0.005816	8.6
109	-0.453401	404.267122	0.008085	9.9
110	-0.381908	403.116456	0.004026	11.2
111	-1.239187	401.974481	0.018375	9.5
112	-1.243612	400.841093	0.017307	8.2
113	-0.495736	399.716187	0.009168	8.5
114	-1.475955	398.599660	0.010655	10.4
115	-1.498376	397.491411	0.009607	10.0
116	-1.260035	396.391342	0.012561	8.1
117	-1.134520	395.299353	0.016671	8.4
118	-1.510687	394.215350	0.014096	9.1
119	-0.746084	393.139238	0.009056	9.5
120	-0.168690	392.070924	0.002711	9.5
121	-1.144246	391.010316	0.011691	7.9
122	-0.402118	389.957325	0.010666	9.3
123	-0.562517	388.911862	0.006670	9.7
124	-1.281827	387.873839	0.005741	9.5
125	-0.897813	386.843173	0.016239	8.4
126	-0.672411	385.819777	0.006834	7.3
127	-1.384015	384.803569	0.014765	11.4
128	-1.137520	383.794468	0.013035	8.9
129	-0.271134	382.792393	0.003899	9.5
130	-0.160961	381.797264	0.002630	8.4
131	-0.287613	380.809005	0.005333	8.6
132	-0.707313	379.827537	0.016208	9.7
133	-0.457814	378.852786	0.006479	9.5
134	-1.546999	377.884678	0.020193	9.7
135	-0.657810	376.923138	0.007578	7.9
136	-0.089108	375.968095	0.001062	11.3
137	-0.927815	375.019479	0.013034	11.1
138	-0.616921	374.077218	0.008969	7.9
139	-1.576445	373.141244	0.021676	9.3
140	-1.014391	372.211489	0.015116	9.7
141	-0.407914	371.287887	0.004064	10.5
142	-0.623555	370.370370	0.006781	8.7
143	-0.996172	369.458876	0.008184	9.4
144	-1.504050	368.553338	0.013845	9.9
145	-0.604690	367.653696	0.011038	9.6
146	-1.149398	366.759885	0.010483	8.6
147	-0.335968	365.871846	0.004922	13.0
148	-1.335397	364.989518	0.009039	14.4
149	-0.650252	364.112841	0.012684	14.5
150	-1.077198	363.241757	0.017624	13.4
151	-1.042626	362.376208	0.009819	16.9
152	-1.254328	361.516137	0.010621	8.3
153	-1.407145	360.661488	0.020813	8.7
154	-0.668060	359.812206	0.008536	8.8
155	-1.421760	358.968236	0.010685	7.1
156	-0.910558	358.129524	0.007795	10.1
157	-0.563792	357.296018	0.012220	9.7
158	-1.538219	356.467665	0.022564	8.9
159	-1.451666	355.644414	0.020601	8.6
160	-1.463687	354.826213	0.012208	7.7
161	-1.579348	354.013012	0.016342	10.6
162	-0.672252	353.204763	0.006470	9.0
163	-0.301734	352.401415	0.004467	8.0
164	-1.369908	351.602922	0.019803	8.2
165	-1.115966	350.809235	0.024356	9.9
166	-1.375509	350.020308	0.026014	9.3
167	-1.076309	349.236095	0.020855	7.0
168	-0.252506	348.456550	0.003649	8.5
169	-1.457438	347.681627	0.017809	8.5
170	-0.786996	346.911283	0.004837	9.1
171	-0.789867	346.145474	0.011047	8.8
172	-1.463060	345.384157	0.017572	8.8
173	-1.000991	344.627288	0.012291	8.9
174	-0.924842	343.874826	0.012968	8.3
175	-1.266358	343.126729	0.019602	10.5
176	-0.760313	342.382957	0.025896	7.8
177	-1.143023	341.643469	0.007451	8.3
178	-1.569213	340.908224	0.027343	9.3
179	-0.096722	340.177184	0.001521	10.8
180	-0.487172	339.450309	0.008535	8.3
181	-0.674294	338.727561	0.009067	9.2
182	-0.705954	338.008902	0.007825	8.2
183	-0.960498	337.294295	0.013097	8.9
184	-1.545797	336.583703	0.026244	11.2
185	-1.348204	335.877089	0.014057	8.4
186	-1.675810	335.174416	0.015775	8.2
187	-1.522718	334.475651	0.014823	8.4
188	-0.477937	333.780756	0.006403	10.5
189	-0.686034	333.089698	0.010716	8.9
190	-1.623089	332.402443	0.031211	9.0
191	-0.017723	331.718955	0.000063	8.6
192	-1.240880	331.039203	0.009252	8.9
193	-0.349799	330.363153	0.001650	9.9
194	-0.205805	329.690771	0.003075	8.3
195	-0.774540	329.022027	0.008276	8.2
196	-1.430387	328.356888	0.023313	8.8
197	-0.712147	327.695322	0.006322	10.9
198	-1.582590	327.037299	0.016871	8.0
199	-0.553600	326.382787	0.007471	8.7
200	-0.678850	325.731758	0.008848	8.6
201	-1.181198	325.084179	0.013397	11.2
202	-1.214019	324.440023	0.014363	13.6
203	-1.354204	323.799258	0.011258	12.9
204	-0.145402	323.161858	0.002018	15.9
205	-0.457496	322.527792	0.006725	13.0
206	-1.292831	321.897034	0.010379	11.9
207	-0.560096	321.269554	0.005074	8.8
208	-1.389305	320.645325	0.012094	11.0
209	-0.711612	320.024320	0.007059	11.1
210	-1.319882	319.406512	0.017192	8.5
211	-0.976443	318.791875	0.017705	8.2
212	-1.385406	318.180381	0.012208	11.5
213	-0.769622	317.572005	0.011956	8.3
214	-0.033800	316.966721	0.000696	7.4
215	-0.715337	316.364504	0.005697	8.0
216	-0.150201	315.765329	0.001354	9.5
217	-0.474738	315.169170	0.007659	10.0
218	-0.346139	314.576003	0.006130	17.4
219	-1.360792	313.985804	0.009396	17.5
220	-0.848209	313.398548	0.009544	7.9
221	-0.586929	312.814213	0.008243	9.1
222	-1.078645	312.232773	0.009983	9.0
223	-0.617625	311.654207	0.006060	8.9
224	-1.513142	311.078491	0.018720	10.0
225	-0.823827	310.505602	0.008429	9.1
226	-1.013967	309.935518	0.010022	7.9
227	-0.067883	309.368217	0.001766	8.6
228	-1.436627	308.803676	0.018471	10.2
229	-0.244159	308.241874	0.006900	9.8
230	-1.647612	307.682789	0.020619	9.1
231	-0.986396	307.126400	0.011308	9.4
232	-1.452932	306.572687	0.015990	8.7
233	-0.820956	306.021627	0.007272	10.2
234	-1.268056	305.473201	0.011717	8.7
235	-1.389920	304.927388	0.010340	7.9
236	-1.453086	304.384168	0.015665	8.3
237	-1.612962	303.843521	0.014011	10.1
238	-1.400063	303.305427	0.014784	9.1
239	-1.153825	302.769867	0.010742	8.8
240	-0.179863	302.236821	0.001723	8.5
241	-1.218377	301.706270	0.018567	8.5
242	-1.490080	301.178196	0.019605	10.4
243	-1.351523	300.652580	0.013189	9.1
244	-1.245834	300.129402	0.007959	8.9
245	-1.128314	299.608645	0.019886	9.5
246	-0.692912	299.090291	0.010700	10.7
247	-1.429666	298.574321	0.018496	9.3
248	-1.396782	298.060718	0.009578	8.1
249	-1.007021	297.549465	0.014295	7.8
250	-1.239262	297.040543	0.012870	11.3
251	-0.618584	296.533936	0.009515	8.4
252	-0.185995	296.029626	0.002704	7.1
253	-1.534475	295.527597	0.009519	8.9
254	-0.124340	295.027832	0.002850	8.3
255	-0.668978	294.530315	0.009575	9.8
256	-1.330675	294.035028	0.011377	14.5
257	-1.652837	293.541956	0.023224	12.6
258	-1.016578	293.051083	0.011931	15.5
259	-1.618466	292.562393	0.010092	14.4
260	-0.815755	292.075870	0.006281	9.9
261	-1.377979	291.591498	0.012819	8.1
262	-1.596231	291.109263	0.015954	10.3
263	-1.421315	290.629149	0.010688	9.5
264	-0.904694	290.151140	0.009796	9.1
265	-0.966614	289.675222	0.017059	8.8
266	-0.463346	289.201380	0.007918	9.0
267	-1.156436	288.729600	0.009214	9.8
268	-0.252626	288.259866	0.003806	9.9
269	-1.146345	287.792165	0.019288	8.1
270	-0.718289	287.326481	0.006918	8.6
271	-1.487623	286.862802	0.014392	10.2
272	-1.514813	286.401113	0.021418	9.3
273	-0.980539	285.941400	0.014770	8.8
274	-0.956538	285.483649	0.008849	10.7
275	-1.069469	285.027847	0.013200	10.4
276	-1.449342	284.573981	0.016235	7.0
277	-1.158788	284.122037	0.009519	9.2
278	-0.633373	283.672002	0.008303	8.2
279	-0.739758	283.223863	0.006348	11.2
280	-0.900149	282.777607	0.015962	9.3
281	-0.399002	282.333221	0.006227	8.0
282	-1.136357	281.890692	0.014265	8.8
283	-1.407393	281.450008	0.010973	10.1
284	-0.939541	281.011157	0.009131	8.3
285	-1.574534	280.574125	0.013755	8.2
286	-0.726273	280.138901	0.011658	8.2
287	-1.049244	279.705473	0.007909	8.5
288	-1.540902	279.273829	0.017318	10.5
289	-0.458534	278.843956	0.011235	8.6
290	-1.375382	278.415844	0.008157	9.0
291	-0.449244	277.989479	0.005722	8.4
292	-1.686945	277.564851	0.026569	9.1
293	-1.113308	277.141949	0.023782	12.3
294	-0.964270	276.720761	0.010560	8.2
295	-1.475206	276.301275	0.021430	8.2
296	-0.739338	275.883480	0.005050	8.5
297	-0.961146	275.467366	0.019297	10.2
298	-0.993775	275.052922	0.023301	10.6
299	-0.394769	274.640136	0.011201	8.6
300	-1.554114	274.228998	0.014654	8.5
301	-1.338872	273.819497	0.017300	8.7
302	-0.268933	273.411623	0.004483	10.5
303	-0.265161	273.005365	0.001791	8.1
304	-0.400527	272.600712	0.005782	8.1
305	-0.233056	272.197655	0.002483	9.0
306	-0.520758	271.796184	0.005225	10.4
307	-1.352155	271.396287	0.014743	8.1
308	-0.204005	270.997956	0.006240	9.0
309	-0.601709	270.601180	0.009353	8.0
310	-1.478348	270.205949	0.012430	12.5
311	-0.677448	269.812254	0.007844	13.5
312	-1.705999	269.420085	0.012177	13.5
313	-0.351772	269.029432	0.006233	16.0
314	-1.117722	268.640287	0.015267	13.2
315	-0.828687	268.252638	0.014468	8.0
316	-0.530239	267.866478	0.006032	8.0
317	-1.243151	267.481796	0.016728	10.9
318	-1.580342	267.098584	0.016967	9.5
319	-1.186972	266.716833	0.016620	8.2
320	-1.207948	266.336533	0.006835	8.3
321	-1.043018	265.957676	0.011208	8.5
322	-0.974193	265.580253	0.010334	10.8
323	-0.599036	265.204254	0.008841	8.9
324	-0.310989	264.829672	0.003644	7.9
325	-1.296872	264.456497	0.014318	9.1
326	-1.455009	264.084721	0.008392	9.3
327	-1.589527	263.714335	0.018969	9.9
328	-0.829125	263.345332	0.008998	7.1
329	-1.270815	262.977702	0.008145	8.5
330	-1.438614	262.611438	0.016584	7.6
331	-1.413315	262.246531	0.009251	9.6
332	-0.777052	261.882973	0.008799	8.1
333	-0.679931	261.520756	0.006283	9.2
334	-1.013212	261.159871	0.012023	8.8
335	-0.416473	260.800312	0.004317	7.8
336	-1.503440	260.442070	0.014441	12.6
337	-0.608592	260.085137	0.006953	7.8
338	-1.415362	259.729505	0.014162	8.3
339	-0.667583	259.375167	0.009677	7.6
340	-0.649223	259.022116	0.002025	10.6
341	-1.430665	258.670343	0.015823	8.4
342	-1.293690	258.319841	0.024908	9.0
343	-0.958910	257.970602	0.009003	8.4
344	-1.435937	257.622620	0.007503	6.9
345	-1.298288	257.275887	0.012734	10.2
346	-0.777463	256.930396	0.022353	9.6
347	-1.433355	256.586139	0.012142	8.0
348	-0.352230	256.243109	0.004284	7.9
349	-1.198554	255.901300	0.012207	10.2
350	-0.866318	255.560703	0.011788	9.5
351	-1.023596	255.221313	0.010763	9.1
352	-1.103182	254.883122	0.008237	9.0
353	-1.040870	254.546124	0.007462	9.1
354	-1.086137	254.210311	0.008766	10.2
355	-0.619337	253.875677	0.007441	9.5
356	-0.507138	253.542215	0.007873	8.5
357	-1.158066	253.209918	0.013861	8.9
358	-0.228437	252.878781	0.003277	12.3
359	-1.350132	252.548795	0.012849	7.8
360	-0.728372	252.219956	0.005710	9.2
361	-1.115539	251.892255	0.020698	8.1
362	-0.911871	251.565688	0.008581	10.4
363	-0.599849	251.240247	0.011495	9.2
364	-1.267260	250.915926	0.020272	8.7
365	-0.839446	250.592720	0.009415	7.9
366	-0.742147	250.270621	0.007816	11.5
367	-0.709164	249.949624	0.006876	12.7
368	-0.989495	249.629723	0.007032	11.8
369	-1.535266	249.310911	0.019249	12.3
370	-1.057633	248.993182	0.013013	13.6
371	-0.626455	248.676531	0.006409	12.8
372	-0.122787	248.360952	0.002050	9.0
373	-0.245567	248.046438	0.003978	11.1
374	-1.457635	247.732984	0.017127	10.5
375	-1.085293	247.420584	0.004235	8.8
376	-1.549408	247.109233	0.006103	8.3
377	-0.040592	246.798924	0.000523	9.1
378	-0.694109	246.489652	0.009524	9.6
379	-0.402620	246.181412	0.004262	10.0
380	-1.040614	245.874197	0.006227	8.3
381	-1.533344	245.568002	0.008539	8.3
382	-0.944787	245.262822	0.008885	10.7
383	-0.652340	244.958652	0.002893	9.5
384	-1.508685	244.655485	0.022809	8.7
385	-0.866676	244.353317	0.010062	7.4
386	-0.876077	244.052142	0.015494	11.6
387	-0.569337	243.751955	0.003811	7.2
388	-0.598314	243.452750	0.009522	8.7
389	-1.504228	243.154523	0.020530	9.2
390	-1.198327	242.857268	0.015882	8.4
391	-1.357258	242.560980	0.012023	11.1
392	-1.616231	242.265654	0.022553	9.3
393	-1.621328	241.971285	0.038573	8.4
394	-1.447636	241.677868	0.017547	8.1
395	-0.403342	241.385397	0.006687	11.2
396	-0.885710	241.093869	0.008884	8.9
397	-1.144769	240.803278	0.011528	8.2
398	-1.058233	240.513619	0.007968	8.2
399	-1.432266	240.224887	0.030792	8.0
400	-0.678087	239.937077	0.004906	12.3
401	-0.640160	239.650186	0.010879	9.1
402	-0.792196	239.364207	0.012360	8.1
403	-1.352958	239.079136	0.016577	7.9
404	-0.833064	238.794969	0.009562	11.0
405	-1.420662	238.511701	0.013358	9.4
406	-0.776450	238.229327	0.008767	8.6
407	-0.359779	237.947843	0.006661	9.1
408	-0.719594	237.667244	0.008692	8.8
409	-0.654503	237.387526	0.006736	9.3
410	-1.620291	237.108684	0.019075	9.3
411	-0.677453	236.830714	0.004886	8.0
412	-1.586450	236.553610	0.016867	8.3
413	-0.716697	236.277370	0.010467	10.3
414	-1.503479	236.001989	0.005879	9.0
415	-0.260500	235.727461	0.005306	8.6
416	-0.562282	235.453784	0.006280	7.8
417	-1.273081	235.180952	0.010469	8.1
418	-0.871547	234.908962	0.005413	10.2
419	-0.135129	234.637809	0.002060	9.2
420	-0.777510	234.367488	0.007107	9.2
421	-1.493442	234.097997	0.013794	11.1
422	-1.029431	233.829331	0.008127	14.1
423	-0.168275	233.561485	0.002790	11.4
424	-1.446346	233.294456	0.018160	14.4
425	-1.396348	233.028239	0.007383	12.4
426	-0.673135	232.762831	0.005244	13.6
427	-1.290177	232.498228	0.012569	8.5
428	-0.623647	232.234425	0.005794	8.2
429	-1.160486	231.971419	0.013121	10.1
430	-1.136095	231.709205	0.017851	9.0
431	-1.507296	231.447781	0.016111	10.2
432	-1.249855	231.187141	0.018090	8.3
433	-1.045537	230.927283	0.010174	9.2
434	-1.500285	230.668202	0.007132	11.0
435	-1.407793	230.409895	0.015096	9.0
436	-0.696295	230.152358	0.004393	9.1
437	-1.408051	229.895587	0.011067	8.5
438	-1.310448	229.639578	0.016251	13.3
439	-0.405756	229.384329	0.007061	8.1
440	-1.390983	229.129834	0.016946	8.7
441	-1.391610	228.876091	0.022130	13.2
442	-1.459487	228.623096	0.013395	11.1
443	-1.287954	228.370846	0.011412	14.5
444	-0.658371	228.119336	0.011430	13.0
445	-0.314323	227.868563	0.006205	13.3
446	-1.611841	227.618525	0.014635	13.8
447	-1.338498	227.369216	0.018941	14.5
448	-0.387539	227.120635	0.004387	11.2
449	-1.364564	226.872777	0.010948	13.3
450	-1.041561	226.625638	0.008662	14.7
451	-1.576968	226.379217	0.010638	8.8
452	-1.553716	226.133509	0.016775	9.1
453	-0.390807	225.888510	0.009045	11.6
454	-0.516365	225.644218	0.006586	9.6
455	-1.337965	225.400630	0.011070	8.4
456	-0.673081	225.157741	0.009533	9.3
457	-1.477055	224.915549	0.014949	10.6
458	-0.804906	224.674051	0.018758	9.0
459	-1.368425	224.433242	0.019868	8.6
460	-0.368675	224.193121	0.004297	8.9
461	-1.497859	223.953684	0.007920	12.6
462	-0.569639	223.714927	0.007880	8.8
463	-0.596465	223.476848	0.003071	8.4
464	-0.705285	223.239444	0.006531	8.5
465	-1.463312	223.002710	0.012246	11.8
466	-1.374755	222.766645	0.012856	8.4
467	-0.741524	222.531245	0.003795	9.3
468	-1.006799	222.296508	0.007802	13.5
469	-1.532507	222.062429	0.011421	13.1
470	-0.359604	221.829007	0.007813	14.3
471	-0.622107	221.596238	0.008341	17.9
472	-0.539712	221.364119	0.007195	10.8
473	-0.755745	221.132647	0.017147	10.6
474	-1.146403	220.901820	0.011992	8.3
475	-1.360307	220.671634	0.014122	10.3
476	-1.487927	220.442086	0.012985	9.8
477	-1.401978	220.213174	0.010380	9.1
478	-1.368928	219.984895	0.013471	8.3
479	-0.771408	219.757246	0.007709	8.2
480	-0.923225	219.530224	0.008335	11.6
481	-1.143529	219.303826	0.007145	6.7
482	-1.349441	219.078050	0.017813	8.3
483	-1.545857	218.852893	0.020997	8.3
484	-0.976406	218.628352	0.010262	11.0
485	-0.289768	218.404424	0.003264	9.4
486	-1.423944	218.181106	0.021015	7.9
487	-1.159468	217.958397	0.010230	9.4
488	-1.425705	217.736292	0.016752	9.4
489	-0.627406	217.514790	0.004984	10.6
490	-0.384616	217.293888	0.003114	6.9
491	-1.603813	217.073584	0.012697	8.8
492	-1.414414	216.853873	0.014755	8.2
493	-1.315059	216.634755	0.011314	11.7
494	-0.463286	216.416227	0.003491	9.5
495	-1.519531	216.198285	0.012765	7.9
496	-0.832885	215.980927	0.007512	8.2
497	-0.782067	215.764151	0.006186	9.3
498	-0.607487	215.547955	0.005735	12.5
499	-1.574920	215.332335	0.010602	15.3
500	-1.613229	215.117289	0.025109	10.0
501	-0.401977	214.902815	0.004474	9.6
502	-0.212610	214.688911	0.002026	9.1
503	-0.668545	214.475573	0.009908	8.2
504	-0.213118	214.262800	0.004440	8.3
505	-1.202236	214.050588	0.008041	10.3
506	-1.295774	213.838936	0.012781	9.4
507	-0.089401	213.627842	0.000991	8.4
508	-1.269505	213.417302	0.011703	8.0
509	-1.274370	213.207314	0.007082	7.5
510	-0.983961	212.997877	0.008617	11.0
511	-1.124576	212.788987	0.008683	9.7
512	-0.340577	212.580642	0.004325	8.7
513	-1.543916	212.372841	0.013981	9.0
514	-0.526301	212.165581	0.005692	11.1
515	-1.197326	211.958859	0.011351	8.6
516	-1.163154	211.752673	0.009797	8.1
517	-0.819663	211.547021	0.008677	8.2
518	-1.144506	211.341902	0.013506	9.2
519	-0.818654	211.137311	0.005052	11.4
520	-0.405363	210.933248	0.003980	10.0
521	-1.010454	210.729710	0.005535	12.0
522	-0.684751	210.526695	0.011019	13.7
523	-0.896063	210.324200	0.011421	11.1
524	-1.358069	210.122224	0.014143	12.5
525	-0.606721	209.920765	0.006848	11.7
526	-1.427064	209.719820	0.015430	12.9
527	-0.647291	209.519387	0.006257	15.1
528	-1.507994	209.319463	0.014119	10.3
529	-1.403863	209.120048	0.012268	14.6
530	-1.658303	208.921139	0.016355	10.3
531	-1.067803	208.722733	0.008229	10.3
532	-0.593636	208.524829	0.010350	13.4
533	-1.470350	208.327425	0.013729	14.0
534	-1.029692	208.130518	0.009489	11.6
535	-0.994434	207.934107	0.019761	11.5
536	-1.738295	207.738189	0.013126	13.9
537	-0.665639	207.542762	0.006902	11.1
538	-1.092109	207.347825	0.007300	9.2
539	-1.389698	207.153376	0.010674	14.5
540	-0.424571	206.959412	0.003081	11.2
541	-1.073891	206.765932	0.009842	9.0
542	-1.000289	206.572933	0.006358	13.4
543	-1.008552	206.380414	0.013689	11.0
544	-0.862660	206.188373	0.007570	9.2
545	-0.478072	205.996807	0.002510	10.4
546	-0.720637	205.805716	0.010322	12.3
547	-0.568531	205.615096	0.008129	9.1
548	-1.322500	205.424946	0.012195	13.3
549	-1.419438	205.235265	0.013253	8.5
550	-1.167168	205.046050	0.006386	12.1
551	-0.692042	204.857299	0.012276	11.9
552	-0.662283	204.669011	0.010342	11.7
553	-1.379053	204.481184	0.020295	9.1
554	-0.935928	204.293816	0.007125	12.1
555	-1.275845	204.106905	0.017991	12.6
556	-0.892818	203.920449	0.005317	8.7
557	-1.268085	203.734447	0.021078	9.8
558	-1.419530	203.548896	0.014750	14.3
559	-1.028579	203.363795	0.010689	9.1
560	-1.445676	203.179143	0.010859	10.6
561	-1.511394	202.994937	0.009344	11.4
562	-1.051067	202.811176	0.011132	14.5
563	-1.079962	202.627857	0.007379	8.9
564	-0.217073	202.444980	0.002710	11.8
565	-1.046459	202.262543	0.021252	10.8
566	-0.621171	202.080543	0.007790	11.5
567	-1.537558	201.898979	0.019885	13.0
568	-1.605130	201.717849	0.018244	13.1
569	-0.371496	201.537153	0.002139	14.6
570	-0.729425	201.356887	0.008189	14.8
571	-1.551321	201.177050	0.017930	10.6
572	-0.503302	200.997642	0.005808	10.7
573	-0.419203	200.818659	0.008247	10.4
574	-0.858272	200.640100	0.005470	10.6
575	-0.526262	200.461965	0.005673	8.5
576	-0.995395	200.284250	0.010850	8.3
577	-0.001717	200.106955	0.000092	8.6
578	-1.515744	199.930078	0.009928	8.0
579	-1.166201	199.753617	0.013047	8.6
580	-1.052257	199.577571	0.011212	8.5
581	-1.139890	199.401938	0.015205	10.2
582	-1.516669	199.226717	0.014486	8.1
583	-0.303461	199.051905	0.004845	9.7
584	-1.188472	198.877502	0.010734	7.9
585	-1.391492	198.703506	0.012332	8.0
586	-1.178010	198.529916	0.008458	13.1
587	-1.421046	198.356729	0.012488	7.6
588	-1.528693	198.183944	0.021970	8.4
589	-0.363152	198.011560	0.006591	7.7
590	-1.029443	197.839576	0.007844	10.3
591	-1.148569	197.667989	0.017865	10.0
592	-1.275716	197.496798	0.015368	9.2
593	-1.120870	197.326002	0.011831	8.1
594	-1.477217	197.155600	0.011808	8.4
595	-0.530323	196.985589	0.005940	10.9
596	-1.035674	196.815969	0.008919	8.2
597	-0.400735	196.646738	0.005899	7.2
598	-1.253873	196.477894	0.010231	7.5
599	-1.078991	196.309436	0.008123	10.6
600	-0.777326	196.141363	0.008152	7.7
601	-1.419875	195.973673	0.009082	9.2
602	-1.237916	195.806365	0.016197	8.8
603	-1.542480	195.639437	0.009120	8.2
604	-1.388448	195.472888	0.011886	11.9
605	-0.904926	195.306717	0.009498	8.4
606	-0.903994	195.140922	0.010344	8.9
607	-0.635830	194.975501	0.010173	8.1
608	-0.793950	194.810454	0.011283	11.5
609	-0.942620	194.645779	0.004012	9.1
610	-0.687622	194.481475	0.010939	9.5
611	-1.449716	194.317540	0.011504	8.4
612	-0.979917	194.153973	0.003863	9.5
613	-0.456280	193.990773	0.009286	12.1
614	-1.285494	193.827938	0.011439	8.6
615	-1.478632	193.665467	0.012703	8.5
616	-0.579018	193.503358	0.005360	8.9
617	-1.251719	193.341611	0.008748	9.5
618	-1.422062	193.180224	0.014493	10.7
619	-1.471796	193.019196	0.013890	9.3
620	-1.628003	192.858525	0.007839	12.8
621	-1.412119	192.698210	0.013702	11.1
622	-1.519624	192.538251	0.010093	13.2
623	-1.528055	192.378644	0.011431	14.7
624	-1.152237	192.219391	0.019104	12.0
625	-1.508074	192.060488	0.011084	11.9
626	-1.162653	191.901935	0.018378	8.0
627	-1.173998	191.743730	0.006707	12.3
628	-1.233803	191.585873	0.017167	9.5
629	-1.543933	191.428362	0.010811	8.4
630	-1.404732	191.271196	0.008480	8.1
631	-1.165797	191.114374	0.008161	6.2
632	-1.235204	190.957893	0.019363	11.5
633	-1.489147	190.801755	0.011008	7.5
634	-1.176611	190.645956	0.015567	8.3
635	-0.811610	190.490495	0.011754	8.1
636	-1.609736	190.335373	0.009330	8.4
637	-0.974834	190.180587	0.011395	9.9
638	-0.994225	190.026136	0.009199	10.7
639	-1.515301	189.872019	0.012889	11.2
640	-1.215676	189.718235	0.014290	7.0
641	-1.413004	189.564782	0.016864	10.1
642	-1.363015	189.411661	0.008869	8.2
643	-0.232052	189.258868	0.003853	9.7
644	-1.355048	189.106404	0.013245	7.9
645	-1.209336	188.954267	0.006006	7.1
646	-0.102719	188.802456	0.000654	10.3
647	-1.018022	188.650969	0.008086	9.6
648	-0.869994	188.499807	0.006865	9.1
649	-1.143681	188.348967	0.015376	8.7
650	-1.264332	188.198448	0.008263	9.9
651	-1.303897	188.048250	0.015511	8.6
652	-1.551390	187.898371	0.007869	9.3
653	-1.398274	187.748810	0.009354	8.6
654	-0.163924	187.599566	0.002442	8.0
655	-1.352887	187.450638	0.014571	11.5
656	-0.898247	187.302025	0.005733	9.5
657	-1.257580	187.153725	0.007162	8.6
658	-1.537750	187.005739	0.010573	8.1
659	-0.385452	186.858064	0.009673	11.5
660	-1.530706	186.710699	0.020388	8.4
661	-1.460356	186.563645	0.008412	8.5
662	-1.515687	186.416898	0.016091	8.3
663	-1.168818	186.270459	0.011263	8.0
664	-0.573413	186.124326	0.007178	11.2
665	-1.492839	185.978499	0.013264	10.2
666	-1.119809	185.832976	0.004115	9.2
667	-0.944936	185.687756	0.008502	8.2
668	-1.409873	185.542838	0.008004	7.3
669	-1.521809	185.398222	0.020452	11.3
670	-0.921441	185.253906	0.011685	9.3
671	-0.222139	185.109889	0.002906	7.7
672	-1.452388	184.966170	0.011386	9.6
673	-0.218837	184.822748	0.002956	9.5
674	-0.865788	184.679623	0.009776	9.8
675	-1.183850	184.536792	0.009414	10.0
676	-0.094743	184.394256	0.001198	14.3
677	-1.688057	184.252013	0.017632	12.8
678	-1.485867	184.110062	0.008588	15.0
679	-1.252490	183.968403	0.009330	15.0
680	-0.683347	183.827034	0.011783	8.5
681	-1.470239	183.685954	0.018505	9.4
682	-1.293397	183.545163	0.008666	8.7
683	-0.447741	183.404658	0.009126	9.1
684	-1.034711	183.264441	0.014411	9.5
685	-1.511910	183.124509	0.010984	8.3
686	-0.617977	182.984861	0.008869	9.1
687	-0.702165	182.845497	0.010184	9.9
688	-1.346272	182.706416	0.007936	10.0
689	-1.099847	182.567616	0.009765	11.5
690	-0.548983	182.429098	0.009500	9.9
691	-1.428572	182.290859	0.018268	9.2
692	-1.170402	182.152899	0.014999	9.0
693	-1.102442	182.015217	0.016260	9.0
694	-1.146458	181.877813	0.004068	8.8
695	-1.446394	181.740684	0.015534	9.1
696	-0.264269	181.603832	0.005548	11.3
697	-1.487269	181.467253	0.009502	8.4
698	-0.090218	181.330948	0.000598	9.2
699	-0.646679	181.194916	0.011567	8.3
700	-0.541016	181.059155	0.005384	10.8
701	-1.168315	180.923666	0.009841	9.8
702	-0.165873	180.788446	0.002775	7.1
703	-1.481561	180.653496	0.014193	8.9
704	-0.363602	180.518814	0.007622	8.5
705	-1.166578	180.384399	0.015107	11.2
706	-1.399400	180.250251	0.011852	7.5
707	-1.141705	180.116369	0.007402	9.7
708	-0.008696	179.982752	0.000121	8.5
709	-1.214720	179.849398	0.008168	10.4
710	-0.565455	179.716308	0.003822	9.7
711	-0.841533	179.583480	0.007795	8.8
712	-0.947913	179.450913	0.012136	8.6
713	-1.111788	179.318607	0.009747	8.5
714	-0.929154	179.186561	0.004652	10.6
715	-1.197359	179.054774	0.018674	8.4
716	-1.483648	178.923245	0.015039	9.4
717	-1.425855	178.791973	0.005947	8.8
718	-1.680182	178.660958	0.009384	11.7
719	-1.319144	178.530199	0.010168	9.7
720	-1.368275	178.399694	0.016965	9.2
721	-1.346555	178.269444	0.010160	8.7
722	-1.403649	178.139447	0.007931	12.6
723	-0.511939	178.009702	0.004645	8.2
724	-1.047363	177.880209	0.006407	8.5
725	-1.402686	177.750967	0.008229	7.8
726	-1.495864	177.621975	0.017754	10.0
727	-1.184577	177.493232	0.014732	9.0
728	-1.594735	177.364738	0.018625	8.8
729	-1.051735	177.236492	0.015155	11.3
730	-1.502195	177.108492	0.011715	14.4
731	-1.357603	176.980739	0.019617	12.2
732	-0.924537	176.853231	0.009421	12.9
733	-0.620000	176.725968	0.011293	15.3
734	-0.394982	176.598949	0.008051	9.9
735	-1.408977	176.472173	0.012515	9.8
736	-1.555261	176.345639	0.008855	8.5
737	-0.390517	176.219348	0.003738	9.6
738	-1.054662	176.093296	0.004947	9.3
739	-0.484869	175.967486	0.004995	8.2
740	-1.044368	175.841914	0.007487	9.0
741	-1.466121	175.716581	0.007170	8.1
742	-0.749395	175.591486	0.012110	10.9
743	-1.429422	175.466629	0.016510	10.8
744	-1.391804	175.342008	0.008316	8.5
745	-1.570068	175.217622	0.009382	8.5
746	-0.352451	175.093472	0.005261	12.2
747	-1.046880	174.969556	0.008766	8.9
748	-1.432397	174.845873	0.014198	8.1
749	-0.072336	174.722423	0.000792	8.6
750	-1.574748	174.599206	0.010906	10.8
751	-1.162816	174.476220	0.013036	8.0
752	-1.576281	174.353464	0.014779	10.4
753	-1.608686	174.230939	0.009659	8.9
754	-1.417608	174.108643	0.013489	9.1
755	-1.509083	173.986576	0.007443	7.4
756	-0.219139	173.864737	0.001792	8.1
757	-0.810221	173.743124	0.010421	8.0
758	-1.376430	173.621739	0.012882	9.8
759	-1.644722	173.500579	0.013970	10.2
760	-1.517836	173.379645	0.014940	8.3
761	-0.533387	173.258935	0.007606	9.4
762	-0.851379	173.138449	0.009295	8.6
763	-0.755710	173.018186	0.004377	8.4
764	-1.490734	172.898146	0.015521	10.4
765	-1.347333	172.778327	0.020012	9.0
766	-0.996231	172.658730	0.005430	8.2
767	-0.703093	172.539353	0.012214	8.6
768	-0.927744	172.420196	0.008758	11.7
769	-0.889120	172.301258	0.006909	8.0
770	-1.052328	172.182539	0.008350	8.4
771	-1.366748	172.064037	0.007892	9.6
772	-1.350678	171.945753	0.009310	8.0
773	-1.156032	171.827686	0.004918	11.1
774	-0.639787	171.709834	0.008754	8.8
775	-1.301467	171.592198	0.006460	8.9
776	-1.153976	171.474776	0.015840	8.7
777	-1.167771	171.357568	0.009060	10.3
778	-1.359841	171.240574	0.012163	8.6
779	-0.708444	171.123793	0.008385	9.5
780	-1.452126	171.007223	0.023378	9.1
781	-0.464302	170.890865	0.009499	8.5
782	-1.041218	170.774718	0.008793	8.9
783	-1.066387	170.658782	0.005018	11.5
784	-1.051635	170.543055	0.008840	12.3
785	-1.459926	170.427537	0.014153	16.3
786	-0.755638	170.312227	0.007871	13.3
787	-1.474468	170.197125	0.005848	10.7
788	-1.127512	170.082231	0.014150	10.5
789	-1.249509	169.967543	0.005673	11.0
790	-1.286574	169.853061	0.009905	8.5
791	-1.526853	169.738784	0.010213	7.9
792	-0.410151	169.624713	0.003019	8.8
793	-1.593108	169.510845	0.015460	10.9
794	-1.597594	169.397181	0.010382	7.7
795	-1.059783	169.283720	0.006188	9.4
796	-1.488358	169.170462	0.016602	8.0
797	-0.482382	169.057405	0.005202	9.0
798	-0.767149	168.944549	0.008435	12.1
799	-0.720523	168.831895	0.011651	8.0
800	-1.373735	168.719440	0.010228	8.6
801	-1.540489	168.607185	0.014071	7.7
802	-1.252397	168.495129	0.018363	10.2
803	-0.725274	168.383271	0.007525	7.9
804	-0.794281	168.271611	0.008539	9.5
805	-0.196929	168.160148	0.002558	8.2
806	-1.080874	168.048882	0.006919	8.0
807	-1.224440	167.937812	0.018136	11.7
808	-1.206300	167.826938	0.007930	8.8
809	-0.668830	167.716258	0.012961	8.4
810	-1.049322	167.605773	0.005164	8.0
811	-1.238979	167.495482	0.013019	10.0
812	-0.599417	167.385384	0.011326	8.9
813	-0.786450	167.275479	0.005509	10.3
814	-1.516888	167.165766	0.011844	8.6
815	-0.653232	167.056245	0.008135	9.3
816	-1.335687	166.946915	0.005816	9.2
817	-1.366452	166.837776	0.007017	8.0
818	-1.004719	166.728826	0.009328	8.7
819	-0.802438	166.620067	0.007650	9.9
820	-0.257948	166.511496	0.002839	11.4
821	-0.480783	166.403113	0.003276	8.5
822	-0.016860	166.294919	0.000305	7.9
823	-0.673747	166.186912	0.006217	7.9
824	-1.411599	166.079091	0.013363	10.8
825	-0.637372	165.971458	0.010566	9.0
826	-0.552206	165.864009	0.009590	7.9
827	-0.471894	165.756747	0.015020	8.8
828	-1.045988	165.649669	0.012314	8.7
829	-1.013078	165.542775	0.008238	11.2
830	-1.163672	165.436065	0.020725	9.2
831	-1.081341	165.329538	0.011049	9.9
832	-1.413394	165.223194	0.012114	8.8
833	-1.596176	165.117032	0.013751	10.2
834	-1.258062	165.011052	0.007734	13.2
835	-0.931437	164.905253	0.009147	12.1
836	-0.795726	164.799635	0.006408	23.0
837	-0.926371	164.694197	0.005571	14.1
838	-1.199288	164.588939	0.006457	18.4
839	-0.699038	164.483859	0.010278	15.6
840	-1.155297	164.378959	0.011029	16.2
841	-1.643276	164.274237	0.010024	17.7
842	-0.537793	164.169692	0.005720	12.3
843	-1.369097	164.065325	0.008486	19.7
844	-0.821073	163.961135	0.007693	31.9
845	-1.544741	163.857120	0.013448	19.0
846	-1.525045	163.753282	0.014582	24.1
847	-1.561130	163.649619	0.017083	16.3
848	-0.961982	163.546130	0.006537	21.8
849	-1.366901	163.442816	0.003498	18.2
850	-1.211763	163.339676	0.006697	16.0
851	-0.726069	163.236709	0.011079	16.8
852	-1.237322	163.133915	0.021378	13.8
853	-0.626551	163.031294	0.007843	13.0
854	-1.584690	162.928844	0.014228	20.1
855	-0.296571	162.826566	0.003947	15.4
856	-0.603278	162.724459	0.010006	13.9
857	-1.117476	162.622523	0.008343	14.9
858	-1.433841	162.520757	0.019280	12.2
859	-1.581572	162.419160	0.026978	16.6
860	-1.422050	162.317733	0.007267	15.8
861	-0.966259	162.216474	0.008380	16.8
862	-1.130468	162.115383	0.008406	14.1
863	-0.822380	162.014461	0.007828	17.3
864	-1.611841	161.913705	0.019301	14.1
865	-0.719410	161.813117	0.007616	8.4
866	-1.203826	161.712695	0.010065	8.2
867	-1.307535	161.612439	0.013453	9.9
868	-0.713229	161.512349	0.006941	8.8
869	-0.814351	161.412424	0.010247	12.7
870	-1.398247	161.312663	0.011252	12.1
871	-1.149464	161.213067	0.011397	17.7
872	-1.433019	161.113635	0.013738	11.9
873	-0.113173	161.014366	0.002729	15.5
874	-1.518863	160.915260	0.006632	11.2
875	-1.125989	160.816316	0.008002	10.6
876	-1.343626	160.717535	0.018141	8.9
877	-1.546297	160.618915	0.010552	10.1
878	-0.987972	160.520456	0.019887	9.3
879	-0.736799	160.422158	0.014362	8.1
880	-1.388452	160.324021	0.016900	8.8
881	-0.928296	160.226043	0.007812	8.6
882	-1.262021	160.128225	0.009695	11.1
883	-1.577247	160.030566	0.010597	8.3
884	-0.456363	159.933066	0.005714	9.9
885	-1.302878	159.835723	0.022559	7.9
886	-1.261480	159.738539	0.010614	10.2
887	-0.561390	159.641512	0.010236	9.0
888	-1.120692	159.544642	0.008088	8.2
889	-0.513624	159.447929	0.004399	7.8
890	-1.660024	159.351372	0.012848	7.9
891	-0.290014	159.254971	0.005598	10.9
892	-0.821945	159.158725	0.008724	7.6
893	-1.428575	159.062634	0.016099	9.4
894	-0.639641	158.966697	0.008135	8.3
895	-1.315934	158.870915	0.009842	8.7
896	-1.440327	158.775286	0.013490	12.2
897	-0.549204	158.679811	0.005923	8.6
898	-1.460913	158.584489	0.014427	10.3
899	-0.723080	158.489319	0.008383	8.3
900	-0.717875	158.394302	0.008464	11.6
901	-0.560159	158.299436	0.010608	11.1
902	-1.361212	158.204721	0.009333	8.8
903	-0.838275	158.110158	0.010782	11.8
904	-0.458961	158.015745	0.003200	11.4
905	-0.719382	157.921482	0.007966	10.3
906	-1.229253	157.827369	0.010069	8.1
907	-0.429831	157.733406	0.010026	10.9
908	-1.428644	157.639591	0.019530	8.9
909	-1.135501	157.545925	0.009935	8.0
910	-0.808543	157.452408	0.009834	8.3
911	-1.276284	157.359038	0.012227	8.5
912	-1.046237	157.265816	0.010898	10.8
913	-1.387749	157.172741	0.013854	8.5
914	-1.258899	157.079813	0.015473	8.2
915	-0.861044	156.987031	0.008310	8.0
916	-0.298211	156.894395	0.007535	11.1
917	-1.487069	156.801904	0.016518	7.8
918	-0.893596	156.709559	0.009411	8.4
919	-1.553421	156.617359	0.008651	8.2
920	-1.183492	156.525304	0.006562	8.8
921	-1.367369	156.433392	0.011284	10.9
922	-0.820152	156.341624	0.004120	10.1
923	-1.410701	156.250000	0.011669	13.0
924	-1.549647	156.158519	0.009696	17.3
925	-0.813267	156.067180	0.006729	13.8
926	-1.407940	155.975984	0.008475	13.7
927	-0.853511	155.884930	0.006551	10.9
928	-1.418329	155.794017	0.011969	8.1
929	-0.503347	155.703246	0.004692	10.6
930	-0.766607	155.612615	0.009862	8.9
931	-1.358445	155.522125	0.015320	9.1
932	-1.118570	155.431775	0.014412	12.3
933	-1.305457	155.341565	0.007145	8.4
934	-0.929223	155.251495	0.015030	8.6
935	-1.507213	155.161563	0.016110	9.0
936	-1.193886	155.071771	0.009702	10.8
937	-0.836729	154.982117	0.010284	10.1
938	-1.370192	154.892601	0.011024	8.0
939	-0.660026	154.803222	0.004025	8.4
940	-0.971005	154.713981	0.006827	9.8
941	-0.694812	154.624878	0.006987	9.8
942	-0.082571	154.535910	0.000789	7.2
943	-1.460400	154.447080	0.013811	8.6
944	-0.446213	154.358385	0.003623	8.3
945	-1.403679	154.269826	0.007425	10.9
946	-1.350051	154.181402	0.009062	9.9
947	-1.184018	154.093114	0.006463	8.8
948	-0.526510	154.004960	0.008799	8.9
949	-1.620367	153.916940	0.011071	10.9
950	-1.492492	153.829054	0.010622	9.3
951	-1.414543	153.741303	0.006771	8.7
952	-1.572493	153.653684	0.011778	11.6
953	-0.926720	153.566198	0.007753	11.1
954	-1.381264	153.478846	0.009382	8.0
955	-0.559264	153.391625	0.008111	7.8
956	-1.279950	153.304537	0.007661	8.6
957	-1.394228	153.217580	0.011928	11.0
958	-0.435927	153.130755	0.004932	8.4
959	-1.469090	153.044061	0.010207	10.0
960	-1.469854	152.957498	0.006756	9.9
961	-0.849522	152.871065	0.009181	10.7
962	-0.347548	152.784762	0.005245	16.2
963	-1.348108	152.698589	0.011512	15.4
964	-1.209073	152.612545	0.008658	16.2
965	-1.136317	152.526631	0.009617	13.2
966	-0.858870	152.440845	0.013485	15.7
967	-0.808156	152.355188	0.013467	14.4
968	-1.365865	152.269660	0.008201	13.6
969	-0.758282	152.184259	0.013711	12.0
970	-1.503219	152.098986	0.008513	18.2
971	-0.930214	152.013840	0.016577	12.7
972	-1.003772	151.928821	0.006818	14.3
973	-1.429344	151.843928	0.011803	16.7
974	-0.819585	151.759163	0.008066	13.6
975	-1.295993	151.674523	0.011305	19.3
976	-1.614366	151.590009	0.017103	17.3
977	-1.536839	151.505620	0.010318	15.3
978	-1.070108	151.421357	0.009748	26.1
979	-1.406315	151.337218	0.010732	20.2
980	-0.149808	151.253204	0.001376	16.9
981	-1.520261	151.169314	0.014833	14.4
982	-1.104562	151.085549	0.006202	15.0
983	-1.595885	151.001907	0.013580	17.2
984	-1.029355	150.918388	0.005828	12.4
985	-1.217180	150.834992	0.012002	14.8
986	-1.001711	150.751719	0.007386	11.8
987	-1.229485	150.668569	0.008787	15.8
988	-0.533873	150.585541	0.001692	13.1
989	-1.294218	150.502634	0.009480	19.1
990	-0.371128	150.419849	0.005662	13.1
991	-1.531026	150.337186	0.010444	15.9
992	-1.328457	150.254644	0.014112	34.3
993	-1.234005	150.172222	0.007377	14.9
994	-1.459358	150.089921	0.010735	12.1
995	-1.452845	150.007740	0.004653	16.5
996	-1.558155	149.925679	0.010591	13.8
997	-1.317222	149.843737	0.005074	15.7
998	-0.876191	149.761915	0.004635	15.9
999	-1.489166	149.680212	0.012838	16.1
1000	-1.247532	149.598627	0.002976	16.7
1001	-1.268251	149.517161	0.012799	17.6
1002	-1.295979	149.435814	0.010790	10.6
1003	-1.427628	149.354584	0.010219	14.3
1004	-0.860275	149.273472	0.012774	18.0
1005	-0.481414	149.192477	0.002720	21.9
1006	-1.553786	149.111599	0.022792	32.8
1007	-1.103300	149.030838	0.013406	51.0
1008	-1.571856	148.950194	0.009253	16.0
1009	-1.075145	148.869666	0.010485	15.7
1010	-0.142698	148.789253	0.002759	19.9
1011	-0.710192	148.708957	0.013328	16.1
1012	-0.973013	148.628776	0.005454	16.1
1013	-1.487009	148.548710	0.014035	22.8
1014	-0.673491	148.468759	0.009240	17.1
1015	-0.834723	148.388923	0.005488	15.1
1016	-1.148673	148.309201	0.008630	17.1
1017	-1.456314	148.229594	0.008395	14.1
1018	-0.971344	148.150100	0.012000	16.9
1019	-1.412879	148.070719	0.006726	13.5
1020	-1.350366	147.991452	0.010403	24.2
1021	-1.265811	147.912298	0.006841	16.6
1022	-0.340274	147.833257	0.004911	15.1
1023	-1.196579	147.754329	0.010329	19.4
1024	-1.133755	147.675512	0.007779	16.3
1025	-0.233336	147.596808	0.002969	15.7
1026	-1.351221	147.518216	0.003652	18.8
1027	-0.737479	147.439735	0.008660	26.4
1028	-0.591381	147.361365	0.007215	18.1
1029	-1.000060	147.283106	0.009410	16.9
1030	-0.993410	147.204958	0.007426	16.4
1031	-1.552233	147.126920	0.011307	18.2
1032	-1.574480	147.048993	0.008182	20.4
1033	-0.424676	146.971175	0.005455	20.2
1034	-0.201494	146.893468	0.003461	17.6
1035	-1.434766	146.815869	0.005790	14.6
1036	-0.680140	146.738380	0.009144	16.9
1037	-0.710926	146.661000	0.008494	9.8
1038	-1.410845	146.583729	0.012024	10.3
1039	-1.437831	146.506566	0.008563	9.0
1040	-1.289123	146.429511	0.013114	10.0
1041	-1.409165	146.352565	0.004985	10.2
1042	-0.682008	146.275726	0.008211	9.4
1043	-0.679601	146.198994	0.009274	7.9
1044	-1.055145	146.122370	0.006762	9.2
1045	-1.203620	146.045853	0.008857	9.9
1046	-0.429451	145.969442	0.008248	9.3
1047	-0.941659	145.893139	0.006501	7.7
1048	-0.175926	145.816941	0.002547	9.6
1049	-1.522324	145.740849	0.016403	10.6
1050	-1.063202	145.664863	0.005079	8.8
1051	-0.616598	145.588983	0.008873	8.3
1052	-1.572997	145.513208	0.010027	8.0
1053	-1.333530	145.437538	0.016333	12.2
1054	-0.101732	145.361973	0.001389	7.5
1055	-1.044354	145.286513	0.012675	7.2
1056	-1.367581	145.211157	0.004257	8.2
1057	-0.790705	145.135905	0.009105	8.7
1058	-1.233165	145.060757	0.006830	11.0
1059	-0.522299	144.985712	0.001815	10.5
1060	-1.381751	144.910771	0.018164	12.8
1061	-1.594768	144.835934	0.015394	13.7
1062	-0.641563	144.761199	0.009607	11.5
1063	-0.079467	144.686567	0.001056	19.0
1064	-1.455541	144.612037	0.010451	27.6
1065	-1.235737	144.537610	0.010972	21.3
1066	-0.406816	144.463285	0.004848	21.0
1067	-1.193955	144.389062	0.010205	19.9
1068	-1.042827	144.314940	0.009017	20.4
1069	-1.371594	144.240920	0.012314	17.2
1070	-0.709402	144.167001	0.008341	16.7
1071	-1.287717	144.093182	0.013543	21.3
1072	-0.149128	144.019465	0.002218	16.9
1073	-1.352783	143.945848	0.009621	18.5
1074	-1.558912	143.872331	0.006746	16.3
1075	-1.173761	143.798914	0.008328	8.3
1076	-1.059376	143.725597	0.005973	11.8
1077	-0.489573	143.652380	0.006350	15.8
1078	-1.352088	143.579262	0.015414	15.2
1079	-0.445698	143.506243	0.008793	14.4
1080	-0.921776	143.433323	0.008455	14.5
1081	-0.995725	143.360502	0.005153	11.6
1082	-1.424192	143.287780	0.015553	14.5
1083	-1.300806	143.215155	0.019455	13.5
1084	-1.654701	143.142629	0.013087	14.1
1085	-0.762997	143.070201	0.007554	19.2
1086	-0.601046	142.997870	0.003631	14.8
1087	-1.472160	142.925637	0.023519	13.2
1088	-1.272178	142.853501	0.005767	18.2
1089	-1.587039	142.781462	0.017241	14.1
1090	-1.518773	142.709519	0.009552	15.5
1091	-1.198417	142.637674	0.011243	13.4
1092	-1.385519	142.565924	0.012194	10.6
1093	-0.951694	142.494271	0.007190	15.3
1094	-0.123365	142.422714	0.001544	16.1
1095	-1.573525	142.351252	0.016437	19.8
1096	-1.579000	142.279886	0.013800	18.6
1097	-1.529149	142.208616	0.017292	32.2
1098	-1.465844	142.137440	0.009046	17.8
1099	-1.617033	142.066360	0.011574	14.7
1100	-0.605730	141.995374	0.010337	11.8
1101	-1.269498	141.924483	0.013178	19.3
1102	-1.013730	141.853685	0.008789	16.4
1103	-0.741234	141.782983	0.006042	13.4
1104	-1.226747	141.712373	0.013657	16.7
1105	-1.282866	141.641858	0.010201	17.7
1106	-1.508318	141.571436	0.015088	12.2
1107	-1.105897	141.501108	0.007770	11.1
1108	-0.995427	141.430872	0.009557	10.9
1109	-1.552138	141.360730	0.011975	8.2
1110	-1.163077	141.290680	0.010414	9.4
1111	-0.878659	141.220722	0.008911	10.9
1112	-0.994750	141.150857	0.014254	7.7
1113	-1.316785	141.081084	0.018879	10.3
1114	-0.803032	141.011403	0.009149	8.1
1115	-1.572652	140.941813	0.009782	9.0
1116	-0.905062	140.872315	0.007528	11.4
1117	-0.606309	140.802909	0.007030	8.9
1118	-1.587127	140.733593	0.013125	8.4
1119	-1.328437	140.664369	0.007557	7.3
1120	-0.991918	140.595235	0.004408	10.3
1121	-1.641052	140.526192	0.018797	8.3
1122	-1.456421	140.457239	0.016617	9.3
1123	-1.726252	140.388376	0.009877	8.8
1124	-1.337065	140.319603	0.014091	11.8
1125	-0.155480	140.250920	0.004097	9.2
1126	-0.675586	140.182326	0.003635	9.1
1127	-1.604279	140.113822	0.013253	8.8
1128	-1.274804	140.045407	0.011780	14.6
1129	-0.984734	139.977081	0.009444	13.6
1130	-1.284253	139.908844	0.013550	15.7
1131	-1.483973	139.840696	0.008828	23.0
1132	-1.210918	139.772635	0.006448	14.8
1133	-0.034529	139.704664	0.000900	13.6
1134	-1.277723	139.636780	0.010639	14.5
1135	-0.705719	139.568984	0.007053	16.7
1136	-1.457102	139.501276	0.014132	14.6
1137	-1.443523	139.433655	0.008142	27.7
1138	-0.683591	139.366122	0.008387	14.3
1139	-1.452892	139.298676	0.012286	14.4
1140	-1.300174	139.231317	0.008136	14.3
1141	-1.257391	139.164045	0.011940	14.9
1142	-0.171701	139.096859	0.002925	12.6
1143	-1.572024	139.029760	0.017572	13.9
1144	-1.256281	138.962747	0.007735	15.0
1145	-1.539843	138.895820	0.012682	12.6
1146	-0.393260	138.828978	0.005705	17.2
1147	-0.974149	138.762223	0.009395	13.6
1148	-0.247525	138.695553	0.006142	8.5
1149	-0.191796	138.628969	0.002187	11.5
1150	-1.719451	138.562469	0.019993	12.7
1151	-0.630492	138.496055	0.006393	8.5
1152	-0.881840	138.429725	0.006812	8.1
1153	-0.661427	138.363481	0.005938	8.3
1154	-0.959679	138.297320	0.010399	10.7
1155	-0.819872	138.231244	0.007641	8.8
1156	-1.016384	138.165252	0.007388	9.6
1157	-0.961986	138.099344	0.005139	9.0
1158	-1.712161	138.033520	0.014138	8.2
1159	-0.841758	137.967779	0.009097	11.5
1160	-1.570783	137.902122	0.009376	9.6
1161	-1.026242	137.836548	0.006025	10.6
1162	-1.067508	137.771057	0.002266	10.3
1163	-0.596831	137.705649	0.005735	11.5
1164	-0.469516	137.640324	0.006252	10.6
1165	-1.331736	137.575081	0.010999	11.7
1166	-1.440896	137.509921	0.015504	11.4
1167	-0.596164	137.444842	0.006188	12.1
1168	-0.369796	137.379846	0.007685	10.6
1169	-1.524996	137.314932	0.014700	9.3
1170	-0.707305	137.250100	0.002618	13.3
1171	-0.160413	137.185349	0.004636	10.7
1172	-0.458735	137.120680	0.006784	10.0
1173	-0.210575	137.056092	0.004084	10.5
1174	-1.463215	136.991585	0.012183	12.6
1175	-1.426020	136.927158	0.009443	13.8
1176	-0.216071	136.862813	0.002606	11.1
1177	-0.629224	136.798548	0.007436	15.4
1178	-1.462739	136.734363	0.010805	13.7
1179	-0.344713	136.670259	0.005247	10.8
1180	-0.478834	136.606235	0.005246	8.6
1181	-0.542994	136.542291	0.008879	13.3
1182	-1.462544	136.478426	0.006698	10.7
1183	-0.353595	136.414641	0.004237	10.0
1184	-0.258771	136.350936	0.003647	10.4
1185	-1.069224	136.287310	0.009627	13.3
1186	-0.964257	136.223763	0.005993	8.9
1187	-1.386700	136.160295	0.010445	11.3
1188	-0.904849	136.096905	0.010347	13.4
1189	-0.768573	136.033594	0.002457	15.5
1190	-0.957068	135.970362	0.007846	13.6
1191	-0.759311	135.907208	0.007436	16.2
1192	-1.223700	135.844133	0.009953	18.2
1193	-0.431239	135.781135	0.004386	8.2
1194	-1.464762	135.718215	0.010565	10.3
1195	-0.714206	135.655373	0.005207	6.6
1196	-0.783104	135.592608	0.010461	8.7
1197	-1.131294	135.529921	0.010543	14.4
1198	-0.448037	135.467311	0.008849	7.7
1199	-0.844675	135.404778	0.008408	9.6
1200	-0.663413	135.342322	0.006569	9.5
1201	-1.252571	135.279942	0.019565	11.6
1202	-0.389116	135.217640	0.006987	9.5
1203	-1.445272	135.155413	0.008770	8.5
1204	-1.170583	135.093263	0.018224	12.8
1205	-1.584790	135.031190	0.013033	8.7
1206	-0.809138	134.969192	0.010586	10.8
1207	-1.653822	134.907270	0.018971	9.5
1208	-0.944944	134.845424	0.015404	10.3
1209	-1.084647	134.783653	0.012193	11.4
1210	-0.320203	134.721958	0.004241	10.8
1211	-1.490366	134.660338	0.011918	9.7
1212	-1.543194	134.598793	0.011858	12.9
1213	-1.770697	134.537323	0.012152	10.1
1214	-0.716085	134.475927	0.007106	8.8
1215	-1.269664	134.414607	0.008570	10.5
1216	-1.080785	134.353361	0.013144	10.6
1217	-1.093689	134.292189	0.006009	8.0
1218	-1.120723	134.231092	0.015124	8.0
1219	-0.769383	134.170068	0.005232	8.6
1220	-0.994471	134.109119	0.015483	8.6
1221	-1.038572	134.048243	0.011104	10.4
1222	-1.528261	133.987441	0.013494	9.6
1223	-0.711406	133.926713	0.010150	7.8
1224	-0.095481	133.866057	0.001845	8.0
1225	-1.414642	133.805475	0.012908	8.7
1226	-0.653721	133.744966	0.004265	10.1
1227	-1.357920	133.684530	0.005064	9.3
1228	-0.904472	133.624167	0.008922	9.7
1229	-1.523154	133.563877	0.005300	8.2
1230	-0.348812	133.503658	0.004740	10.8
1231	-1.384865	133.443513	0.013940	9.1
1232	-0.114589	133.383439	0.001390	8.1
1233	-1.221228	133.323437	0.008768	11.3
1234	-1.030541	133.263508	0.008490	14.5
1235	-1.455082	133.203650	0.008684	9.2
1236	-0.060935	133.143864	0.001153	11.6
1237	-0.080933	133.084149	0.000847	10.9
1238	-1.476737	133.024506	0.013409	12.7
1239	-1.757460	132.964934	0.019532	15.8
1240	-1.339932	132.905433	0.005472	23.9
1241	-0.771771	132.846003	0.004321	17.6
1242	-1.177740	132.786643	0.007205	11.8
1243	-1.261491	132.727355	0.011668	11.9
1244	-0.462186	132.668137	0.007281	11.2
1245	-0.644456	132.608989	0.014090	11.3
1246	-1.504451	132.549912	0.018306	9.2
1247	-1.178180	132.490904	0.009214	12.6
1248	-0.912787	132.431967	0.005565	10.1
1249	-1.574490	132.373100	0.011152	8.4
1250	-0.185444	132.314302	0.001766	7.4
1251	-1.540482	132.255574	0.013905	9.4
1252	-1.075798	132.196916	0.011462	10.4
1253	-1.321101	132.138326	0.010004	7.6
1254	-1.363552	132.079806	0.012368	9.8
1255	-1.707674	132.021355	0.012665	8.2
1256	-1.546463	131.962973	0.011415	12.2
1257	-1.106723	131.904660	0.008957	9.9
1258	-1.419952	131.846415	0.009400	9.6
1259	-0.497696	131.788239	0.004533	7.2
1260	-1.225247	131.730131	0.012687	9.1
1261	-0.483656	131.672092	0.005317	10.2
1262	-0.490065	131.614121	0.003288	8.0
1263	-0.291254	131.556217	0.004757	9.9
1264	-0.174227	131.498382	0.001600	9.0
1265	-0.625360	131.440614	0.009357	11.9
1266	-0.737336	131.382914	0.003235	9.7
1267	-0.765507	131.325282	0.015064	10.2
1268	-0.801624	131.267717	0.011654	9.5
1269	-0.777623	131.210219	0.008055	11.7
1270	-1.466688	131.152788	0.012168	8.3
1271	-1.569212	131.095424	0.006288	8.3
1272	-1.514476	131.038127	0.014246	8.8
1273	-1.096537	130.980897	0.010609	11.3
1274	-1.376276	130.923733	0.011402	10.4
1275	-1.091384	130.866636	0.007964	9.7
1276	-0.422024	130.809605	0.004699	9.9
1277	-1.210074	130.752641	0.010416	10.9
1278	-1.127447	130.695742	0.005059	9.2
1279	-1.392409	130.638910	0.006782	8.2
1280	-0.744005	130.582143	0.004656	9.5
1281	-0.935953	130.525442	0.007484	11.1
1282	-0.953767	130.468807	0.011946	8.6
1283	-0.768218	130.412237	0.007596	8.6
1284	-1.020299	130.355733	0.007729	8.8
1285	-1.708541	130.299294	0.008809	10.7
1286	-0.613997	130.242920	0.007837	14.5
1287	-0.404570	130.186611	0.008467	13.2
1288	-1.427181	130.130366	0.020124	15.1
1289	-0.693887	130.074187	0.009328	11.3
1290	-1.578642	130.018072	0.012628	10.1
1291	-0.975125	129.962022	0.006331	13.3
1292	-1.670557	129.906036	0.012673	13.3
1293	-1.012719	129.850114	0.013745	11.2
1294	-1.600181	129.794257	0.014880	13.7
1295	-1.243416	129.738463	0.012743	10.6
1296	-1.552987	129.682734	0.010723	8.2
1297	-0.467382	129.627068	0.002176	7.8
1298	-1.500509	129.571466	0.018186	9.7
1299	-0.805587	129.515927	0.008945	10.9
1300	-1.316848	129.460452	0.007055	9.6
1301	-1.569690	129.405040	0.018966	9.5
1302	-0.877440	129.349692	0.007475	10.0
1303	-1.446312	129.294406	0.013042	12.9
1304	-1.299386	129.239183	0.007219	9.3
1305	-0.771523	129.184024	0.007813	9.4
1306	-1.488608	129.128927	0.005840	10.4
1307	-1.451761	129.073892	0.024074	12.3
1308	-1.431430	129.018921	0.008280	14.9
1309	-1.196396	128.964011	0.009940	13.4
1310	-1.384973	128.909164	0.008863	13.8
1311	-1.066435	128.854379	0.005982	22.7
1312	-1.273362	128.799656	0.010645	21.3
1313	-1.190481	128.744995	0.030374	19.9
1314	-1.516058	128.690396	0.008726	16.2
1315	-0.477841	128.635858	0.009742	16.5
1316	-1.423196	128.581382	0.016378	20.7
1317	-1.588207	128.526968	0.008227	22.7
1318	-0.608424	128.472615	0.012104	9.3
1319	-1.348095	128.418323	0.014311	15.5
1320	-1.308823	128.364092	0.007956	20.6
1321	-1.292773	128.309922	0.010951	18.8
1322	-0.006889	128.255814	0.000196	9.3
1323	-0.492989	128.201766	0.005081	11.4
1324	-1.728248	128.147778	0.028657	9.2
1325	-1.155908	128.093852	0.010358	12.6
1326	-1.386393	128.039985	0.007874	10.0
1327	-0.981905	127.986180	0.011488	9.5
1328	-0.634825	127.932434	0.008786	8.6
1329	-1.100335	127.878749	0.007208	9.8
1330	-0.597652	127.825123	0.004157	8.0
1331	-0.535779	127.771558	0.009522	10.1
1332	-0.756140	127.718052	0.008578	8.0
1333	-0.977130	127.664606	0.006998	9.0
1334	-0.928092	127.611220	0.010309	11.3
1335	-0.904856	127.557893	0.004815	9.3
1336	-0.989950	127.504625	0.006779	9.4
1337	-0.804280	127.451417	0.006411	9.2
1338	-1.564836	127.398268	0.011633	11.7
1339	-1.030193	127.345178	0.006090	9.4
1340	-0.438731	127.292147	0.003368	7.7
1341	-0.797635	127.239175	0.007261	9.8
1342	-0.842853	127.186261	0.008984	11.2
1343	-0.353647	127.133407	0.003249	9.6
1344	-0.847558	127.080610	0.007134	8.2
1345	-0.553003	127.027872	0.008033	10.0
1346	-1.534069	126.975193	0.010324	14.4
1347	-0.937541	126.922572	0.011927	12.0
1348	-1.279007	126.870008	0.008151	16.9
1349	-0.602996	126.817503	0.006017	16.1
1350	-0.657259	126.765056	0.006690	18.0
1351	-0.702181	126.712667	0.011534	21.3
1352	-0.192635	126.660335	0.004106	15.6
1353	-0.830202	126.608061	0.008385	19.2
1354	-0.606354	126.555844	0.008516	22.7
1355	-0.972406	126.503685	0.004136	18.9
1356	-1.307849	126.451583	0.006871	23.9
1357	-1.406149	126.399538	0.006980	17.7
1358	-1.047955	126.347550	0.017021	18.8
1359	-0.458066	126.295619	0.005826	11.0
1360	-1.370583	126.243745	0.016397	10.7
1361	-0.617862	126.191928	0.008917	10.2
1362	-0.994938	126.140168	0.008655	13.8
1363	-0.317868	126.088464	0.004585	8.3
1364	-1.390703	126.036817	0.010698	9.5
1365	-0.940322	125.985226	0.010842	9.5
1366	-1.591574	125.933691	0.011721	10.0
1367	-1.371332	125.882212	0.013508	8.5
1368	-1.574370	125.830790	0.013439	10.2
1369	-0.697280	125.779423	0.006870	8.9
1370	-0.330863	125.728113	0.003013	10.4
1371	-1.249640	125.676858	0.005131	9.2
1372	-1.428319	125.625659	0.012903	9.0
1373	-1.646982	125.574515	0.007021	10.7
1374	-1.099561	125.523427	0.007452	8.9
1375	-1.229344	125.472394	0.010505	8.7
1376	-0.733941	125.421417	0.004125	7.5
1377	-1.516850	125.370495	0.018004	8.9
1378	-1.462005	125.319628	0.011562	12.6
1379	-0.645471	125.268815	0.005236	9.2
1380	-1.463865	125.218058	0.010731	9.2
1381	-0.879134	125.167356	0.008083	8.6
1382	-1.413794	125.116708	0.011879	10.7
1383	-1.420176	125.066115	0.006664	10.1
1384	-1.581874	125.015576	0.011406	8.0
1385	-1.327011	124.965092	0.010326	8.3
1386	-0.648588	124.914662	0.009293	10.4
1387	-0.747642	124.864287	0.008757	9.6
1388	-1.202767	124.813965	0.010811	8.7
1389	-0.970952	124.763698	0.018424	9.3
1390	-1.235942	124.713485	0.009453	9.5
1391	-1.329176	124.663325	0.011305	9.4
1392	-1.088611	124.613219	0.018182	9.9
1393	-0.693938	124.563167	0.006562	8.5
1394	-1.613470	124.513168	0.009972	8.2
1395	-1.267765	124.463223	0.011027	12.9
1396	-1.591224	124.413332	0.012978	8.0
1397	-0.796137	124.363493	0.014406	8.9
1398	-0.556378	124.313708	0.006461	9.2
1399	-0.832489	124.263976	0.006801	12.4
1400	-1.117383	124.214297	0.015245	7.4
1401	-1.592969	124.164671	0.014752	9.4
1402	-0.577085	124.115097	0.004224	9.9
1403	-1.414091	124.065577	0.012521	11.2
1404	-0.947736	124.016109	0.009200	9.1
1405	-0.689353	123.966693	0.008633	8.4
1406	-1.082683	123.917330	0.008124	7.9
1407	-1.182774	123.868020	0.008631	10.6
1408	-1.657242	123.818762	0.020334	10.2
1409	-0.685699	123.769556	0.010120	8.8
1410	-1.427723	123.720402	0.010271	6.8
1411	-1.493176	123.671300	0.007230	14.4
1412	-1.433392	123.622250	0.008642	12.6
1413	-1.179834	123.573252	0.022162	9.5
1414	-0.067525	123.524305	0.000847	13.0
1415	-1.565048	123.475411	0.015944	16.6
1416	-0.846378	123.426568	0.004840	14.2
1417	-0.289004	123.377776	0.004332	12.4
1418	-1.498159	123.329036	0.010156	9.9
1419	-1.488935	123.280347	0.016202	11.0
1420	-1.200555	123.231709	0.006693	10.5
1421	-1.462794	123.183122	0.008023	13.6
1422	-0.948783	123.134587	0.014496	9.2
1423	-1.252542	123.086102	0.009351	13.3
1424	-1.077607	123.037669	0.012371	11.2
1425	-1.388261	122.989286	0.010881	11.2
1426	-0.907547	122.940954	0.003336	10.6
1427	-1.154476	122.892672	0.008132	9.3
1428	-0.616034	122.844441	0.010286	9.6
1429	-0.234549	122.796261	0.002040	12.4
1430	-1.366505	122.748130	0.005186	8.9
1431	-1.430529	122.700050	0.011761	16.5
1432	-1.198519	122.652021	0.007434	14.1
1433	-0.668791	122.604041	0.010214	13.9
1434	-1.255279	122.556111	0.011876	10.0
1435	-1.248763	122.508232	0.013988	8.8
1436	-1.366401	122.460402	0.008184	10.6
1437	-1.448779	122.412622	0.007279	9.0
1438	-1.223479	122.364891	0.016562	10.1
1439	-1.036155	122.317210	0.007926	8.0
1440	-0.728199	122.269579	0.010075	8.8
1441	-1.360816	122.221997	0.015385	10.4
1442	-0.759109	122.174465	0.004719	8.0
1443	-1.607453	122.126981	0.012588	8.9
1444	-1.140966	122.079547	0.006982	7.9
1445	-1.519837	122.032162	0.014166	12.1
1446	-0.816006	121.984826	0.010456	8.3
1447	-0.732311	121.937539	0.009090	8.6
1448	-0.785400	121.890301	0.010352	8.6
1449	-0.915988	121.843112	0.010644	10.3
1450	-0.586112	121.795971	0.003763	6.3
1451	-0.869301	121.748879	0.021059	9.6
1452	-0.422376	121.701835	0.003043	8.7
1453	-0.369597	121.654840	0.004458	8.4
1454	-1.293431	121.607893	0.014401	10.8
1455	-0.334414	121.560994	0.008056	8.2
1456	-1.420552	121.514144	0.011628	8.1
1457	-0.747897	121.467342	0.007133	7.4
1458	-1.039361	121.420588	0.010528	8.4
1459	-1.626964	121.373882	0.015306	10.5
1460	-1.004728	121.327223	0.007818	10.4
1461	-1.434422	121.280613	0.013388	12.6
1462	-1.023749	121.234050	0.008900	12.4
1463	-0.761869	121.187535	0.004583	20.2
1464	-1.341803	121.141067	0.009660	13.8
1465	-1.358941	121.094647	0.009510	14.5
1466	-1.524964	121.048274	0.011634	10.8
1467	-1.583800	121.001949	0.012409	9.3
1468	-1.453890	120.955671	0.012202	8.5
1469	-1.488538	120.909440	0.009468	9.2
1470	-0.587517	120.863256	0.007175	8.9
1471	-1.535817	120.817119	0.012677	9.8
1472	-1.155125	120.771029	0.010262	8.9
1473	-1.557841	120.724986	0.006549	11.0
1474	-1.144712	120.678990	0.022219	10.7
1475	-1.125002	120.633040	0.011315	7.5
1476	-1.433609	120.587137	0.017758	9.6
1477	-0.998694	120.541281	0.010521	8.5
1478	-1.456886	120.495471	0.011922	11.5
1479	-1.198951	120.449707	0.009740	9.1
1480	-0.847967	120.403990	0.007346	8.9
1481	-0.932794	120.358319	0.007859	9.6
1482	-1.263254	120.312694	0.007314	10.2
1483	-0.999881	120.267115	0.010145	7.5
1484	-0.341051	120.221582	0.006817	8.8
1485	-1.497181	120.176096	0.015620	9.1
1486	-0.694203	120.130655	0.004644	13.5
1487	-1.547620	120.085260	0.008221	9.0
1488	-1.421688	120.039910	0.007648	9.4
1489	-1.183809	119.994606	0.008225	10.7
1490	-1.330016	119.949348	0.010204	9.6
1491	-0.508792	119.904135	0.007955	9.4
1492	-0.977295	119.858968	0.012790	7.5
1493	-1.229826	119.813846	0.016987	11.7
1494	-0.744161	119.768769	0.005183	8.9
1495	-0.239844	119.723738	0.004723	11.8
1496	-1.208515	119.678752	0.012914	9.7
1497	-0.799904	119.633810	0.005343	11.5
1498	-0.337142	119.588914	0.008036	10.8
1499	-1.390494	119.544062	0.014597	9.6
1500	-0.350996	119.499256	0.003229	9.3
1501	-1.493907	119.454494	0.012350	11.1
1502	-1.532774	119.409777	0.011702	8.4
1503	-1.064986	119.365104	0.007811	9.2
1504	-0.600364	119.320476	0.008269	9.0
1505	-0.986476	119.275893	0.010295	8.5
1506	-1.074862	119.231353	0.010673	12.3
1507	-0.989210	119.186859	0.002205	6.6
1508	-0.853690	119.142408	0.004491	9.2
1509	-1.509570	119.098002	0.008359	8.5
1510	-1.447557	119.053639	0.011014	11.1
1511	-0.749344	119.009321	0.002807	11.3
1512	-1.315559	118.965047	0.009560	11.0
1513	-1.146749	118.920816	0.005657	11.9
1514	-1.191640	118.876630	0.008095	15.4
1515	-0.480896	118.832487	0.006019	15.1
1516	-0.423155	118.788388	0.003367	13.0
1517	-0.932239	118.744332	0.008372	13.2
1518	-0.325446	118.700320	0.008394	11.5
1519	-0.670523	118.656352	0.008288	9.7
1520	-1.046368	118.612427	0.009723	11.9
1521	-0.673004	118.568545	0.005895	11.0
1522	-1.485715	118.524706	0.016678	8.8
1523	-0.617746	118.480911	0.009876	8.4
1524	-0.511521	118.437159	0.004485	9.5
1525	-1.367267	118.393450	0.010736	8.0
1526	-1.125668	118.349784	0.008339	9.7
1527	-0.472985	118.306160	0.006770	11.1
1528	-0.636410	118.262580	0.008003	13.6
1529	-1.064060	118.219042	0.010663	11.6
1530	-0.243586	118.175548	0.003023	8.7
1531	-1.477358	118.132095	0.011521	9.4
1532	-1.304365	118.088686	0.009009	12.2
1533	-0.536202	118.045319	0.003720	7.6
1534	-0.609006	118.001994	0.010066	9.9
1535	-0.944700	117.958712	0.009335	7.7
1536	-1.469883	117.915472	0.014429	8.8
1537	-1.409277	117.872274	0.008719	12.8
1538	-1.392624	117.829118	0.007621	8.7
1539	-0.297359	117.786005	0.003422	9.2
1540	-1.504555	117.742933	0.007492	8.8
1541	-1.047054	117.699904	0.004333	10.7
1542	-0.715471	117.656916	0.008460	9.5
1543	-1.213150	117.613971	0.008511	8.1
1544	-0.748461	117.571067	0.007506	9.3
1545	-0.650388	117.528205	0.009781	11.6
1546	-0.639745	117.485384	0.009501	11.6
1547	-0.944826	117.442605	0.007308	11.0
1548	-0.966311	117.399867	0.006475	12.1
1549	-0.112321	117.357171	0.001108	8.8
1550	-1.395450	117.314517	0.011228	11.2
1551	-1.460107	117.271903	0.013267	10.8
1552	-1.438556	117.229331	0.011356	13.7
1553	-0.212167	117.186800	0.002050	13.5
1554	-0.367586	117.144311	0.004026	15.9
1555	-1.085556	117.101862	0.014017	22.3
1556	-0.772171	117.059454	0.008569	13.4
1557	-0.552490	117.017087	0.012241	14.1
1558	-0.759976	116.974762	0.005659	46.8
1559	-1.370234	116.932476	0.008745	20.3
1560	-1.591893	116.890232	0.021920	31.9
1561	-1.543213	116.848028	0.009287	18.9
1562	-0.408309	116.805865	0.006285	14.8
1563	-1.480414	116.763743	0.009049	24.1
1564	-1.530390	116.721661	0.015903	9.9
1565	-1.051580	116.679619	0.014179	14.0
1566	-0.885085	116.637618	0.010534	10.6
1567	-1.362174	116.595657	0.015043	10.6
1568	-1.355480	116.553736	0.017907	9.7
1569	-0.827251	116.511855	0.009079	10.3
1570	-1.551949	116.470015	0.013282	9.6
1571	-1.188404	116.428214	0.012693	14.6
1572	-1.264774	116.386454	0.007800	15.4
1573	-0.298908	116.344733	0.002564	20.4
1574	-0.862566	116.303052	0.009491	25.1
1575	-1.641423	116.261412	0.015291	21.7
1576	-1.393931	116.219810	0.012121	64.5
1577	-1.360070	116.178249	0.014768	32.1
1578	-1.591991	116.136727	0.007045	47.4
1579	-1.346605	116.095245	0.009745	18.6
1580	-1.213500	116.053802	0.012698	25.5
1581	-1.376032	116.012398	0.015040	20.1
1582	-1.417282	115.971034	0.007609	13.8
1583	-0.461205	115.929710	0.005521	18.0
1584	-1.056104	115.888424	0.015773	13.7
1585	-0.491494	115.847178	0.005617	14.6
1586	-0.879392	115.805970	0.006899	15.3
1587	-1.318466	115.764802	0.006570	14.3
1588	-0.809524	115.723673	0.006926	12.8
1589	-0.623059	115.682583	0.007708	14.2
1590	-1.043464	115.641532	0.006159	14.9
1591	-1.440745	115.600519	0.010009	18.0
1592	-1.235300	115.559546	0.004818	23.6
1593	-1.390696	115.518610	0.012520	22.5
1594	-0.678238	115.477714	0.009148	19.3
1595	-0.935280	115.436856	0.006337	18.4
1596	-0.349408	115.396037	0.005918	34.8
1597	-1.328590	115.355256	0.005386	23.6
1598	-1.471418	115.314514	0.007678	9.4
1599	-0.557692	115.273810	0.004515	15.6
1600	-1.239286	115.233144	0.006203	10.4
1601	-0.658439	115.192517	0.006401	12.6
1602	-1.390128	115.151927	0.009413	16.3
1603	-0.681583	115.111376	0.006125	13.1
1604	-0.527044	115.070863	0.008401	12.6
1605	-0.781691	115.030388	0.008056	14.8
1606	-0.775239	114.989951	0.009975	13.1
1607	-0.992577	114.949551	0.010619	13.9
1608	-1.451336	114.909190	0.007397	16.9
1609	-1.187424	114.868866	0.005530	15.5
1610	-1.457856	114.828580	0.005692	16.4
1611	-0.656651	114.788332	0.005929	15.4
1612	-1.186346	114.748121	0.005896	13.1
1613	-0.651224	114.707948	0.006448	14.9
1614	-0.083909	114.667812	0.001660	11.4
1615	-1.514395	114.627714	0.016125	9.8
1616	-0.772664	114.587653	0.008775	11.3
1617	-1.126208	114.547629	0.004152	12.8
1618	-1.439794	114.507643	0.010986	10.4
1619	-0.756426	114.467693	0.011646	11.0
1620	-1.674455	114.427781	0.016857	11.3
1621	-0.366661	114.387907	0.008274	11.1
1622	-0.243251	114.348069	0.003644	11.4
1623	-1.471463	114.308268	0.011627	11.6
1624	-1.497872	114.268504	0.006259	9.0
1625	-0.754349	114.228777	0.006550	11.6
1626	-0.210742	114.189086	0.003014	9.6
1627	-1.628676	114.149433	0.013718	9.7
1628	-0.781483	114.109816	0.006073	8.4
1629	-1.338081	114.070235	0.009864	13.0
1630	-0.254325	114.030692	0.004096	10.3
1631	-1.449866	113.991185	0.008669	11.2
1632	-1.532402	113.951714	0.012000	11.1
1633	-1.483230	113.912280	0.005758	10.6
1634	-0.839327	113.872882	0.006289	11.6
1635	-1.448490	113.833521	0.021581	10.6
1636	-0.563009	113.794195	0.006722	9.5
1637	-1.469413	113.754906	0.007754	13.3
1638	-0.507276	113.715653	0.008442	11.0
1639	-1.608155	113.676437	0.010876	9.4
1640	-0.930776	113.637256	0.003743	11.8
1641	-0.987264	113.598111	0.005430	12.3
1642	-0.071494	113.559002	0.001791	9.5
1643	-1.395199	113.519929	0.008231	9.6
1644	-0.880095	113.480892	0.009294	8.8
1645	-0.611966	113.441891	0.002548	12.0
1646	-1.382378	113.402925	0.012800	11.7
1647	-0.961601	113.363995	0.012311	8.3
1648	-1.046648	113.325101	0.013119	9.9
1649	-0.535689	113.286242	0.011045	12.6
1650	-0.084947	113.247419	0.001877	13.8
1651	-1.537353	113.208631	0.011245	14.9
1652	-1.250809	113.169879	0.012756	14.8
1653	-1.530813	113.131162	0.008608	14.5
1654	-1.599821	113.092480	0.013221	13.2
1655	-1.222014	113.053833	0.016558	16.1
1656	-1.332511	113.015222	0.017385	14.3
1657	-1.466971	112.976646	0.011627	8.9
1658	-1.489483	112.938105	0.011610	8.4
1659	-0.738124	112.899599	0.010819	10.5
1660	-1.611437	112.861128	0.012244	8.5
1661	-1.342551	112.822692	0.021359	9.6
1662	-1.011145	112.784291	0.010980	8.7
1663	-0.000000	112.745924	0.000000	9.3
1664	-1.371727	112.707593	0.015857	15.9
1665	-0.972272	112.669296	0.011374	13.5
1666	-1.034902	112.631034	0.007726	13.5
1667	-1.297794	112.592806	0.008640	10.6
1668	-0.983222	112.554613	0.005670	11.9
1669	-1.531939	112.516455	0.013362	13.6
1670	-0.864808	112.478331	0.006063	9.1
1671	-1.340321	112.440241	0.013278	11.1
1672	-1.219660	112.402186	0.009385	11.6
1673	-1.165038	112.364165	0.006730	13.8
1674	-0.797660	112.326179	0.005081	8.8
1675	-0.882952	112.288227	0.007674	11.6
1676	-0.886183	112.250309	0.007807	9.2
1677	-1.632456	112.212425	0.011229	12.0
1678	-0.664998	112.174575	0.007908	10.8
1679	-1.177351	112.136759	0.007225	9.1
1680	-1.366647	112.098977	0.009062	9.9
1681	-0.955782	112.061229	0.009186	12.8
1682	-1.644880	112.023515	0.009708	9.3
1683	-0.160853	111.985834	0.002012	11.9
1684	-0.520714	111.948188	0.004491	9.6
1685	-0.758835	111.910575	0.007908	11.9
1686	-0.150052	111.872996	0.001224	14.0
1687	-0.401712	111.835450	0.003891	13.3
1688	-0.539289	111.797939	0.010558	13.9
1689	-0.630483	111.760460	0.010839	14.4
1690	-1.578965	111.723015	0.009534	12.6
1691	-1.248824	111.685604	0.005099	14.9
1692	-0.652531	111.648226	0.005433	16.5
1693	-1.508642	111.610881	0.015064	20.9
1694	-0.844023	111.573570	0.003204	21.5
1695	-0.302875	111.536292	0.005426	16.6
1696	-0.000004	111.499047	0.000002	14.4
1697	-1.400828	111.461835	0.005549	11.9
1698	-0.386068	111.424656	0.001027	7.8
1699	-0.294616	111.387510	0.002752	11.2
1700	-0.537278	111.350398	0.004555	10.5
1701	-1.018345	111.313318	0.007242	8.3
1702	-0.791878	111.276271	0.007663	19.1
1703	-0.479061	111.239257	0.005888	14.9
1704	-1.691683	111.202276	0.018344	13.6
1705	-0.940154	111.165328	0.011304	14.5
1706	-1.433200	111.128412	0.017074	16.8
1707	-1.416068	111.091529	0.010194	12.1
1708	-0.934987	111.054679	0.005898	14.4
1709	-1.490660	111.017861	0.010791	11.7
1710	-1.269999	110.981076	0.010234	12.7
1711	-1.544586	110.944323	0.010989	11.0
1712	-1.268138	110.907603	0.015812	11.9
1713	-1.587740	110.870915	0.014985	11.6
1714	-1.393337	110.834259	0.007638	10.0
1715	-1.288391	110.797636	0.007612	14.5
1716	-1.036889	110.761045	0.008669	13.5
1717	-1.411631	110.724486	0.012135	11.2
1718	-1.227997	110.687959	0.008344	12.0
1719	-0.867665	110.651465	0.015858	13.5
1720	-1.460016	110.615002	0.013210	9.5
1721	-0.871634	110.578572	0.008643	12.8
1722	-0.553403	110.542173	0.005022	12.9
1723	-1.156406	110.505807	0.012460	8.6
1724	-0.790832	110.469472	0.007098	11.2
1725	-1.038837	110.433169	0.007029	9.1
1726	-1.432051	110.396898	0.014223	11.9
1727	-0.530213	110.360659	0.006411	10.9
1728	-1.453687	110.324451	0.012898	10.5
1729	-1.337769	110.288276	0.010359	9.4
1730	-1.006180	110.252131	0.008162	11.7
1731	-0.752444	110.216019	0.007552	11.8
1732	-1.534300	110.179937	0.013857	10.3
1733	-0.772848	110.143888	0.007496	10.4
1734	-1.442006	110.107869	0.010777	16.9
1735	-0.362398	110.071882	0.005370	11.9
1736	-0.760426	110.035927	0.006123	14.5
1737	-0.737181	110.000003	0.007461	19.0
1738	-0.692500	109.964110	0.009804	14.0
1739	-0.676445	109.928248	0.009050	9.0
1740	-0.826529	109.892417	0.010352	11.2
1741	-1.437716	109.856618	0.009755	13.1
1742	-1.191428	109.820850	0.006907	10.8
1743	-0.170144	109.785112	0.002371	10.6
1744	-0.260919	109.749406	0.005241	13.3
1745	-0.920445	109.713730	0.011753	8.5
1746	-1.489625	109.678086	0.014452	11.5
1747	-1.593577	109.642472	0.014618	9.5
1748	-0.105881	109.606890	0.001526	12.6
1749	-1.226616	109.571337	0.005598	10.4
1750	-0.749707	109.535816	0.008262	9.6
1751	-0.907658	109.500326	0.003409	8.1
1752	-1.250836	109.464866	0.010784	15.7
1753	-1.331299	109.429436	0.008123	15.4
1754	-1.608701	109.394038	0.022470	8.6
1755	-1.306968	109.358669	0.008301	11.0
1756	-0.424951	109.323331	0.005943	15.2
1757	-1.554958	109.288024	0.008946	13.1
1758	-0.508874	109.252747	0.005805	15.3
1759	-1.502235	109.217501	0.006574	11.5
1760	-1.129230	109.182284	0.008001	13.3
1761	-1.068357	109.147098	0.006827	14.8
1762	-1.408959	109.111942	0.011181	13.2
1763	-1.462709	109.076817	0.011566	10.3
1764	-1.541240	109.041721	0.010854	12.3
1765	-0.111981	109.006656	0.001994	16.3
1766	-1.631736	108.971620	0.006373	17.1
1767	-1.529466	108.936615	0.016809	15.3
1768	-0.911820	108.901640	0.010121	14.3
1769	-0.665486	108.866694	0.003990	9.9
1770	-1.739781	108.831779	0.011788	11.1
1771	-1.406685	108.796893	0.011201	10.0
1772	-0.134399	108.762037	0.000663	7.4
1773	-0.704819	108.727211	0.006753	10.2
1774	-0.704742	108.692415	0.008635	14.0
1775	-0.010381	108.657648	0.000265	34.2
1776	-1.269559	108.622911	0.018040	22.2
1777	-0.327419	108.588203	0.003468	13.0
1778	-1.331202	108.553525	0.012902	17.6
1779	-1.471042	108.518877	0.014814	11.5
1780	-1.397179	108.484258	0.006454	13.8
1781	-1.125235	108.449668	0.008264	13.1
1782	-0.696944	108.415108	0.007766	10.0
1783	-1.470754	108.380578	0.008467	10.6
1784	-1.151583	108.346076	0.017559	9.4
1785	-1.186985	108.311604	0.013043	12.1
1786	-0.435211	108.277161	0.003734	13.3
1787	-1.497874	108.242747	0.008497	13.1
1788	-1.008580	108.208363	0.011140	15.0
1789	-0.757884	108.174007	0.011178	14.1
1790	-1.442987	108.139681	0.008546	10.0
1791	-0.921009	108.105383	0.012185	11.5
1792	-0.665893	108.071115	0.011341	12.2
1793	-0.162539	108.036875	0.001576	15.4
1794	-0.893076	108.002665	0.010952	18.7
1795	-0.845070	107.968483	0.005144	8.8
1796	-1.028147	107.934330	0.007536	10.2
1797	-0.911527	107.900206	0.011536	10.0
1798	-1.316815	107.866111	0.009885	10.3
1799	-1.368542	107.832044	0.008851	12.2
1800	-0.726307	107.798007	0.011058	10.4
1801	-0.481660	107.763997	0.005585	8.6
1802	-1.045721	107.730017	0.008669	13.0
1803	-0.706877	107.696065	0.004453	9.3
1804	-1.400422	107.662141	0.021698	9.8
1805	-0.731493	107.628246	0.004830	10.0
1806	-0.803245	107.594379	0.012036	10.9
1807	-1.166616	107.560541	0.010532	9.5
1808	-0.154562	107.526731	0.001808	8.7
1809	-1.158020	107.492949	0.009268	9.0
1810	-0.714707	107.459196	0.006042	9.4
1811	-1.316503	107.425471	0.009097	10.8
1812	-0.919949	107.391774	0.007922	9.9
1813	-0.854625	107.358106	0.005467	8.9
1814	-1.249928	107.324465	0.011369	8.5
1815	-0.975033	107.290853	0.012756	11.8
1816	-1.193120	107.257268	0.015826	8.5
1817	-1.558554	107.223712	0.008552	7.7
1818	-1.467662	107.190184	0.009623	7.3
1819	-0.837796	107.156683	0.011287	10.5
1820	-1.544689	107.123211	0.010695	8.4
1821	-1.432084	107.089766	0.010331	9.5
1822	-1.520595	107.056349	0.017505	8.5
1823	-1.539914	107.022960	0.012612	9.0
1824	-1.728254	106.989599	0.017647	9.1
1825	-0.593423	106.956265	0.003141	7.8
1826	-0.733105	106.922960	0.006285	7.9
1827	-1.390962	106.889681	0.009766	9.0
1828	-1.333888	106.856431	0.010722	12.2
1829	-1.681004	106.823208	0.015720	10.3
1830	-1.247548	106.790012	0.009925	10.0
1831	-1.412874	106.756844	0.007174	8.8
1832	-0.151969	106.723703	0.001441	10.5
1833	-1.307587	106.690590	0.007728	8.0
1834	-1.517628	106.657505	0.012426	9.9
1835	-1.326002	106.624446	0.008265	8.4
1836	-1.409931	106.591415	0.008361	8.2
1837	-1.269258	106.558411	0.008440	11.5
1838	-1.140049	106.525435	0.006246	8.2
1839	-0.782577	106.492485	0.006658	8.8
1840	-1.109521	106.459563	0.012388	7.9
1841	-1.402839	106.426668	0.008800	10.5
1842	-1.285170	106.393800	0.006701	7.5
1843	-0.429521	106.360959	0.006119	8.6
1844	-1.326239	106.328145	0.013189	9.0
1845	-0.194822	106.295358	0.003686	8.2
1846	-0.675202	106.262598	0.011572	10.7
1847	-1.633690	106.229865	0.019467	7.8
1848	-0.827584	106.197158	0.010018	8.7
1849	-0.872516	106.164479	0.012867	9.8
1850	-0.948396	106.131826	0.007545	11.0
1851	-1.452928	106.099201	0.020955	9.1
1852	-0.719693	106.066602	0.006616	8.7
1853	-0.821710	106.034029	0.010981	8.5
1854	-1.150724	106.001483	0.009854	9.6
1855	-1.158260	105.968964	0.008647	10.4
1856	-1.587904	105.936472	0.018084	8.8
1857	-1.690627	105.904006	0.009842	7.9
1858	-0.647606	105.871566	0.006754	10.9
1859	-1.205419	105.839153	0.015308	11.5
1860	-1.423835	105.806767	0.008071	12.2
1861	-1.300036	105.774407	0.008442	8.7
1862	-0.581818	105.742073	0.008829	13.6
1863	-0.599930	105.709766	0.004327	11.4
1864	-1.452948	105.677485	0.018244	9.4
1865	-1.199572	105.645230	0.006542	15.2
1866	-0.361598	105.613001	0.003948	14.9
1867	-0.144689	105.580799	0.002032	14.2
1868	-1.279721	105.548623	0.008697	14.0
1869	-1.718348	105.516473	0.011526	11.6
1870	-0.638629	105.484349	0.011139	8.3
1871	-0.852488	105.452251	0.007542	9.4
1872	-0.773377	105.420179	0.006951	9.9
1873	-1.372156	105.388133	0.008450	9.7
1874	-0.758330	105.356113	0.007456	7.9
1875	-1.458573	105.324119	0.006858	8.1
1876	-0.605954	105.292151	0.007523	7.6
1877	-1.374773	105.260209	0.009151	9.9
1878	-0.926447	105.228293	0.007040	9.3
1879	-0.659161	105.196402	0.009133	8.8
1880	-1.322774	105.164537	0.009107	8.6
1881	-1.026450	105.132698	0.008974	9.1
1882	-1.621195	105.100885	0.007960	10.5
1883	-0.730023	105.069097	0.006206	8.3
1884	-0.573247	105.037335	0.006513	9.9
1885	-0.639343	105.005598	0.006554	9.1
1886	-1.037808	104.973887	0.004292	13.7
1887	-0.570372	104.942202	0.007989	11.1
1888	-1.506610	104.910542	0.017952	10.4
1889	-1.440836	104.878907	0.008787	14.7
1890	-0.602141	104.847298	0.008869	9.4
1891	-1.553986	104.815715	0.006769	10.1
1892	-0.087727	104.784156	0.001055	9.7
1893	-0.844899	104.752623	0.008409	12.5
1894	-0.812608	104.721116	0.005191	11.7
1895	-0.830952	104.689633	0.008512	11.4
1896	-0.798456	104.658176	0.007715	9.6
1897	-0.251911	104.626744	0.006238	12.1
1898	-0.895389	104.595337	0.009218	17.9
1899	-0.738775	104.563955	0.005571	15.9
1900	-1.436762	104.532599	0.007858	18.1
1901	-0.814581	104.501267	0.004229	10.5
1902	-1.438174	104.469960	0.008828	9.5
1903	-1.167642	104.438679	0.005447	15.1
1904	-0.891602	104.407422	0.006458	13.9
1905	-0.702951	104.376191	0.006700	10.9
1906	-0.702077	104.344984	0.003593	10.3
1907	-1.486521	104.313802	0.010985	14.2
1908	-1.664221	104.282645	0.011168	20.2
1909	-1.622716	104.251513	0.007515	13.8
1910	-0.846334	104.220405	0.008434	13.6
1911	-0.872420	104.189323	0.006951	10.8
1912	-0.129323	104.158265	0.000720	7.9
1913	-1.505572	104.127231	0.012597	12.3
1914	-0.721917	104.096222	0.008921	8.0
1915	-1.444543	104.065238	0.011260	9.1
1916	-1.252299	104.034279	0.011105	8.4
1917	-1.551735	104.003344	0.009653	9.6
1918	-0.748490	103.972433	0.008384	10.8
1919	-1.093864	103.941547	0.007545	8.7
1920	-0.722888	103.910686	0.008188	9.0
1921	-1.061989	103.879849	0.007273	9.6
1922	-1.120775	103.849036	0.007759	11.7
1923	-0.086849	103.818248	0.000825	9.9
1924	-0.747816	103.787484	0.006246	8.9
1925	-0.537895	103.756744	0.002728	17.5
1926	-1.542550	103.726029	0.007934	16.1
1927	-0.936384	103.695338	0.009225	10.8
1928	-0.605080	103.664671	0.005981	12.4
1929	-1.548610	103.634028	0.011714	9.3
1930	-0.313503	103.603409	0.003363	12.2
1931	-0.278785	103.572814	0.003021	11.4
1932	-0.952447	103.542244	0.008526	11.5
1933	-1.413550	103.511698	0.009525	10.3
1934	-1.395857	103.481175	0.010750	11.2
1935	-0.962459	103.450677	0.006101	8.4
1936	-0.604394	103.420202	0.003540	13.9
1937	-1.496186	103.389752	0.008460	15.4
1938	-1.278125	103.359325	0.006596	11.2
1939	-0.638165	103.328922	0.004260	16.8
1940	-0.564812	103.298543	0.012011	9.9
1941	-1.679295	103.268188	0.010664	9.8
1942	-0.460472	103.237857	0.006181	10.3
1943	-1.192754	103.207549	0.008658	14.0
1944	-0.297501	103.177265	0.004330	9.0
1945	-0.906105	103.147005	0.005550	10.0
1946	-1.313443	103.116768	0.004765	9.8
1947	-1.635732	103.086556	0.008368	15.5
1948	-1.080628	103.056366	0.007228	9.7
1949	-0.873867	103.026200	0.006204	9.8
1950	-1.371092	102.996058	0.015754	12.4
1951	-1.186743	102.965939	0.007898	11.2
1952	-0.980879	102.935844	0.008393	14.4
1953	-0.694069	102.905772	0.004192	12.4
1954	-1.167869	102.875724	0.006721	15.9
1955	-1.160647	102.845699	0.009939	13.7
1956	-1.409379	102.815697	0.011981	16.8
1957	-1.132204	102.785719	0.006261	18.2
1958	-1.005034	102.755764	0.006612	18.4
1959	-0.571933	102.725832	0.009872	18.0
1960	-0.948911	102.695924	0.007688	12.0
1961	-1.624731	102.666038	0.007231	10.4
1962	-0.435088	102.636176	0.007219	10.7
1963	-1.145598	102.606337	0.008977	11.7
1964	-1.693881	102.576521	0.016186	10.3
1965	-0.651957	102.546728	0.009137	11.7
1966	-0.569792	102.516959	0.011205	9.3
1967	-1.400596	102.487212	0.012773	12.0
1968	-1.607141	102.457488	0.022339	10.1
1969	-1.527582	102.427788	0.016569	13.9
1970	-0.689076	102.398110	0.007101	13.3
1971	-1.590454	102.368455	0.009716	14.4
1972	-1.328948	102.338823	0.009142	14.0
1973	-1.531432	102.309214	0.005950	17.5
1974	-1.737113	102.279628	0.016754	17.5
1975	-0.664474	102.250064	0.003137	12.4
1976	-1.332289	102.220524	0.008797	13.8
1977	-1.598339	102.191006	0.015941	10.7
1978	-0.583084	102.161511	0.006592	8.7
1979	-1.121106	102.132038	0.006637	10.2
1980	-1.405615	102.102588	0.012115	12.7
1981	-0.685374	102.073161	0.002139	9.6
1982	-0.695668	102.043757	0.007752	10.6
1983	-1.434685	102.014375	0.015043	8.2
1984	-1.440428	101.985015	0.007406	7.9
1985	-1.350535	101.955678	0.004266	20.3
1986	-0.549377	101.926364	0.004894	20.8
1987	-0.594767	101.897072	0.008827	16.1
1988	-1.009882	101.867802	0.012769	11.2
1989	-1.503996	101.838555	0.007449	15.3
1990	-1.202495	101.809330	0.008490	15.9
1991	-0.800045	101.780128	0.007538	14.4
1992	-0.533371	101.750948	0.005957	20.1
1993	-1.653152	101.721790	0.007573	16.9
1994	-1.468103	101.692654	0.005325	13.7
1995	-0.903023	101.663541	0.009034	13.4
1996	-1.546457	101.634450	0.016424	11.3
1997	-0.837587	101.605381	0.008524	10.2
1998	-0.472567	101.576335	0.005026	8.0
1999	-1.179094	101.547310	0.014515	12.2
