1:ItNr	2:Metric	3:StepSize	4:||Gradient||	Time[ms]
0	-1.104964	627.201626	0.009002	535.1
1	-1.187229	623.504937	0.007900	10.9
2	-1.124882	619.865785	0.007751	10.9
3	-0.861071	616.282728	0.009513	8.9
4	-0.902660	612.754375	0.008432	9.8
5	-1.102454	609.279381	0.007766	11.8
6	-0.158279	605.856447	0.003604	10.3
7	-1.088395	602.484317	0.009182	10.2
8	-0.986092	599.161779	0.009399	11.0
9	-1.107308	595.887656	0.007442	14.5
10	-0.616663	592.660813	0.005554	13.9
11	-0.134325	589.480151	0.005122	13.6
12	-0.722903	586.344606	0.006567	14.1
13	-0.268369	583.253145	0.006128	12.1
14	-0.779404	580.204771	0.007062	13.6
15	-0.457248	577.198517	0.008023	12.5
16	-1.217823	574.233444	0.008671	14.2
17	-0.918787	571.308645	0.007780	13.0
18	-0.726177	568.423237	0.009548	14.7
19	-0.710933	565.576365	0.006439	17.2
20	-0.718128	562.767201	0.006613	15.8
21	-1.145412	559.994938	0.006444	18.3
22	-1.078961	557.258797	0.008381	16.9
23	-0.793692	554.558018	0.007764	15.0
24	-0.914067	551.891865	0.007844	14.9
25	-1.005663	549.259621	0.009286	9.5
26	-0.975267	546.660592	0.008141	12.9
27	-0.412575	544.094102	0.004694	12.2
28	-0.632011	541.559494	0.006356	16.1
29	-0.806144	539.056129	0.008086	10.1
30	-0.635982	536.583387	0.007965	11.8
31	-1.114198	534.140663	0.007132	14.9
32	-0.130967	531.727370	0.002980	12.1
33	-0.288371	529.342935	0.003996	10.4
34	-0.506683	526.986802	0.005864	12.2
35	-0.743050	524.658430	0.006389	14.3
36	-0.971518	522.357290	0.006884	9.9
37	-0.597469	520.082868	0.006685	10.6
38	-0.884769	517.834665	0.009035	11.9
39	-0.786157	515.612193	0.006337	12.2
40	-1.029188	513.414976	0.006479	11.6
41	-0.830590	511.242551	0.008424	13.1
42	-0.831660	509.094468	0.006900	13.0
43	-0.578712	506.970285	0.007715	12.4
44	-1.184613	504.869574	0.010265	14.5
45	-1.023539	502.791916	0.007585	12.3
46	-0.839434	500.736903	0.006496	11.0
47	-0.691750	498.704137	0.008080	13.7
48	-0.885474	496.693228	0.010081	14.4
49	-1.090422	494.703798	0.010510	12.4
50	-0.737381	492.735476	0.006429	14.0
51	-0.524918	490.787900	0.005034	13.1
52	-0.406755	488.860718	0.007536	12.5
53	-0.785822	486.953585	0.006874	16.3
54	-0.587261	485.066164	0.005432	13.9
55	-0.996888	483.198126	0.011316	13.3
56	-0.568576	481.349149	0.006271	12.5
57	-0.824270	479.518920	0.006381	11.8
58	-0.075409	477.707132	0.003658	14.7
59	-0.730686	475.913485	0.007037	18.8
60	-0.897156	474.137684	0.008227	16.7
61	-0.420142	472.379445	0.005197	22.0
62	-0.963526	470.638485	0.008276	13.5
63	-0.429144	468.914531	0.005848	13.3
64	-1.006090	467.207315	0.008120	12.1
65	-0.371780	465.516573	0.004184	11.3
66	-1.025301	463.842050	0.008016	10.1
67	-0.744458	462.183494	0.006253	10.8
68	-1.171995	460.540658	0.007581	13.2
69	-0.258683	458.913303	0.005910	10.8
70	-0.258278	457.301192	0.004271	10.8
71	-0.321989	455.704096	0.003753	15.1
72	-0.993513	454.121787	0.006918	13.2
73	-0.624038	452.554045	0.005302	11.2
74	-0.829404	451.000653	0.007826	12.6
75	-0.798595	449.461399	0.007479	16.2
76	-0.960427	447.936075	0.005610	13.1
77	-1.024105	446.424477	0.007906	13.4
78	-0.669859	444.926406	0.005606	12.1
79	-0.816520	443.441666	0.008010	11.9
80	-0.692354	441.970065	0.006305	19.3
81	-0.982505	440.511415	0.007223	17.0
82	-1.046354	439.065533	0.008182	16.5
83	-0.863929	437.632238	0.005867	13.9
84	-1.213448	436.211351	0.008072	10.4
85	-0.517241	434.802701	0.005842	9.1
86	-0.745280	433.406117	0.007861	13.4
87	-0.974569	432.021430	0.008579	12.4
88	-0.460499	430.648479	0.005678	13.0
89	-0.744509	429.287101	0.008121	17.5
90	-1.047766	427.937140	0.009277	17.5
91	-0.882471	426.598440	0.006935	23.0
92	-0.614144	425.270849	0.007407	22.6
93	-0.556106	423.954220	0.007731	19.7
94	-0.033718	422.648404	0.002516	17.9
95	-1.070585	421.353259	0.008773	19.9
96	-0.143091	420.068643	0.006843	16.8
97	-0.299471	418.794419	0.003840	16.8
98	-0.933213	417.530451	0.008035	17.3
99	-0.829692	416.276604	0.006153	16.9
100	-0.569883	415.032748	0.006063	15.4
101	-0.918002	413.798754	0.008312	19.8
102	-1.087553	412.574495	0.008495	13.6
103	-1.134695	411.359849	0.008132	10.7
104	-0.783590	410.154691	0.007758	17.1
105	-0.133055	408.958904	0.002243	18.4
106	-0.935763	407.772368	0.007384	11.6
107	-1.134958	406.594968	0.008995	15.1
108	-1.040905	405.426590	0.010085	14.7
109	-0.612419	404.267122	0.007222	17.2
110	-0.735217	403.116456	0.005658	15.4
111	-0.926990	401.974481	0.006430	26.0
112	-0.854911	400.841093	0.007132	20.8
113	-1.019849	399.716187	0.007484	11.2
114	-1.054817	398.599660	0.008570	10.9
115	-1.013550	397.491411	0.007793	12.4
116	-0.777321	396.391342	0.007378	14.7
117	-1.058068	395.299353	0.010063	13.9
118	-0.392045	394.215350	0.006178	14.3
119	-0.608940	393.139238	0.008724	12.0
120	-1.059400	392.070924	0.009045	12.5
121	-0.767765	391.010316	0.006604	13.5
122	-1.120019	389.957325	0.011654	12.2
123	-0.802738	388.911862	0.005709	11.1
124	-0.096507	387.873839	0.001420	11.3
125	-0.582214	386.843173	0.008281	17.0
126	-0.705582	385.819777	0.006958	15.6
127	-0.443128	384.803569	0.005135	14.4
128	-1.003760	383.794468	0.008697	13.1
129	-1.113219	382.792393	0.006682	17.5
130	-0.672607	381.797264	0.005754	17.9
131	-0.949651	380.809005	0.008205	14.5
132	-0.917940	379.827537	0.007297	11.5
133	-0.581665	378.852786	0.006245	10.7
134	-1.163225	377.884678	0.008048	13.8
135	-0.847203	376.923138	0.007764	13.4
136	-1.090989	375.968095	0.007029	11.8
137	-0.917109	375.019479	0.009598	13.3
138	-0.882511	374.077218	0.007269	11.0
139	-0.738645	373.141244	0.010448	10.1
140	-0.822022	372.211489	0.007515	14.1
141	-0.454401	371.287887	0.005741	10.1
142	-0.374112	370.370370	0.003405	10.7
143	-1.143544	369.458876	0.008485	10.4
144	-0.126153	368.553338	0.003018	12.0
145	-0.857503	367.653696	0.008231	10.3
146	-1.012249	366.759885	0.006773	11.1
147	-0.842179	365.871846	0.005570	9.6
148	-1.074764	364.989518	0.008078	12.8
149	-0.726200	364.112841	0.005695	10.4
150	-0.803251	363.241757	0.006925	10.7
151	-0.946606	362.376208	0.006704	10.1
152	-0.910809	361.516137	0.008956	12.9
153	-1.146600	360.661488	0.008003	10.0
154	-0.520807	359.812206	0.008694	9.1
155	-0.779255	358.968236	0.005889	9.8
156	-1.045286	358.129524	0.006954	11.9
157	-0.295850	357.296018	0.005571	10.2
158	-1.094642	356.467665	0.009017	9.9
159	-1.179436	355.644414	0.007694	10.6
160	-0.697467	354.826213	0.008987	11.7
161	-0.378522	354.013012	0.004933	9.7
162	-1.035407	353.204763	0.007497	10.0
163	-0.125793	352.401415	0.003029	10.3
164	-0.189930	351.602922	0.006153	11.6
165	-0.897030	350.809235	0.006025	9.8
166	-1.180963	350.020308	0.006765	9.5
167	-0.982412	349.236095	0.005724	10.1
168	-0.241358	348.456550	0.006721	9.4
169	-0.334189	347.681627	0.003594	9.8
170	-1.060098	346.911283	0.009141	12.9
171	-0.024582	346.145474	0.000287	15.2
172	-1.046886	345.384157	0.006787	14.7
173	-0.274486	344.627288	0.004303	13.9
174	-1.033068	343.874826	0.007337	15.5
175	-0.315192	343.126729	0.003410	16.2
176	-0.573705	342.382957	0.004838	15.5
177	-1.084048	341.643469	0.008605	17.9
178	-0.991682	340.908224	0.008794	14.2
179	-0.789202	340.177184	0.008038	9.9
180	-0.966457	339.450309	0.006673	9.5
181	-0.944198	338.727561	0.009086	11.8
182	-0.494601	338.008902	0.004927	9.7
183	-0.143056	337.294295	0.003431	9.6
184	-1.019953	336.583703	0.008199	10.1
185	-1.074418	335.877089	0.007967	11.8
186	-0.934741	335.174416	0.006273	9.7
187	-0.875366	334.475651	0.007576	10.0
188	-1.053594	333.780756	0.008844	9.3
189	-1.061435	333.089698	0.007846	12.9
190	-0.226853	332.402443	0.005558	9.9
191	-1.110513	331.718955	0.008849	9.4
192	-0.711510	331.039203	0.008874	10.2
193	-1.040278	330.363153	0.007795	13.4
194	-0.777181	329.690771	0.004980	9.5
195	-0.772181	329.022027	0.008607	9.3
196	-0.920238	328.356888	0.008823	10.0
197	-0.701605	327.695322	0.007064	12.4
198	-1.117338	327.037299	0.007644	9.5
199	-0.850593	326.382787	0.007170	10.2
200	-0.962194	325.731758	0.011559	10.2
201	-0.887369	325.084179	0.008330	13.2
202	-1.120478	324.440023	0.007974	9.9
203	-0.689107	323.799258	0.006072	9.5
204	-0.588662	323.161858	0.006534	10.3
205	-1.163237	322.527792	0.008693	12.2
206	-1.039950	321.897034	0.008154	9.5
207	-0.864113	321.269554	0.009848	9.6
208	-0.786533	320.645325	0.005788	9.4
209	-0.737164	320.024320	0.005556	12.4
210	-0.718499	319.406512	0.006389	9.4
211	-1.262203	318.791875	0.008578	10.2
212	-0.929507	318.180381	0.008683	9.7
213	-0.432554	317.572005	0.003649	13.3
214	-0.465141	316.966721	0.006038	8.8
215	-0.857785	316.364504	0.005508	10.1
216	-0.704009	315.765329	0.006862	9.3
217	-1.184278	315.169170	0.010417	15.5
218	-1.146314	314.576003	0.007242	12.8
219	-0.688096	313.985804	0.006842	10.0
220	-1.198670	313.398548	0.008368	16.1
221	-0.772239	312.814213	0.006315	11.6
222	-0.669692	312.232773	0.008236	12.0
223	-0.649929	311.654207	0.005538	13.4
224	-1.101060	311.078491	0.009676	11.5
225	-0.390973	310.505602	0.007623	9.6
226	-0.458750	309.935518	0.006123	9.6
227	-0.004362	309.368217	0.000030	13.5
228	-0.454823	308.803676	0.004716	8.6
229	-0.277849	308.241874	0.003783	10.6
230	-0.922257	307.682789	0.006615	10.6
231	-0.963896	307.126400	0.007139	12.2
232	-0.667190	306.572687	0.005903	10.2
233	-0.833942	306.021627	0.009274	8.5
234	-0.818437	305.473201	0.006666	10.2
235	-1.173337	304.927388	0.007220	12.5
236	-1.028412	304.384168	0.009516	8.9
237	-0.181125	303.843521	0.004088	10.0
238	-1.150686	303.305427	0.009024	10.9
239	-0.924425	302.769867	0.007444	12.1
240	-1.239104	302.236821	0.008686	9.2
241	-0.800309	301.706270	0.005974	10.4
242	-1.058202	301.178196	0.006132	10.7
243	-1.222207	300.652580	0.006490	13.8
244	-0.004887	300.129402	0.000001	10.1
245	-1.105553	299.608645	0.008912	10.9
246	-1.184639	299.090291	0.009218	10.6
247	-0.849872	298.574321	0.008121	12.8
248	-1.088748	298.060718	0.008214	12.3
249	-1.112514	297.549465	0.009144	12.4
250	-0.891326	297.040543	0.006845	13.8
251	-1.055019	296.533936	0.007372	14.2
252	-0.771266	296.029626	0.005808	10.8
253	-1.116163	295.527597	0.006241	14.0
254	-0.954302	295.027832	0.008498	12.8
255	-0.276505	294.530315	0.004245	18.4
256	-1.151137	294.035028	0.008430	15.0
257	-0.926435	293.541956	0.007286	13.3
258	-0.186635	293.051083	0.006855	10.3
259	-1.093330	292.562393	0.009734	17.7
260	-1.173810	292.075870	0.008364	13.5
261	-1.001969	291.591498	0.007395	11.3
262	-1.118618	291.109263	0.009265	20.2
263	-1.082672	290.629149	0.006673	16.7
264	-1.187172	290.151140	0.008939	22.4
265	-0.141258	289.675222	0.003014	13.6
266	-0.897302	289.201380	0.006536	10.8
267	-1.255722	288.729600	0.010387	15.0
268	-0.848514	288.259866	0.007309	12.1
269	-1.185852	287.792165	0.007845	13.3
270	-0.888060	287.326481	0.007375	14.2
271	-0.522113	286.862802	0.007524	12.7
272	-0.762804	286.401113	0.007032	11.5
273	-1.106819	285.941400	0.006475	13.6
274	-0.319406	285.483649	0.006182	13.8
275	-1.004489	285.027847	0.006090	10.3
276	-0.577142	284.573981	0.006307	10.3
277	-0.778395	284.122037	0.009264	13.2
278	-0.701143	283.672002	0.006860	10.8
279	-0.856908	283.223863	0.005997	10.5
280	-1.063957	282.777607	0.008520	10.3
281	-0.425027	282.333221	0.005097	12.2
282	-1.126095	281.890692	0.009414	9.8
283	-1.173708	281.450008	0.007635	9.7
284	-1.082292	281.011157	0.007870	10.5
285	-0.930770	280.574125	0.006844	11.9
286	-0.977539	280.138901	0.010105	9.9
287	-0.760305	279.705473	0.007872	9.5
288	-0.967649	279.273829	0.006924	10.6
289	-0.409314	278.843956	0.005240	11.9
290	-0.473481	278.415844	0.008562	10.3
291	-0.988226	277.989479	0.009104	9.8
292	-0.911408	277.564851	0.007538	9.9
293	-1.092063	277.141949	0.007437	12.6
294	-0.654302	276.720761	0.005539	11.2
295	-0.000000	276.301275	0.000001	10.7
296	-0.573183	275.883480	0.007185	10.3
297	-1.027311	275.467366	0.008278	13.7
298	-0.227767	275.052922	0.003865	15.6
299	-1.152493	274.640136	0.008297	13.8
300	-0.960602	274.228998	0.009315	15.4
301	-0.290136	273.819497	0.007259	10.2
302	-0.232376	273.411623	0.004791	13.6
303	-0.918944	273.005365	0.007832	11.4
304	-1.045241	272.600712	0.009323	19.3
305	-1.033315	272.197655	0.006022	16.9
306	-1.165532	271.796184	0.009720	31.2
307	-1.237773	271.396287	0.009801	16.1
308	-1.209919	270.997956	0.007088	12.6
309	-1.068469	270.601180	0.008763	16.1
310	-0.885831	270.205949	0.006687	12.1
311	-0.944849	269.812254	0.008936	11.2
312	-0.761767	269.420085	0.007750	13.8
313	-1.010207	269.029432	0.007817	15.4
314	-1.099255	268.640287	0.006369	13.6
315	-1.198511	268.252638	0.007574	12.7
316	-1.124242	267.866478	0.008144	11.8
317	-0.258007	267.481796	0.006212	11.8
318	-0.687146	267.098584	0.010703	10.7
319	-0.287417	266.716833	0.003331	15.5
320	-1.001842	266.336533	0.006477	10.1
321	-1.069279	265.957676	0.007775	11.1
322	-1.154564	265.580253	0.007631	13.3
323	-0.861984	265.204254	0.008104	10.1
324	-1.332505	264.829672	0.009202	11.1
325	-0.474546	264.456497	0.003944	10.3
326	-1.171392	264.084721	0.007568	15.9
327	-0.571324	263.714335	0.004463	10.0
328	-1.118317	263.345332	0.008508	12.6
329	-0.982966	262.977702	0.007780	12.2
330	-1.066851	262.611438	0.008775	15.0
331	-1.240628	262.246531	0.007730	12.9
332	-0.443077	261.882973	0.005298	12.2
333	-0.172017	261.520756	0.005981	14.1
334	-0.758418	261.159871	0.005991	15.2
335	-1.259830	260.800312	0.008812	15.0
336	-0.975676	260.442070	0.007021	13.0
337	-1.279506	260.085137	0.010399	11.7
338	-1.074807	259.729505	0.007785	14.3
339	-0.990225	259.375167	0.006350	12.5
340	-0.576949	259.022116	0.005808	11.6
341	-0.352760	258.670343	0.003801	14.2
342	-0.172476	258.319841	0.003926	11.1
343	-0.689111	257.970602	0.006204	15.9
344	-0.986268	257.622620	0.007836	17.5
345	-0.231818	257.275887	0.004082	20.9
346	-1.052190	256.930396	0.006909	12.5
347	-0.447457	256.586139	0.004651	17.4
348	-1.058669	256.243109	0.006439	13.6
349	-0.860249	255.901300	0.008023	13.8
350	-1.218540	255.560703	0.006649	14.1
351	-0.341494	255.221313	0.005366	11.5
352	-1.082835	254.883122	0.008071	11.9
353	-0.679227	254.546124	0.005030	13.0
354	-1.173809	254.210311	0.010179	13.4
355	-0.851796	253.875677	0.005927	13.1
356	-0.874388	253.542215	0.007390	12.5
357	-0.428602	253.209918	0.004491	12.7
358	-0.859015	252.878781	0.008421	15.4
359	-0.777096	252.548795	0.006102	12.4
360	-1.205493	252.219956	0.007843	12.1
361	-0.831640	251.892255	0.008103	12.5
362	-0.402286	251.565688	0.007483	12.4
363	-0.678949	251.240247	0.005355	12.6
364	-1.048217	250.915926	0.007738	10.5
365	-0.849521	250.592720	0.005975	12.1
366	-0.428626	250.270621	0.006583	11.2
367	-0.860859	249.949624	0.007496	10.7
368	-1.058169	249.629723	0.009863	10.4
369	-0.385843	249.310911	0.004537	13.2
370	-0.738453	248.993182	0.006515	12.3
371	-0.839692	248.676531	0.007991	13.5
372	-0.846221	248.360952	0.007496	9.6
373	-0.761247	248.046438	0.007063	15.4
374	-0.897498	247.732984	0.007116	14.2
375	-0.745911	247.420584	0.007397	17.6
376	-0.457955	247.109233	0.005277	17.5
377	-1.007969	246.798924	0.009421	11.9
378	-0.418157	246.489652	0.004492	13.7
379	-1.124200	246.181412	0.008614	10.9
380	-0.415885	245.874197	0.004622	12.3
381	-1.066839	245.568002	0.010002	12.5
382	-0.099552	245.262822	0.003205	14.2
383	-0.941772	244.958652	0.007478	11.2
384	-0.280047	244.655485	0.007026	10.5
385	-0.961634	244.353317	0.009013	13.1
386	-0.597390	244.052142	0.005456	11.0
387	-0.939266	243.751955	0.006831	10.2
388	-0.630568	243.452750	0.006227	11.7
389	-0.546549	243.154523	0.004118	12.4
390	-1.110809	242.857268	0.007053	11.7
391	-0.683850	242.560980	0.007587	11.9
392	-0.529646	242.265654	0.008824	9.4
393	-1.230458	241.971285	0.007927	13.2
394	-1.156093	241.677868	0.010896	10.9
395	-1.184149	241.385397	0.008584	10.6
396	-1.191816	241.093869	0.007644	10.4
397	-0.669381	240.803278	0.005923	12.7
398	-0.680302	240.513619	0.007490	11.3
399	-1.023652	240.224887	0.007291	11.0
400	-1.112324	239.937077	0.008212	10.5
401	-1.282194	239.650186	0.007791	13.2
402	-1.186860	239.364207	0.006793	10.0
403	-0.149258	239.079136	0.002578	9.5
404	-0.449591	238.794969	0.007559	10.7
405	-0.376982	238.511701	0.005456	12.7
406	-0.626751	238.229327	0.005648	10.5
407	-1.180039	237.947843	0.007473	10.8
408	-1.029964	237.667244	0.008530	10.7
409	-0.841399	237.387526	0.008326	12.7
410	-0.004823	237.108684	0.000103	9.9
411	-1.078186	236.830714	0.007353	10.3
412	-0.453410	236.553610	0.004677	14.9
413	-1.218088	236.277370	0.007382	12.2
414	-0.186682	236.001989	0.003524	10.0
415	-0.929039	235.727461	0.006030	10.5
416	-0.919087	235.453784	0.007884	13.2
417	-1.198464	235.180952	0.008556	11.1
418	-1.143411	234.908962	0.010944	10.9
419	-1.030356	234.637809	0.006877	15.6
420	-0.372919	234.367488	0.005085	13.8
421	-0.967764	234.097997	0.008787	17.6
422	-0.828740	233.829331	0.006912	13.6
423	-0.411136	233.561485	0.006789	12.4
424	-1.149569	233.294456	0.007568	11.3
425	-0.933602	233.028239	0.007623	12.3
426	-0.908216	232.762831	0.006161	14.2
427	-0.882813	232.498228	0.007986	11.9
428	-0.048538	232.234425	0.000799	14.1
429	-0.719498	231.971419	0.006465	13.6
430	-0.743904	231.709205	0.004523	10.6
431	-0.730430	231.447781	0.007016	10.7
432	-0.280357	231.187141	0.004374	14.3
433	-0.000005	230.927283	0.000008	8.9
434	-0.911740	230.668202	0.009194	11.8
435	-1.047969	230.409895	0.008505	12.7
436	-1.180223	230.152358	0.007175	11.2
437	-0.996594	229.895587	0.008062	10.5
438	-0.629139	229.639578	0.007236	11.4
439	-0.861892	229.384329	0.006430	11.7
440	-0.880665	229.129834	0.006690	9.9
441	-0.107122	228.876091	0.002087	10.9
442	-1.208335	228.623096	0.007214	10.3
443	-0.951065	228.370846	0.006863	13.6
444	-0.968091	228.119336	0.008188	10.7
445	-0.726975	227.868563	0.008878	11.5
446	-1.072979	227.618525	0.009493	10.3
447	-1.089020	227.369216	0.007194	12.2
448	-0.894789	227.120635	0.007244	11.4
449	-0.091104	226.872777	0.002891	11.0
450	-0.702344	226.625638	0.008032	10.3
451	-0.429227	226.379217	0.007042	12.7
452	-0.973868	226.133509	0.009980	11.6
453	-0.454277	225.888510	0.009740	10.4
454	-1.152658	225.644218	0.007679	10.8
455	-0.976138	225.400630	0.007344	12.7
456	-1.049960	225.157741	0.008775	10.1
457	-1.098589	224.915549	0.009689	9.4
458	-0.169561	224.674051	0.003856	10.7
459	-1.090092	224.433242	0.009318	12.6
460	-0.735081	224.193121	0.006222	10.5
461	-1.134980	223.953684	0.009015	11.2
462	-0.891235	223.714927	0.006551	10.1
463	-0.532571	223.476848	0.009473	14.3
464	-1.146050	223.239444	0.008057	16.1
465	-1.188265	223.002710	0.008637	16.9
466	-1.033929	222.766645	0.007778	18.6
467	-1.271419	222.531245	0.009836	11.1
468	-1.181831	222.296508	0.008428	10.8
469	-1.150285	222.062429	0.007064	10.6
470	-1.258769	221.829007	0.009658	12.2
471	-0.688432	221.596238	0.006094	11.0
472	-1.226813	221.364119	0.008612	11.5
473	-1.069399	221.132647	0.009128	10.7
474	-1.101783	220.901820	0.008474	12.0
475	-0.433834	220.671634	0.011131	8.9
476	-0.885942	220.442086	0.006948	10.9
477	-1.028062	220.213174	0.006863	9.9
478	-0.748642	219.984895	0.005989	13.1
479	-0.977741	219.757246	0.009400	10.4
480	-0.937212	219.530224	0.007729	10.7
481	-0.457940	219.303826	0.005458	9.8
482	-0.994280	219.078050	0.008880	13.6
483	-0.010675	218.852893	0.000339	12.1
484	-1.196949	218.628352	0.007760	11.3
485	-0.488399	218.404424	0.005237	10.4
486	-0.705173	218.181106	0.005223	13.0
487	-0.525819	217.958397	0.008128	11.0
488	-1.051484	217.736292	0.006731	11.0
489	-1.253699	217.514790	0.006482	10.9
490	-1.209347	217.293888	0.008785	12.4
491	-1.046852	217.073584	0.007702	10.3
492	-0.446226	216.853873	0.005395	10.3
493	-0.542808	216.634755	0.006955	10.3
494	-0.858016	216.416227	0.007792	12.4
495	-0.498507	216.198285	0.006096	10.2
496	-1.154652	215.980927	0.007604	14.4
497	-1.077251	215.764151	0.008205	10.3
498	-0.676760	215.547955	0.006167	14.2
499	-1.208237	215.332335	0.008218	10.8
500	-0.868677	215.117289	0.006451	10.6
501	-1.146533	214.902815	0.010387	13.2
502	-0.482829	214.688911	0.006043	12.8
503	-1.145021	214.475573	0.008765	13.2
504	-0.900781	214.262800	0.007060	12.7
505	-0.669827	214.050588	0.006663	11.9
506	-0.956570	213.838936	0.008058	10.4
507	-1.055471	213.627842	0.008342	12.0
508	-0.951241	213.417302	0.006951	17.5
509	-0.936558	213.207314	0.010437	14.0
510	-1.154147	212.997877	0.007634	14.3
511	-0.748793	212.788987	0.006292	18.4
512	-0.846089	212.580642	0.006925	16.7
513	-0.342227	212.372841	0.007604	12.8
514	-1.089247	212.165581	0.006560	15.1
515	-1.033078	211.958859	0.007737	12.1
516	-1.024876	211.752673	0.008871	11.0
517	-1.162075	211.547021	0.007780	12.2
518	-0.217545	211.341902	0.004155	14.9
519	-0.273927	211.137311	0.004129	12.8
520	-0.774346	210.933248	0.006825	13.1
521	-1.007552	210.729710	0.007105	16.5
522	-0.538991	210.526695	0.005600	12.0
523	-0.813843	210.324200	0.006956	13.7
524	-1.133215	210.122224	0.007651	12.8
525	-0.990258	209.920765	0.009125	12.0
526	-1.103857	209.719820	0.008938	12.6
527	-0.976352	209.519387	0.007976	14.1
528	-0.758482	209.319463	0.006682	10.4
529	-1.221724	209.120048	0.010428	10.8
530	-0.769457	208.921139	0.007069	14.5
531	-0.978108	208.722733	0.007768	10.1
532	-1.146035	208.524829	0.008000	10.3
533	-1.009211	208.327425	0.006123	9.9
534	-0.736810	208.130518	0.010564	16.4
535	-1.169519	207.934107	0.007346	13.8
536	-0.578801	207.738189	0.005656	10.7
537	-0.020482	207.542762	0.000234	10.2
538	-1.130075	207.347825	0.009955	10.6
539	-0.879241	207.153376	0.007199	10.6
540	-0.872535	206.959412	0.007985	10.6
541	-1.187779	206.765932	0.008168	10.3
542	-0.982650	206.572933	0.008277	10.5
543	-0.968428	206.380414	0.008507	10.2
544	-0.126986	206.188373	0.006350	8.6
545	-1.190639	205.996807	0.008008	11.7
546	-1.024646	205.805716	0.009444	12.7
547	-0.849565	205.615096	0.008225	8.5
548	-0.237417	205.424946	0.005844	8.9
549	-0.862371	205.235265	0.007014	11.6
550	-1.083454	205.046050	0.008378	15.6
551	-1.134478	204.857299	0.006692	17.9
552	-1.180152	204.669011	0.009126	19.1
553	-0.639458	204.481184	0.004326	11.5
554	-1.027235	204.293816	0.005816	12.8
555	-1.193890	204.106905	0.009296	11.0
556	-1.237228	203.920449	0.008394	10.5
557	-1.157923	203.734447	0.008979	10.0
558	-0.670109	203.548896	0.006033	9.9
559	-1.112768	203.363795	0.007275	10.4
560	-1.013403	203.179143	0.005495	10.5
561	-0.793991	202.994937	0.005925	10.6
562	-1.042109	202.811176	0.010509	10.8
563	-0.767935	202.627857	0.007256	10.2
564	-0.711441	202.444980	0.006083	10.7
565	-1.201633	202.262543	0.009102	10.8
566	-0.884789	202.080543	0.006823	9.1
567	-1.231470	201.898979	0.008515	10.0
568	-1.213890	201.717849	0.006451	10.6
569	-0.991312	201.537153	0.007021	9.9
570	-0.860517	201.356887	0.006347	9.9
571	-0.949134	201.177050	0.010140	9.3
572	-0.011331	200.997642	0.000531	10.0
573	-1.249791	200.818659	0.007341	12.4
574	-0.791701	200.640100	0.005265	10.7
575	-0.853439	200.461965	0.007062	10.0
576	-0.428546	200.284250	0.006920	11.6
577	-0.869756	200.106955	0.007570	13.3
578	-1.264711	199.930078	0.008928	12.1
579	-0.666271	199.753617	0.005406	16.6
580	-0.565875	199.577571	0.005653	10.8
581	-0.804240	199.401938	0.006896	12.4
582	-1.032229	199.226717	0.008191	13.2
583	-1.013397	199.051905	0.007463	11.5
584	-0.831158	198.877502	0.006406	12.0
585	-0.330909	198.703506	0.007171	13.5
586	-1.128660	198.529916	0.007285	14.0
587	-0.998836	198.356729	0.009103	11.8
588	-0.881895	198.183944	0.006543	11.9
589	-1.078541	198.011560	0.008310	13.3
590	-0.630889	197.839576	0.009325	11.7
591	-0.423386	197.667989	0.006427	12.4
592	-0.220220	197.496798	0.005878	10.6
593	-0.971035	197.326002	0.006681	12.3
594	-0.214676	197.155600	0.004931	9.4
595	-1.008006	196.985589	0.007122	16.4
596	-0.829771	196.815969	0.005589	15.3
597	-1.091892	196.646738	0.007407	16.9
598	-1.202050	196.477894	0.008610	11.1
599	-0.868450	196.309436	0.008638	11.9
600	-0.762064	196.141363	0.007758	10.1
601	-0.887048	195.973673	0.007927	9.9
602	-0.957198	195.806365	0.007691	9.8
603	-0.453490	195.639437	0.004773	9.3
604	-0.949736	195.472888	0.008460	10.5
605	-1.019600	195.306717	0.005578	10.7
606	-0.467908	195.140922	0.006478	10.4
607	-0.284853	194.975501	0.005886	10.6
608	-0.478576	194.810454	0.006112	10.5
609	-1.168097	194.645779	0.008270	10.4
610	-0.793149	194.481475	0.007613	10.5
611	-0.871760	194.317540	0.008302	9.9
612	-1.136160	194.153973	0.008755	10.2
613	-0.562500	193.990773	0.007209	10.2
614	-0.548070	193.827938	0.006815	9.5
615	-0.943572	193.665467	0.007436	9.6
616	-0.427006	193.503358	0.005649	10.3
617	-1.241967	193.341611	0.007971	9.6
618	-0.285814	193.180224	0.006266	10.1
619	-0.467073	193.019196	0.005807	9.6
620	-1.217067	192.858525	0.008291	10.2
621	-1.108499	192.698210	0.008230	14.4
622	-1.266696	192.538251	0.007842	11.5
623	-0.419430	192.378644	0.006673	10.4
624	-0.836612	192.219391	0.007215	11.1
625	-1.279324	192.060488	0.009255	10.4
626	-1.000572	191.901935	0.007355	11.4
627	-1.033300	191.743730	0.007587	10.5
628	-0.560935	191.585873	0.007521	10.9
629	-1.212964	191.428362	0.007144	10.2
630	-0.874974	191.271196	0.008118	10.4
631	-0.557308	191.114374	0.005213	9.2
632	-0.863922	190.957893	0.006964	10.0
633	-1.201974	190.801755	0.008520	10.0
634	-0.460390	190.645956	0.005065	10.0
635	-1.073295	190.490495	0.007524	8.8
636	-0.455550	190.335373	0.004883	11.0
637	-1.175357	190.180587	0.007774	10.5
638	-1.017543	190.026136	0.010911	10.2
639	-0.607731	189.872019	0.006255	10.9
640	-0.287836	189.718235	0.007886	9.6
641	-1.076458	189.564782	0.008758	10.7
642	-1.029425	189.411661	0.006361	13.4
643	-1.092824	189.258868	0.009261	14.8
644	-1.111016	189.106404	0.008370	20.3
645	-1.120015	188.954267	0.008533	16.0
646	-0.796404	188.802456	0.007552	13.0
647	-1.125049	188.650969	0.007755	10.3
648	-1.232237	188.499807	0.009342	11.2
649	-0.509755	188.348967	0.004492	11.7
650	-1.022543	188.198448	0.006908	11.0
651	-0.431955	188.048250	0.005858	10.6
652	-0.246528	187.898371	0.003234	11.8
653	-0.971983	187.748810	0.007626	11.8
654	-1.066779	187.599566	0.008200	10.3
655	-1.070719	187.450638	0.008827	10.9
656	-0.532469	187.302025	0.005439	10.9
657	-0.574814	187.153725	0.006598	10.2
658	-1.228456	187.005739	0.008257	9.9
659	-0.891768	186.858064	0.009266	10.3
660	-0.792319	186.710699	0.006474	11.3
661	-0.658719	186.563645	0.007868	10.3
662	-0.007147	186.416898	0.002117	10.4
663	-0.004971	186.270459	0.001206	10.5
664	-1.072022	186.124326	0.008450	12.3
665	-1.002359	185.978499	0.007883	14.2
666	-0.616966	185.832976	0.005147	10.2
667	-1.176471	185.687756	0.009813	10.2
668	-1.103814	185.542838	0.007556	10.1
669	-1.029941	185.398222	0.007829	10.2
670	-1.013315	185.253906	0.006835	9.8
671	-1.103779	185.109889	0.007636	10.1
672	-1.212414	184.966170	0.009198	10.6
673	-0.482391	184.822748	0.007565	10.3
674	-0.984019	184.679623	0.006920	9.9
675	-0.946501	184.536792	0.007154	13.9
676	-0.996897	184.394256	0.008473	12.9
677	-0.930411	184.252013	0.010397	12.0
678	-0.160896	184.110062	0.006422	12.6
679	-1.042971	183.968403	0.007911	10.7
680	-1.177033	183.827034	0.008467	12.9
681	-1.049602	183.685954	0.009327	12.4
682	-1.091862	183.545163	0.008340	12.6
683	-0.778608	183.404658	0.006170	10.6
684	-0.518211	183.264441	0.006304	13.2
685	-0.880082	183.124509	0.009289	12.0
686	-0.984364	182.984861	0.008557	11.8
687	-0.772636	182.845497	0.006693	13.5
688	-0.533827	182.706416	0.005942	13.2
689	-0.487288	182.567616	0.009642	17.0
690	-0.652591	182.429098	0.005569	19.8
691	-0.551785	182.290859	0.005165	13.2
692	-0.962018	182.152899	0.006680	15.3
693	-0.855504	182.015217	0.005909	12.1
694	-1.056392	181.877813	0.007672	9.8
695	-0.026207	181.740684	0.001431	14.3
696	-1.003460	181.603832	0.008638	13.3
697	-0.380304	181.467253	0.005679	11.0
698	-0.744896	181.330948	0.006405	12.1
699	-1.080570	181.194916	0.008640	11.8
700	-0.813138	181.059155	0.004770	13.7
701	-0.287957	180.923666	0.006545	11.5
702	-1.086430	180.788446	0.007366	13.9
703	-0.933926	180.653496	0.009413	13.4
704	-1.275872	180.518814	0.007958	12.4
705	-0.713431	180.384399	0.008772	12.6
706	-0.430076	180.250251	0.005682	16.0
707	-0.998697	180.116369	0.008472	9.5
708	-0.414914	179.982752	0.004212	13.6
709	-1.156050	179.849398	0.008935	13.1
710	-1.099633	179.716308	0.007886	12.8
711	-0.891803	179.583480	0.009287	11.6
712	-1.193740	179.450913	0.010363	12.8
713	-0.785835	179.318607	0.005954	13.5
714	-1.072875	179.186561	0.007422	12.6
715	-1.234141	179.054774	0.008407	11.5
716	-0.649394	178.923245	0.006303	14.9
717	-1.154186	178.791973	0.007209	14.1
718	-1.132523	178.660958	0.007753	12.9
719	-0.878402	178.530199	0.008487	14.1
720	-1.087554	178.399694	0.008248	10.5
721	-1.087571	178.269444	0.007897	11.4
722	-1.114898	178.139447	0.008762	13.0
723	-0.613963	178.009702	0.004224	12.0
724	-1.017695	177.880209	0.007541	10.4
725	-0.781430	177.750967	0.005501	12.3
726	-1.024128	177.621975	0.007583	11.4
727	-1.056640	177.493232	0.007799	13.1
728	-1.149464	177.364738	0.009080	10.1
729	-1.148156	177.236492	0.008582	12.5
730	-0.930525	177.108492	0.007054	15.2
731	-0.958107	176.980739	0.006540	20.4
732	-1.133314	176.853231	0.009203	22.8
733	-0.999205	176.725968	0.007726	16.9
734	-0.885893	176.598949	0.007949	13.9
735	-0.861859	176.472173	0.006133	10.7
736	-0.671182	176.345639	0.007205	10.7
737	-0.669945	176.219348	0.008522	10.5
738	-1.135807	176.093296	0.008130	11.0
739	-0.893200	175.967486	0.008267	10.8
740	-1.152250	175.841914	0.008952	10.8
741	-1.079733	175.716581	0.007597	10.7
742	-0.424461	175.591486	0.004020	11.3
743	-1.017784	175.466629	0.009248	10.6
744	-1.147737	175.342008	0.008169	10.9
745	-1.034443	175.217622	0.008013	10.4
746	-0.835294	175.093472	0.006677	9.9
747	-1.102054	174.969556	0.008445	10.3
748	-1.311347	174.845873	0.009827	10.5
749	-1.123908	174.722423	0.010517	10.9
750	-1.251786	174.599206	0.007870	11.3
751	-1.246585	174.476220	0.009147	10.1
752	-0.653141	174.353464	0.004574	11.0
753	-1.215537	174.230939	0.008806	10.6
754	-1.170262	174.108643	0.008400	9.8
755	-1.131453	173.986576	0.009005	10.6
756	-1.256572	173.864737	0.008331	11.5
757	-0.476227	173.743124	0.006949	10.0
758	-0.946144	173.621739	0.007880	10.1
759	-0.555044	173.500579	0.006020	11.5
760	-0.783757	173.379645	0.007358	10.0
761	-0.422195	173.258935	0.004121	10.4
762	-0.760394	173.138449	0.006509	11.2
763	-0.664468	173.018186	0.007677	9.9
764	-1.028761	172.898146	0.008650	10.8
765	-0.557515	172.778327	0.005905	10.4
766	-1.200409	172.658730	0.009776	10.7
767	-0.348413	172.539353	0.005148	10.5
768	-0.713083	172.420196	0.006909	10.6
769	-0.033466	172.301258	0.004396	10.0
770	-1.072429	172.182539	0.008249	10.6
771	-0.803784	172.064037	0.008436	11.7
772	-0.974192	171.945753	0.008263	8.5
773	-0.182597	171.827686	0.004275	11.7
774	-0.952035	171.709834	0.010112	10.8
775	-0.105324	171.592198	0.000950	8.2
776	-1.188763	171.474776	0.007824	11.4
777	-0.937588	171.357568	0.009341	10.9
778	-0.812409	171.240574	0.006503	11.1
779	-0.790812	171.123793	0.008890	12.1
780	-1.204158	171.007223	0.009817	14.8
781	-1.125362	170.890865	0.008259	15.3
782	-0.430560	170.774718	0.005612	17.0
783	-1.227678	170.658782	0.007655	11.7
784	-0.991320	170.543055	0.009313	11.2
785	-1.211316	170.427537	0.008534	10.1
786	-0.357142	170.312227	0.005527	10.7
787	-0.967966	170.197125	0.007484	11.6
788	-0.768148	170.082231	0.006666	14.8
789	-1.148325	169.967543	0.008179	11.0
790	-1.182796	169.853061	0.009006	11.8
791	-1.137400	169.738784	0.008266	10.7
792	-1.182223	169.624713	0.009482	9.9
793	-0.958733	169.510845	0.006443	10.5
794	-1.107164	169.397181	0.008177	10.2
795	-0.589291	169.283720	0.005176	8.7
796	-0.904364	169.170462	0.006727	10.3
797	-0.912420	169.057405	0.008267	8.9
798	-1.074722	168.944549	0.008842	11.9
799	-0.102194	168.831895	0.003054	8.3
800	-1.177053	168.719440	0.007933	9.7
801	-0.799985	168.607185	0.007739	10.6
802	-0.597575	168.495129	0.005493	9.4
803	-0.837722	168.383271	0.006917	10.5
804	-0.150918	168.271611	0.004006	8.2
805	-1.141832	168.160148	0.007862	9.6
806	-1.123237	168.048882	0.007383	10.2
807	-1.036114	167.937812	0.009157	10.6
808	-1.061304	167.826938	0.010274	12.5
809	-1.203933	167.716258	0.009096	9.9
810	-0.609454	167.605773	0.005885	9.5
811	-1.294235	167.495482	0.009231	9.8
812	-0.921771	167.385384	0.006541	9.9
813	-0.728031	167.275479	0.008381	9.6
814	-1.180035	167.165766	0.006765	9.3
815	-1.184062	167.056245	0.008812	9.7
816	-0.223060	166.946915	0.003038	10.2
817	-0.303049	166.837776	0.004549	9.6
818	-0.925929	166.728826	0.007512	10.2
819	-0.600032	166.620067	0.007103	9.8
820	-1.296932	166.511496	0.008840	9.7
821	-0.577844	166.403113	0.007396	8.8
822	-0.729632	166.294919	0.007317	9.1
823	-0.737982	166.186912	0.005580	8.9
824	-0.961281	166.079091	0.007580	9.2
825	-0.913733	165.971458	0.006414	10.1
826	-0.842932	165.864009	0.007729	9.3
827	-0.837063	165.756747	0.009192	11.1
828	-1.220430	165.649669	0.008819	10.8
829	-0.391424	165.542775	0.007405	14.1
830	-0.121962	165.436065	0.003628	14.7
831	-0.950072	165.329538	0.008373	16.2
832	-0.970211	165.223194	0.008156	9.0
833	-0.431239	165.117032	0.008044	11.3
834	-1.184367	165.011052	0.009984	9.5
835	-1.015452	164.905253	0.007553	8.7
836	-0.102882	164.799635	0.001712	14.5
837	-0.823599	164.694197	0.006643	9.9
838	-0.905642	164.588939	0.006753	10.4
839	-1.209846	164.483859	0.009120	9.9
840	-0.491105	164.378959	0.007372	10.4
841	-0.953107	164.274237	0.006871	9.3
842	-1.248253	164.169692	0.007887	9.6
843	-1.078901	164.065325	0.007835	10.0
844	-1.090288	163.961135	0.008791	9.9
845	-1.115013	163.857120	0.008751	10.4
846	-1.149641	163.753282	0.007421	10.0
847	-1.204572	163.649619	0.007376	10.3
848	-0.472559	163.546130	0.005110	11.1
849	-1.070166	163.442816	0.008290	12.6
850	-1.152699	163.339676	0.007651	11.4
851	-1.088627	163.236709	0.007027	12.6
852	-0.732075	163.133915	0.006676	12.4
853	-0.369023	163.031294	0.006076	10.1
854	-1.149451	162.928844	0.008442	10.0
855	-1.074160	162.826566	0.007494	9.9
856	-0.050299	162.724459	0.005063	10.1
857	0.000000	162.622523	0.000000	9.8
858	-1.202703	162.520757	0.009363	9.9
859	-0.754743	162.419160	0.008726	9.7
860	-0.995230	162.317733	0.007762	10.2
861	-1.195706	162.216474	0.007792	10.5
862	-1.094891	162.115383	0.007275	9.9
863	-1.022958	162.014461	0.007547	10.4
864	-0.416531	161.913705	0.005559	9.3
865	-1.183588	161.813117	0.007992	10.3
866	-0.938169	161.712695	0.007943	9.8
867	-1.055536	161.612439	0.007974	9.9
868	-1.362199	161.512349	0.009518	9.9
869	-1.144984	161.412424	0.007312	10.6
870	-0.826157	161.312663	0.005653	10.4
871	-0.631566	161.213067	0.008204	10.0
872	-0.823229	161.113635	0.005784	10.4
873	-1.102657	161.014366	0.008816	11.2
874	-1.192524	160.915260	0.007025	10.3
875	-0.000000	160.816316	0.000000	10.9
876	-0.995815	160.717535	0.005724	10.2
877	-1.144348	160.618915	0.007827	10.3
878	-0.470620	160.520456	0.007276	11.0
879	-0.990497	160.422158	0.008336	14.1
880	-1.135989	160.324021	0.007866	16.0
881	-1.038866	160.226043	0.007085	12.8
882	-0.821821	160.128225	0.007065	14.4
883	-0.239901	160.030566	0.005580	11.3
884	-0.850413	159.933066	0.007404	11.1
885	-0.787327	159.835723	0.007815	9.8
886	-0.169517	159.738539	0.004008	9.8
887	-1.073110	159.641512	0.008881	9.4
888	-1.228874	159.544642	0.007615	10.8
889	-1.190593	159.447929	0.006516	11.3
890	-1.092592	159.351372	0.008398	9.9
891	-0.603089	159.254971	0.006213	10.1
892	-0.319508	159.158725	0.010843	10.6
893	-0.712839	159.062634	0.004873	9.0
894	-1.275417	158.966697	0.006424	10.0
895	-0.574988	158.870915	0.008345	10.0
896	-0.913905	158.775286	0.007763	8.6
897	-1.207102	158.679811	0.008506	11.3
898	-0.246878	158.584489	0.005529	10.1
899	-1.097673	158.489319	0.009706	10.5
900	-1.054646	158.394302	0.008042	10.4
901	-0.912012	158.299436	0.008247	10.0
902	-1.029663	158.204721	0.007885	10.1
903	-1.097657	158.110158	0.007587	10.8
904	-1.127639	158.015745	0.007955	9.9
905	-1.069935	157.921482	0.007445	10.2
906	-0.513162	157.827369	0.005827	10.2
907	-1.207532	157.733406	0.007482	10.0
908	-0.399521	157.639591	0.003745	10.3
909	-1.065196	157.545925	0.008042	9.9
910	-0.789255	157.452408	0.006248	13.9
911	-1.037713	157.359038	0.007321	10.4
912	-0.642226	157.265816	0.007440	9.9
913	-1.334352	157.172741	0.007495	12.6
914	-0.857989	157.079813	0.006761	13.4
915	-0.683100	156.987031	0.006822	11.1
916	-1.058387	156.894395	0.008362	12.9
917	-0.823542	156.801904	0.006865	14.7
918	-0.728577	156.709559	0.006783	12.4
919	-0.196241	156.617359	0.004466	12.7
920	-0.185396	156.525304	0.005356	11.4
921	-1.305116	156.433392	0.009480	13.8
922	-1.204907	156.341624	0.008414	13.5
923	-0.562723	156.250000	0.004895	11.6
924	-1.079881	156.158519	0.007782	11.8
925	-0.827968	156.067180	0.008091	16.8
926	-1.142727	155.975984	0.008488	15.1
927	-0.504236	155.884930	0.005611	14.0
928	-1.177061	155.794017	0.008199	19.0
929	-0.825416	155.703246	0.005570	12.3
930	-1.252306	155.612615	0.008700	11.9
931	-0.935108	155.522125	0.007103	11.2
932	-0.922387	155.431775	0.006065	12.7
933	-1.153124	155.341565	0.009535	12.4
934	-1.189555	155.251495	0.009477	12.5
935	-1.224728	155.161563	0.008079	12.2
936	-1.054152	155.071771	0.008296	11.2
937	-1.113848	154.982117	0.009071	12.3
938	-1.099306	154.892601	0.008174	12.2
939	-1.261351	154.803222	0.006925	11.7
940	-0.831793	154.713981	0.006113	11.8
941	-0.953015	154.624878	0.005793	12.4
942	-1.192593	154.535910	0.009577	12.3
943	-1.116765	154.447080	0.007560	12.4
944	-0.733230	154.358385	0.007363	13.7
945	-1.129413	154.269826	0.007919	36.4
946	-0.920281	154.181402	0.009030	31.8
947	-0.835698	154.093114	0.007291	24.2
948	-0.090609	154.004960	0.002485	11.3
949	-1.034306	153.916940	0.007793	11.7
950	-0.012820	153.829054	0.000179	13.3
951	-0.000000	153.741303	0.000000	9.5
952	-0.850714	153.653684	0.006378	11.3
953	-1.275652	153.566198	0.010103	12.4
954	-0.250610	153.478846	0.007987	10.4
955	-1.056629	153.391625	0.007315	11.5
956	-0.746461	153.304537	0.006468	11.5
957	-1.133751	153.217580	0.009326	11.8
958	-0.176404	153.130755	0.006683	10.2
959	-1.183303	153.044061	0.008629	10.4
960	-0.278050	152.957498	0.006367	10.8
961	-1.302516	152.871065	0.007647	9.9
962	-0.226777	152.784762	0.002949	12.4
963	-1.180439	152.698589	0.009656	14.8
964	-1.219674	152.612545	0.006757	15.2
965	-1.096346	152.526631	0.008521	20.1
966	-1.171882	152.440845	0.009645	18.8
967	-0.573070	152.355188	0.006198	16.2
968	-1.065147	152.269660	0.008387	18.0
969	-0.995801	152.184259	0.008717	11.2
970	-0.877484	152.098986	0.005369	12.0
971	-0.443850	152.013840	0.009428	11.2
972	-0.776077	151.928821	0.005381	12.0
973	-0.733607	151.843928	0.005576	13.7
974	-1.072679	151.759163	0.007940	15.3
975	-0.804284	151.674523	0.007085	15.4
976	-1.053263	151.590009	0.007617	14.9
977	-0.968287	151.505620	0.008021	16.4
978	-1.127992	151.421357	0.006124	24.7
979	-1.128166	151.337218	0.007811	13.6
980	-1.111858	151.253204	0.007885	16.5
981	-0.477619	151.169314	0.004717	12.4
982	-0.602010	151.085549	0.005906	10.9
983	-0.863165	151.001907	0.009191	12.3
984	-1.214412	150.918388	0.011117	13.1
985	-0.903309	150.834992	0.006885	12.0
986	-0.636858	150.751719	0.007519	9.8
987	-0.926694	150.668569	0.007423	12.6
988	-0.764448	150.585541	0.006349	13.9
989	-1.173768	150.502634	0.007912	11.8
990	-0.917121	150.419849	0.007196	12.2
991	-1.004215	150.337186	0.008739	12.0
992	-0.909676	150.254644	0.006819	12.3
993	-1.132289	150.172222	0.007873	12.8
994	-1.078411	150.089921	0.007464	12.2
995	-0.882478	150.007740	0.009343	12.5
996	-1.149152	149.925679	0.006979	12.1
997	-1.182576	149.843737	0.008284	13.2
998	-0.887519	149.761915	0.007307	13.5
999	-1.087107	149.680212	0.009058	16.1
1000	-1.190579	149.598627	0.007926	16.1
1001	-1.033105	149.517161	0.007308	14.2
1002	-0.265132	149.435814	0.007808	9.4
1003	-0.939426	149.354584	0.006956	10.0
1004	-0.739271	149.273472	0.007578	10.4
1005	-1.115185	149.192477	0.007278	10.6
1006	-1.225225	149.111599	0.008566	11.2
1007	-1.356204	149.030838	0.008919	13.7
1008	-1.194226	148.950194	0.007773	15.0
1009	-1.315142	148.869666	0.009387	15.2
1010	-1.198829	148.789253	0.008326	14.3
1011	-1.163422	148.708957	0.009360	15.0
1012	-1.058677	148.628776	0.007769	20.7
1013	-1.163146	148.548710	0.007938	15.2
1014	-0.889837	148.468759	0.006730	15.8
1015	-1.191563	148.388923	0.008138	13.1
1016	-0.050049	148.309201	0.007539	11.9
1017	-1.108739	148.229594	0.009028	11.0
1018	-1.233268	148.150100	0.007788	13.4
1019	-0.387919	148.070719	0.006213	13.2
1020	-1.315337	147.991452	0.008767	11.0
1021	-0.731472	147.912298	0.007165	11.6
1022	-0.640297	147.833257	0.008356	13.1
1023	-1.314463	147.754329	0.009153	12.9
1024	-0.310058	147.675512	0.003576	11.1
1025	-0.578081	147.596808	0.006902	13.8
1026	-1.148510	147.518216	0.008830	11.7
1027	-1.163735	147.439735	0.009057	12.7
1028	-1.092159	147.361365	0.006337	11.5
1029	-1.195932	147.283106	0.008002	13.1
1030	-1.148936	147.204958	0.008342	13.1
1031	-0.215486	147.126920	0.005449	10.8
1032	-0.486011	147.048993	0.006740	11.4
1033	-0.703453	146.971175	0.008454	11.9
1034	-1.222079	146.893468	0.007176	13.2
1035	-0.852000	146.815869	0.006801	10.7
1036	-0.721443	146.738380	0.008070	12.0
1037	-1.054631	146.661000	0.008101	15.8
1038	-0.980219	146.583729	0.011081	12.2
1039	-1.257759	146.506566	0.010233	13.3
1040	-0.347230	146.429511	0.004595	18.7
1041	-1.111100	146.352565	0.008321	20.9
1042	-0.963163	146.275726	0.009070	18.6
1043	-1.069796	146.198994	0.007904	12.0
1044	-1.026037	146.122370	0.008891	12.3
1045	-0.240206	146.045853	0.004860	18.7
1046	-1.139997	145.969442	0.008449	14.3
1047	-0.768727	145.893139	0.007231	10.3
1048	-0.612617	145.816941	0.006763	12.6
1049	-1.246281	145.740849	0.008635	14.7
1050	-0.742631	145.664863	0.007738	15.1
1051	-0.551336	145.588983	0.004868	14.3
1052	-0.665144	145.513208	0.004964	15.2
1053	-1.172523	145.437538	0.008461	16.6
1054	-0.380502	145.361973	0.005262	15.7
1055	-0.242764	145.286513	0.002853	14.5
1056	-0.776205	145.211157	0.008564	11.2
1057	-1.138323	145.135905	0.010231	10.7
1058	-0.955167	145.060757	0.008484	10.6
1059	-0.903463	144.985712	0.007274	10.8
1060	-0.995276	144.910771	0.007725	13.2
1061	-0.851835	144.835934	0.005741	11.7
1062	-0.523484	144.761199	0.008298	12.8
1063	-1.271611	144.686567	0.009749	11.3
1064	-1.151693	144.612037	0.007642	13.2
1065	-1.191612	144.537610	0.008142	12.3
1066	-1.038081	144.463285	0.008072	11.9
1067	-1.297551	144.389062	0.007292	13.0
1068	-0.947551	144.314940	0.007475	12.1
1069	-1.128222	144.240920	0.009650	12.8
1070	-1.208306	144.167001	0.008531	11.3
1071	-1.083953	144.093182	0.007913	13.2
1072	-0.501330	144.019465	0.006432	12.2
1073	-1.102234	143.945848	0.007551	12.3
1074	-0.509505	143.872331	0.010437	15.0
1075	-0.733014	143.798914	0.005619	10.0
1076	-1.076486	143.725597	0.009673	12.8
1077	-1.208862	143.652380	0.008109	10.6
1078	-0.039461	143.579262	0.003122	11.4
1079	-1.070294	143.506243	0.009047	11.9
1080	-1.257311	143.433323	0.011148	9.8
1081	-0.751280	143.360502	0.008259	11.2
1082	-1.177702	143.287780	0.007293	10.9
1083	-0.656536	143.215155	0.007119	12.1
1084	-1.299009	143.142629	0.008997	11.6
1085	-1.311073	143.070201	0.007807	14.7
1086	-0.765127	142.997870	0.006119	14.9
1087	-0.384050	142.925637	0.004593	11.8
1088	-1.102745	142.853501	0.010460	12.2
1089	-0.852986	142.781462	0.007402	10.9
1090	-0.532463	142.709519	0.005522	12.4
1091	-0.655680	142.637674	0.007916	11.8
1092	-0.704842	142.565924	0.006273	12.6
1093	-1.152365	142.494271	0.007958	11.0
1094	-0.254634	142.422714	0.007237	12.7
1095	-1.112850	142.351252	0.008269	12.0
1096	-0.525246	142.279886	0.005568	9.4
1097	-0.925774	142.208616	0.008040	12.0
1098	-0.878360	142.137440	0.008486	11.6
1099	-0.913896	142.066360	0.006208	11.9
1100	-0.814226	141.995374	0.006223	12.0
1101	-0.717621	141.924483	0.008211	11.6
1102	-1.274400	141.853685	0.006875	10.8
1103	-1.275765	141.782983	0.008547	12.3
1104	-1.038601	141.712373	0.007220	9.7
1105	-0.368079	141.641858	0.006612	11.5
1106	-1.018781	141.571436	0.008533	11.1
1107	-0.628587	141.501108	0.005428	10.6
1108	-0.521585	141.430872	0.006465	11.8
1109	-0.333527	141.360730	0.008463	9.0
1110	-0.594638	141.290680	0.003914	10.5
1111	-0.891920	141.220722	0.006827	11.2
1112	-1.077189	141.150857	0.009595	11.5
1113	-1.173443	141.081084	0.007803	11.3
1114	-1.001767	141.011403	0.007327	11.7
1115	-0.582588	140.941813	0.009417	9.8
1116	-0.464242	140.872315	0.004728	13.1
1117	-0.977978	140.802909	0.008210	14.8
1118	-0.791435	140.733593	0.006004	11.1
1119	-1.254216	140.664369	0.007122	12.1
1120	-1.170444	140.595235	0.007303	13.2
1121	-0.670415	140.526192	0.005945	11.5
1122	-1.173630	140.457239	0.006934	10.7
1123	-0.359954	140.388376	0.003455	10.9
1124	-0.227659	140.319603	0.002655	11.5
1125	-0.821548	140.250920	0.006943	10.4
1126	-0.903287	140.182326	0.006616	14.2
1127	-0.788615	140.113822	0.007989	14.9
1128	-0.512670	140.045407	0.006019	16.6
1129	-0.961678	139.977081	0.007889	16.4
1130	-0.459642	139.908844	0.005289	17.0
1131	-1.096448	139.840696	0.007714	12.9
1132	-0.334616	139.772635	0.004538	10.1
1133	-0.427484	139.704664	0.005154	9.9
1134	-1.126213	139.636780	0.008616	9.9
1135	-1.102995	139.568984	0.007364	10.4
1136	-0.665925	139.501276	0.005783	10.3
1137	-1.053101	139.433655	0.009228	11.1
1138	-0.707863	139.366122	0.005921	10.5
1139	-0.757505	139.298676	0.004873	11.0
1140	-1.189078	139.231317	0.008672	11.6
1141	-1.172378	139.164045	0.009341	9.8
1142	-1.036177	139.096859	0.008674	9.2
1143	-0.517284	139.029760	0.005251	11.8
1144	-1.011443	138.962747	0.009699	11.3
1145	-1.149243	138.895820	0.009790	10.8
1146	-0.888682	138.828978	0.008378	10.2
1147	-0.403870	138.762223	0.005594	10.7
1148	-0.293746	138.695553	0.005661	10.4
1149	-0.649199	138.628969	0.004893	11.5
1150	-0.935090	138.562469	0.009034	13.1
1151	-1.078028	138.496055	0.010332	12.9
1152	-1.087139	138.429725	0.008617	13.9
1153	-0.958108	138.363481	0.008014	10.6
1154	-1.116773	138.297320	0.010745	13.5
1155	-1.212305	138.231244	0.008110	13.5
1156	-1.026633	138.165252	0.006720	13.1
1157	-1.170708	138.099344	0.008337	12.8
1158	-0.844832	138.033520	0.008463	16.7
1159	-1.092970	137.967779	0.007564	13.0
1160	-1.089872	137.902122	0.009636	10.5
1161	-0.429063	137.836548	0.006340	12.2
1162	-1.345172	137.771057	0.007947	10.6
1163	-1.011792	137.705649	0.009166	10.5
1164	-1.146920	137.640324	0.008370	12.2
1165	-1.171811	137.575081	0.007995	10.8
1166	-0.856992	137.509921	0.006032	10.2
1167	-0.418274	137.444842	0.004938	12.3
1168	-1.253985	137.379846	0.007777	10.4
1169	-0.916016	137.314932	0.008602	10.0
1170	-0.849218	137.250100	0.007786	11.7
1171	-0.858400	137.185349	0.007450	13.3
1172	-0.909394	137.120680	0.007487	16.6
1173	-0.541904	137.056092	0.010090	16.9
1174	-0.656059	136.991585	0.006611	17.3
1175	-0.393567	136.927158	0.005195	14.6
1176	-0.880350	136.862813	0.005890	10.9
1177	-1.252337	136.798548	0.010168	13.2
1178	-1.129425	136.734363	0.009115	12.3
1179	-1.106668	136.670259	0.008259	10.9
1180	-1.137266	136.606235	0.008960	9.7
1181	-1.123827	136.542291	0.008677	9.9
1182	-1.015792	136.478426	0.007372	10.7
1183	-1.285950	136.414641	0.008265	9.9
1184	-1.140933	136.350936	0.008932	12.8
1185	-1.231211	136.287310	0.009407	10.3
1186	-0.939365	136.223763	0.008253	12.5
1187	-0.936832	136.160295	0.008493	12.2
1188	-0.982589	136.096905	0.006759	11.5
1189	-1.102578	136.033594	0.008084	11.6
1190	-0.920249	135.970362	0.006284	11.7
1191	-1.038481	135.907208	0.010642	11.6
1192	-1.170057	135.844133	0.008990	11.3
1193	-1.031972	135.781135	0.007301	18.0
1194	-1.296752	135.718215	0.008635	15.7
1195	-1.092363	135.655373	0.007767	15.1
1196	-1.037090	135.592608	0.006679	18.5
1197	-1.038771	135.529921	0.008145	11.9
1198	-0.083206	135.467311	0.002689	13.3
1199	-1.260027	135.404778	0.008596	10.7
1200	-1.265916	135.342322	0.007608	10.5
1201	-0.692660	135.279942	0.005777	10.5
1202	-0.385977	135.217640	0.005587	10.8
1203	-0.560490	135.155413	0.006245	9.5
1204	-0.913227	135.093263	0.008871	10.6
1205	-0.117971	135.031190	0.001997	9.9
1206	-1.198085	134.969192	0.007840	10.4
1207	-1.354427	134.907270	0.008733	11.1
1208	-0.902318	134.845424	0.009177	11.3
1209	-0.850557	134.783653	0.006401	10.5
1210	-1.351082	134.721958	0.008619	10.8
1211	-0.554608	134.660338	0.007043	11.6
1212	-1.290093	134.598793	0.007636	10.8
1213	-1.149073	134.537323	0.008356	11.5
1214	-1.029808	134.475927	0.009130	10.1
1215	-1.093267	134.414607	0.006583	10.2
1216	-1.229396	134.353361	0.009996	10.9
1217	-0.547204	134.292189	0.006178	10.6
1218	-1.154256	134.231092	0.007958	9.9
1219	-1.073098	134.170068	0.008021	10.9
1220	-1.121061	134.109119	0.007549	10.9
1221	-1.129629	134.048243	0.007964	13.8
1222	-1.138464	133.987441	0.006633	12.9
1223	-1.190067	133.926713	0.008587	13.1
1224	-1.078690	133.866057	0.006217	12.5
1225	-0.358537	133.805475	0.006858	11.8
1226	-0.531142	133.744966	0.006520	10.9
1227	-0.012696	133.684530	0.000991	11.5
1228	-0.804736	133.624167	0.004666	11.0
1229	-0.892955	133.563877	0.006112	12.1
1230	-1.192488	133.503658	0.008114	10.5
1231	-0.541810	133.443513	0.006867	10.0
1232	-1.229178	133.383439	0.008841	11.0
1233	-0.935724	133.323437	0.008108	10.7
1234	-1.206588	133.263508	0.008717	10.4
1235	-0.366016	133.203650	0.005339	10.3
1236	-0.943768	133.143864	0.010169	9.6
1237	-1.369915	133.084149	0.010807	11.2
1238	-0.505507	133.024506	0.007620	10.5
1239	-1.187451	132.964934	0.008413	11.0
1240	-1.274347	132.905433	0.009558	13.6
1241	-1.280096	132.846003	0.009888	15.9
1242	-0.973591	132.786643	0.006565	15.4
1243	-1.189160	132.727355	0.009458	13.7
1244	-0.480325	132.668137	0.006459	9.1
1245	-1.172543	132.608989	0.006418	10.1
1246	-0.988109	132.549912	0.006673	10.7
1247	-0.868743	132.490904	0.006725	9.9
1248	-1.271634	132.431967	0.009087	9.9
1249	-1.122593	132.373100	0.008773	10.5
1250	-1.229982	132.314302	0.010145	10.5
1251	-0.465318	132.255574	0.003372	11.2
1252	-0.278670	132.196916	0.003604	12.1
1253	-1.197444	132.138326	0.008639	11.5
1254	-1.056076	132.079806	0.007247	11.9
1255	-0.632461	132.021355	0.006215	10.6
1256	-0.354406	131.962973	0.004648	9.7
1257	-0.711477	131.904660	0.008364	9.3
1258	-0.850898	131.846415	0.010759	8.3
1259	-1.191600	131.788239	0.008051	10.2
1260	-0.780307	131.730131	0.006163	10.2
1261	-0.824108	131.672092	0.007141	9.4
1262	-1.142499	131.614121	0.008744	10.1
1263	-0.814503	131.556217	0.007744	9.6
1264	-0.808191	131.498382	0.007064	9.7
1265	-0.463424	131.440614	0.004471	9.9
1266	-1.148906	131.382914	0.010078	9.6
1267	-0.377011	131.325282	0.004104	11.2
1268	-0.606138	131.267717	0.006692	13.2
1269	-0.830832	131.210219	0.007391	12.3
1270	-1.128557	131.152788	0.007733	12.8
1271	-1.122575	131.095424	0.008222	15.4
1272	-1.278742	131.038127	0.009210	15.1
1273	-0.351451	130.980897	0.004583	10.4
1274	-1.060589	130.923733	0.008339	10.0
1275	-1.164193	130.866636	0.007597	10.1
1276	-0.680499	130.809605	0.006446	10.2
1277	-0.727954	130.752641	0.006917	10.1
1278	-1.198761	130.695742	0.008075	10.0
1279	-0.186572	130.638910	0.006590	10.1
1280	-1.049377	130.582143	0.009246	10.1
1281	-1.001622	130.525442	0.008927	9.8
1282	-1.044814	130.468807	0.007502	9.4
1283	-1.315715	130.412237	0.007860	9.9
1284	-0.710981	130.355733	0.006895	9.5
1285	-0.251536	130.299294	0.004972	9.5
1286	-0.773404	130.242920	0.005761	14.0
1287	-0.833564	130.186611	0.006891	9.7
1288	-0.205765	130.130366	0.006502	9.7
1289	-1.328356	130.074187	0.009576	9.5
1290	-1.185327	130.018072	0.010326	9.2
1291	-0.985997	129.962022	0.007652	11.2
1292	-0.530425	129.906036	0.005998	9.3
1293	-0.435078	129.850114	0.007579	10.7
1294	-0.984041	129.794257	0.007307	10.1
1295	-0.573277	129.738463	0.004829	10.0
1296	-1.228213	129.682734	0.009671	9.5
1297	-0.455433	129.627068	0.006647	10.6
1298	-1.110747	129.571466	0.008719	11.0
1299	-1.177492	129.515927	0.007602	9.4
1300	-0.792571	129.460452	0.008126	9.8
1301	-0.305961	129.405040	0.005406	10.5
1302	-0.728260	129.349692	0.006264	10.1
1303	-1.003134	129.294406	0.006486	12.1
1304	-0.981822	129.239183	0.009810	14.3
1305	-0.891396	129.184024	0.007904	11.4
1306	-0.338294	129.128927	0.003775	9.0
1307	-1.050824	129.073892	0.008633	13.1
1308	-0.739661	129.018921	0.005138	12.3
1309	-1.010505	128.964011	0.007005	10.9
1310	-0.863094	128.909164	0.007146	13.8
1311	-1.221146	128.854379	0.008993	13.0
1312	-0.242956	128.799656	0.006133	12.7
1313	-0.949908	128.744995	0.006894	11.8
1314	-1.189600	128.690396	0.007047	11.0
1315	-1.176132	128.635858	0.009243	12.8
1316	-0.553268	128.581382	0.004818	9.5
1317	-1.145468	128.526968	0.009267	18.0
1318	-1.060688	128.472615	0.007195	16.3
1319	-0.344184	128.418323	0.005416	21.4
1320	-0.968456	128.364092	0.006914	11.9
1321	-0.928703	128.309922	0.007998	13.9
1322	-0.946672	128.255814	0.009276	12.3
1323	-1.191740	128.201766	0.007985	12.6
1324	-0.198012	128.147778	0.004841	13.0
1325	-1.240327	128.093852	0.006764	11.3
1326	-1.123172	128.039985	0.008297	12.6
1327	-0.727022	127.986180	0.005670	12.3
1328	-0.684647	127.932434	0.005944	10.8
1329	-1.203547	127.878749	0.007279	15.5
1330	-1.307573	127.825123	0.009626	11.6
1331	-0.447182	127.771558	0.011910	13.2
1332	-0.900214	127.718052	0.007463	13.7
1333	-0.580394	127.664606	0.007075	11.0
1334	-1.357972	127.611220	0.008252	11.4
1335	-1.261686	127.557893	0.009403	13.7
1336	-1.339304	127.504625	0.007816	13.1
1337	-0.330281	127.451417	0.003952	11.5
1338	-0.873904	127.398268	0.009515	11.0
1339	-1.020541	127.345178	0.008212	12.6
1340	-0.954525	127.292147	0.007649	12.6
1341	-1.162611	127.239175	0.009112	16.8
1342	-1.078433	127.186261	0.009330	15.6
1343	-1.003615	127.133407	0.007823	16.5
1344	-1.139135	127.080610	0.007945	15.4
1345	-0.894167	127.027872	0.007343	11.0
1346	-0.866523	126.975193	0.006498	12.0
1347	-1.195541	126.922572	0.008415	10.3
1348	-1.273244	126.870008	0.009412	13.6
1349	-1.098922	126.817503	0.009831	15.1
1350	-1.101905	126.765056	0.008003	14.1
1351	-1.214535	126.712667	0.008866	15.4
1352	-0.601846	126.660335	0.005976	14.5
1353	-1.012808	126.608061	0.009013	20.3
1354	-1.004749	126.555844	0.008390	14.7
1355	-0.087703	126.503685	0.007034	12.3
1356	-0.484958	126.451583	0.006988	9.9
1357	-1.278150	126.399538	0.006978	10.1
1358	-0.009747	126.347550	0.000749	9.3
1359	-1.089007	126.295619	0.007562	10.2
1360	-1.031747	126.243745	0.010024	10.6
1361	-0.129513	126.191928	0.003832	9.6
1362	-1.065457	126.140168	0.007195	10.8
1363	-1.206046	126.088464	0.009144	9.7
1364	-1.129942	126.036817	0.010165	9.6
1365	-0.639044	125.985226	0.004932	9.8
1366	-0.793085	125.933691	0.005553	13.0
1367	-0.353639	125.882212	0.007087	16.0
1368	-0.533049	125.830790	0.006985	10.0
1369	-1.192246	125.779423	0.008855	10.5
1370	-0.007048	125.728113	0.001674	9.4
1371	-0.665085	125.676858	0.008342	11.3
1372	-1.354825	125.625659	0.009758	9.6
1373	-0.331766	125.574515	0.007054	7.8
1374	-1.240663	125.523427	0.009067	9.9
1375	-0.954782	125.472394	0.007630	9.7
1376	-1.021512	125.421417	0.006548	10.2
1377	-1.289085	125.370495	0.008428	11.0
1378	-1.279400	125.319628	0.007127	9.9
1379	-0.941223	125.268815	0.007876	10.4
1380	-1.221277	125.218058	0.009271	10.5
1381	-1.225010	125.167356	0.008427	10.5
1382	-1.323243	125.116708	0.007934	10.4
1383	-1.147071	125.066115	0.007440	10.8
1384	-1.204769	125.015576	0.008261	11.8
1385	-1.043996	124.965092	0.007217	10.5
1386	-1.149638	124.914662	0.009568	14.1
1387	-1.359564	124.864287	0.008810	11.9
1388	-0.985108	124.813965	0.007264	13.9
1389	-0.539456	124.763698	0.006705	15.2
1390	-1.342291	124.713485	0.009583	12.3
1391	-1.254246	124.663325	0.008202	9.4
1392	-0.606654	124.613219	0.007208	10.6
1393	-0.568671	124.563167	0.004467	9.6
1394	-1.176938	124.513168	0.007634	10.2
1395	-1.296155	124.463223	0.009439	10.4
1396	-0.877777	124.413332	0.011043	10.1
1397	-0.205234	124.363493	0.005220	8.9
1398	-1.129739	124.313708	0.008050	10.4
1399	-1.122232	124.263976	0.007721	10.0
1400	-1.188816	124.214297	0.008992	10.0
1401	-0.635011	124.164671	0.007117	10.0
1402	-1.001532	124.115097	0.008315	9.8
1403	-1.308931	124.065577	0.009407	9.6
1404	0.000000	124.016109	0.000000	11.3
1405	-1.153791	123.966693	0.007833	12.4
1406	-1.255456	123.917330	0.008473	14.5
1407	-1.089406	123.868020	0.007628	13.6
1408	-0.390035	123.818762	0.004392	10.7
1409	-1.224370	123.769556	0.007890	16.6
1410	-0.628337	123.720402	0.007290	11.2
1411	-0.845681	123.671300	0.006802	12.3
1412	-0.785438	123.622250	0.005632	10.1
1413	-0.884757	123.573252	0.007086	10.4
1414	-0.014233	123.524305	0.000351	10.6
1415	-0.549933	123.475411	0.008100	10.7
1416	-0.820936	123.426568	0.008527	9.2
1417	-1.096438	123.377776	0.008420	11.5
1418	-0.784030	123.329036	0.006394	10.5
1419	-1.029373	123.280347	0.005863	10.8
1420	-1.305120	123.231709	0.008440	9.6
1421	-0.560265	123.183122	0.005141	11.1
1422	-0.012160	123.134587	0.000358	10.3
1423	-0.118040	123.086102	0.001299	10.4
1424	-0.766448	123.037669	0.007166	10.5
1425	-1.186390	122.989286	0.008513	9.9
1426	-1.106704	122.940954	0.008771	11.1
1427	-0.892889	122.892672	0.007144	11.2
1428	-1.006007	122.844441	0.010423	10.3
1429	-0.592403	122.796261	0.006476	11.0
1430	-1.194207	122.748130	0.010091	10.3
1431	-0.292067	122.700050	0.003475	10.5
1432	-1.203719	122.652021	0.009538	10.1
1433	-0.479182	122.604041	0.004908	10.8
1434	-1.198447	122.556111	0.008782	10.1
1435	-1.188142	122.508232	0.009916	10.4
1436	-1.215126	122.460402	0.007692	10.3
1437	-0.896821	122.412622	0.009880	8.1
1438	-0.850158	122.364891	0.006609	11.0
1439	-0.841693	122.317210	0.006438	10.1
1440	-0.278056	122.269579	0.007428	9.9
1441	-0.601112	122.221997	0.006651	13.4
1442	-0.809429	122.174465	0.006035	13.9
1443	-0.653106	122.126981	0.007658	11.9
1444	-1.183588	122.079547	0.008790	10.5
1445	-0.385047	122.032162	0.006455	12.3
1446	-1.057322	121.984826	0.008589	12.6
1447	-0.661074	121.937539	0.005574	12.8
1448	-0.220017	121.890301	0.004699	11.7
1449	-0.864826	121.843112	0.008347	12.5
1450	-0.814470	121.795971	0.010078	12.0
1451	-1.215141	121.748879	0.010824	13.6
1452	-0.888084	121.701835	0.008447	16.1
1453	-0.395808	121.654840	0.004153	16.8
1454	-0.750485	121.607893	0.013725	17.5
1455	-0.446063	121.560994	0.004605	19.1
1456	-0.720335	121.514144	0.006748	15.2
1457	-1.109622	121.467342	0.007779	12.0
1458	-1.208653	121.420588	0.007213	11.8
1459	-0.630748	121.373882	0.005675	12.8
1460	-1.085752	121.327223	0.009647	10.6
1461	-1.126968	121.280613	0.009015	11.7
1462	-0.845403	121.234050	0.007225	10.2
1463	-1.256174	121.187535	0.010503	12.9
1464	0.000000	121.141067	0.000000	11.5
1465	-1.245590	121.094647	0.009365	12.5
1466	-1.269134	121.048274	0.010086	13.5
1467	-0.908702	121.001949	0.007591	13.3
1468	-1.058888	120.955671	0.007902	12.9
1469	-1.278777	120.909440	0.007390	11.0
1470	-0.452520	120.863256	0.008700	13.1
1471	-0.087577	120.817119	0.001159	12.7
1472	-0.822141	120.771029	0.006517	12.8
1473	-1.187834	120.724986	0.007016	10.5
1474	-0.937182	120.678990	0.008173	14.6
1475	-1.138098	120.633040	0.007167	12.5
1476	-1.148757	120.587137	0.007317	11.8
1477	-1.214233	120.541281	0.007497	11.8
1478	-1.311629	120.495471	0.008149	12.4
1479	-1.202397	120.449707	0.011136	12.8
1480	-1.004318	120.403990	0.006638	12.4
1481	-1.281068	120.358319	0.008355	12.5
1482	-1.061485	120.312694	0.007622	11.3
1483	-0.666780	120.267115	0.007441	12.8
1484	-1.271496	120.221582	0.007812	11.1
1485	-0.902598	120.176096	0.007225	11.9
1486	-0.824496	120.130655	0.006654	10.5
1487	-0.621569	120.085260	0.005287	11.6
1488	-0.303629	120.039910	0.004821	10.6
1489	-0.781841	119.994606	0.006634	12.5
1490	-1.305395	119.949348	0.009606	12.6
1491	-0.807991	119.904135	0.006512	15.6
1492	-1.046498	119.858968	0.007293	11.4
1493	-0.737261	119.813846	0.007297	12.9
1494	-0.844933	119.768769	0.008273	14.9
1495	-1.209374	119.723738	0.008093	16.0
1496	-1.096609	119.678752	0.006785	18.6
1497	-0.781153	119.633810	0.005712	14.8
1498	-0.296256	119.588914	0.003088	11.4
1499	-1.247592	119.544062	0.012389	10.1
1500	-0.827828	119.499256	0.006978	10.5
1501	-1.282267	119.454494	0.008372	16.4
1502	-0.306665	119.409777	0.006815	14.9
1503	-1.079672	119.365104	0.007431	15.3
1504	-1.154487	119.320476	0.007293	15.0
1505	-1.206110	119.275893	0.008571	10.7
1506	-0.861208	119.231353	0.009550	10.5
1507	-1.160233	119.186859	0.006840	10.9
1508	-0.391423	119.142408	0.006337	12.0
1509	-1.050231	119.098002	0.007559	10.6
1510	-0.555415	119.053639	0.009301	11.3
1511	-0.323987	119.009321	0.004707	10.7
1512	-1.259385	118.965047	0.008571	10.7
1513	-0.294107	118.920816	0.007692	10.5
1514	-1.199382	118.876630	0.007943	10.5
1515	-1.364312	118.832487	0.009225	10.6
1516	-1.216794	118.788388	0.008569	11.0
1517	-0.312206	118.744332	0.002902	9.4
1518	-1.183882	118.700320	0.011131	10.8
1519	-0.482562	118.656352	0.005477	8.3
1520	-0.480126	118.612427	0.006371	9.7
1521	-0.330374	118.568545	0.005072	9.3
1522	-0.557855	118.524706	0.005201	10.2
1523	-0.851533	118.480911	0.007272	10.8
1524	-1.225569	118.437159	0.010999	10.3
1525	-0.965004	118.393450	0.008787	7.9
1526	-0.782848	118.349784	0.006062	9.7
1527	-0.822468	118.306160	0.006200	11.3
1528	-0.724300	118.262580	0.007818	10.5
1529	-0.760246	118.219042	0.005504	10.8
1530	-0.465345	118.175548	0.006526	10.8
1531	-1.172073	118.132095	0.008294	10.5
1532	-0.880646	118.088686	0.009389	9.9
1533	-1.204500	118.045319	0.008012	10.2
1534	-0.767756	118.001994	0.006552	10.0
1535	-0.178279	117.958712	0.003731	10.2
1536	-1.296653	117.915472	0.008747	10.1
1537	-0.890642	117.872274	0.009052	8.0
1538	-1.000410	117.829118	0.007601	11.5
1539	-1.231444	117.786005	0.007984	10.2
1540	-1.251370	117.742933	0.007774	10.1
1541	-0.752652	117.699904	0.005820	10.0
1542	-0.898041	117.656916	0.007637	9.2
1543	-1.249708	117.613971	0.008071	10.4
1544	-1.229682	117.571067	0.007531	10.0
1545	-0.127753	117.528205	0.003902	8.3
1546	-1.268170	117.485384	0.009479	9.5
1547	-0.981019	117.442605	0.007345	9.3
1548	-1.116384	117.399867	0.007554	9.9
1549	-0.966141	117.357171	0.007632	12.1
1550	-0.549231	117.314517	0.005112	10.6
1551	-0.788118	117.271903	0.008124	10.0
1552	-0.731494	117.229331	0.005102	15.1
1553	-0.926584	117.186800	0.008719	13.9
1554	-1.242635	117.144311	0.009110	17.0
1555	-0.761511	117.101862	0.006717	9.6
1556	-0.908224	117.059454	0.008032	11.8
1557	-0.751442	117.017087	0.007859	9.1
1558	-0.831243	116.974762	0.005934	9.4
1559	-0.875982	116.932476	0.006650	9.5
1560	-1.128588	116.890232	0.007126	10.6
1561	-0.378229	116.848028	0.005271	10.3
1562	-1.071990	116.805865	0.009755	11.1
1563	-0.870166	116.763743	0.008177	10.9
1564	-1.096813	116.721661	0.008120	9.5
1565	-0.154587	116.679619	0.002921	10.5
1566	-1.270673	116.637618	0.009409	10.6
1567	-1.156628	116.595657	0.009822	10.0
1568	-0.999092	116.553736	0.007352	11.0
1569	-1.231298	116.511855	0.009261	10.3
1570	-1.003765	116.470015	0.007276	10.2
1571	-1.273053	116.428214	0.008656	10.2
1572	-1.050179	116.386454	0.009330	10.1
1573	-1.374897	116.344733	0.008335	9.8
1574	-0.691530	116.303052	0.007835	9.8
1575	-0.570218	116.261412	0.006515	10.3
1576	-0.984720	116.219810	0.011767	10.0
1577	-0.865221	116.178249	0.007536	10.1
1578	-1.238986	116.136727	0.011505	10.1
1579	-0.921369	116.095245	0.006816	9.8
1580	-1.085842	116.053802	0.008604	9.0
1581	-1.167107	116.012398	0.008064	9.3
1582	-1.318816	115.971034	0.009678	9.2
1583	-0.081182	115.929710	0.005254	8.1
1584	-0.327546	115.888424	0.004383	9.5
1585	-0.926707	115.847178	0.008000	10.1
1586	-0.951131	115.805970	0.008711	10.2
1587	-1.206081	115.764802	0.007961	9.6
1588	-1.009907	115.723673	0.006607	10.4
1589	-0.921876	115.682583	0.007047	9.5
1590	-0.500678	115.641532	0.005551	10.9
1591	-0.051426	115.600519	0.003563	7.9
1592	-0.878262	115.559546	0.006499	9.8
1593	-0.909014	115.518610	0.008041	10.0
1594	-1.334280	115.477714	0.009213	9.6
1595	-1.375229	115.436856	0.009470	9.9
1596	-0.469268	115.396037	0.009371	8.8
1597	-0.954202	115.355256	0.007321	9.4
1598	-1.139609	115.314514	0.009214	13.9
1599	-0.986507	115.273810	0.006986	10.7
1600	-1.218767	115.233144	0.008833	10.0
1601	-1.150076	115.192517	0.008512	10.6
1602	-0.937931	115.151927	0.008538	10.0
1603	-1.173266	115.111376	0.008215	14.3
1604	0.000000	115.070863	0.000000	14.7
1605	-1.187173	115.030388	0.010119	13.6
1606	-1.160637	114.989951	0.007225	11.7
1607	-1.234071	114.949551	0.007907	9.8
1608	-0.053711	114.909190	0.007781	10.1
1609	-0.824819	114.868866	0.005956	10.6
1610	-1.149561	114.828580	0.007460	10.8
1611	-0.823844	114.788332	0.005956	9.6
1612	-1.035353	114.748121	0.008189	10.6
1613	-1.134932	114.707948	0.010278	10.3
1614	-1.160749	114.667812	0.008315	10.0
1615	-0.869944	114.627714	0.007518	9.9
1616	-1.246289	114.587653	0.008224	9.5
1617	-1.295227	114.547629	0.007900	10.3
1618	-1.108627	114.507643	0.006287	10.2
1619	-0.844758	114.467693	0.006220	10.6
1620	-1.267918	114.427781	0.008747	10.3
1621	-0.995488	114.387907	0.008955	10.0
1622	-1.190432	114.348069	0.008475	9.8
1623	-0.652476	114.308268	0.004846	11.0
1624	-0.974521	114.268504	0.008392	9.5
1625	-1.105844	114.228777	0.008220	10.2
1626	-1.352171	114.189086	0.008339	9.8
1627	-0.864741	114.149433	0.007060	9.5
1628	-0.413724	114.109816	0.004624	9.3
1629	-0.805728	114.070235	0.007277	9.9
1630	-1.284463	114.030692	0.008401	9.4
1631	-1.235519	113.991185	0.009041	10.8
1632	-0.945688	113.951714	0.007993	10.9
1633	-1.208793	113.912280	0.007421	10.5
1634	-0.204423	113.872882	0.003004	9.6
1635	-0.520959	113.833521	0.007330	9.9
1636	-0.779953	113.794195	0.005193	11.0
1637	-1.221442	113.754906	0.010202	10.4
1638	-0.988133	113.715653	0.007756	9.1
1639	-1.124017	113.676437	0.009525	9.6
1640	-1.306891	113.637256	0.008902	10.4
1641	-1.080357	113.598111	0.007851	10.1
1642	-0.994407	113.559002	0.005732	10.6
1643	-0.240505	113.519929	0.004421	10.3
1644	-0.931083	113.480892	0.007377	9.8
1645	-1.101983	113.441891	0.008592	12.6
1646	-0.410183	113.402925	0.005719	15.6
1647	-1.292889	113.363995	0.008712	13.2
1648	-1.182050	113.325101	0.008592	10.7
1649	-1.193802	113.286242	0.008817	15.3
1650	-0.977740	113.247419	0.006342	9.7
1651	-0.205963	113.208631	0.004311	13.1
1652	-1.061782	113.169879	0.007916	9.5
1653	-0.515984	113.131162	0.004659	10.5
1654	-1.122319	113.092480	0.008264	12.6
1655	-0.548822	113.053833	0.005858	10.9
1656	-1.176652	113.015222	0.008067	9.4
1657	-0.000035	112.976646	0.000084	10.0
1658	-1.132311	112.938105	0.009037	10.0
1659	-0.552715	112.899599	0.008025	9.5
1660	-1.308662	112.861128	0.009322	10.0
1661	-1.262580	112.822692	0.007728	10.6
1662	-0.017757	112.784291	0.000256	9.5
1663	-1.199337	112.745924	0.010206	10.0
1664	-0.485299	112.707593	0.004503	9.3
1665	-1.050083	112.669296	0.007560	11.2
1666	-0.956325	112.631034	0.008129	10.3
1667	-0.490243	112.592806	0.007311	9.9
1668	-1.271293	112.554613	0.008133	10.6
1669	-0.146629	112.516455	0.003774	10.4
1670	-0.019684	112.478331	0.001291	10.1
1671	-1.254899	112.440241	0.009076	10.1
1672	-0.683952	112.402186	0.006060	9.7
1673	-0.735882	112.364165	0.006048	10.4
1674	-0.905764	112.326179	0.006097	9.9
1675	-1.046350	112.288227	0.008329	9.2
1676	-0.914034	112.250309	0.005935	9.7
1677	-1.074987	112.212425	0.007050	9.4
1678	-1.220033	112.174575	0.008287	9.7
1679	-1.244844	112.136759	0.009984	11.1
1680	-1.118394	112.098977	0.007051	10.0
1681	-1.273434	112.061229	0.009823	9.9
1682	-0.660174	112.023515	0.004924	10.8
1683	-1.030353	111.985834	0.008156	9.9
1684	-1.062618	111.948188	0.008853	10.7
1685	-1.123099	111.910575	0.008130	11.0
1686	-0.740763	111.872996	0.006664	9.8
1687	-1.137519	111.835450	0.007960	10.0
1688	-1.000621	111.797939	0.006896	10.1
1689	-1.206893	111.760460	0.007619	11.4
1690	-0.855433	111.723015	0.006803	12.7
1691	-1.093926	111.685604	0.008457	11.2
1692	-0.832761	111.648226	0.007385	12.9
1693	-0.184097	111.610881	0.003458	19.8
1694	-1.234011	111.573570	0.007963	15.3
1695	-1.262959	111.536292	0.007952	21.7
1696	-0.537715	111.499047	0.005859	16.6
1697	-0.933969	111.461835	0.008577	17.0
1698	-0.326538	111.424656	0.004731	16.9
1699	-1.117374	111.387510	0.007541	12.0
1700	-1.152617	111.350398	0.010393	10.7
1701	-0.998807	111.313318	0.008197	11.3
1702	-1.191790	111.276271	0.007778	13.7
1703	-1.155345	111.239257	0.007602	12.6
1704	-0.406117	111.202276	0.004994	14.9
1705	-1.160738	111.165328	0.006862	11.6
1706	-0.778266	111.128412	0.008496	12.4
1707	-0.641979	111.091529	0.007285	13.1
1708	-0.488048	111.054679	0.006605	13.5
1709	-1.018686	111.017861	0.009271	11.4
1710	-0.974402	110.981076	0.008504	12.5
1711	-0.234132	110.944323	0.004156	10.2
1712	-0.870508	110.907603	0.008372	10.6
1713	-1.216037	110.870915	0.008183	10.7
1714	-1.098101	110.834259	0.007413	10.5
1715	-1.048586	110.797636	0.006874	10.7
1716	-1.309202	110.761045	0.008568	12.8
1717	-0.896657	110.724486	0.010630	11.1
1718	-1.040372	110.687959	0.007349	12.6
1719	-1.309531	110.651465	0.008848	10.9
1720	-0.092016	110.615002	0.005202	11.9
1721	-1.189008	110.578572	0.007648	11.7
1722	-0.256224	110.542173	0.006967	13.2
1723	-0.255386	110.505807	0.006862	10.5
1724	-1.265805	110.469472	0.007254	12.6
1725	-0.781430	110.433169	0.009943	11.8
1726	-1.162296	110.396898	0.008815	12.1
1727	-0.790292	110.360659	0.006008	11.0
1728	-0.857294	110.324451	0.005722	12.8
1729	-1.278820	110.288276	0.007483	11.3
1730	-0.930330	110.252131	0.008210	12.3
1731	-1.163588	110.216019	0.006961	12.4
1732	-1.139034	110.179937	0.009072	14.6
1733	-0.618176	110.143888	0.005921	11.1
1734	-1.142474	110.107869	0.010302	12.5
1735	-0.596425	110.071882	0.008075	10.3
1736	-0.984308	110.035927	0.007570	13.2
1737	-1.041800	110.000003	0.007035	14.5
1738	-0.822506	109.964110	0.005115	14.8
1739	-1.162481	109.928248	0.008086	16.8
1740	-1.021096	109.892417	0.007129	10.8
1741	-1.126224	109.856618	0.007108	12.4
1742	-1.155604	109.820850	0.007012	10.1
1743	-1.112505	109.785112	0.007683	9.7
1744	-1.187510	109.749406	0.008275	10.8
1745	-1.192621	109.713730	0.007638	9.7
1746	-0.743514	109.678086	0.007571	13.1
1747	-0.742386	109.642472	0.008805	12.8
1748	-0.883179	109.606890	0.007134	12.3
1749	-1.281218	109.571337	0.008787	12.4
1750	-0.992711	109.535816	0.005546	12.7
1751	-1.035930	109.500326	0.007952	12.7
1752	-0.892965	109.464866	0.006468	13.6
1753	-1.127387	109.429436	0.006831	18.3
1754	-0.303506	109.394038	0.004772	11.9
1755	-1.242653	109.358669	0.009948	10.8
1756	-1.155231	109.323331	0.009018	10.6
1757	-1.308425	109.288024	0.008256	11.3
1758	-1.273180	109.252747	0.007286	10.6
1759	-1.183246	109.217501	0.009230	10.5
1760	-1.073842	109.182284	0.007372	10.9
1761	-1.154413	109.147098	0.007974	10.6
1762	-0.867196	109.111942	0.006986	10.7
1763	-0.581292	109.076817	0.005230	11.2
1764	-0.183095	109.041721	0.005333	9.8
1765	-0.892497	109.006656	0.008438	8.4
1766	-1.327554	108.971620	0.008378	10.3
1767	-0.057772	108.936615	0.003320	9.9
1768	-1.030303	108.901640	0.006491	10.0
1769	-1.050745	108.866694	0.006973	9.9
1770	-1.270644	108.831779	0.009998	9.7
1771	-0.732936	108.796893	0.005192	10.0
1772	-0.959957	108.762037	0.007599	9.7
1773	-0.379934	108.727211	0.005835	12.5
1774	-1.138047	108.692415	0.007742	10.3
1775	-1.076595	108.657648	0.008377	10.2
1776	-1.193515	108.622911	0.008632	11.2
1777	-1.040092	108.588203	0.009545	12.6
1778	-0.496568	108.553525	0.005463	10.0
1779	-0.217767	108.518877	0.006059	10.9
1780	-0.422840	108.484258	0.005690	9.8
1781	-1.142896	108.449668	0.007190	10.2
1782	-0.981290	108.415108	0.007528	10.1
1783	-1.146578	108.380578	0.008052	15.2
1784	-1.250075	108.346076	0.009821	21.4
1785	-0.072637	108.311604	0.001646	21.3
1786	-0.678161	108.277161	0.005279	11.6
1787	-1.216309	108.242747	0.008785	10.4
1788	-1.178775	108.208363	0.009197	10.7
1789	-1.209339	108.174007	0.009083	10.3
1790	-0.626212	108.139681	0.006227	10.2
1791	-1.003204	108.105383	0.007626	14.3
1792	-0.821093	108.071115	0.010916	17.6
1793	-1.305717	108.036875	0.008699	15.7
1794	-1.372630	108.002665	0.009244	17.0
1795	-1.074381	107.968483	0.007140	15.0
1796	-0.331981	107.934330	0.007144	13.6
1797	-0.462108	107.900206	0.006049	10.6
1798	-0.560613	107.866111	0.006711	11.2
1799	-1.219058	107.832044	0.006819	11.2
1800	-1.164250	107.798007	0.006150	10.4
1801	-0.034136	107.763997	0.000522	11.4
1802	-0.217296	107.730017	0.004800	11.2
1803	-1.149858	107.696065	0.007743	11.2
1804	-0.352131	107.662141	0.005845	10.7
1805	-1.124428	107.628246	0.008243	10.5
1806	-1.127669	107.594379	0.007040	11.2
1807	-1.169448	107.560541	0.007529	10.6
1808	-1.128370	107.526731	0.008200	10.3
1809	-0.350889	107.492949	0.006874	10.4
1810	-1.166762	107.459196	0.007928	11.6
1811	-0.087661	107.425471	0.002822	10.5
1812	-0.683803	107.391774	0.008442	11.4
1813	-0.988818	107.358106	0.010087	10.4
1814	-0.779828	107.324465	0.006149	10.7
1815	-0.709058	107.290853	0.008195	10.2
1816	-1.102313	107.257268	0.008261	10.3
1817	-1.183682	107.223712	0.008378	10.1
1818	-1.221415	107.190184	0.008239	11.0
1819	-1.232710	107.156683	0.007180	10.5
1820	-0.846035	107.123211	0.007754	10.1
1821	-1.304389	107.089766	0.009842	10.6
1822	-0.982574	107.056349	0.007281	11.0
1823	-0.967960	107.022960	0.009224	10.9
1824	-1.090041	106.989599	0.007433	9.7
1825	-0.580392	106.956265	0.005676	9.1
1826	-1.065735	106.922960	0.007283	9.6
1827	-1.373428	106.889681	0.010197	10.1
1828	-0.291200	106.856431	0.003585	10.5
1829	-0.659097	106.823208	0.004622	10.7
1830	-1.128375	106.790012	0.009171	9.6
1831	-0.918547	106.756844	0.007448	10.1
1832	-1.195366	106.723703	0.008500	10.4
1833	-1.069301	106.690590	0.007534	10.8
1834	-1.010035	106.657505	0.008012	8.5
1835	-0.545780	106.624446	0.006574	10.0
1836	-0.980988	106.591415	0.010263	10.3
1837	-0.888661	106.558411	0.006422	12.7
1838	-0.868228	106.525435	0.007566	10.2
1839	-0.931724	106.492485	0.010124	10.7
1840	-0.985444	106.459563	0.007931	13.9
1841	-1.044773	106.426668	0.009399	15.2
1842	-1.142530	106.393800	0.009005	14.2
1843	-1.214143	106.360959	0.008001	12.2
1844	-1.299185	106.328145	0.010609	10.1
1845	-1.204683	106.295358	0.009408	10.4
1846	-1.027900	106.262598	0.007151	9.6
1847	-1.272892	106.229865	0.007446	10.1
1848	-0.182893	106.197158	0.007032	10.0
1849	-0.598072	106.164479	0.007226	8.8
1850	-0.981975	106.131826	0.006287	9.9
1851	-0.866326	106.099201	0.010933	10.4
1852	-1.150297	106.066602	0.009651	9.8
1853	-1.150364	106.034029	0.008234	9.4
1854	-1.023722	106.001483	0.007428	9.4
1855	-1.310953	105.968964	0.008858	9.7
1856	-1.363968	105.936472	0.009396	10.1
1857	-0.965877	105.904006	0.008302	9.9
1858	-1.065962	105.871566	0.007417	10.1
1859	-0.485784	105.839153	0.007702	9.6
1860	-1.170233	105.806767	0.007621	9.5
1861	-1.240217	105.774407	0.009439	10.3
1862	-0.815981	105.742073	0.007024	9.6
1863	-0.532873	105.709766	0.005531	10.0
1864	-0.318096	105.677485	0.005115	7.8
1865	-0.662047	105.645230	0.006349	7.9
1866	-0.424264	105.613001	0.004205	8.7
1867	-0.651766	105.580799	0.006159	10.0
1868	-0.175959	105.548623	0.003413	10.2
1869	-0.800923	105.516473	0.008171	10.2
1870	-0.407497	105.484349	0.005822	10.7
1871	-1.317962	105.452251	0.010232	10.2
1872	-1.145171	105.420179	0.012413	10.1
1873	-1.198505	105.388133	0.011339	10.3
1874	-1.225807	105.356113	0.008852	10.2
1875	-0.256380	105.324119	0.003900	9.5
1876	-0.542207	105.292151	0.007031	9.6
1877	-0.675947	105.260209	0.006519	10.1
1878	-0.380164	105.228293	0.005364	9.7
1879	-0.978728	105.196402	0.008922	9.4
1880	-1.204356	105.164537	0.008238	9.2
1881	-0.424960	105.132698	0.003660	10.7
1882	-1.277531	105.100885	0.007177	9.7
1883	-1.074342	105.069097	0.008697	10.0
1884	-0.990412	105.037335	0.010226	9.9
1885	-1.076071	105.005598	0.008666	11.4
1886	-0.844713	104.973887	0.009566	10.8
1887	-1.317134	104.942202	0.010401	10.3
1888	-0.995533	104.910542	0.008211	10.7
1889	-0.871929	104.878907	0.006172	10.5
1890	-0.342349	104.847298	0.003430	11.5
1891	-1.386389	104.815715	0.010152	14.6
1892	-0.606081	104.784156	0.008807	15.0
1893	-1.280817	104.752623	0.008725	14.4
1894	-0.640743	104.721116	0.011511	9.3
1895	-0.897831	104.689633	0.009373	10.3
1896	-1.021583	104.658176	0.006263	9.7
1897	-0.865499	104.626744	0.008933	9.9
1898	-0.742586	104.595337	0.007512	10.4
1899	-1.107696	104.563955	0.008318	11.1
1900	-1.331993	104.532599	0.008964	9.9
1901	-1.261514	104.501267	0.008802	10.5
1902	-1.216320	104.469960	0.008809	9.8
1903	-1.095824	104.438679	0.009627	9.1
1904	-0.698429	104.407422	0.005459	10.2
1905	-1.128088	104.376191	0.010170	10.1
1906	-1.152344	104.344984	0.010546	10.1
1907	-1.261724	104.313802	0.009497	9.7
1908	-1.095660	104.282645	0.009291	8.0
1909	-0.847395	104.251513	0.005892	10.4
1910	-0.947807	104.220405	0.006912	9.5
1911	-0.065723	104.189323	0.002694	9.7
1912	-0.714539	104.158265	0.006816	13.6
1913	-0.066301	104.127231	0.002296	8.5
1914	-0.202513	104.096222	0.003235	10.2
1915	-0.503536	104.065238	0.005512	9.8
1916	-0.859859	104.034279	0.006543	9.6
1917	-1.142191	104.003344	0.006780	10.7
1918	-0.447521	103.972433	0.007246	10.1
1919	-0.857708	103.941547	0.007006	10.2
1920	-1.251624	103.910686	0.008018	10.6
1921	-0.444410	103.879849	0.007704	10.6
1922	-0.927062	103.849036	0.006557	10.4
1923	-0.822718	103.818248	0.006045	10.7
1924	-1.118790	103.787484	0.010155	10.8
1925	-0.576199	103.756744	0.006869	10.0
1926	-1.268107	103.726029	0.007978	13.5
1927	-0.789595	103.695338	0.009114	14.4
1928	-1.077963	103.664671	0.008711	15.0
1929	-0.892648	103.634028	0.009584	14.0
1930	-0.907167	103.603409	0.005892	14.9
1931	-1.260411	103.572814	0.009174	10.8
1932	-0.818699	103.542244	0.007979	10.2
1933	-0.286302	103.511698	0.003702	9.8
1934	-0.675614	103.481175	0.007238	10.0
1935	-0.400319	103.450677	0.005783	11.1
1936	-1.215388	103.420202	0.009715	10.3
1937	-1.223961	103.389752	0.007632	9.9
1938	-0.914793	103.359325	0.007766	11.1
1939	-0.149100	103.328922	0.005146	10.1
1940	-1.009401	103.298543	0.010466	9.9
1941	-1.355144	103.268188	0.007548	9.9
1942	-1.092926	103.237857	0.009109	9.7
1943	-0.903506	103.207549	0.006538	9.5
1944	-0.453702	103.177265	0.004589	9.5
1945	-1.024643	103.147005	0.011396	9.2
1946	-0.991904	103.116768	0.008824	9.2
1947	-0.673086	103.086556	0.009095	9.7
1948	-0.946688	103.056366	0.008781	12.0
1949	-0.516183	103.026200	0.006672	10.7
1950	-0.776465	102.996058	0.007654	10.2
1951	-1.145632	102.965939	0.008240	10.0
1952	-0.330907	102.935844	0.002850	10.4
1953	-0.513741	102.905772	0.006701	10.0
1954	-0.703235	102.875724	0.005540	9.9
1955	-0.987566	102.845699	0.010928	8.7
1956	-0.607628	102.815697	0.006514	9.8
1957	-0.827059	102.785719	0.006353	10.3
1958	-0.809947	102.755764	0.006092	9.9
1959	-1.187748	102.725832	0.007561	10.6
1960	-0.979252	102.695924	0.007399	9.7
1961	-0.468823	102.666038	0.005758	9.3
1962	-1.221189	102.636176	0.009684	9.8
1963	-0.939314	102.606337	0.006306	9.4
1964	-1.106712	102.576521	0.009675	10.0
1965	-0.281711	102.546728	0.007533	9.9
1966	-1.128365	102.516959	0.007393	10.6
1967	-1.307165	102.487212	0.010094	10.1
1968	-0.088458	102.457488	0.002159	10.7
1969	-1.197022	102.427788	0.010804	10.8
1970	-1.042233	102.398110	0.007777	11.0
1971	-0.097357	102.368455	0.004075	9.8
1972	-1.134946	102.338823	0.010556	10.4
1973	-1.084958	102.309214	0.007944	10.5
1974	-0.974185	102.279628	0.007782	10.2
1975	-1.155236	102.250064	0.009160	12.9
1976	-0.573078	102.220524	0.005225	10.2
1977	-1.194119	102.191006	0.008149	13.5
1978	-1.274094	102.161511	0.008323	19.1
1979	-0.425570	102.132038	0.003708	17.8
1980	-0.446419	102.102588	0.004284	11.1
1981	-1.089876	102.073161	0.009053	15.6
1982	-1.117946	102.043757	0.006195	18.7
1983	-1.099695	102.014375	0.006600	12.8
1984	-0.546064	101.985015	0.008524	11.6
1985	-0.493883	101.955678	0.007196	13.0
1986	-1.033609	101.926364	0.008462	11.6
1987	-0.910385	101.897072	0.006627	13.2
1988	-0.795362	101.867802	0.006198	10.6
1989	-0.103376	101.838555	0.006723	12.2
1990	-0.425191	101.809330	0.004303	11.7
1991	-1.072692	101.780128	0.008162	11.2
1992	-0.705218	101.750948	0.005481	11.0
1993	-1.205726	101.721790	0.009297	13.6
1994	-0.631603	101.692654	0.007141	12.1
1995	-1.245035	101.663541	0.009088	13.0
1996	-0.786311	101.634450	0.008043	10.8
1997	-0.757189	101.605381	0.006337	13.1
1998	-0.292960	101.576335	0.004042	14.3
1999	-0.436847	101.547310	0.006826	9.7
