1:ItNr	2:Metric	3:StepSize	4:||Gradient||	Time[ms]
0	-0.296210	627.201626	0.005254	468.9
1	-1.467702	623.504937	0.019596	8.5
2	-1.355322	619.865785	0.013854	8.1
3	-0.244247	616.282728	0.003659	8.4
4	-1.073694	612.754375	0.015308	11.2
5	-1.738253	609.279381	0.009847	7.6
6	-0.480101	605.856447	0.011092	8.3
7	-0.691751	602.484317	0.013157	8.2
8	-1.599165	599.161779	0.019233	8.0
9	-1.447764	595.887656	0.018597	10.2
10	-0.818499	592.660813	0.009770	9.2
11	-0.244296	589.480151	0.006355	7.7
12	-1.775714	586.344606	0.024677	7.7
13	-1.318810	583.253145	0.032131	7.8
14	-1.172758	580.204771	0.013028	9.9
15	-0.656990	577.198517	0.016111	8.4
16	-1.525167	574.233444	0.032542	8.6
17	-1.692906	571.308645	0.010899	7.8
18	-0.506266	568.423237	0.011502	8.3
19	-1.477958	565.576365	0.024028	10.9
20	-1.543941	562.767201	0.020585	9.5
21	-1.446945	559.994938	0.025974	8.3
22	-1.379356	557.258797	0.021247	7.8
23	-0.242859	554.558018	0.002753	10.1
24	-0.923921	551.891865	0.010939	8.1
25	-1.051726	549.259621	0.012720	9.5
26	-0.505637	546.660592	0.004285	8.0
27	-1.806084	544.094102	0.013691	8.3
28	-0.295230	541.559494	0.004256	10.8
29	-0.762359	539.056129	0.010932	9.1
30	-1.644920	536.583387	0.012450	8.5
31	-1.820342	534.140663	0.014616	9.2
32	-0.833319	531.727370	0.009965	12.1
33	-0.947973	529.342935	0.012190	12.2
34	-0.966483	526.986802	0.010990	10.6
35	-0.520887	524.658430	0.004641	11.5
36	-0.281303	522.357290	0.004068	8.6
37	-0.778105	520.082868	0.007251	12.6
38	-0.605182	517.834665	0.006419	8.6
39	-0.308086	515.612193	0.006519	16.1
40	-0.878237	513.414976	0.012058	10.2
41	-1.055033	511.242551	0.005069	10.1
42	-1.275003	509.094468	0.012680	8.0
43	-1.567392	506.970285	0.009891	9.9
44	-0.419427	504.869574	0.004322	9.5
45	-0.965539	502.791916	0.011478	7.8
46	-1.471855	500.736903	0.018682	8.6
47	-0.234190	498.704137	0.002012	7.4
48	-0.504638	496.693228	0.005008	12.1
49	-0.948709	494.703798	0.018851	8.8
50	-0.642700	492.735476	0.011477	8.4
51	-0.860005	490.787900	0.005904	8.0
52	-0.608082	488.860718	0.010272	10.1
53	-0.438633	486.953585	0.004214	7.6
54	-1.288720	485.066164	0.013607	8.7
55	-1.591806	483.198126	0.021960	8.4
56	-1.674694	481.349149	0.018774	7.8
57	-0.204770	479.518920	0.002345	10.9
58	-1.051608	477.707132	0.013616	7.4
59	-1.229529	475.913485	0.014040	8.3
60	-1.258125	474.137684	0.012134	8.6
61	-1.239751	472.379445	0.009168	8.1
62	-1.052893	470.638485	0.005936	10.1
63	-1.177844	468.914531	0.035161	8.4
64	-0.970031	467.207315	0.007347	8.9
65	-0.033165	465.516573	0.000630	8.4
66	-1.879065	463.842050	0.006000	8.9
67	-0.923661	462.183494	0.005757	10.5
68	-0.687419	460.540658	0.005320	8.4
69	-0.710045	458.913303	0.013434	10.9
70	-0.535098	457.301192	0.003791	9.8
71	-0.488736	455.704096	0.005249	10.0
72	-0.609129	454.121787	0.011513	8.6
73	-1.776585	452.554045	0.019639	7.8
74	-1.615651	451.000653	0.009797	8.2
75	-0.659960	449.461399	0.015989	10.4
76	-1.704067	447.936075	0.012699	9.7
77	-0.506056	446.424477	0.003819	8.0
78	-1.686949	444.926406	0.019157	7.8
79	-1.555296	443.441666	0.008421	8.7
80	-1.033229	441.970065	0.021386	10.7
81	-0.601539	440.511415	0.006924	8.6
82	-1.672455	439.065533	0.014262	8.4
83	-0.640347	437.632238	0.014935	9.4
84	-1.342519	436.211351	0.017327	10.1
85	-1.502220	434.802701	0.021013	9.9
86	-0.358246	433.406117	0.004184	7.8
87	-1.212851	432.021430	0.021260	7.9
88	-1.806124	430.648479	0.022048	9.9
89	-0.837557	429.287101	0.010556	14.2
90	-0.641519	427.937140	0.004428	12.9
91	-1.115713	426.598440	0.013938	15.3
92	-1.408559	425.270849	0.013730	14.6
93	-1.677368	423.954220	0.019355	12.1
94	-1.373534	422.648404	0.015951	8.4
95	-0.804568	421.353259	0.010296	9.8
96	-0.409262	420.068643	0.004653	8.1
97	-1.379782	418.794419	0.013466	9.0
98	-1.205558	417.530451	0.020000	8.8
99	-1.372905	416.276604	0.015535	10.2
100	-1.334533	415.032748	0.007438	9.9
101	-1.008980	413.798754	0.009552	8.4
102	-1.343357	412.574495	0.018777	7.7
103	-1.350383	411.359849	0.013205	9.4
104	-1.029597	410.154691	0.010879	10.5
105	-1.510856	408.958904	0.037140	8.9
106	-0.204254	407.772368	0.002545	7.8
107	-1.543696	406.594968	0.022277	8.6
108	-1.783743	405.426590	0.009714	10.8
109	-1.402905	404.267122	0.019597	8.7
110	-1.261805	403.116456	0.011100	7.8
111	-0.113448	401.974481	0.001992	8.8
112	-1.028945	400.841093	0.007212	8.0
113	-1.436543	399.716187	0.017375	10.4
114	-1.056860	398.599660	0.008134	6.6
115	-0.551777	397.491411	0.004029	8.8
116	-0.464913	396.391342	0.006637	7.9
117	-0.727026	395.299353	0.009026	8.2
118	-0.372110	394.215350	0.004308	9.2
119	-0.863515	393.139238	0.013907	9.4
120	-0.796503	392.070924	0.006465	7.7
121	-1.210215	391.010316	0.013258	8.5
122	-1.689785	389.957325	0.021516	8.6
123	-1.834838	388.911862	0.012590	11.7
124	-0.879596	387.873839	0.011203	9.1
125	-1.766393	386.843173	0.013467	8.2
126	-1.036422	385.819777	0.015147	8.0
127	-0.337230	384.803569	0.004289	10.2
128	-1.459985	383.794468	0.023714	7.7
129	-1.134759	382.792393	0.017883	7.6
130	-1.555568	381.797264	0.011839	9.0
131	-1.605575	380.809005	0.018297	8.1
132	-0.923682	379.827537	0.004147	9.5
133	-1.652005	378.852786	0.008685	7.4
134	-1.268421	377.884678	0.010185	9.3
135	-0.723432	376.923138	0.006641	7.8
136	-1.458532	375.968095	0.024194	8.0
137	-0.828703	375.019479	0.010427	10.3
138	-1.332452	374.077218	0.017935	8.4
139	-1.750965	373.141244	0.010982	8.3
140	-0.599093	372.211489	0.006390	7.9
141	-0.789091	371.287887	0.009746	8.2
142	-1.334781	370.370370	0.016955	10.3
143	-0.341208	369.458876	0.003363	9.4
144	-0.460163	368.553338	0.011675	8.6
145	-0.862659	367.653696	0.007454	10.7
146	-1.777714	366.759885	0.015939	15.2
147	-1.578730	365.871846	0.012031	12.9
148	-0.525261	364.989518	0.004568	15.0
149	-0.153959	364.112841	0.001854	13.6
150	-0.133581	363.241757	0.002385	9.8
151	-1.797512	362.376208	0.013039	8.5
152	-1.333744	361.516137	0.008876	7.0
153	-0.887440	360.661488	0.007512	10.1
154	-1.310384	359.812206	0.018450	10.7
155	-1.021723	358.968236	0.003103	9.2
156	-1.381313	358.129524	0.008515	8.1
157	-0.558652	357.296018	0.008011	8.0
158	-0.644895	356.467665	0.005479	10.4
159	-1.322057	355.644414	0.012239	8.2
160	-1.818042	354.826213	0.019828	7.7
161	-1.235660	354.013012	0.005896	7.3
162	-1.216848	353.204763	0.010274	8.6
163	-0.396812	352.401415	0.003448	9.7
164	-0.899005	351.602922	0.005728	7.9
165	-1.100963	350.809235	0.011142	9.4
166	-1.310356	350.020308	0.008180	7.6
167	-1.546828	349.236095	0.025556	9.0
168	-0.223874	348.456550	0.002083	12.2
169	-1.291928	347.681627	0.013757	8.4
170	-1.670993	346.911283	0.014198	9.2
171	-1.326360	346.145474	0.006768	7.4
172	-0.168575	345.384157	0.002134	10.9
173	-0.569701	344.627288	0.004937	7.6
174	-1.419725	343.874826	0.023484	8.0
175	-0.776990	343.126729	0.009452	8.1
176	-0.178594	342.382957	0.006791	8.0
177	-0.481862	341.643469	0.009573	11.2
178	-0.167113	340.908224	0.002672	8.8
179	-1.509372	340.177184	0.016435	8.9
180	-1.052252	339.450309	0.010127	8.0
181	-1.195415	338.727561	0.017644	8.1
182	-0.958085	338.008902	0.009534	12.3
183	-1.010113	337.294295	0.011954	8.5
184	-1.410428	336.583703	0.014633	7.9
185	-1.845971	335.877089	0.024176	7.8
186	-0.889966	335.174416	0.009009	10.8
187	-0.786776	334.475651	0.012370	8.8
188	-0.798944	333.780756	0.012028	8.7
189	-1.445891	333.089698	0.019047	8.4
190	-1.920319	332.402443	0.022323	9.1
191	-1.000208	331.718955	0.009235	10.4
192	-1.594554	331.039203	0.014647	8.6
193	-0.687144	330.363153	0.007361	8.7
194	-1.221536	329.690771	0.012705	7.9
195	-1.711873	329.022027	0.016590	10.1
196	-1.735948	328.356888	0.022125	8.9
197	-1.362758	327.695322	0.014145	8.3
198	-0.466222	327.037299	0.005452	7.6
199	-0.654727	326.382787	0.006081	8.1
200	-1.361346	325.731758	0.012268	10.3
201	-1.015658	325.084179	0.011478	11.2
202	-0.630512	324.440023	0.013675	13.2
203	-1.241366	323.799258	0.015268	14.3
204	-0.611574	323.161858	0.009529	15.3
205	-1.542347	322.527792	0.025321	11.9
206	-1.403506	321.897034	0.014905	8.5
207	-1.234942	321.269554	0.005391	11.9
208	-0.200148	320.645325	0.006007	10.9
209	-0.124828	320.024320	0.001479	8.5
210	-1.743011	319.406512	0.015822	9.1
211	-1.663193	318.791875	0.010667	9.3
212	-1.448931	318.180381	0.017923	9.6
213	-0.924435	317.572005	0.009682	8.1
214	-0.878657	316.966721	0.005856	8.6
215	-1.629659	316.364504	0.011911	10.5
216	-1.340121	315.765329	0.011256	9.0
217	-0.445381	315.169170	0.004679	8.4
218	-0.231349	314.576003	0.001681	9.0
219	-1.485956	313.985804	0.019020	8.3
220	-1.756254	313.398548	0.023945	10.4
221	-1.594147	312.814213	0.009165	9.9
222	-1.661963	312.232773	0.022047	8.7
223	-1.327599	311.654207	0.009068	8.4
224	-0.541277	311.078491	0.006533	13.2
225	-0.781799	310.505602	0.014431	8.7
226	-0.506900	309.935518	0.006587	7.1
227	-1.012093	309.368217	0.018072	9.4
228	-0.706262	308.803676	0.024895	12.6
229	-1.502625	308.241874	0.025377	9.2
230	-0.583122	307.682789	0.010895	8.7
231	-1.922459	307.126400	0.005767	8.8
232	-1.885889	306.572687	0.011598	13.5
233	-1.601475	306.021627	0.013806	9.2
234	-1.442345	305.473201	0.014500	8.3
235	-1.509863	304.927388	0.013460	8.8
236	-0.573952	304.384168	0.006770	11.4
237	-0.594899	303.843521	0.005881	8.0
238	-0.917701	303.305427	0.005574	9.4
239	-1.081429	302.769867	0.012347	8.3
240	-0.632240	302.236821	0.012734	10.9
241	-0.835196	301.706270	0.004083	9.3
242	-0.884401	301.178196	0.006548	8.0
243	-0.607657	300.652580	0.007581	8.1
244	-1.768082	300.129402	0.013919	7.8
245	-1.781425	299.608645	0.010795	10.6
246	-1.438177	299.090291	0.023453	8.2
247	-1.817340	298.574321	0.013982	9.5
248	-0.709481	298.060718	0.007098	8.9
249	-1.516424	297.549465	0.007970	9.9
250	-1.530311	297.040543	0.016326	9.3
251	-0.563884	296.533936	0.005098	7.2
252	-1.044938	296.029626	0.007418	8.7
253	-0.463423	295.527597	0.003928	8.0
254	-1.080140	295.027832	0.015162	11.3
255	-1.475131	294.530315	0.008935	13.4
256	-1.718564	294.035028	0.014301	13.1
257	-1.032151	293.541956	0.007359	16.6
258	-1.548878	293.051083	0.017914	16.5
259	-1.868962	292.562393	0.007367	14.5
260	-0.073083	292.075870	0.001207	13.7
261	-1.572378	291.591498	0.017557	12.8
262	-1.811513	291.109263	0.021836	10.5
263	-0.908107	290.629149	0.008952	8.1
264	-1.463428	290.151140	0.011945	10.7
265	-1.765400	289.675222	0.023922	9.3
266	-1.467550	289.201380	0.023671	9.5
267	-1.306523	288.729600	0.007063	8.5
268	-0.857117	288.259866	0.013518	11.0
269	-1.111693	287.792165	0.003963	6.8
270	-0.492929	287.326481	0.012487	10.0
271	-1.077919	286.862802	0.009676	8.7
272	-1.162286	286.401113	0.012119	9.4
273	-0.594442	285.941400	0.004022	11.0
274	-1.930768	285.483649	0.028049	9.2
275	-0.758809	285.027847	0.010245	8.9
276	-0.584516	284.573981	0.007343	9.1
277	-1.672953	284.122037	0.014222	11.0
278	-0.819389	283.672002	0.009974	9.9
279	-0.987688	283.223863	0.008739	8.6
280	-1.204941	282.777607	0.012588	9.2
281	-0.648663	282.333221	0.006801	9.4
282	-1.185369	281.890692	0.019587	11.3
283	-1.748555	281.450008	0.021223	8.1
284	-1.534441	281.011157	0.010589	8.6
285	-1.750498	280.574125	0.024514	11.9
286	-0.729809	280.138901	0.010590	8.4
287	-0.180918	279.705473	0.002284	8.8
288	-0.364760	279.273829	0.004825	8.4
289	-0.957782	278.843956	0.013029	11.7
290	-0.873672	278.415844	0.007678	10.1
291	-0.608021	277.989479	0.004957	8.8
292	-1.422556	277.564851	0.005435	8.1
293	-0.571221	277.141949	0.009284	11.7
294	-1.656033	276.720761	0.018894	8.7
295	-1.691303	276.301275	0.015495	8.2
296	-0.672117	275.883480	0.009280	8.4
297	-1.400542	275.467366	0.006103	11.1
298	-0.703765	275.052922	0.005731	8.6
299	-1.952072	274.640136	0.023897	9.4
300	-1.080814	274.228998	0.015043	8.3
301	-1.598414	273.819497	0.014790	8.1
302	-1.521612	273.411623	0.015403	12.8
303	-0.417809	273.005365	0.004509	7.4
304	-0.539282	272.600712	0.007551	8.7
305	-1.651556	272.197655	0.008920	7.7
306	-1.763850	271.796184	0.010563	11.2
307	-1.846062	271.396287	0.015279	13.8
308	-0.380864	270.997956	0.003191	11.4
309	-1.376493	270.601180	0.011094	16.4
310	-1.280852	270.205949	0.007254	17.3
311	-1.772156	269.812254	0.009955	11.4
312	-0.505097	269.420085	0.005834	10.2
313	-0.765470	269.029432	0.009605	8.4
314	-1.354740	268.640287	0.009024	10.9
315	-0.690500	268.252638	0.015667	8.2
316	-1.417465	267.866478	0.021295	9.2
317	-1.752946	267.481796	0.023166	11.0
318	-1.819746	267.098584	0.013473	8.8
319	-1.638963	266.716833	0.014702	8.7
320	-0.565846	266.336533	0.004469	6.8
321	-1.321496	265.957676	0.008353	9.5
322	-0.689270	265.580253	0.006107	8.6
323	-1.617115	265.204254	0.022434	8.2
324	-0.530213	264.829672	0.003990	9.1
325	-0.261616	264.456497	0.004107	8.1
326	-1.238377	264.084721	0.003556	10.1
327	-1.620011	263.714335	0.012257	8.9
328	-1.046467	263.345332	0.010103	8.6
329	-0.476990	262.977702	0.005863	8.7
330	-1.587597	262.611438	0.016773	11.0
331	-0.918880	262.246531	0.008160	7.7
332	-1.766169	261.882973	0.022115	8.0
333	-0.750580	261.520756	0.007263	7.6
334	-0.726126	261.159871	0.006947	8.5
335	-0.316048	260.800312	0.005011	10.9
336	-0.566565	260.442070	0.004253	9.2
337	-0.602910	260.085137	0.011420	8.7
338	-1.265458	259.729505	0.022193	8.7
339	-1.636503	259.375167	0.014312	6.9
340	-0.156697	259.022116	0.002004	12.1
341	-1.060681	258.670343	0.007298	10.3
342	-0.228729	258.319841	0.001705	9.9
343	-1.700985	257.970602	0.009089	21.4
344	-0.324360	257.622620	0.004167	18.9
345	-0.545468	257.275887	0.014879	11.0
346	-1.784194	256.930396	0.015783	16.8
347	-1.562563	256.586139	0.014298	12.5
348	-1.422001	256.243109	0.013077	13.2
349	-1.898039	255.901300	0.012158	22.8
350	-1.257461	255.560703	0.007475	25.4
351	-0.905808	255.221313	0.012961	19.1
352	-0.700700	254.883122	0.008376	15.2
353	-0.145897	254.546124	0.002058	17.4
354	-1.655274	254.210311	0.019357	20.1
355	-0.271868	253.875677	0.006092	17.4
356	-0.516623	253.542215	0.003757	17.9
357	-1.077081	253.209918	0.018032	51.5
358	-0.645894	252.878781	0.005214	16.2
359	-0.829072	252.548795	0.011538	19.9
360	-1.065644	252.219956	0.011750	12.3
361	-1.387388	251.892255	0.014472	15.2
362	-0.998229	251.565688	0.006131	11.4
363	-1.368144	251.240247	0.012875	10.0
364	-0.215706	250.915926	0.001633	10.1
365	-0.513671	250.592720	0.008357	9.9
366	-0.815896	250.270621	0.011976	14.9
367	-1.633923	249.949624	0.014151	12.2
368	-0.598013	249.629723	0.007486	8.3
369	-1.706807	249.310911	0.016549	8.7
370	-1.615912	248.993182	0.025089	11.1
371	-0.670500	248.676531	0.008623	11.6
372	-0.961236	248.360952	0.009876	9.2
373	-1.541599	248.046438	0.023142	8.6
374	-1.773864	247.732984	0.007773	9.8
375	-1.747733	247.420584	0.016303	14.0
376	-1.423473	247.109233	0.013844	12.6
377	-0.637072	246.798924	0.007214	15.6
378	-1.597016	246.489652	0.014147	8.7
379	-0.584861	246.181412	0.007784	8.7
380	-0.591888	245.874197	0.007830	8.1
381	-1.837343	245.568002	0.020666	8.8
382	-1.791103	245.262822	0.014865	11.5
383	-1.811768	244.958652	0.011087	8.6
384	-1.407546	244.655485	0.019463	8.5
385	-0.528106	244.353317	0.003134	9.0
386	-1.610426	244.052142	0.006329	10.4
387	-1.718221	243.751955	0.011829	9.2
388	-1.258960	243.452750	0.010886	10.1
389	-0.691887	243.154523	0.005604	11.4
390	-0.984838	242.857268	0.004798	14.9
391	-0.851272	242.560980	0.007400	13.3
392	-1.024055	242.265654	0.008135	13.5
393	-1.331590	241.971285	0.009996	16.4
394	-1.821312	241.677868	0.006195	13.7
395	-1.555923	241.385397	0.017869	11.8
396	-1.708440	241.093869	0.012455	11.8
397	-1.024274	240.803278	0.007583	15.1
398	-1.855492	240.513619	0.021051	15.4
399	-0.359324	240.224887	0.005001	13.9
400	-1.563027	239.937077	0.017318	13.8
401	-1.413468	239.650186	0.006573	11.4
402	-0.404860	239.364207	0.005060	9.5
403	-0.385842	239.079136	0.003622	8.7
404	-1.878611	238.794969	0.008830	8.2
405	-1.059853	238.511701	0.012007	9.0
406	-0.518680	238.229327	0.003817	12.1
407	-0.953775	237.947843	0.012857	8.5
408	-1.671202	237.667244	0.022425	8.1
409	-1.308846	237.387526	0.023451	8.2
410	-1.302282	237.108684	0.014583	9.0
411	-0.020971	236.830714	0.001175	11.0
412	-1.881546	236.553610	0.020252	10.0
413	-0.474011	236.277370	0.002899	8.6
414	-0.654594	236.001989	0.006643	8.4
415	-1.695397	235.727461	0.023370	10.6
416	-0.793908	235.453784	0.005908	8.7
417	-0.583020	235.180952	0.004967	8.1
418	-1.801281	234.908962	0.016401	7.8
419	-0.520914	234.637809	0.004510	8.0
420	-1.368217	234.367488	0.014443	10.8
421	-0.497327	234.097997	0.006046	9.4
422	-1.661212	233.829331	0.013188	8.0
423	-1.601454	233.561485	0.019196	8.4
424	-1.041752	233.294456	0.013898	7.9
425	-1.740124	233.028239	0.008509	11.0
426	-1.103104	232.762831	0.013787	9.4
427	-0.640311	232.498228	0.008505	8.1
428	-0.625115	232.234425	0.007641	8.5
429	-1.434111	231.971419	0.024918	10.7
430	-1.512326	231.709205	0.016297	9.0
431	-0.558366	231.447781	0.007475	8.1
432	-1.791910	231.187141	0.014752	8.3
433	-1.456028	230.927283	0.012166	8.0
434	-0.869442	230.668202	0.012146	11.6
435	-0.195547	230.409895	0.002828	8.7
436	-1.835076	230.152358	0.011176	10.1
437	-1.822344	229.895587	0.008438	8.5
438	-0.858554	229.639578	0.010284	11.9
439	-0.356198	229.384329	0.004227	10.1
440	-0.412457	229.129834	0.003326	7.2
441	-1.257505	228.876091	0.020823	8.1
442	-0.277536	228.623096	0.002654	10.6
443	-1.780863	228.370846	0.018108	9.7
444	-1.411783	228.119336	0.010321	13.3
445	-0.844343	227.868563	0.012774	14.1
446	-0.286528	227.618525	0.004839	19.7
447	-1.650403	227.369216	0.009757	13.1
448	-1.645634	227.120635	0.005194	17.6
449	-1.607381	226.872777	0.010177	8.1
450	-1.333386	226.625638	0.016743	11.4
451	-0.975886	226.379217	0.010330	8.5
452	-1.840494	226.133509	0.006065	9.1
453	-0.481965	225.888510	0.004616	10.4
454	-1.795846	225.644218	0.008032	8.2
455	-0.652024	225.400630	0.008681	8.6
456	-1.886228	225.157741	0.008537	7.5
457	-1.390001	224.915549	0.003605	10.0
458	-0.620140	224.674051	0.005898	7.7
459	-0.872132	224.433242	0.014802	9.9
460	-0.930951	224.193121	0.014688	7.8
461	-0.124643	223.953684	0.002314	8.4
462	-1.615260	223.714927	0.014757	13.3
463	-0.640198	223.476848	0.006451	7.5
464	-0.934614	223.239444	0.006280	9.4
465	-0.727445	223.002710	0.008908	8.8
466	-1.510146	222.766645	0.015542	14.4
467	-1.199172	222.531245	0.008767	14.2
468	-1.291000	222.296508	0.035420	16.7
469	-1.582440	222.062429	0.002395	16.5
470	-0.833510	221.829007	0.008116	18.7
471	-1.475268	221.596238	0.018937	19.0
472	-1.113710	221.364119	0.011177	17.2
473	-1.695368	221.132647	0.007756	29.6
474	-0.590909	220.901820	0.006093	24.5
475	-0.677897	220.671634	0.008977	15.4
476	-1.649428	220.442086	0.010235	20.2
477	-1.505162	220.213174	0.015262	21.6
478	-1.041695	219.984895	0.008186	14.5
479	-0.901473	219.757246	0.015874	22.7
480	-0.818547	219.530224	0.021792	16.1
481	-1.539863	219.303826	0.007936	10.3
482	-1.807246	219.078050	0.006417	29.0
483	-1.332076	218.852893	0.007529	22.9
484	-0.803894	218.628352	0.007324	15.0
485	-1.767973	218.404424	0.008954	19.7
486	-1.621377	218.181106	0.014540	21.7
487	-1.430385	217.958397	0.017741	20.0
488	-0.780994	217.736292	0.005768	17.2
489	-0.556184	217.514790	0.011743	11.9
490	-0.303355	217.293888	0.004340	15.6
491	-1.248644	217.073584	0.015961	13.4
492	-1.277164	216.853873	0.006761	10.8
493	-1.293667	216.634755	0.010685	8.3
494	-0.734498	216.416227	0.011129	8.2
495	-1.713340	216.198285	0.015537	8.2
496	-0.218568	215.980927	0.001161	10.8
497	-1.138357	215.764151	0.008804	8.4
498	-0.437672	215.547955	0.003871	8.4
499	-1.625307	215.332335	0.022004	9.2
500	-0.575692	215.117289	0.008495	10.6
501	-1.028155	214.902815	0.015259	9.5
502	-1.477899	214.688911	0.010780	7.8
503	-1.273954	214.475573	0.012211	8.5
504	-1.834558	214.262800	0.009259	8.3
505	-0.946255	214.050588	0.014593	11.5
506	-0.585725	213.838936	0.006131	8.6
507	-1.705781	213.627842	0.009706	10.1
508	-1.251387	213.417302	0.014592	8.9
509	-1.332511	213.207314	0.004625	12.5
510	-1.626260	212.997877	0.009992	9.9
511	-1.132472	212.788987	0.031683	9.1
512	-1.505774	212.580642	0.014498	8.3
513	-0.500080	212.372841	0.004838	13.9
514	-0.493009	212.165581	0.004831	7.7
515	-0.708525	211.958859	0.007826	9.0
516	-0.582607	211.752673	0.006235	9.9
517	-1.804860	211.547021	0.015193	12.4
518	-1.084966	211.341902	0.017320	9.7
519	-1.142603	211.137311	0.013653	8.9
520	-0.458246	210.933248	0.004561	10.7
521	-1.718176	210.729710	0.014175	10.6
522	-1.059833	210.526695	0.018029	8.6
523	-0.784692	210.324200	0.010123	8.8
524	-1.108778	210.122224	0.019408	8.4
525	-1.578740	209.920765	0.017426	18.0
526	-0.632408	209.719820	0.006236	19.6
527	-1.574051	209.519387	0.021150	19.1
528	-0.086029	209.319463	0.001535	20.9
529	-0.586037	209.120048	0.006795	17.5
530	-0.467223	208.921139	0.006519	15.5
531	-1.335795	208.722733	0.011143	21.2
532	-1.392332	208.524829	0.007667	11.6
533	-1.353853	208.327425	0.009947	16.2
534	-0.781782	208.130518	0.012870	19.5
535	-0.871897	207.934107	0.008254	17.2
536	-0.517030	207.738189	0.003702	11.8
537	-0.727492	207.542762	0.007555	16.2
538	-0.607911	207.347825	0.006833	16.8
539	-0.374606	207.153376	0.007973	14.7
540	-1.184678	206.959412	0.011035	17.4
541	-1.720198	206.765932	0.009563	16.5
542	-1.367689	206.572933	0.010642	14.4
543	-1.235733	206.380414	0.008735	15.4
544	-0.117120	206.188373	0.001459	12.0
545	-1.215811	205.996807	0.021471	8.2
546	-1.537444	205.805716	0.018170	11.3
547	-0.493577	205.615096	0.004223	12.8
548	-0.816050	205.424946	0.005562	9.0
549	-1.214833	205.235265	0.019668	15.4
550	-1.016676	205.046050	0.018310	12.8
551	-1.562726	204.857299	0.007975	13.3
552	-0.250720	204.669011	0.002826	10.2
553	-1.521393	204.481184	0.016562	11.3
554	-1.522104	204.293816	0.024438	11.6
555	-1.463891	204.106905	0.008087	9.4
556	-1.749357	203.920449	0.015371	9.8
557	-0.959218	203.734447	0.006145	9.3
558	-1.205914	203.548896	0.013803	11.5
559	-0.580213	203.363795	0.009260	10.2
560	-0.533736	203.179143	0.004529	8.7
561	-1.900610	202.994937	0.007672	8.1
562	-1.878352	202.811176	0.019386	12.3
563	-1.024722	202.627857	0.013899	12.6
564	-0.612849	202.444980	0.008136	14.7
565	-1.906157	202.262543	0.015377	15.9
566	-0.146092	202.080543	0.002077	12.8
567	-1.343267	201.898979	0.010420	10.0
568	-1.721966	201.717849	0.010662	8.4
569	-0.912055	201.537153	0.006502	11.1
570	-0.717302	201.356887	0.009951	7.5
571	-0.330724	201.177050	0.005600	8.9
572	-0.617484	200.997642	0.004862	6.5
573	-1.241584	200.818659	0.008923	9.8
574	-0.535539	200.640100	0.007686	9.8
575	-0.534075	200.461965	0.004911	9.5
576	-1.605281	200.284250	0.018957	7.8
577	-0.637682	200.106955	0.006569	8.1
578	-1.090604	199.930078	0.012094	7.7
579	-1.892102	199.753617	0.012274	10.4
580	-1.668620	199.577571	0.002902	8.4
581	-0.757188	199.401938	0.009765	7.6
582	-1.616549	199.226717	0.003954	7.4
583	-1.503786	199.051905	0.019976	8.2
584	-0.907486	198.877502	0.011286	11.1
585	-0.537982	198.703506	0.004706	8.1
586	-1.347005	198.529916	0.015273	9.4
587	-1.308316	198.356729	0.023786	8.7
588	-0.645939	198.183944	0.008291	8.8
589	-1.016679	198.011560	0.010121	12.0
590	-1.674363	197.839576	0.019698	8.8
591	-1.221181	197.667989	0.013315	8.8
592	-1.383612	197.496798	0.012653	8.9
593	-0.896857	197.326002	0.008493	10.9
594	-1.486517	197.155600	0.014296	8.9
595	-1.256681	196.985589	0.006327	10.6
596	-0.102029	196.815969	0.001686	10.3
597	-1.856568	196.646738	0.012114	10.2
598	-1.111892	196.477894	0.011605	9.7
599	-1.008572	196.309436	0.006920	7.1
600	-1.689290	196.141363	0.009885	9.6
601	-1.499585	195.973673	0.004541	9.1
602	-1.295654	195.806365	0.011155	8.7
603	-0.628170	195.639437	0.012571	8.4
604	-1.803372	195.472888	0.020052	9.4
605	-1.628679	195.306717	0.014112	10.7
606	-1.352995	195.140922	0.014553	7.8
607	-0.930780	194.975501	0.006223	9.5
608	-1.761080	194.810454	0.018664	9.0
609	-1.240015	194.645779	0.009339	8.6
610	-0.279369	194.481475	0.005512	13.1
611	-1.427736	194.317540	0.014064	13.5
612	-1.113438	194.153973	0.007446	24.8
613	-0.819993	193.990773	0.006687	13.5
614	-0.201823	193.827938	0.002576	18.2
615	-0.550255	193.665467	0.005906	17.4
616	-1.900683	193.503358	0.019472	17.4
617	-1.275641	193.341611	0.012960	16.2
618	-1.466943	193.180224	0.004684	21.1
619	-1.038274	193.019196	0.010790	19.8
620	-0.134993	192.858525	0.002095	17.8
621	-0.591639	192.698210	0.004556	23.1
622	-1.055203	192.538251	0.007195	12.0
623	-1.686881	192.378644	0.011345	7.3
624	-0.429776	192.219391	0.004045	9.6
625	-0.539666	192.060488	0.004593	11.6
626	-1.772676	191.901935	0.012907	7.3
627	-1.055235	191.743730	0.009278	12.5
628	-1.570482	191.585873	0.028354	7.7
629	-1.766490	191.428362	0.007819	12.2
630	-1.722940	191.271196	0.008031	8.4
631	-1.743488	191.114374	0.012568	10.1
632	-1.638046	190.957893	0.011276	8.6
633	-1.104645	190.801755	0.011889	9.0
634	-1.481375	190.645956	0.013538	10.1
635	-0.677539	190.490495	0.012465	8.7
636	-0.525632	190.335373	0.002896	8.9
637	-1.244590	190.180587	0.010953	7.8
638	-0.170240	190.026136	0.001727	12.3
639	-1.605148	189.872019	0.008378	8.8
640	-1.504323	189.718235	0.015271	8.6
641	-1.602112	189.564782	0.008856	8.0
642	-0.257009	189.411661	0.003402	10.8
643	-1.593773	189.258868	0.016940	10.5
644	-1.608552	189.106404	0.010777	8.8
645	-1.916794	188.954267	0.008456	7.7
646	-0.577898	188.802456	0.005214	8.3
647	-0.334277	188.650969	0.003092	10.4
648	-1.573598	188.499807	0.011425	10.9
649	-0.311292	188.348967	0.001948	8.3
650	-0.977379	188.198448	0.013203	9.0
651	-1.134878	188.048250	0.017000	11.2
652	-1.783559	187.898371	0.013016	9.0
653	-1.488653	187.748810	0.010855	13.0
654	-0.672337	187.599566	0.017328	12.9
655	-1.763195	187.450638	0.012619	9.4
656	-0.745013	187.302025	0.004312	10.6
657	-0.569673	187.153725	0.004577	10.0
658	-1.464074	187.005739	0.006188	12.4
659	-0.718097	186.858064	0.004480	11.6
660	-1.020595	186.710699	0.013827	9.8
661	-1.121018	186.563645	0.008963	12.6
662	-0.720054	186.416898	0.012580	17.9
663	-1.217147	186.270459	0.016327	14.3
664	-1.000627	186.124326	0.011467	17.3
665	-1.583822	185.978499	0.008261	14.6
666	-1.050799	185.832976	0.007262	14.5
667	-0.800399	185.687756	0.010926	13.4
668	-1.867214	185.542838	0.011618	10.6
669	-1.550474	185.398222	0.014783	10.3
670	-1.692652	185.253906	0.007584	9.4
671	-1.250227	185.109889	0.009064	11.2
672	-1.733054	184.966170	0.010504	11.5
673	-1.044509	184.822748	0.013936	9.4
674	-0.213711	184.679623	0.003851	9.4
675	-0.080805	184.536792	0.001772	12.6
676	-0.195338	184.394256	0.001631	11.4
677	-0.821390	184.252013	0.013441	9.2
678	-1.535741	184.110062	0.007261	10.3
679	-1.347204	183.968403	0.011249	12.2
680	-0.222415	183.827034	0.002970	9.3
681	-1.643076	183.685954	0.023514	12.0
682	-1.962921	183.545163	0.004955	9.8
683	-1.120829	183.404658	0.004801	11.8
684	-1.082505	183.264441	0.008046	11.8
685	-1.734714	183.124509	0.011878	12.3
686	-1.531257	182.984861	0.009008	13.4
687	-1.179358	182.845497	0.013326	11.9
688	-0.502073	182.706416	0.003227	12.7
689	-0.737245	182.567616	0.010656	11.6
690	-1.576549	182.429098	0.026513	14.6
691	-0.702423	182.290859	0.006991	9.1
692	-1.470883	182.152899	0.010966	10.5
693	-0.224016	182.015217	0.002239	13.4
694	-0.818991	181.877813	0.007446	8.9
695	-1.525782	181.740684	0.022797	11.5
696	-1.607476	181.603832	0.013989	11.7
697	-1.564783	181.467253	0.015576	11.9
698	-1.697526	181.330948	0.010885	11.9
699	-1.626893	181.194916	0.019099	10.0
700	-0.938583	181.059155	0.006001	9.0
701	-0.475430	180.923666	0.005959	12.4
702	-1.636938	180.788446	0.020156	9.1
703	-1.340721	180.653496	0.014375	9.7
704	-1.586501	180.518814	0.016932	10.9
705	-1.857281	180.384399	0.012462	12.6
706	-1.702849	180.250251	0.006629	16.3
707	-1.674445	180.116369	0.024378	15.5
708	-1.429352	179.982752	0.024280	21.3
709	-1.319499	179.849398	0.017602	15.8
710	-1.700639	179.716308	0.012643	9.2
711	-0.383932	179.583480	0.007478	14.2
712	-0.544554	179.450913	0.005040	11.3
713	-1.500173	179.318607	0.012750	10.8
714	-0.147011	179.186561	0.001772	10.3
715	-0.996369	179.054774	0.011603	15.1
716	-1.449417	178.923245	0.023254	11.9
717	-1.273229	178.791973	0.016644	9.3
718	-1.718663	178.660958	0.015173	9.9
719	-1.867525	178.530199	0.019047	13.3
720	-0.995459	178.399694	0.009231	9.1
721	-0.222770	178.269444	0.002686	11.4
722	-1.015468	178.139447	0.005748	10.6
723	-1.578142	178.009702	0.022804	10.7
724	-1.837653	177.880209	0.006460	9.8
725	-1.539456	177.750967	0.014211	13.8
726	-1.515799	177.621975	0.004911	8.9
727	-0.779561	177.493232	0.008319	12.7
728	-1.108309	177.364738	0.009690	11.9
729	-1.196095	177.236492	0.004377	9.3
730	-1.443574	177.108492	0.015506	10.8
731	-1.617029	176.980739	0.015274	12.5
732	-0.790402	176.853231	0.007033	9.6
733	-1.713691	176.725968	0.009566	12.2
734	-1.845876	176.598949	0.020824	10.2
735	-0.901792	176.472173	0.007781	13.5
736	-0.692511	176.345639	0.005639	8.6
737	-0.709941	176.219348	0.006279	8.7
738	-1.908543	176.093296	0.010129	8.9
739	-1.872827	175.967486	0.009910	8.3
740	-1.718809	175.841914	0.017282	10.3
741	-0.475876	175.716581	0.004108	9.3
742	-1.546487	175.591486	0.013991	8.1
743	-1.865753	175.466629	0.009032	8.2
744	-1.543459	175.342008	0.016538	11.7
745	-0.920637	175.217622	0.009756	7.0
746	-1.702417	175.093472	0.012734	9.7
747	-1.544801	174.969556	0.018372	8.1
748	-0.512442	174.845873	0.010477	8.3
749	-1.310580	174.722423	0.013182	11.3
750	-1.530084	174.599206	0.008170	10.8
751	-0.802046	174.476220	0.007099	8.8
752	-1.394738	174.353464	0.019971	12.4
753	-1.558674	174.230939	0.022192	21.9
754	-0.150563	174.108643	0.002728	22.4
755	-1.127273	173.986576	0.011268	30.2
756	-0.701361	173.864737	0.007126	20.1
757	-0.529222	173.743124	0.004415	13.2
758	-0.515639	173.621739	0.006540	16.3
759	-0.424540	173.500579	0.007276	16.7
760	-1.655106	173.379645	0.006307	9.4
761	-1.488079	173.258935	0.020319	11.4
762	-0.202294	173.138449	0.002325	15.6
763	-1.667393	173.018186	0.009842	15.4
764	-1.468889	172.898146	0.010964	11.1
765	-1.430218	172.778327	0.011218	10.4
766	-1.653636	172.658730	0.021713	13.5
767	-1.874812	172.539353	0.006918	13.3
768	-0.218146	172.420196	0.001309	12.4
769	-0.531600	172.301258	0.014065	9.3
770	-0.730818	172.182539	0.009157	9.4
771	-1.573831	172.064037	0.012804	8.8
772	-1.742014	171.945753	0.023634	11.5
773	-0.837287	171.827686	0.011509	10.0
774	-0.915912	171.709834	0.006432	7.8
775	-1.041287	171.592198	0.012627	8.8
776	-1.407074	171.474776	0.016415	11.1
777	-0.232131	171.357568	0.004244	9.9
778	-1.485754	171.240574	0.012573	8.3
779	-0.904845	171.123793	0.009468	9.3
780	-0.436589	171.007223	0.012835	11.5
781	-1.448828	170.890865	0.004339	8.2
782	-1.388499	170.774718	0.008441	10.0
783	-1.774377	170.658782	0.007474	7.7
784	-0.243661	170.543055	0.001424	10.1
785	-1.735907	170.427537	0.019789	7.9
786	-1.920185	170.312227	0.012735	10.2
787	-1.376061	170.197125	0.010342	9.1
788	-1.113732	170.082231	0.011979	9.8
789	-1.867597	169.967543	0.021466	10.2
790	-1.634418	169.853061	0.015072	8.2
791	-0.632816	169.738784	0.010940	8.7
792	-1.321682	169.624713	0.010464	7.6
793	-1.473266	169.510845	0.013770	11.7
794	-0.489954	169.397181	0.006938	11.3
795	-1.828935	169.283720	0.008504	7.7
796	-1.841809	169.170462	0.011346	8.8
797	-1.076051	169.057405	0.011871	16.4
798	-1.386693	168.944549	0.008520	10.1
799	-0.966034	168.831895	0.009672	9.0
800	-1.870701	168.719440	0.016888	15.6
801	-0.567925	168.607185	0.003881	15.8
802	-1.658988	168.495129	0.009328	10.1
803	-0.661526	168.383271	0.012117	11.7
804	-0.297959	168.271611	0.003356	11.6
805	-1.663030	168.160148	0.012766	8.0
806	-1.147228	168.048882	0.009743	9.7
807	-0.193852	167.937812	0.002735	12.6
808	-1.603486	167.826938	0.023964	8.5
809	-1.767987	167.716258	0.009422	10.8
810	-0.215891	167.605773	0.003038	8.3
811	-1.666932	167.495482	0.017391	12.3
812	-1.872723	167.385384	0.022071	9.9
813	-0.185786	167.275479	0.001139	7.5
814	-0.557928	167.165766	0.005671	10.7
815	-1.724979	167.056245	0.020809	9.1
816	-1.218368	166.946915	0.006253	11.5
817	-1.675339	166.837776	0.003687	9.4
818	-0.276547	166.728826	0.004397	10.0
819	-1.220268	166.620067	0.012272	9.4
820	-0.884377	166.511496	0.005516	8.0
821	-1.565420	166.403113	0.008075	12.2
822	-0.463400	166.294919	0.004424	10.0
823	-0.504421	166.186912	0.005335	11.5
824	-0.207243	166.079091	0.002595	14.0
825	-1.645055	165.971458	0.007721	12.9
826	-1.922669	165.864009	0.017441	10.9
827	-1.253957	165.756747	0.021373	9.5
828	-1.277079	165.649669	0.011586	12.7
829	-1.784520	165.542775	0.011510	11.0
830	-1.628185	165.436065	0.013225	14.5
831	-1.719330	165.329538	0.019696	9.8
832	-0.563548	165.223194	0.003402	11.2
833	-0.222795	165.117032	0.004243	8.3
834	-0.881290	165.011052	0.006094	15.7
835	-0.658556	164.905253	0.009813	11.4
836	-1.704139	164.799635	0.006421	9.7
837	-0.657413	164.694197	0.008398	8.7
838	-1.576951	164.588939	0.018365	12.4
839	-1.574883	164.483859	0.009619	8.9
840	-1.193593	164.378959	0.012245	11.0
841	-1.712585	164.274237	0.012002	9.5
842	-0.196781	164.169692	0.002481	9.5
843	-1.495642	164.065325	0.016190	9.3
844	-1.601848	163.961135	0.016232	8.2
845	-1.626619	163.857120	0.020875	11.1
846	-0.527177	163.753282	0.007877	14.3
847	-1.857475	163.649619	0.011230	13.6
848	-1.842356	163.546130	0.008249	13.6
849	-0.911146	163.442816	0.004861	15.2
850	-0.173187	163.339676	0.002986	11.1
851	-0.958198	163.236709	0.007162	6.4
852	-0.776670	163.133915	0.006569	10.9
853	-0.262910	163.031294	0.001558	10.2
854	-1.789601	162.928844	0.006029	8.4
855	-0.219643	162.826566	0.003669	15.3
856	-1.732935	162.724459	0.011521	9.7
857	-1.364799	162.622523	0.019296	14.7
858	-0.669605	162.520757	0.006336	9.3
859	-1.282081	162.419160	0.012287	11.9
860	-1.790019	162.317733	0.012938	9.7
861	-0.441451	162.216474	0.012384	13.9
862	-1.708367	162.115383	0.009845	13.7
863	-1.233178	162.014461	0.003952	9.9
864	-1.865170	161.913705	0.022555	9.0
865	-1.519694	161.813117	0.016420	12.0
866	-0.440770	161.712695	0.007773	13.0
867	-0.738658	161.612439	0.008028	9.5
868	-0.415530	161.512349	0.002932	8.8
869	-1.714760	161.412424	0.017896	13.8
870	-1.461940	161.312663	0.012359	9.6
871	-1.049090	161.213067	0.004092	13.0
872	-0.922319	161.113635	0.005195	9.5
873	-0.541239	161.014366	0.006163	13.6
874	-0.442490	160.915260	0.010299	9.6
875	-0.659224	160.816316	0.012107	10.1
876	-0.616642	160.717535	0.008769	10.4
877	-0.909817	160.618915	0.009771	11.4
878	-0.418531	160.520456	0.004366	9.7
879	-0.160929	160.422158	0.002902	9.2
880	-1.708171	160.324021	0.011391	8.1
881	-1.605682	160.226043	0.008417	9.4
882	-0.584687	160.128225	0.014222	10.1
883	-0.841469	160.030566	0.009946	8.0
884	-1.266548	159.933066	0.007180	10.6
885	-1.665496	159.835723	0.025183	13.0
886	-1.823109	159.738539	0.021730	10.9
887	-1.613782	159.641512	0.010894	8.1
888	-0.534996	159.544642	0.004049	10.3
889	-1.828079	159.447929	0.020245	12.0
890	-0.307212	159.351372	0.005354	12.8
891	-1.563547	159.254971	0.008985	10.1
892	-1.652066	159.158725	0.019129	8.8
893	-1.125508	159.062634	0.010160	14.9
894	-1.127406	158.966697	0.008075	15.0
895	-1.310034	158.870915	0.018716	15.5
896	-0.542967	158.775286	0.008339	17.5
897	-1.529667	158.679811	0.017101	16.9
898	-0.725155	158.584489	0.004245	12.2
899	-1.382797	158.489319	0.011558	11.8
900	-1.477430	158.394302	0.016107	9.9
901	-0.238104	158.299436	0.002477	12.1
902	-0.174289	158.204721	0.003490	12.9
903	-1.877598	158.110158	0.010462	12.9
904	-0.230500	158.015745	0.003833	9.7
905	-1.064418	157.921482	0.009435	11.3
906	-1.019506	157.827369	0.007738	14.5
907	-0.616525	157.733406	0.003314	9.6
908	-0.840564	157.639591	0.007588	9.7
909	-1.449468	157.545925	0.022978	10.4
910	-1.113874	157.452408	0.011866	12.7
911	-1.534814	157.359038	0.012374	12.1
912	-1.209407	157.265816	0.009396	9.6
913	-1.124107	157.172741	0.010623	9.5
914	-0.928938	157.079813	0.009903	13.4
915	-0.305796	156.987031	0.005369	8.0
916	-1.634449	156.894395	0.005499	10.2
917	-1.780438	156.801904	0.004154	8.6
918	-1.432148	156.709559	0.023856	9.9
919	-1.822760	156.617359	0.012238	11.0
920	-1.691799	156.525304	0.009255	8.2
921	-0.664630	156.433392	0.015122	10.1
922	-0.322457	156.341624	0.003791	10.4
923	-0.094643	156.250000	0.003184	7.4
924	-1.894042	156.158519	0.018050	9.9
925	-0.639011	156.067180	0.007997	9.6
926	-0.493220	155.975984	0.005289	10.0
927	-1.592282	155.884930	0.010740	8.7
928	-1.458729	155.794017	0.017990	9.3
929	-1.571083	155.703246	0.013986	8.2
930	-1.177291	155.612615	0.015917	7.1
931	-0.931603	155.522125	0.011471	13.7
932	-1.345927	155.431775	0.004908	8.1
933	-0.284128	155.341565	0.002920	7.9
934	-0.881994	155.251495	0.006266	8.7
935	-0.778670	155.161563	0.017762	8.4
936	-1.466554	155.071771	0.016052	11.0
937	-0.768779	154.982117	0.007990	9.3
938	-0.936839	154.892601	0.009313	9.1
939	-0.976957	154.803222	0.017351	8.0
940	-0.261173	154.713981	0.002075	8.9
941	-1.754280	154.624878	0.008086	14.0
942	-1.618959	154.535910	0.015071	13.5
943	-0.619491	154.447080	0.006008	13.8
944	-0.611026	154.358385	0.011209	18.8
945	-0.832796	154.269826	0.011073	11.8
946	-0.730723	154.181402	0.008115	12.1
947	-0.602897	154.093114	0.015963	10.1
948	-1.483698	154.004960	0.019253	10.1
949	-0.207816	153.916940	0.003564	10.7
950	-1.956388	153.829054	0.007470	12.3
951	-1.306537	153.741303	0.004550	11.5
952	-0.395229	153.653684	0.003975	9.6
953	-0.265684	153.566198	0.003199	9.0
954	-1.809293	153.478846	0.012057	11.6
955	-1.739868	153.391625	0.013004	9.1
956	-1.509725	153.304537	0.012699	10.3
957	-0.736258	153.217580	0.006708	8.5
958	-1.862716	153.130755	0.008864	9.7
959	-0.731291	153.044061	0.006645	9.6
960	-0.600729	152.957498	0.011563	8.4
961	-1.490851	152.871065	0.007755	8.2
962	-1.485926	152.784762	0.008250	7.0
963	-0.894837	152.698589	0.008376	10.1
964	-0.590081	152.612545	0.015264	8.6
965	-1.593440	152.526631	0.019885	9.2
966	-1.911315	152.440845	0.006174	8.1
967	-0.498709	152.355188	0.007092	8.5
968	-1.142601	152.269660	0.008571	13.3
969	-1.751922	152.184259	0.020152	7.8
970	-0.804559	152.098986	0.017487	9.0
971	-1.758110	152.013840	0.009904	8.2
972	-1.785480	151.928821	0.021264	11.2
973	-0.212101	151.843928	0.001507	8.0
974	-0.189757	151.759163	0.002909	10.1
975	-1.640817	151.674523	0.017812	7.3
976	-1.734318	151.590009	0.010785	9.7
977	-1.089394	151.505620	0.006783	9.7
978	-0.120263	151.421357	0.001295	8.5
979	-1.301348	151.337218	0.005015	8.2
980	-0.284398	151.253204	0.004889	7.8
981	-0.750843	151.169314	0.022498	12.8
982	-1.071436	151.085549	0.008006	9.0
983	-0.574839	151.001907	0.004718	8.0
984	-1.503615	150.918388	0.009790	8.3
985	-1.416122	150.834992	0.006915	10.7
986	-0.165606	150.751719	0.003215	10.3
987	-0.650025	150.668569	0.005448	9.5
988	-1.728473	150.585541	0.014662	8.5
989	-1.012330	150.502634	0.005240	11.1
990	-1.295344	150.419849	0.012920	9.0
991	-1.675773	150.337186	0.004585	9.1
992	-1.745246	150.254644	0.008646	8.4
993	-1.752484	150.172222	0.018221	13.0
994	-1.694825	150.089921	0.014666	13.9
995	-0.621175	150.007740	0.010759	13.7
996	-0.209922	149.925679	0.004017	15.5
997	-0.262654	149.843737	0.003226	14.0
998	-1.473597	149.761915	0.016211	9.5
999	-0.847866	149.680212	0.008530	8.3
1000	-0.921071	149.598627	0.012046	11.1
1001	-0.655852	149.517161	0.005860	10.2
1002	-1.718910	149.435814	0.014732	8.9
1003	-1.392904	149.354584	0.014290	8.2
1004	-1.517447	149.273472	0.015887	9.3
1005	-1.196328	149.192477	0.008288	10.2
1006	-1.704965	149.111599	0.013724	9.4
1007	-1.644541	149.030838	0.005196	8.6
1008	-0.247168	148.950194	0.002284	9.7
1009	-0.646595	148.869666	0.010260	9.7
1010	-1.542957	148.789253	0.007664	11.5
1011	-1.367048	148.708957	0.006758	9.5
1012	-1.349378	148.628776	0.014691	9.7
1013	-1.580945	148.548710	0.016034	10.2
1014	-1.704414	148.468759	0.006800	7.6
1015	-1.573539	148.388923	0.020745	8.4
1016	-1.053269	148.309201	0.010096	8.8
1017	-1.260218	148.229594	0.010768	11.8
1018	-1.196969	148.150100	0.015727	7.8
1019	-1.456383	148.070719	0.015804	9.0
1020	-0.979140	147.991452	0.011776	9.0
1021	-1.825214	147.912298	0.016012	10.5
1022	-0.579882	147.833257	0.005567	10.0
1023	-0.522608	147.754329	0.003340	7.9
1024	-0.636547	147.675512	0.005762	8.1
1025	-0.553336	147.596808	0.008197	9.3
1026	-0.268073	147.518216	0.002922	9.7
1027	-0.640365	147.439735	0.010645	9.9
1028	-1.707452	147.361365	0.011043	12.3
1029	-1.908110	147.283106	0.009098	11.2
1030	-0.899451	147.204958	0.006451	10.0
1031	-0.511142	147.126920	0.008817	13.4
1032	-1.225785	147.048993	0.006847	8.9
1033	-0.336044	146.971175	0.002599	9.6
1034	-1.424748	146.893468	0.012440	9.4
1035	-0.571002	146.815869	0.008403	8.9
1036	-1.074993	146.738380	0.012283	8.9
1037	-1.377923	146.661000	0.011940	8.5
1038	-1.751959	146.583729	0.016110	9.9
1039	-0.893719	146.506566	0.022928	8.7
1040	-0.768117	146.429511	0.006473	8.1
1041	-0.584968	146.352565	0.008958	8.0
1042	-0.200523	146.275726	0.001787	10.2
1043	-1.510915	146.198994	0.012113	9.6
1044	-1.320929	146.122370	0.008725	7.5
1045	-0.997197	146.045853	0.008887	8.2
1046	-0.143937	145.969442	0.001717	11.5
1047	-1.181181	145.893139	0.012152	13.8
1048	-1.780808	145.816941	0.014981	13.9
1049	-0.875438	145.740849	0.009907	14.8
1050	-1.043505	145.664863	0.004062	14.2
1051	-1.832026	145.588983	0.012870	8.5
1052	-0.292722	145.513208	0.004042	9.9
1053	-1.642868	145.437538	0.012106	10.4
1054	-1.818835	145.361973	0.012317	8.2
1055	-1.130049	145.286513	0.007656	9.5
1056	-1.416651	145.211157	0.011772	8.7
1057	-1.227281	145.135905	0.014365	8.8
1058	-1.649985	145.060757	0.006847	10.9
1059	-1.678596	144.985712	0.011769	8.6
1060	-1.679704	144.910771	0.021351	8.4
1061	-1.822685	144.835934	0.020454	8.0
1062	-0.905380	144.761199	0.004856	10.5
1063	-1.053043	144.686567	0.010209	8.6
1064	-0.812926	144.612037	0.005805	9.3
1065	-0.338845	144.537610	0.005800	9.3
1066	-1.418923	144.463285	0.011923	8.9
1067	-1.639535	144.389062	0.014060	10.8
1068	-1.148347	144.314940	0.020200	8.0
1069	-1.821821	144.240920	0.008580	8.9
1070	-1.485861	144.167001	0.009316	9.2
1071	-0.759457	144.093182	0.004426	11.4
1072	-0.628275	144.019465	0.007171	8.7
1073	-1.867134	143.945848	0.008006	8.6
1074	-1.776612	143.872331	0.013992	8.6
1075	-1.168943	143.798914	0.010739	11.2
1076	-1.691608	143.725597	0.015223	8.9
1077	-0.781165	143.652380	0.008481	8.1
1078	-1.279266	143.579262	0.008864	8.1
1079	-0.651847	143.506243	0.013864	10.8
1080	-1.108255	143.433323	0.007018	9.5
1081	-1.941000	143.360502	0.004222	8.4
1082	-1.677123	143.287780	0.012320	9.2
1083	-1.641862	143.215155	0.010124	10.6
1084	-1.676459	143.142629	0.010378	9.1
1085	-1.658970	143.070201	0.015591	9.3
1086	-0.108445	142.997870	0.001588	10.6
1087	-0.850578	142.925637	0.010091	12.6
1088	-1.100559	142.853501	0.009186	12.7
1089	-1.773231	142.781462	0.004831	9.9
1090	-1.229908	142.709519	0.005377	8.6
1091	-1.760910	142.637674	0.016826	13.5
1092	-0.956521	142.565924	0.010565	9.7
1093	-1.654032	142.494271	0.009674	11.8
1094	-1.459307	142.422714	0.009637	10.4
1095	-1.665759	142.351252	0.017329	14.4
1096	-1.751677	142.279886	0.023234	9.1
1097	-0.490395	142.208616	0.006658	10.5
1098	-0.638474	142.137440	0.006571	10.1
1099	-1.748748	142.066360	0.011028	14.5
1100	-1.067500	141.995374	0.009087	14.7
1101	-1.783157	141.924483	0.012972	14.1
1102	-1.433541	141.853685	0.016149	15.5
1103	-1.283790	141.782983	0.013762	13.9
1104	-0.507655	141.712373	0.010991	9.8
1105	-1.952594	141.641858	0.016155	9.2
1106	-1.251220	141.571436	0.011043	10.3
1107	-1.619717	141.501108	0.011066	8.7
1108	-1.629671	141.430872	0.018123	9.7
1109	-1.257253	141.360730	0.012630	8.2
1110	-1.274137	141.290680	0.007280	7.5
1111	-0.534852	141.220722	0.014721	12.0
1112	-0.135660	141.150857	0.001951	8.2
1113	-1.534874	141.081084	0.009758	8.8
1114	-1.546525	141.011403	0.018136	8.8
1115	-1.688276	140.941813	0.009182	13.8
1116	-1.119046	140.872315	0.006722	7.5
1117	-1.322606	140.802909	0.015386	10.7
1118	-1.599244	140.733593	0.009019	8.7
1119	-1.800066	140.664369	0.005205	11.4
1120	-1.749367	140.595235	0.020306	9.9
1121	-1.877200	140.526192	0.016507	8.2
1122	-0.521001	140.457239	0.003352	8.7
1123	-1.751105	140.388376	0.009547	12.6
1124	-1.549361	140.319603	0.014620	8.1
1125	-1.379084	140.250920	0.009983	9.3
1126	-0.990170	140.182326	0.007999	14.6
1127	-0.630561	140.113822	0.016011	12.9
1128	-1.812438	140.045407	0.008728	13.9
1129	-0.675520	139.977081	0.004695	16.2
1130	-1.379340	139.908844	0.012559	13.1
1131	-1.659407	139.840696	0.017457	10.4
1132	-0.592061	139.772635	0.007320	12.8
1133	-1.003474	139.704664	0.013569	11.4
1134	-1.363947	139.636780	0.010155	13.2
1135	-0.137519	139.568984	0.002049	11.6
1136	-1.526931	139.501276	0.009268	15.0
1137	-1.700925	139.433655	0.009173	8.2
1138	-1.564917	139.366122	0.011669	10.0
1139	-1.171253	139.298676	0.014560	12.6
1140	-0.918726	139.231317	0.005472	12.6
1141	-0.506403	139.164045	0.007659	30.1
1142	-0.629437	139.096859	0.009891	18.5
1143	-0.456958	139.029760	0.003569	37.2
1144	-1.152168	138.962747	0.016601	23.1
1145	-0.523396	138.895820	0.008695	21.2
1146	-0.445706	138.828978	0.008528	17.7
1147	-1.801064	138.762223	0.008384	15.9
1148	-1.719915	138.695553	0.013609	12.1
1149	-1.710110	138.628969	0.012153	11.1
1150	-0.845760	138.562469	0.005870	12.1
1151	-0.909898	138.496055	0.008250	14.2
1152	-1.779534	138.429725	0.009117	17.4
1153	-1.639361	138.363481	0.012817	18.0
1154	-1.440888	138.297320	0.016460	26.4
1155	-0.560592	138.231244	0.006376	17.5
1156	-0.251682	138.165252	0.002943	16.8
1157	-1.818960	138.099344	0.012501	15.1
1158	-1.861422	138.033520	0.012618	10.9
1159	-0.562242	137.967779	0.005058	10.4
1160	-1.400238	137.902122	0.006796	20.3
1161	-1.598083	137.836548	0.009112	17.1
1162	-1.226405	137.771057	0.023755	12.8
1163	-1.862023	137.705649	0.010718	15.3
1164	-0.380751	137.640324	0.002913	12.3
1165	-1.821065	137.575081	0.014751	16.5
1166	-1.815289	137.509921	0.005608	16.1
1167	-0.153777	137.444842	0.001495	11.5
1168	-0.114504	137.379846	0.001586	8.7
1169	-1.789355	137.314932	0.024068	10.1
1170	-1.190558	137.250100	0.007758	12.8
1171	-1.359967	137.185349	0.035711	9.5
1172	-1.372682	137.120680	0.010336	10.1
1173	-1.607545	137.056092	0.011224	8.5
1174	-1.176111	136.991585	0.010554	13.0
1175	-1.561815	136.927158	0.017305	10.6
1176	-1.967971	136.862813	0.017804	8.6
1177	-0.726015	136.798548	0.011246	9.5
1178	-1.663837	136.734363	0.021062	9.9
1179	-1.662716	136.670259	0.007918	9.4
1180	-0.259004	136.606235	0.001900	9.6
1181	-0.607881	136.542291	0.005274	9.9
1182	-0.894269	136.478426	0.002664	10.3
1183	-1.598246	136.414641	0.017053	8.8
1184	-1.856801	136.350936	0.011352	10.0
1185	-1.409770	136.287310	0.018268	8.4
1186	-0.550851	136.223763	0.006949	9.4
1187	-0.206561	136.160295	0.001666	10.5
1188	-1.888935	136.096905	0.014071	8.0
1189	-0.658959	136.033594	0.006350	8.7
1190	-0.423519	135.970362	0.006229	9.2
1191	-1.105160	135.907208	0.007962	10.3
1192	-0.373809	135.844133	0.005668	9.3
1193	-1.736520	135.781135	0.007876	11.1
1194	-1.658258	135.718215	0.012523	11.0
1195	-0.243629	135.655373	0.002575	11.1
1196	-1.306354	135.592608	0.012437	11.2
1197	-1.502435	135.529921	0.016143	9.4
1198	-0.364735	135.467311	0.004484	13.9
1199	-0.113751	135.404778	0.002404	9.6
1200	-0.966729	135.342322	0.007924	9.2
1201	-1.561081	135.279942	0.019290	10.3
1202	-0.506270	135.217640	0.005331	19.1
1203	-0.613842	135.155413	0.012219	12.9
1204	-0.963676	135.093263	0.011372	10.5
1205	-0.374849	135.031190	0.003692	10.4
1206	-1.392392	134.969192	0.010977	13.6
1207	-0.568192	134.907270	0.005724	16.4
1208	-1.426042	134.845424	0.007158	15.4
1209	-1.844768	134.783653	0.012124	10.9
1210	-1.518005	134.721958	0.016035	9.1
1211	-0.538064	134.660338	0.004643	9.3
1212	-0.725667	134.598793	0.006195	9.5
1213	-1.354062	134.537323	0.008325	8.6
1214	-1.668249	134.475927	0.016116	10.2
1215	-1.593392	134.414607	0.017142	8.7
1216	-1.541813	134.353361	0.011425	10.1
1217	-1.403649	134.292189	0.009739	9.1
1218	-0.596847	134.231092	0.006759	9.4
1219	-1.545454	134.170068	0.008896	9.2
1220	-1.430855	134.109119	0.007564	10.8
1221	-0.598788	134.048243	0.004630	12.5
1222	-0.289525	133.987441	0.005072	8.9
1223	-0.841776	133.926713	0.011258	9.5
1224	-1.212549	133.866057	0.016364	11.7
1225	-1.661323	133.805475	0.026441	9.1
1226	-1.215200	133.744966	0.007268	11.1
1227	-1.515627	133.684530	0.009925	8.4
1228	-1.496693	133.624167	0.003722	10.8
1229	-0.853941	133.563877	0.005749	23.5
1230	-0.740145	133.503658	0.004300	31.8
1231	-0.953985	133.443513	0.017127	12.9
1232	-0.188929	133.383439	0.001199	10.0
1233	-1.284058	133.323437	0.012136	16.2
1234	-1.487608	133.263508	0.008274	9.3
1235	-1.743652	133.203650	0.011165	12.5
1236	-1.701882	133.143864	0.009046	11.7
1237	-1.803564	133.084149	0.020042	11.7
1238	-1.017800	133.024506	0.010000	8.5
1239	-0.316422	132.964934	0.005371	10.6
1240	-0.838248	132.905433	0.013622	8.9
1241	-1.368635	132.846003	0.008463	10.1
1242	-0.929218	132.786643	0.006741	8.8
1243	-0.297603	132.727355	0.004066	7.9
1244	-1.297821	132.668137	0.016349	8.6
1245	-1.765931	132.608989	0.008714	9.8
1246	-0.601304	132.549912	0.007421	9.3
1247	-1.256577	132.490904	0.005532	8.7
1248	-0.800043	132.431967	0.006761	8.0
1249	-1.832285	132.373100	0.008298	9.2
1250	-1.353542	132.314302	0.009844	13.7
1251	-1.051552	132.255574	0.010793	13.2
1252	-1.831685	132.196916	0.020204	16.3
1253	-1.403719	132.138326	0.013336	13.8
1254	-1.771204	132.079806	0.005225	9.9
1255	-1.513354	132.021355	0.015803	8.7
1256	-1.232312	131.962973	0.014182	10.3
1257	-1.723757	131.904660	0.011070	8.1
1258	-1.750031	131.846415	0.007391	9.6
1259	-1.068738	131.788239	0.016011	7.6
1260	-1.423801	131.730131	0.012727	8.5
1261	-0.990746	131.672092	0.011591	12.1
1262	-0.727945	131.614121	0.008734	10.8
1263	-1.214903	131.556217	0.007157	8.4
1264	-1.100235	131.498382	0.018071	8.0
1265	-0.642385	131.440614	0.009180	11.4
1266	-0.682842	131.382914	0.007818	8.7
1267	-1.823378	131.325282	0.007383	9.0
1268	-0.928019	131.267717	0.009536	13.1
1269	-1.550537	131.210219	0.019454	12.3
1270	-1.005619	131.152788	0.011592	9.1
1271	-0.131435	131.095424	0.002086	8.8
1272	-1.505292	131.038127	0.010066	9.1
1273	-1.608161	130.980897	0.010313	9.9
1274	-1.384025	130.923733	0.017055	8.0
1275	-1.512991	130.866636	0.018530	8.7
1276	-1.163142	130.809605	0.006122	9.0
1277	-1.482721	130.752641	0.018181	10.1
1278	-1.811071	130.695742	0.014852	8.2
1279	-0.581155	130.638910	0.012644	9.7
1280	-1.791736	130.582143	0.010002	7.8
1281	-1.688089	130.525442	0.017867	10.5
1282	-1.793706	130.468807	0.012285	9.4
1283	-1.763291	130.412237	0.020426	8.6
1284	-1.029697	130.355733	0.011531	10.3
1285	-1.652411	130.299294	0.014243	8.7
1286	-0.775904	130.242920	0.005315	10.1
1287	-1.058245	130.186611	0.008209	8.2
1288	-0.768368	130.130366	0.008964	9.6
1289	-1.847402	130.074187	0.009199	7.9
1290	-0.310210	130.018072	0.005613	10.4
1291	-0.685689	129.962022	0.008835	10.3
1292	-0.987252	129.906036	0.011104	12.9
1293	-0.524295	129.850114	0.003626	10.7
1294	-1.129839	129.794257	0.009334	11.4
1295	-0.987275	129.738463	0.013207	8.8
1296	-1.106466	129.682734	0.007787	10.0
1297	-1.801773	129.627068	0.027709	11.1
1298	-0.764303	129.571466	0.009604	7.6
1299	-0.541635	129.515927	0.006743	9.4
1300	-1.664208	129.460452	0.008496	7.5
1301	-0.334174	129.405040	0.003172	7.8
1302	-1.770571	129.349692	0.010070	12.6
1303	-0.712387	129.294406	0.005452	12.8
1304	-0.626535	129.239183	0.006200	13.2
1305	-1.124721	129.184024	0.011032	16.4
1306	-0.430806	129.128927	0.003226	14.8
1307	-1.316905	129.073892	0.005731	10.6
1308	-1.086551	129.018921	0.011417	11.7
1309	-1.774443	128.964011	0.024042	9.6
1310	-1.034670	128.909164	0.017304	9.3
1311	-0.528361	128.854379	0.019135	12.0
1312	-1.383448	128.799656	0.020169	12.0
1313	-0.795713	128.744995	0.003913	10.4
1314	-1.788026	128.690396	0.007684	10.9
1315	-1.798418	128.635858	0.012074	10.3
1316	-1.225202	128.581382	0.014123	14.4
1317	-1.498789	128.526968	0.012214	16.6
1318	-1.706213	128.472615	0.007294	16.8
1319	-1.360575	128.418323	0.009257	15.6
1320	-1.030688	128.364092	0.009299	11.5
1321	-0.026724	128.309922	0.000895	23.2
1322	-1.599769	128.255814	0.024146	21.7
1323	-0.636898	128.201766	0.008960	30.8
1324	-1.742108	128.147778	0.013601	26.7
1325	-0.806060	128.093852	0.009983	18.1
1326	-1.904605	128.039985	0.015578	14.9
1327	-1.022585	127.986180	0.005997	9.2
1328	-1.629562	127.932434	0.009531	13.3
1329	-0.520855	127.878749	0.005981	13.8
1330	-0.413913	127.825123	0.003576	12.0
1331	-0.824044	127.771558	0.008964	9.3
1332	-0.792685	127.718052	0.012595	13.9
1333	-0.748375	127.664606	0.007542	11.2
1334	-1.297447	127.611220	0.008581	8.8
1335	-1.775805	127.557893	0.014527	12.3
1336	-1.921361	127.504625	0.010045	16.9
1337	-1.187146	127.451417	0.010065	23.2
1338	-1.279981	127.398268	0.012278	23.8
1339	-1.722460	127.345178	0.010222	21.7
1340	-0.321707	127.292147	0.003940	28.2
1341	-0.663938	127.239175	0.008666	49.6
1342	-1.785052	127.186261	0.008459	24.2
1343	-0.667386	127.133407	0.005539	17.3
1344	-0.804001	127.080610	0.010331	13.4
1345	-1.256239	127.027872	0.004818	20.5
1346	-1.430540	126.975193	0.014397	14.3
1347	-1.844666	126.922572	0.011209	14.5
1348	-1.528070	126.870008	0.006497	17.2
1349	-0.516203	126.817503	0.009262	18.2
1350	-1.517694	126.765056	0.010381	9.1
1351	-0.226865	126.712667	0.004163	11.5
1352	-1.647483	126.660335	0.015938	9.8
1353	-1.638046	126.608061	0.012641	12.1
1354	-0.947963	126.555844	0.008059	9.4
1355	-0.515793	126.503685	0.008726	11.4
1356	-0.655100	126.451583	0.015567	15.1
1357	-0.507180	126.399538	0.004205	20.3
1358	-1.156471	126.347550	0.010416	19.6
1359	-1.555646	126.295619	0.013850	14.0
1360	-1.832363	126.243745	0.009153	14.0
1361	-0.100825	126.191928	0.000502	16.0
1362	-0.519019	126.140168	0.004492	11.3
1363	-1.245084	126.088464	0.022661	18.2
1364	-0.894091	126.036817	0.004991	29.7
1365	-1.452827	125.985226	0.018560	14.2
1366	-1.720904	125.933691	0.024885	22.4
1367	-1.142529	125.882212	0.014159	16.1
1368	-0.525447	125.830790	0.004395	15.0
1369	-1.569552	125.779423	0.020960	13.1
1370	-1.632590	125.728113	0.007605	14.8
1371	-1.451572	125.676858	0.010335	12.3
1372	-0.204612	125.625659	0.002625	16.9
1373	-1.145212	125.574515	0.015945	14.5
1374	-0.283420	125.523427	0.004391	13.8
1375	-0.380467	125.472394	0.003559	15.4
1376	-1.178333	125.421417	0.026641	13.5
1377	-0.801018	125.370495	0.010937	12.8
1378	-1.523835	125.319628	0.020485	13.8
1379	-0.680204	125.268815	0.011428	11.0
1380	-0.255490	125.218058	0.003448	8.2
1381	-1.420368	125.167356	0.010937	8.8
1382	-1.221168	125.116708	0.020295	10.7
1383	-1.853674	125.066115	0.008471	10.9
1384	-1.239204	125.015576	0.006376	10.8
1385	-1.156124	124.965092	0.007047	10.0
1386	-1.320960	124.914662	0.011663	12.3
1387	-1.505586	124.864287	0.017311	10.4
1388	-1.669378	124.813965	0.021279	10.2
1389	-0.974779	124.763698	0.007709	11.5
1390	-1.482042	124.713485	0.012716	14.1
1391	-1.360032	124.663325	0.006787	9.5
1392	-0.562461	124.613219	0.005101	11.5
1393	-1.792463	124.563167	0.007036	10.2
1394	-1.291656	124.513168	0.017788	11.9
1395	-0.589820	124.463223	0.007060	12.8
1396	-1.604753	124.413332	0.033582	10.7
1397	-0.452375	124.363493	0.002909	8.9
1398	-0.865811	124.313708	0.005958	13.3
1399	-0.550672	124.263976	0.007956	12.6
1400	-0.429828	124.214297	0.003552	8.8
1401	-0.478947	124.164671	0.007189	11.3
1402	-1.778820	124.115097	0.014291	14.3
1403	-0.900467	124.065577	0.009537	10.6
1404	-1.339676	124.016109	0.016963	9.3
1405	-0.516985	123.966693	0.006602	13.9
1406	-1.300889	123.917330	0.008754	12.2
1407	-0.661077	123.868020	0.012403	8.6
1408	-0.978348	123.818762	0.015856	10.5
1409	-1.510513	123.769556	0.030759	12.1
1410	-1.044858	123.720402	0.010786	9.0
1411	-0.769943	123.671300	0.013115	9.4
1412	-1.038034	123.622250	0.010721	9.1
1413	-0.527791	123.573252	0.009123	10.8
1414	-1.443663	123.524305	0.018560	10.1
1415	-0.559102	123.475411	0.005434	9.5
1416	-1.668493	123.426568	0.018411	21.1
1417	-1.807253	123.377776	0.010026	12.7
1418	-1.726886	123.329036	0.009050	14.3
1419	-0.843975	123.280347	0.014182	15.6
1420	-0.677650	123.231709	0.004158	12.1
1421	-1.877751	123.183122	0.010114	12.6
1422	-0.426086	123.134587	0.005333	17.1
1423	-0.706095	123.086102	0.009403	13.1
1424	-0.455393	123.037669	0.006560	13.4
1425	-1.734099	122.989286	0.007895	12.3
1426	-1.835038	122.940954	0.004886	12.0
1427	-1.618954	122.892672	0.004628	10.0
1428	-1.775401	122.844441	0.014482	10.9
1429	-0.633464	122.796261	0.010511	11.1
1430	-0.962283	122.748130	0.010104	8.3
1431	-1.664816	122.700050	0.014496	9.9
1432	-1.646142	122.652021	0.009244	8.9
1433	-0.648024	122.604041	0.012222	9.4
1434	-0.513324	122.556111	0.005514	10.6
1435	-1.876296	122.508232	0.007188	9.4
1436	-1.837402	122.460402	0.010416	10.0
1437	-0.101281	122.412622	0.001796	10.1
1438	-0.847172	122.364891	0.004674	11.5
1439	-0.359718	122.317210	0.003460	12.1
1440	-0.611522	122.269579	0.005346	9.0
1441	-1.570504	122.221997	0.013339	12.3
1442	-1.268471	122.174465	0.010793	11.8
1443	-0.032581	122.126981	0.000866	11.2
1444	-0.569346	122.079547	0.003881	15.3
1445	-1.862192	122.032162	0.012751	8.8
1446	-1.492470	121.984826	0.020296	8.4
1447	-0.496342	121.937539	0.008092	9.5
1448	-0.604951	121.890301	0.006771	9.1
1449	-0.233586	121.843112	0.003667	10.2
1450	-0.845586	121.795971	0.004853	9.1
1451	-0.790532	121.748879	0.008534	8.8
1452	-1.118355	121.701835	0.011291	9.5
1453	-1.240489	121.654840	0.009482	12.4
1454	-1.221195	121.607893	0.004940	8.9
1455	-1.868960	121.560994	0.008517	8.1
1456	-0.428486	121.514144	0.013248	8.3
1457	-1.631710	121.467342	0.016922	10.0
1458	-1.213047	121.420588	0.012208	8.8
1459	-1.427346	121.373882	0.013019	9.7
1460	-0.828288	121.327223	0.008868	10.9
1461	-1.269266	121.280613	0.016053	13.8
1462	-1.169328	121.234050	0.010368	13.6
1463	-1.776259	121.187535	0.017736	12.4
1464	-0.211246	121.141067	0.001920	14.7
1465	-0.621068	121.094647	0.009940	14.5
1466	-0.535877	121.048274	0.005063	12.2
1467	-1.264052	121.001949	0.012321	14.3
1468	-0.989713	120.955671	0.009121	20.5
1469	-1.346141	120.909440	0.011764	17.6
1470	-0.522520	120.863256	0.004221	13.3
1471	-0.168530	120.817119	0.003425	10.9
1472	-0.174140	120.771029	0.002132	14.5
1473	-1.453905	120.724986	0.005588	12.2
1474	-0.681062	120.678990	0.010781	9.4
1475	-0.946382	120.633040	0.012036	7.9
1476	-0.750168	120.587137	0.006673	10.1
1477	-1.535956	120.541281	0.017285	8.1
1478	-1.898795	120.495471	0.006758	10.0
1479	-1.947098	120.449707	0.009002	8.7
1480	-1.715502	120.403990	0.021077	8.2
1481	-1.606517	120.358319	0.008195	10.3
1482	-0.493036	120.312694	0.005680	9.3
1483	-1.798854	120.267115	0.008362	8.3
1484	-0.288259	120.221582	0.003821	7.7
1485	-0.801748	120.176096	0.005737	10.0
1486	-0.941711	120.130655	0.005785	8.9
1487	-1.429194	120.085260	0.013754	9.2
1488	-0.185928	120.039910	0.002396	9.0
1489	-1.422807	119.994606	0.013605	8.7
1490	-0.722357	119.949348	0.012679	9.4
1491	-1.597495	119.904135	0.014174	8.9
1492	-1.222529	119.858968	0.004910	7.8
1493	-1.014502	119.813846	0.011527	7.9
1494	-0.585953	119.768769	0.007127	10.6
1495	-1.688158	119.723738	0.011644	8.4
1496	-1.599837	119.678752	0.017349	7.6
1497	-0.857606	119.633810	0.007561	7.8
1498	-1.101737	119.588914	0.012008	8.8
1499	-1.838731	119.544062	0.028456	10.1
1500	-1.658255	119.499256	0.013194	8.8
1501	-1.349292	119.454494	0.005772	8.2
1502	-0.211848	119.409777	0.002208	7.9
1503	-0.751960	119.365104	0.007771	8.6
1504	-0.235675	119.320476	0.005024	10.4
1505	-0.519477	119.275893	0.009354	8.5
1506	-0.545007	119.231353	0.002802	8.9
1507	-0.524723	119.186859	0.008122	7.9
1508	-1.253377	119.142408	0.015400	8.2
1509	-0.849313	119.098002	0.007673	13.3
1510	-0.706962	119.053639	0.005225	8.7
1511	-0.422995	119.009321	0.005811	8.2
1512	-0.298066	118.965047	0.003648	7.8
1513	-0.570853	118.920816	0.005181	10.7
1514	-0.755526	118.876630	0.008351	10.8
1515	-1.495714	118.832487	0.013746	13.8
1516	-0.628300	118.788388	0.009215	14.5
1517	-0.663335	118.744332	0.012978	15.1
1518	-1.841049	118.700320	0.007570	13.1
1519	-1.346820	118.656352	0.012909	14.3
1520	-1.916705	118.612427	0.010750	14.0
1521	-0.850426	118.568545	0.009005	9.2
1522	-0.480691	118.524706	0.005463	9.9
1523	-1.882004	118.480911	0.023898	10.2
1524	-1.719629	118.437159	0.009216	10.3
1525	-1.808644	118.393450	0.009690	8.8
1526	-1.765747	118.349784	0.015049	9.2
1527	-1.881346	118.306160	0.004727	9.7
1528	-1.959171	118.262580	0.007742	10.3
1529	-1.679455	118.219042	0.012608	12.8
1530	-1.899046	118.175548	0.018010	10.8
1531	-1.640078	118.132095	0.012887	15.9
1532	-1.556281	118.088686	0.016690	10.6
1533	-1.725439	118.045319	0.012727	11.3
1534	-1.804977	118.001994	0.019998	13.3
1535	-1.215113	117.958712	0.004303	8.6
1536	-1.703160	117.915472	0.019223	11.1
1537	-1.710653	117.872274	0.019440	12.4
1538	-1.056614	117.829118	0.010108	10.6
1539	-1.832577	117.786005	0.020298	12.4
1540	-1.197819	117.742933	0.011504	9.4
1541	-1.752519	117.699904	0.021076	9.0
1542	-1.852008	117.656916	0.015326	12.9
1543	-1.785478	117.613971	0.019507	9.3
1544	-1.732679	117.571067	0.018931	8.5
1545	-1.766016	117.528205	0.009982	9.0
1546	-1.386059	117.485384	0.009845	7.0
1547	-0.852925	117.442605	0.008726	10.6
1548	-1.338673	117.399867	0.015410	8.1
1549	-0.459796	117.357171	0.007060	8.9
1550	-0.563712	117.314517	0.009834	7.6
1551	-1.535784	117.271903	0.013141	10.9
1552	-0.183102	117.229331	0.003485	9.3
1553	-0.596881	117.186800	0.006214	7.9
1554	-1.660922	117.144311	0.005354	7.5
1555	-0.432075	117.101862	0.004083	6.2
1556	-1.380516	117.059454	0.007737	10.9
1557	-1.722386	117.017087	0.021632	10.2
1558	-0.709572	116.974762	0.010473	8.9
1559	-0.742776	116.932476	0.007918	8.9
1560	-0.244191	116.890232	0.003605	9.9
1561	-1.818067	116.848028	0.004572	12.6
1562	-1.687565	116.805865	0.010262	10.8
1563	-1.559629	116.763743	0.016165	10.4
1564	-1.755651	116.721661	0.019252	15.3
1565	-1.592141	116.679619	0.011238	13.6
1566	-0.488202	116.637618	0.008111	10.8
1567	-0.860319	116.595657	0.005032	14.2
1568	-1.721338	116.553736	0.015507	10.6
1569	-1.652894	116.511855	0.006969	11.4
1570	-1.593905	116.470015	0.019578	16.0
1571	-0.986303	116.428214	0.010861	11.2
1572	-1.097028	116.386454	0.015779	16.3
1573	-1.487017	116.344733	0.005643	16.4
1574	-1.209363	116.303052	0.011157	21.5
1575	-1.748842	116.261412	0.018001	23.5
1576	-1.008421	116.219810	0.010577	14.8
1577	-1.752177	116.178249	0.014285	14.5
1578	-0.881489	116.136727	0.006061	16.8
1579	-0.754514	116.095245	0.006959	21.7
1580	-1.362138	116.053802	0.011129	24.4
1581	-1.867558	116.012398	0.012972	21.0
1582	-1.374500	115.971034	0.011014	18.0
1583	-1.724665	115.929710	0.007937	18.5
1584	-1.522644	115.888424	0.008597	27.4
1585	-1.776298	115.847178	0.006253	18.3
1586	-1.829971	115.805970	0.009014	22.9
1587	-0.629878	115.764802	0.006987	17.1
1588	-1.087929	115.723673	0.008279	14.8
1589	-0.618567	115.682583	0.009023	21.5
1590	-1.225014	115.641532	0.005950	18.3
1591	-1.132533	115.600519	0.011692	18.9
1592	-1.161427	115.559546	0.013990	15.6
1593	-0.290925	115.518610	0.004310	20.0
1594	-0.883482	115.477714	0.010519	24.6
1595	-1.902058	115.436856	0.017550	39.7
1596	-0.458491	115.396037	0.005232	19.1
1597	-0.427015	115.355256	0.003942	11.6
1598	-1.159498	115.314514	0.009055	13.3
1599	-1.786761	115.273810	0.005323	14.1
1600	-0.630219	115.233144	0.008385	8.6
1601	-0.700321	115.192517	0.004787	10.0
1602	-1.415835	115.151927	0.013177	21.1
1603	-1.000837	115.111376	0.007594	12.0
1604	-1.709507	115.070863	0.016941	10.2
1605	-1.448666	115.030388	0.020599	76.2
1606	-0.265445	114.989951	0.002875	32.7
1607	-0.771633	114.949551	0.005268	18.5
1608	-1.839517	114.909190	0.015042	19.8
1609	-1.382671	114.868866	0.007245	19.3
1610	-1.903422	114.828580	0.006352	14.4
1611	-0.817131	114.788332	0.006293	15.6
1612	-1.671269	114.748121	0.016586	19.4
1613	-1.672957	114.707948	0.018941	18.3
1614	-1.498556	114.667812	0.012367	14.5
1615	-0.880873	114.627714	0.011697	14.0
1616	-1.636764	114.587653	0.012604	20.2
1617	-0.584971	114.547629	0.005827	15.7
1618	-0.239689	114.507643	0.003792	14.1
1619	-1.553678	114.467693	0.035713	16.8
1620	-0.142706	114.427781	0.002769	13.7
1621	-0.290659	114.387907	0.002526	14.9
1622	-1.885452	114.348069	0.007460	15.2
1623	-0.506741	114.308268	0.005733	14.1
1624	-1.322458	114.268504	0.006558	13.7
1625	-0.875210	114.228777	0.007206	14.2
1626	-0.679704	114.189086	0.018296	13.5
1627	-1.440891	114.149433	0.017681	11.4
1628	-1.434221	114.109816	0.009529	10.9
1629	-1.332923	114.070235	0.006272	15.3
1630	-1.729419	114.030692	0.010910	13.5
1631	-0.765641	113.991185	0.007416	16.8
1632	-1.399830	113.951714	0.010002	9.9
1633	-0.339270	113.912280	0.003518	11.6
1634	-1.852105	113.872882	0.017142	9.6
1635	-1.184500	113.833521	0.008991	13.3
1636	-0.932447	113.794195	0.004276	10.3
1637	-1.830035	113.754906	0.014577	8.8
1638	-1.171095	113.715653	0.008996	8.4
1639	-1.022185	113.676437	0.009365	12.3
1640	-1.808780	113.637256	0.010456	12.2
1641	-1.328533	113.598111	0.020055	17.8
1642	-1.431186	113.559002	0.019917	20.9
1643	-1.139021	113.519929	0.007272	20.8
1644	-0.183459	113.480892	0.002009	25.6
1645	-0.767097	113.441891	0.015198	17.7
1646	-0.258771	113.402925	0.003884	13.1
1647	-1.379479	113.363995	0.005218	19.4
1648	-0.324961	113.325101	0.005855	19.4
1649	-1.926225	113.286242	0.006293	23.6
1650	-1.837304	113.247419	0.013872	17.6
1651	-1.617797	113.208631	0.013030	21.8
1652	-0.714211	113.169879	0.006710	19.4
1653	-0.528627	113.131162	0.009318	8.9
1654	-1.624674	113.092480	0.011575	17.3
1655	-0.687743	113.053833	0.007906	18.3
1656	-1.859271	113.015222	0.009195	22.4
1657	-0.551075	112.976646	0.008133	13.6
1658	-1.000198	112.938105	0.004218	23.8
1659	-1.630362	112.899599	0.018302	16.0
1660	-1.861076	112.861128	0.011867	19.4
1661	-0.915137	112.822692	0.006817	22.4
1662	-1.243274	112.784291	0.009282	17.7
1663	-0.333666	112.745924	0.005248	12.7
1664	-1.857935	112.707593	0.018014	16.9
1665	-1.796333	112.669296	0.010538	11.4
1666	-1.635094	112.631034	0.009152	14.3
1667	-1.823204	112.592806	0.006598	13.9
1668	-1.003790	112.554613	0.022910	14.7
1669	-1.590779	112.516455	0.017359	15.4
1670	-1.777056	112.478331	0.006164	8.8
1671	-0.277995	112.440241	0.002962	9.8
1672	-0.960332	112.402186	0.012987	9.9
1673	-1.456114	112.364165	0.010012	12.7
1674	-0.447323	112.326179	0.004725	15.9
1675	-1.745684	112.288227	0.015408	14.0
1676	-1.886196	112.250309	0.019297	11.6
1677	-1.004045	112.212425	0.010589	11.7
1678	-1.903059	112.174575	0.021392	11.0
1679	-1.730667	112.136759	0.005566	8.0
1680	-1.255822	112.098977	0.013073	7.8
1681	-0.900197	112.061229	0.008244	9.3
1682	-0.656528	112.023515	0.009588	10.8
1683	-1.237055	111.985834	0.017257	10.2
1684	-1.060567	111.948188	0.011026	9.2
1685	-0.278797	111.910575	0.003499	8.7
1686	-1.558978	111.872996	0.015305	10.3
1687	-1.707180	111.835450	0.016848	9.6
1688	-1.443490	111.797939	0.011186	13.3
1689	-1.848298	111.760460	0.009606	17.2
1690	-0.449934	111.723015	0.007031	14.7
1691	-1.626179	111.685604	0.007131	13.1
1692	-1.458237	111.648226	0.015249	18.6
1693	-0.731552	111.610881	0.007488	14.5
1694	-0.176122	111.573570	0.002970	16.0
1695	-1.293235	111.536292	0.010144	16.9
1696	-1.333885	111.499047	0.013486	16.4
1697	-1.472454	111.461835	0.028400	14.2
1698	-1.574353	111.424656	0.018146	16.6
1699	-1.690563	111.387510	0.019022	13.7
1700	-1.510117	111.350398	0.012329	8.0
1701	-1.276418	111.313318	0.007750	9.1
1702	-1.534074	111.276271	0.007400	11.4
1703	-0.325119	111.239257	0.004002	7.9
1704	-1.195469	111.202276	0.017131	9.7
1705	-1.350560	111.165328	0.011838	8.4
1706	-1.910761	111.128412	0.016096	8.4
1707	-1.795965	111.091529	0.011392	10.3
1708	-1.202444	111.054679	0.008226	9.0
1709	-1.598939	111.017861	0.019677	8.7
1710	-0.608572	110.981076	0.012148	7.9
1711	-1.948730	110.944323	0.016283	10.3
1712	-1.510283	110.907603	0.010881	8.5
1713	-0.462543	110.870915	0.004437	9.0
1714	-0.282779	110.834259	0.001812	7.9
1715	-1.666436	110.797636	0.013843	14.5
1716	-0.590889	110.761045	0.004419	12.2
1717	-1.883305	110.724486	0.009458	12.4
1718	-1.886912	110.687959	0.014180	15.0
1719	-1.296414	110.651465	0.007235	10.7
1720	-1.417376	110.615002	0.007797	13.5
1721	-0.705697	110.578572	0.012079	8.0
1722	-1.980789	110.542173	0.010413	9.9
1723	-0.918764	110.505807	0.009233	9.6
1724	-1.385054	110.469472	0.013176	8.2
1725	-0.805234	110.433169	0.005502	8.2
1726	-1.506259	110.396898	0.018126	8.6
1727	-0.456134	110.360659	0.006162	11.6
1728	-1.268151	110.324451	0.019948	8.5
1729	-1.648982	110.288276	0.009367	7.9
1730	-0.849221	110.252131	0.008808	8.5
1731	-0.627804	110.216019	0.005818	10.2
1732	-0.599129	110.179937	0.006407	9.8
1733	-1.251982	110.143888	0.010861	7.9
1734	-0.602547	110.107869	0.006644	8.7
1735	-0.242632	110.071882	0.003988	8.1
1736	-1.734801	110.035927	0.019600	11.7
1737	-1.660009	110.000003	0.010141	8.9
1738	-0.761460	109.964110	0.010252	8.2
1739	-1.828093	109.928248	0.017700	10.0
1740	-1.923277	109.892417	0.018189	10.0
1741	-0.996374	109.856618	0.011388	9.2
1742	-1.902836	109.820850	0.015353	8.7
1743	-0.397061	109.785112	0.004075	8.9
1744	-1.830796	109.749406	0.025349	10.6
1745	-1.560799	109.713730	0.016931	8.7
1746	-1.688713	109.678086	0.017750	8.4
1747	-1.179745	109.642472	0.011561	8.6
1748	-1.599842	109.606890	0.011222	9.1
1749	-1.775432	109.571337	0.015945	10.4
1750	-0.593969	109.535816	0.011124	9.1
1751	-1.112581	109.500326	0.010777	8.4
1752	-0.503043	109.464866	0.004540	10.0
1753	-0.752583	109.429436	0.005526	13.3
1754	-0.435609	109.394038	0.005427	9.5
1755	-0.351490	109.358669	0.003309	10.3
1756	-1.303697	109.323331	0.008669	10.9
1757	-0.711957	109.288024	0.005197	10.0
1758	-1.633250	109.252747	0.020495	8.3
1759	-1.196570	109.217501	0.015592	8.6
1760	-0.571525	109.182284	0.008857	9.5
1761	-1.903405	109.147098	0.006782	9.3
1762	-1.790840	109.111942	0.012277	9.3
1763	-1.474990	109.076817	0.019788	8.3
1764	-0.557555	109.041721	0.006793	8.7
1765	-1.848309	109.006656	0.004923	11.1
1766	-1.714512	108.971620	0.024930	9.1
1767	-0.483712	108.936615	0.016190	8.1
1768	-0.655263	108.901640	0.005604	8.5
1769	-1.759766	108.866694	0.012216	14.0
1770	-1.984233	108.831779	0.010687	14.1
1771	-0.277216	108.796893	0.002781	13.8
1772	-0.366135	108.762037	0.004030	17.1
1773	-1.311184	108.727211	0.013776	10.1
1774	-0.750415	108.692415	0.009175	11.1
1775	-0.380895	108.657648	0.004378	8.3
1776	-0.994493	108.622911	0.009487	10.8
1777	-1.862901	108.588203	0.020361	9.3
1778	-0.652289	108.553525	0.004362	9.0
1779	-1.434944	108.518877	0.017087	10.1
1780	-0.994176	108.484258	0.012901	9.9
1781	-0.506730	108.449668	0.005503	7.9
1782	-0.869668	108.415108	0.010176	7.4
1783	-0.973884	108.380578	0.020254	9.6
1784	-1.856805	108.346076	0.007049	9.3
1785	-1.779243	108.311604	0.009269	12.4
1786	-0.776376	108.277161	0.005040	9.8
1787	-0.475897	108.242747	0.004471	8.5
1788	-1.436891	108.208363	0.008836	8.8
1789	-0.885899	108.174007	0.012883	11.9
1790	-1.217591	108.139681	0.009648	8.8
1791	-1.645787	108.105383	0.018827	7.9
1792	-0.593046	108.071115	0.008136	9.3
1793	-1.526861	108.036875	0.016249	11.7
1794	-0.849563	108.002665	0.008088	9.9
1795	-0.608616	107.968483	0.010735	8.7
1796	-1.359721	107.934330	0.010761	7.8
1797	-1.044253	107.900206	0.005306	10.5
1798	-1.414533	107.866111	0.006306	9.3
1799	-0.516831	107.832044	0.005360	8.7
1800	-1.500433	107.798007	0.010648	8.7
1801	-1.659156	107.763997	0.018919	11.8
1802	-0.556620	107.730017	0.005458	8.9
1803	-1.002869	107.696065	0.008570	8.6
1804	-1.532827	107.662141	0.015142	9.4
1805	-1.875441	107.628246	0.011753	8.2
1806	-0.822416	107.594379	0.010503	10.9
1807	-1.624718	107.560541	0.018047	8.9
1808	-1.727995	107.526731	0.014151	8.6
1809	-1.367409	107.492949	0.011587	8.6
1810	-1.339670	107.459196	0.011495	10.9
1811	-0.496628	107.425471	0.008484	8.6
1812	-1.162856	107.391774	0.011571	8.6
1813	-1.704990	107.358106	0.022926	8.3
1814	-1.878144	107.324465	0.008231	9.8
1815	-1.530826	107.290853	0.011492	11.5
1816	-0.872735	107.257268	0.007609	9.5
1817	-0.507712	107.223712	0.003972	9.1
1818	-0.285707	107.190184	0.003746	7.8
1819	-1.276921	107.156683	0.012158	11.6
1820	-0.774784	107.123211	0.009855	8.2
1821	-1.454186	107.089766	0.014960	10.1
1822	-0.531558	107.056349	0.003575	13.7
1823	-1.020588	107.022960	0.015977	13.7
1824	-1.639114	106.989599	0.024353	13.7
1825	-1.973098	106.956265	0.006395	17.1
1826	-1.383199	106.922960	0.021014	14.4
1827	-1.749661	106.889681	0.016594	7.9
1828	-1.512110	106.856431	0.017029	8.9
1829	-1.724142	106.823208	0.016351	10.9
1830	-1.634271	106.790012	0.019936	10.0
1831	-1.808730	106.756844	0.009366	8.6
1832	-1.793177	106.723703	0.021689	8.7
1833	-1.558502	106.690590	0.009451	9.1
1834	-0.476824	106.657505	0.009020	9.9
1835	-1.031702	106.624446	0.011235	8.8
1836	-1.794363	106.591415	0.009193	7.6
1837	-1.449910	106.558411	0.005852	8.8
1838	-0.390926	106.525435	0.003258	11.9
1839	-1.250769	106.492485	0.020829	9.0
1840	-1.601858	106.459563	0.011811	9.1
1841	-0.709017	106.426668	0.007714	8.1
1842	-0.502860	106.393800	0.003751	10.2
1843	-1.078381	106.360959	0.011833	9.4
1844	-1.746711	106.328145	0.006514	7.9
1845	-0.655044	106.295358	0.004041	8.0
1846	-1.457888	106.262598	0.011822	8.2
1847	-1.579970	106.229865	0.021064	11.3
1848	-0.444776	106.197158	0.004420	8.9
1849	-0.379980	106.164479	0.003237	8.8
1850	-0.737353	106.131826	0.009070	7.8
1851	-1.816592	106.099201	0.016278	10.4
1852	-1.131909	106.066602	0.008563	9.5
1853	-1.852036	106.034029	0.021614	8.4
1854	-1.552197	106.001483	0.013823	9.3
1855	-0.779452	105.968964	0.005250	8.5
1856	-0.580706	105.936472	0.010733	10.1
1857	-1.859635	105.904006	0.010759	8.7
1858	-1.574791	105.871566	0.010904	8.5
1859	-0.487157	105.839153	0.007870	8.5
1860	-0.310788	105.806767	0.003789	11.0
1861	-0.589996	105.774407	0.007232	9.3
1862	-1.225408	105.742073	0.004329	7.7
1863	-1.613626	105.709766	0.011671	8.1
1864	-0.660022	105.677485	0.008398	10.4
1865	-1.585313	105.645230	0.013551	9.2
1866	-1.490897	105.613001	0.012514	8.1
1867	-1.251563	105.580799	0.011155	8.2
1868	-1.847518	105.548623	0.017913	8.9
1869	-0.552083	105.516473	0.003468	9.1
1870	-0.690560	105.484349	0.009209	9.7
1871	-0.515076	105.452251	0.003662	7.9
1872	-1.560427	105.420179	0.007047	7.9
1873	-1.529697	105.388133	0.019035	10.9
1874	-0.736877	105.356113	0.005407	9.0
1875	-0.517407	105.324119	0.007112	9.4
1876	-1.427896	105.292151	0.011895	11.5
1877	-1.749240	105.260209	0.010506	14.3
1878	-0.559642	105.228293	0.007792	13.1
1879	-0.960401	105.196402	0.005799	8.9
1880	-0.613795	105.164537	0.007738	12.7
1881	-1.816412	105.132698	0.011731	14.3
1882	-1.828652	105.100885	0.017889	11.9
1883	-0.569520	105.069097	0.011207	10.0
1884	-1.264306	105.037335	0.009772	13.1
1885	-1.302087	105.005598	0.010839	11.1
1886	-1.406414	104.973887	0.019041	8.5
1887	-1.711334	104.942202	0.008272	8.8
1888	-1.069168	104.910542	0.015819	9.2
1889	-1.618161	104.878907	0.007694	8.5
1890	-0.878795	104.847298	0.008537	7.9
1891	-1.728243	104.815715	0.012317	9.3
1892	-1.666311	104.784156	0.019545	8.1
1893	-1.242703	104.752623	0.005350	10.6
1894	-1.329910	104.721116	0.007912	9.3
1895	-1.320749	104.689633	0.017157	7.9
1896	-1.433926	104.658176	0.011411	9.4
1897	-1.778773	104.626744	0.012243	8.1
1898	-1.247503	104.595337	0.003095	11.0
1899	-1.730881	104.563955	0.006188	7.9
1900	-1.824438	104.532599	0.013622	9.7
1901	-1.742110	104.501267	0.006347	7.3
1902	-1.674983	104.469960	0.019815	10.4
1903	-0.337741	104.438679	0.005743	9.4
1904	-1.075388	104.407422	0.013423	7.4
1905	-1.402448	104.376191	0.026662	8.1
1906	-1.166468	104.344984	0.009960	9.2
1907	-1.578930	104.313802	0.008532	11.1
1908	-0.663594	104.282645	0.010666	8.7
1909	-1.658410	104.251513	0.015661	9.1
1910	-0.979346	104.220405	0.014475	9.1
1911	-0.306118	104.189323	0.005670	10.7
1912	-1.339675	104.158265	0.003682	8.7
1913	-1.102689	104.127231	0.013275	8.6
1914	-0.922113	104.096222	0.012240	7.8
1915	-1.491030	104.065238	0.017560	10.7
1916	-0.602916	104.034279	0.004340	9.7
1917	-1.406665	104.003344	0.009589	8.6
1918	-1.793158	103.972433	0.011600	10.0
1919	-1.598002	103.941547	0.023133	9.9
1920	-1.698806	103.910686	0.013244	8.7
1921	-1.279606	103.879849	0.007436	9.5
1922	-1.668059	103.849036	0.006038	6.8
1923	-0.889229	103.818248	0.007350	8.3
1924	-0.284056	103.787484	0.004164	10.1
1925	-0.905928	103.756744	0.009280	9.7
1926	-1.833313	103.726029	0.004614	8.3
1927	-1.333686	103.695338	0.006476	8.1
1928	-1.795034	103.664671	0.006242	8.0
1929	-0.680475	103.634028	0.006045	11.3
1930	-1.445969	103.603409	0.015137	10.1
1931	-0.554613	103.572814	0.004663	12.2
1932	-0.271713	103.542244	0.003777	14.1
1933	-1.625636	103.511698	0.013313	15.0
1934	-0.971217	103.481175	0.007118	14.0
1935	-0.250995	103.450677	0.003182	15.5
1936	-0.925733	103.420202	0.008163	9.4
1937	-1.610524	103.389752	0.008773	9.5
1938	-1.909568	103.359325	0.006197	8.3
1939	-1.238288	103.328922	0.009944	8.4
1940	-0.085700	103.298543	0.001299	10.5
1941	-1.412811	103.268188	0.006939	6.9
1942	-1.601741	103.237857	0.004679	8.5
1943	-0.775436	103.207549	0.005425	7.2
1944	-0.828333	103.177265	0.005543	10.7
1945	-1.811933	103.147005	0.013046	7.8
1946	-1.892241	103.116768	0.009146	10.4
1947	-1.811920	103.086556	0.003036	8.8
1948	-1.083145	103.056366	0.011279	7.9
1949	-0.165754	103.026200	0.001617	10.8
1950	-0.543309	102.996058	0.004715	9.5
1951	-1.844594	102.965939	0.020376	9.0
1952	-1.133012	102.935844	0.013144	8.0
1953	-1.812813	102.905772	0.007141	10.4
1954	-1.141938	102.875724	0.007797	9.1
1955	-1.753215	102.845699	0.019296	8.9
1956	-0.995696	102.815697	0.010439	9.1
1957	-1.807839	102.785719	0.009651	8.8
1958	-1.874325	102.755764	0.016336	10.4
1959	-1.942690	102.725832	0.012057	9.3
1960	-0.706025	102.695924	0.004420	8.0
1961	-1.393535	102.666038	0.006383	8.8
1962	-0.880413	102.636176	0.011419	10.1
1963	-0.479635	102.606337	0.004566	8.7
1964	-1.143048	102.576521	0.010371	9.5
1965	-1.924503	102.546728	0.009763	8.5
1966	-1.204592	102.516959	0.010310	10.2
1967	-1.641730	102.487212	0.022473	8.3
1968	-1.791740	102.457488	0.005848	9.1
1969	-1.245618	102.427788	0.007797	7.6
1970	-1.528604	102.398110	0.014261	9.5
1971	-1.894651	102.368455	0.005316	12.3
1972	-0.416368	102.338823	0.006328	17.9
1973	-0.170109	102.309214	0.002646	14.8
1974	-1.923622	102.279628	0.019713	12.0
1975	-1.043151	102.250064	0.006450	8.7
1976	-1.493586	102.220524	0.006460	9.4
1977	-0.180891	102.191006	0.002991	10.7
1978	-1.870155	102.161511	0.010527	9.5
1979	-0.674710	102.132038	0.007121	7.8
1980	-1.578793	102.102588	0.010735	8.0
1981	-1.267983	102.073161	0.009600	8.0
1982	-1.801373	102.043757	0.013721	10.6
1983	-1.803763	102.014375	0.011333	12.0
1984	-0.838483	101.985015	0.006229	10.6
1985	-1.592921	101.955678	0.016234	14.8
1986	-0.275322	101.926364	0.004869	14.5
1987	-1.778764	101.897072	0.012343	13.7
1988	-0.315796	101.867802	0.002694	11.9
1989	-1.546431	101.838555	0.014628	10.5
1990	-0.645380	101.809330	0.007961	9.6
1991	-1.585004	101.780128	0.011082	8.1
1992	-1.847796	101.750948	0.011602	7.8
1993	-1.678489	101.721790	0.021640	11.2
1994	-0.380945	101.692654	0.002922	9.1
1995	-1.913585	101.663541	0.019811	8.2
1996	-1.829521	101.634450	0.023016	8.7
1997	-1.724150	101.605381	0.011270	10.6
1998	-0.861922	101.576335	0.006730	8.5
1999	-0.585372	101.547310	0.004618	9.6
