1:ItNr	2:Metric	3:StepSize	4:||Gradient||	Time[ms]
0	-1.042266	627.201626	0.008826	503.6
1	-1.149876	623.504937	0.008153	10.9
2	-1.135866	619.865785	0.011085	9.4
3	-0.848095	616.282728	0.009721	9.8
4	-0.957226	612.754375	0.008408	9.6
5	-1.123442	609.279381	0.008903	11.5
6	-0.153642	605.856447	0.003212	10.7
7	-1.073276	602.484317	0.008773	9.4
8	-0.947600	599.161779	0.008760	9.3
9	-1.023574	595.887656	0.006661	12.4
10	-0.602776	592.660813	0.007347	9.3
11	-0.125434	589.480151	0.005613	10.2
12	-0.736196	586.344606	0.007139	9.5
13	-0.359187	583.253145	0.004705	12.0
14	-0.899826	580.204771	0.009450	10.4
15	-0.428138	577.198517	0.006552	9.1
16	-1.126066	574.233444	0.008929	9.4
17	-0.936592	571.308645	0.009334	11.2
18	-0.747038	568.423237	0.011308	9.4
19	-0.724273	565.576365	0.006247	10.6
20	-0.876363	562.767201	0.007146	9.6
21	-1.095126	559.994938	0.010062	12.2
22	-1.040379	557.258797	0.011548	10.3
23	-0.636472	554.558018	0.008223	9.5
24	-0.938012	551.891865	0.010055	9.3
25	-1.049250	549.259621	0.009426	9.7
26	-0.914643	546.660592	0.009017	9.4
27	-0.404922	544.094102	0.006061	10.6
28	-0.661680	541.559494	0.007363	15.2
29	-0.533688	539.056129	0.007119	15.4
30	-0.591342	536.583387	0.005206	15.0
31	-0.980039	534.140663	0.007878	13.5
32	-0.169370	531.727370	0.004824	12.1
33	-0.254419	529.342935	0.003582	10.8
34	-0.559261	526.986802	0.007154	9.8
35	-0.749959	524.658430	0.007141	13.1
36	-0.924153	522.357290	0.006888	11.6
37	-0.606472	520.082868	0.007697	9.7
38	-0.862176	517.834665	0.008983	9.3
39	-0.821035	515.612193	0.007861	13.8
40	-0.987231	513.414976	0.007041	10.0
41	-0.871836	511.242551	0.008678	10.9
42	-0.685403	509.094468	0.007199	11.2
43	-0.573681	506.970285	0.007966	13.8
44	-1.047517	504.869574	0.009644	9.7
45	-1.007751	502.791916	0.007625	11.2
46	-0.974459	500.736903	0.007264	10.4
47	-0.813525	498.704137	0.006337	12.4
48	-0.803638	496.693228	0.009341	12.4
49	-1.052479	494.703798	0.012301	11.4
50	-0.756353	492.735476	0.006435	9.8
51	-0.509484	490.787900	0.005647	20.6
52	-0.372328	488.860718	0.005204	15.6
53	-0.733246	486.953585	0.008015	9.9
54	-0.689195	485.066164	0.006110	10.3
55	-0.989841	483.198126	0.009695	12.9
56	-0.538580	481.349149	0.008894	9.8
57	-0.726866	479.518920	0.006936	9.6
58	-0.067807	477.707132	0.003070	12.8
59	-0.690406	475.913485	0.008198	9.4
60	-0.884397	474.137684	0.009098	9.8
61	-0.409425	472.379445	0.005781	9.3
62	-0.940264	470.638485	0.008562	11.7
63	-0.437131	468.914531	0.008607	10.7
64	-0.933319	467.207315	0.008865	9.5
65	-0.380556	465.516573	0.005154	9.5
66	-0.963339	463.842050	0.010499	11.7
67	-0.760540	462.183494	0.007511	9.6
68	-1.204626	460.540658	0.007945	10.8
69	-0.242688	458.913303	0.005484	9.5
70	-0.256494	457.301192	0.003284	12.1
71	-0.308901	455.704096	0.003956	10.5
72	-0.952051	454.121787	0.006807	9.4
73	-0.468840	452.554045	0.004757	8.5
74	-0.778757	451.000653	0.008333	11.6
75	-0.899249	449.461399	0.008512	9.1
76	-0.902139	447.936075	0.007820	10.6
77	-1.040431	446.424477	0.008243	9.7
78	-0.690845	444.926406	0.008540	12.0
79	-0.797787	443.441666	0.009068	10.5
80	-0.649636	441.970065	0.008431	10.5
81	-0.945912	440.511415	0.007188	9.2
82	-1.025372	439.065533	0.008764	12.9
83	-1.003152	437.632238	0.007262	9.3
84	-1.150987	436.211351	0.008910	10.6
85	-0.424985	434.802701	0.005356	9.4
86	-0.725641	433.406117	0.007796	11.5
87	-0.981090	432.021430	0.010759	10.3
88	-0.450285	430.648479	0.005906	9.5
89	-0.725585	429.287101	0.008198	9.5
90	-1.050932	427.937140	0.010373	12.2
91	-0.839210	426.598440	0.007481	11.4
92	-0.626637	425.270849	0.008088	10.1
93	-0.535198	423.954220	0.008853	9.9
94	-0.026842	422.648404	0.002967	13.2
95	-1.070264	421.353259	0.008342	10.4
96	-0.111431	420.068643	0.005275	10.5
97	-0.236925	418.794419	0.003250	10.3
98	-0.786128	417.530451	0.009020	13.3
99	-0.812451	416.276604	0.007091	10.5
100	-0.517573	415.032748	0.007584	9.6
101	-0.797005	413.798754	0.008378	9.6
102	-1.037098	412.574495	0.009885	12.7
103	-1.056917	411.359849	0.009897	10.9
104	-0.753477	410.154691	0.008091	10.0
105	-0.166895	408.958904	0.003424	9.8
106	-0.962477	407.772368	0.008844	13.9
107	-1.148410	406.594968	0.008384	9.7
108	-0.961511	405.426590	0.010556	9.6
109	-0.607180	404.267122	0.006099	9.3
110	-0.831372	403.116456	0.005865	12.0
111	-0.910934	401.974481	0.009595	11.1
112	-0.806286	400.841093	0.007339	10.4
113	-1.031402	399.716187	0.009353	9.3
114	-1.014854	398.599660	0.010578	12.4
115	-1.015793	397.491411	0.008397	9.5
116	-0.766710	396.391342	0.007482	10.4
117	-1.037843	395.299353	0.008635	9.5
118	-0.388847	394.215350	0.005789	12.0
119	-0.592403	393.139238	0.009384	10.4
120	-1.060393	392.070924	0.008860	10.0
121	-0.729716	391.010316	0.009333	9.5
122	-1.033851	389.957325	0.009143	13.0
123	-0.770322	388.911862	0.009412	10.4
124	-0.082313	387.873839	0.002763	10.1
125	-0.601335	386.843173	0.008218	9.2
126	-0.664896	385.819777	0.010089	12.1
127	-0.413016	384.803569	0.005444	8.9
128	-0.918858	383.794468	0.009531	9.3
129	-1.076614	382.792393	0.007539	9.5
130	-0.675982	381.797264	0.006288	11.1
131	-0.946372	380.809005	0.006891	9.3
132	-0.903284	379.827537	0.007030	10.4
133	-0.554053	378.852786	0.006248	10.2
134	-1.083491	377.884678	0.009232	12.0
135	-0.977755	376.923138	0.007445	10.3
136	-1.071247	375.968095	0.009068	9.6
137	-0.856292	375.019479	0.008878	9.4
138	-0.840466	374.077218	0.008259	11.4
139	-0.698259	373.141244	0.009568	9.3
140	-0.795149	372.211489	0.008267	10.2
141	-0.451155	371.287887	0.007185	9.3
142	-0.397980	370.370370	0.004147	12.9
143	-1.127677	369.458876	0.008422	14.8
144	-0.114826	368.553338	0.003105	10.0
145	-0.930099	367.653696	0.008545	9.8
146	-1.092574	366.759885	0.008154	11.8
147	-0.862104	365.871846	0.006725	11.0
148	-1.016152	364.989518	0.008690	9.7
149	-0.664189	364.112841	0.006807	12.3
150	-0.777224	363.241757	0.007281	11.2
151	-1.102098	362.376208	0.008568	9.7
152	-0.793546	361.516137	0.009105	9.4
153	-1.092292	360.661488	0.008264	12.4
154	-0.449991	359.812206	0.006867	9.3
155	-0.784782	358.968236	0.006010	10.1
156	-0.987629	358.129524	0.007146	9.3
157	-0.283211	357.296018	0.005055	11.5
158	-1.087236	356.467665	0.009130	10.5
159	-1.127162	355.644414	0.008433	9.5
160	-0.631557	354.826213	0.006494	9.4
161	-0.417638	354.013012	0.005728	12.0
162	-1.172497	353.204763	0.010322	12.1
163	-0.120648	352.401415	0.006068	9.9
164	-0.184341	351.602922	0.004737	9.8
165	-0.886776	350.809235	0.006741	13.3
166	-1.119467	350.020308	0.007616	10.1
167	-1.041777	349.236095	0.008381	10.1
168	-0.230400	348.456550	0.005200	8.7
169	-0.347649	347.681627	0.003667	11.1
170	-1.010679	346.911283	0.008684	11.0
171	-0.023914	346.145474	0.002219	9.3
172	-1.037195	345.384157	0.008153	9.5
173	-0.275823	344.627288	0.005878	13.6
174	-1.028597	343.874826	0.007895	9.6
175	-0.286763	343.126729	0.004934	9.6
176	-0.554271	342.382957	0.006178	11.4
177	-1.089512	341.643469	0.009801	12.6
178	-0.987840	340.908224	0.009761	10.7
179	-0.816977	340.177184	0.007185	10.6
180	-0.925771	339.450309	0.007162	9.9
181	-0.969246	338.727561	0.008188	12.6
182	-0.494791	338.008902	0.005633	11.2
183	-0.221250	337.294295	0.005241	9.9
184	-0.919945	336.583703	0.009527	11.3
185	-1.065772	335.877089	0.007774	13.2
186	-0.916785	335.174416	0.007346	10.3
187	-0.805986	334.475651	0.007991	10.3
188	-1.056184	333.780756	0.009751	10.6
189	-1.102973	333.089698	0.009080	13.9
190	-0.218062	332.402443	0.006368	12.5
191	-1.133234	331.718955	0.009690	10.6
192	-0.727204	331.039203	0.006847	11.0
193	-1.042693	330.363153	0.008600	13.0
194	-0.853151	329.690771	0.006796	12.9
195	-0.685875	329.022027	0.008199	12.0
196	-0.905725	328.356888	0.008467	17.7
197	-0.677855	327.695322	0.007214	12.0
198	-1.072536	327.037299	0.007979	12.7
199	-0.713562	326.382787	0.007051	12.9
200	-0.999299	325.731758	0.008992	12.0
201	-0.833326	325.084179	0.008072	10.4
202	-1.097128	324.440023	0.010646	15.5
203	-0.642277	323.799258	0.007151	10.2
204	-0.569706	323.161858	0.006285	12.6
205	-1.087906	322.527792	0.008782	10.4
206	-1.055233	321.897034	0.007855	13.0
207	-0.839496	321.269554	0.007468	11.3
208	-1.000935	320.645325	0.007213	9.3
209	-0.689156	320.024320	0.006735	9.6
210	-0.702907	319.406512	0.007435	14.0
211	-1.225494	318.791875	0.009606	13.6
212	-0.918697	318.180381	0.009954	9.7
213	-0.410689	317.572005	0.004404	9.5
214	-0.435703	316.966721	0.006112	10.9
215	-0.819513	316.364504	0.007222	9.9
216	-0.643466	315.765329	0.009127	12.4
217	-1.126679	315.169170	0.009866	9.5
218	-1.158187	314.576003	0.008863	13.5
219	-0.725081	313.985804	0.006190	15.2
220	-1.161936	313.398548	0.011161	15.2
221	-0.727046	312.814213	0.007237	14.2
222	-0.637161	312.232773	0.008922	9.4
223	-0.641868	311.654207	0.005745	9.4
224	-1.060485	311.078491	0.008499	9.7
225	-0.378830	310.505602	0.007380	11.1
226	-0.311160	309.935518	0.005664	8.9
227	-0.004301	309.368217	0.000002	10.6
228	-0.393337	308.803676	0.003749	8.8
229	-0.268463	308.241874	0.005194	11.4
230	-0.878743	307.682789	0.007954	13.0
231	-0.960490	307.126400	0.008387	10.4
232	-0.630945	306.572687	0.006923	9.4
233	-0.932433	306.021627	0.010313	11.1
234	-0.889073	305.473201	0.007099	9.2
235	-1.133725	304.927388	0.009224	10.7
236	-1.187839	304.384168	0.010028	8.6
237	-0.154435	303.843521	0.006525	11.5
238	-1.135594	303.305427	0.009459	10.7
239	-0.992538	302.769867	0.007985	10.5
240	-1.160697	302.236821	0.010832	9.1
241	-0.807154	301.706270	0.007247	12.0
242	-1.112312	301.178196	0.008688	9.4
243	-1.179455	300.652580	0.008840	10.2
244	-0.004487	300.129402	0.000314	11.5
245	-1.103294	299.608645	0.009985	12.3
246	-1.143507	299.090291	0.009225	10.2
247	-0.808904	298.574321	0.007477	9.3
248	-0.999429	298.060718	0.009796	9.6
249	-1.097509	297.549465	0.008223	12.2
250	-0.894716	297.040543	0.006754	10.1
251	-1.130979	296.533936	0.009501	10.1
252	-0.721949	296.029626	0.008016	9.4
253	-1.070336	295.527597	0.008852	13.4
254	-0.862669	295.027832	0.008430	10.1
255	-0.288320	294.530315	0.005440	10.0
256	-1.061062	294.035028	0.010534	9.1
257	-0.967975	293.541956	0.007524	11.4
258	-0.149805	293.051083	0.007280	8.6
259	-1.070914	292.562393	0.009526	10.0
260	-1.169373	292.075870	0.009622	9.4
261	-0.851642	291.591498	0.008110	12.6
262	-1.142823	291.109263	0.009435	10.0
263	-1.048970	290.629149	0.007772	9.5
264	-1.137177	290.151140	0.009855	9.4
265	-0.125175	289.675222	0.004503	10.0
266	-1.043352	289.201380	0.008537	10.0
267	-1.166163	288.729600	0.009164	10.2
268	-0.848806	288.259866	0.009365	9.5
269	-1.169386	287.792165	0.008479	13.0
270	-0.906741	287.326481	0.008817	9.9
271	-0.508461	286.862802	0.009790	9.3
272	-0.785221	286.401113	0.008405	9.5
273	-1.047812	285.941400	0.007105	11.2
274	-0.306109	285.483649	0.005238	11.3
275	-1.074340	285.027847	0.008259	9.3
276	-0.579267	284.573981	0.007309	9.5
277	-0.783615	284.122037	0.009537	13.7
278	-0.686124	283.672002	0.006796	9.7
279	-0.784185	283.223863	0.007568	10.7
280	-1.057991	282.777607	0.008734	9.5
281	-0.445211	282.333221	0.004928	12.3
282	-1.030150	281.890692	0.009210	10.8
283	-1.180187	281.450008	0.008407	9.6
284	-1.125444	281.011157	0.008793	9.2
285	-0.882821	280.574125	0.007985	11.9
286	-0.971855	280.138901	0.011748	9.7
287	-0.729084	279.705473	0.008751	10.2
288	-0.987720	279.273829	0.009506	9.5
289	-0.403548	278.843956	0.006542	11.5
290	-0.434126	278.415844	0.005150	10.5
291	-0.881792	277.989479	0.009252	9.4
292	-1.106699	277.564851	0.007737	9.2
293	-1.091558	277.141949	0.009852	14.2
294	-0.657950	276.720761	0.007889	9.4
295	-0.000006	276.301275	0.000010	10.2
296	-0.562376	275.883480	0.006669	9.5
297	-1.016848	275.467366	0.008146	11.2
298	-0.238967	275.052922	0.004923	10.4
299	-1.177421	274.640136	0.008695	10.2
300	-0.938725	274.228998	0.009588	9.6
301	-0.256079	273.819497	0.004362	10.9
302	-0.266116	273.411623	0.004944	9.4
303	-0.875730	273.005365	0.008200	9.2
304	-0.845374	272.600712	0.008913	9.5
305	-1.014274	272.197655	0.009188	11.0
306	-1.049983	271.796184	0.008865	10.5
307	-1.195335	271.396287	0.010278	9.3
308	-1.145153	270.997956	0.008893	9.2
309	-1.049648	270.601180	0.009232	12.1
310	-0.893634	270.205949	0.007893	9.5
311	-0.963236	269.812254	0.008795	12.8
312	-0.750281	269.420085	0.006385	17.9
313	-1.007057	269.029432	0.010078	13.3
314	-1.092264	268.640287	0.008686	11.2
315	-1.164218	268.252638	0.010803	10.8
316	-1.152802	267.866478	0.009426	12.6
317	-0.238500	267.481796	0.006641	11.3
318	-0.634877	267.098584	0.009574	9.5
319	-0.335242	266.716833	0.004427	14.4
320	-1.027922	266.336533	0.008008	12.8
321	-1.035017	265.957676	0.008115	11.1
322	-1.090925	265.580253	0.008270	10.4
323	-0.836561	265.204254	0.008536	14.6
324	-1.288444	264.829672	0.008911	13.1
325	-0.490757	264.456497	0.005371	10.7
326	-1.098443	264.084721	0.007891	13.7
327	-0.462773	263.714335	0.004062	11.5
328	-1.085563	263.345332	0.007331	11.4
329	-0.902500	262.977702	0.010513	10.5
330	-0.990565	262.611438	0.008591	13.0
331	-1.259026	262.246531	0.008816	11.5
332	-0.406352	261.882973	0.005507	10.7
333	-0.149442	261.520756	0.004938	12.2
334	-0.753446	261.159871	0.007755	13.0
335	-1.237270	260.800312	0.008603	10.5
336	-0.886431	260.442070	0.008582	12.5
337	-1.207678	260.085137	0.010974	12.5
338	-1.115217	259.729505	0.011226	12.3
339	-0.987765	259.375167	0.008102	10.3
340	-0.648252	259.022116	0.007101	16.1
341	-0.346969	258.670343	0.004909	11.4
342	-0.154627	258.319841	0.004427	10.5
343	-0.712668	257.970602	0.006731	10.3
344	-0.894095	257.622620	0.007715	14.0
345	-0.209208	257.275887	0.004726	12.0
346	-0.996810	256.930396	0.007095	10.1
347	-0.430260	256.586139	0.004682	10.8
348	-1.022760	256.243109	0.006996	13.6
349	-0.831216	255.901300	0.008504	11.4
350	-1.178297	255.560703	0.008915	10.1
351	-0.318260	255.221313	0.006344	10.2
352	-1.189886	254.883122	0.008604	13.3
353	-0.667616	254.546124	0.007417	12.0
354	-1.127876	254.210311	0.010076	12.0
355	-0.799050	253.875677	0.006045	10.6
356	-0.805747	253.542215	0.008397	13.4
357	-0.437318	253.209918	0.004492	11.0
358	-0.734875	252.878781	0.009440	10.7
359	-0.718588	252.548795	0.006063	12.6
360	-1.144649	252.219956	0.008553	12.5
361	-0.895751	251.892255	0.008619	10.7
362	-0.393855	251.565688	0.006236	10.5
363	-0.655814	251.240247	0.007619	13.0
364	-0.825825	250.915926	0.007107	9.7
365	-0.913183	250.592720	0.008237	10.4
366	-0.425462	250.270621	0.008719	11.6
367	-0.782818	249.949624	0.007435	10.4
368	-1.037511	249.629723	0.009482	9.9
369	-0.375967	249.310911	0.004478	9.4
370	-0.811165	248.993182	0.007642	12.1
371	-0.815301	248.676531	0.008761	10.0
372	-1.084159	248.360952	0.008119	9.6
373	-0.778000	248.046438	0.007896	9.5
374	-0.846058	247.732984	0.008140	11.4
375	-0.810464	247.420584	0.006755	10.6
376	-0.527872	247.109233	0.005521	9.9
377	-1.000001	246.798924	0.011638	9.5
378	-0.452451	246.489652	0.005287	13.3
379	-1.096048	246.181412	0.008166	9.7
380	-0.455640	245.874197	0.005320	9.6
381	-1.066521	245.568002	0.010577	9.3
382	-0.089530	245.262822	0.002987	11.1
383	-0.810581	244.958652	0.007819	10.8
384	-0.289346	244.655485	0.007305	10.2
385	-0.956680	244.353317	0.008634	9.5
386	-0.768171	244.052142	0.007148	13.7
387	-0.857412	243.751955	0.008307	9.3
388	-0.725201	243.452750	0.007073	10.7
389	-0.531652	243.154523	0.005927	9.8
390	-1.111815	242.857268	0.008524	12.2
391	-0.665924	242.560980	0.008871	10.8
392	-0.484942	242.265654	0.008476	8.5
393	-1.163694	241.971285	0.008369	9.5
394	-1.116971	241.677868	0.011764	11.2
395	-1.179543	241.385397	0.010064	9.6
396	-1.162462	241.093869	0.010487	10.5
397	-0.663546	240.803278	0.007043	9.6
398	-0.740084	240.513619	0.008786	13.0
399	-1.031175	240.224887	0.007805	10.4
400	-1.074772	239.937077	0.009701	9.5
401	-1.195688	239.650186	0.009589	9.2
402	-1.129178	239.364207	0.008555	11.7
403	-0.132059	239.079136	0.006089	8.3
404	-0.441970	238.794969	0.006192	10.4
405	-0.364229	238.511701	0.005723	10.0
406	-0.597006	238.229327	0.007196	15.4
407	-1.232194	237.947843	0.009037	10.6
408	-1.011225	237.667244	0.007774	11.1
409	-0.830212	237.387526	0.008590	10.1
410	-0.004793	237.108684	0.000001	11.8
411	-1.086060	236.830714	0.007924	10.3
412	-0.434208	236.553610	0.005419	9.6
413	-1.197175	236.277370	0.009426	9.6
414	-0.153631	236.001989	0.003096	10.4
415	-0.899968	235.727461	0.006744	9.4
416	-0.860987	235.453784	0.008449	10.4
417	-1.136279	235.180952	0.008115	9.3
418	-1.137504	234.908962	0.010770	11.5
419	-1.036890	234.637809	0.007712	10.9
420	-0.335742	234.367488	0.006592	8.5
421	-0.994121	234.097997	0.010781	9.5
422	-0.724789	233.829331	0.006974	12.2
423	-0.401716	233.561485	0.005689	9.3
424	-1.131288	233.294456	0.008369	11.0
425	-0.802909	233.028239	0.008014	9.3
426	-0.894882	232.762831	0.008352	12.0
427	-0.831806	232.498228	0.007850	10.7
428	-0.042911	232.234425	0.001981	9.4
429	-0.781156	231.971419	0.007634	9.6
430	-0.729740	231.709205	0.006950	13.7
431	-0.752679	231.447781	0.007466	10.0
432	-0.307584	231.187141	0.006110	9.7
433	-0.000006	230.927283	0.000018	7.8
434	-0.942751	230.668202	0.009117	10.5
435	-1.059003	230.409895	0.010686	13.2
436	-1.125998	230.152358	0.008982	12.4
437	-0.972888	229.895587	0.007447	14.2
438	-0.642880	229.639578	0.009639	10.1
439	-0.821838	229.384329	0.006990	10.4
440	-1.023242	229.129834	0.007851	9.5
441	-0.140799	228.876091	0.002899	12.1
442	-1.181440	228.623096	0.008080	11.0
443	-0.956842	228.370846	0.009559	9.6
444	-0.971388	228.119336	0.009149	9.4
445	-0.741393	227.868563	0.008794	14.4
446	-0.996151	227.618525	0.008895	9.6
447	-1.072342	227.369216	0.007413	10.3
448	-0.871216	227.120635	0.007654	10.5
449	-0.113860	226.872777	0.003482	12.3
450	-0.642373	226.625638	0.006974	10.1
451	-0.420765	226.379217	0.007069	9.4
452	-0.975302	226.133509	0.009546	9.3
453	-0.458268	225.888510	0.008933	12.4
454	-1.083900	225.644218	0.009708	9.9
455	-0.914969	225.400630	0.007747	10.3
456	-0.987973	225.157741	0.009766	9.6
457	-1.053929	224.915549	0.009205	12.4
458	-0.172306	224.674051	0.003997	10.6
459	-1.096341	224.433242	0.008687	9.9
460	-0.780151	224.193121	0.005989	9.9
461	-1.073104	223.953684	0.011869	13.0
462	-0.908030	223.714927	0.008207	33.6
463	-0.532054	223.476848	0.007303	24.8
464	-1.122442	223.239444	0.007397	31.3
465	-1.142230	223.002710	0.011772	11.8
466	-1.038666	222.766645	0.008524	9.5
467	-1.218807	222.531245	0.008637	16.6
468	-1.189179	222.296508	0.008848	17.1
469	-1.084732	222.062429	0.009049	17.1
470	-1.158616	221.829007	0.010030	19.2
471	-0.720817	221.596238	0.007604	16.8
472	-1.165241	221.364119	0.009776	17.2
473	-0.952284	221.132647	0.009002	17.2
474	-1.049180	220.901820	0.007805	19.9
475	-0.383195	220.671634	0.012531	14.0
476	-0.702774	220.442086	0.006952	17.0
477	-0.982567	220.213174	0.007805	17.0
478	-0.733575	219.984895	0.007100	20.5
479	-0.980276	219.757246	0.009574	10.8
480	-0.868070	219.530224	0.008277	9.4
481	-0.586243	219.303826	0.006565	9.6
482	-0.985436	219.078050	0.009626	12.6
483	-0.008600	218.852893	0.000001	12.0
484	-1.183056	218.628352	0.007192	9.8
485	-0.470714	218.404424	0.005065	10.2
486	-0.684404	218.181106	0.005929	13.1
487	-0.496637	217.958397	0.008476	15.6
488	-1.025312	217.736292	0.008427	15.4
489	-1.168214	217.514790	0.008342	20.9
490	-1.136751	217.293888	0.008182	15.6
491	-1.077168	217.073584	0.008813	11.7
492	-0.509000	216.853873	0.005823	11.8
493	-0.549848	216.634755	0.007329	13.0
494	-0.824498	216.416227	0.011629	13.1
495	-0.486254	216.198285	0.012201	12.0
496	-1.124183	215.980927	0.008073	11.7
497	-1.096537	215.764151	0.008877	11.8
498	-0.641579	215.547955	0.006313	14.6
499	-1.234136	215.332335	0.009269	14.3
500	-0.844502	215.117289	0.007588	10.7
501	-1.141514	214.902815	0.007949	11.7
502	-0.451730	214.688911	0.005381	14.3
503	-1.134582	214.475573	0.008182	12.2
504	-0.804745	214.262800	0.007533	11.1
505	-0.649110	214.050588	0.006240	15.0
506	-0.750840	213.838936	0.007710	14.2
507	-1.042636	213.627842	0.011824	16.4
508	-0.935860	213.417302	0.007363	14.6
509	-0.933255	213.207314	0.009430	13.2
510	-1.050973	212.997877	0.008768	12.1
511	-0.720461	212.788987	0.006787	9.8
512	-0.845424	212.580642	0.007728	11.3
513	-0.321146	212.372841	0.006970	9.8
514	-1.152081	212.165581	0.007997	12.5
515	-1.140678	211.958859	0.008097	10.8
516	-0.918434	211.752673	0.009467	8.7
517	-1.124666	211.547021	0.009946	9.6
518	-0.258293	211.341902	0.005332	12.1
519	-0.257095	211.137311	0.008278	12.7
520	-0.755206	210.933248	0.006637	9.5
521	-0.970227	210.729710	0.009228	9.6
522	-0.536079	210.526695	0.006497	14.0
523	-0.797896	210.324200	0.007655	9.5
524	-1.171620	210.122224	0.010317	10.1
525	-0.992608	209.920765	0.008819	9.7
526	-1.072825	209.719820	0.010229	11.9
527	-0.955778	209.519387	0.009211	10.8
528	-0.766847	209.319463	0.008377	9.9
529	-1.157625	209.120048	0.011593	9.9
530	-0.758435	208.921139	0.006750	12.8
531	-0.966118	208.722733	0.007366	11.1
532	-1.203454	208.524829	0.009533	10.6
533	-0.919495	208.327425	0.009575	10.8
534	-0.769877	208.130518	0.008708	14.1
535	-1.074683	207.934107	0.008092	10.3
536	-0.515397	207.738189	0.005545	10.9
537	-0.019839	207.542762	0.000787	11.1
538	-1.098520	207.347825	0.010371	12.6
539	-0.909196	207.153376	0.008397	12.2
540	-0.910400	206.959412	0.008858	11.7
541	-1.165112	206.765932	0.008437	13.6
542	-0.979062	206.572933	0.009013	11.7
543	-0.924055	206.380414	0.008820	13.5
544	-0.073199	206.188373	0.003316	9.7
545	-1.190583	205.996807	0.010093	15.6
546	-0.960677	205.805716	0.009430	10.7
547	-0.798962	205.615096	0.008528	9.4
548	-0.230554	205.424946	0.005918	9.5
549	-0.857541	205.235265	0.009053	13.8
550	-1.022701	205.046050	0.008968	11.2
551	-1.046479	204.857299	0.007785	10.8
552	-1.144533	204.669011	0.009820	10.6
553	-0.607929	204.481184	0.005467	12.9
554	-1.049178	204.293816	0.007063	11.9
555	-1.084118	204.106905	0.008393	10.5
556	-1.214858	203.920449	0.007845	10.7
557	-1.093727	203.734447	0.009775	12.2
558	-0.592197	203.548896	0.005391	12.8
559	-1.128829	203.363795	0.008214	10.2
560	-0.988062	203.179143	0.008334	11.7
561	-0.972344	202.994937	0.007396	16.5
562	-1.005844	202.811176	0.008008	12.2
563	-0.796548	202.627857	0.007947	12.0
564	-0.670532	202.444980	0.005388	12.7
565	-1.111937	202.262543	0.010834	12.4
566	-0.655663	202.080543	0.006035	9.7
567	-1.185288	201.898979	0.008387	12.9
568	-1.158584	201.717849	0.008240	11.4
569	-0.930630	201.537153	0.007872	13.5
570	-0.815884	201.356887	0.007122	10.8
571	-0.727188	201.177050	0.006957	17.7
572	-0.008435	200.997642	0.000030	18.1
573	-1.236743	200.818659	0.008366	21.9
574	-0.792743	200.640100	0.007123	16.3
575	-0.855724	200.461965	0.007333	11.6
576	-0.416771	200.284250	0.006527	12.7
577	-0.881251	200.106955	0.007798	10.4
578	-1.154643	199.930078	0.010082	11.3
579	-0.604355	199.753617	0.008064	10.9
580	-0.541232	199.577571	0.005903	12.0
581	-0.762679	199.401938	0.007391	11.2
582	-1.014980	199.226717	0.007713	9.7
583	-0.948163	199.051905	0.008564	9.7
584	-0.797172	198.877502	0.008373	13.5
585	-0.324544	198.703506	0.004522	11.8
586	-1.186355	198.529916	0.008879	9.9
587	-1.048918	198.356729	0.010359	9.9
588	-0.832709	198.183944	0.007172	14.8
589	-1.034539	198.011560	0.010703	13.9
590	-0.612630	197.839576	0.007253	10.0
591	-0.420321	197.667989	0.008128	10.9
592	-0.230805	197.496798	0.004493	16.0
593	-0.913945	197.326002	0.007921	10.9
594	-0.167676	197.155600	0.002833	9.7
595	-0.949188	196.985589	0.008729	12.7
596	-0.801020	196.815969	0.008889	11.7
597	-1.142775	196.646738	0.008595	10.2
598	-1.215393	196.477894	0.012153	10.8
599	-0.853095	196.309436	0.007554	18.0
600	-0.735979	196.141363	0.008061	18.2
601	-0.915672	195.973673	0.008915	14.7
602	-0.872503	195.806365	0.009192	15.6
603	-0.421204	195.639437	0.005235	15.1
604	-0.951336	195.472888	0.008649	14.4
605	-1.013265	195.306717	0.006783	16.0
606	-0.470075	195.140922	0.008409	17.4
607	-0.309090	194.975501	0.006999	20.4
608	-0.476915	194.810454	0.006403	15.3
609	-1.127386	194.645779	0.008647	9.4
610	-0.779283	194.481475	0.008256	9.3
611	-0.819644	194.317540	0.007370	12.5
612	-1.119285	194.153973	0.012708	12.7
613	-0.516066	193.990773	0.011411	9.4
614	-0.547036	193.827938	0.007367	9.8
615	-0.893621	193.665467	0.007911	12.3
616	-0.431497	193.503358	0.006930	9.7
617	-1.195677	193.341611	0.011161	11.2
618	-0.266475	193.180224	0.003860	9.8
619	-0.543969	193.019196	0.005153	12.5
620	-1.196167	192.858525	0.011000	11.0
621	-1.060599	192.698210	0.008884	10.5
622	-1.225062	192.538251	0.007667	10.4
623	-0.401761	192.378644	0.005927	12.6
624	-0.830053	192.219391	0.008229	11.9
625	-1.184506	192.060488	0.010223	10.6
626	-1.033765	191.901935	0.007375	10.7
627	-1.019995	191.743730	0.007078	13.4
628	-0.525323	191.585873	0.007933	11.2
629	-1.199798	191.428362	0.009055	12.4
630	-0.870549	191.271196	0.008287	11.0
631	-0.496842	191.114374	0.005490	15.2
632	-0.819702	190.957893	0.007776	10.7
633	-1.193689	190.801755	0.010803	11.4
634	-0.524157	190.645956	0.006287	13.7
635	-1.063094	190.490495	0.007651	11.6
636	-0.435470	190.335373	0.008362	10.2
637	-1.219862	190.180587	0.009376	11.2
638	-0.994956	190.026136	0.008535	12.5
639	-0.600482	189.872019	0.007994	11.9
640	-0.297024	189.718235	0.007488	10.4
641	-1.070099	189.564782	0.008674	10.6
642	-0.982443	189.411661	0.006987	14.1
643	-0.959206	189.258868	0.008553	9.9
644	-1.095257	189.106404	0.008361	10.9
645	-1.140662	188.954267	0.008918	9.7
646	-0.825424	188.802456	0.008898	12.5
647	-1.085900	188.650969	0.010371	10.8
648	-1.172582	188.499807	0.010668	10.6
649	-0.499269	188.348967	0.006823	9.7
650	-1.188872	188.198448	0.010266	13.0
651	-0.402695	188.048250	0.005081	12.0
652	-0.242566	187.898371	0.002996	10.9
653	-0.985142	187.748810	0.010792	13.0
654	-1.029843	187.599566	0.009917	13.0
655	-1.034359	187.450638	0.008951	11.3
656	-0.503736	187.302025	0.006600	10.3
657	-0.570768	187.153725	0.006108	13.1
658	-1.190365	187.005739	0.009678	12.8
659	-0.938521	186.858064	0.009803	9.8
660	-0.917377	186.710699	0.007761	11.2
661	-0.669760	186.563645	0.009135	14.8
662	-0.004395	186.416898	0.000317	13.4
663	-0.004548	186.270459	0.000366	10.8
664	-1.090924	186.124326	0.010690	14.2
665	-0.834311	185.978499	0.007508	11.1
666	-0.571013	185.832976	0.006165	10.7
667	-1.202666	185.687756	0.009395	14.8
668	-1.083058	185.542838	0.007847	11.0
669	-0.956925	185.398222	0.008177	10.0
670	-1.075367	185.253906	0.008141	11.1
671	-1.120968	185.109889	0.008226	13.8
672	-1.166711	184.966170	0.009117	11.2
673	-0.460072	184.822748	0.008560	9.9
674	-1.092019	184.679623	0.009033	10.1
675	-0.843835	184.536792	0.007030	12.5
676	-1.025567	184.394256	0.008318	11.6
677	-0.930882	184.252013	0.009659	15.8
678	-0.156366	184.110062	0.004625	17.0
679	-1.066424	183.968403	0.008114	15.6
680	-1.163892	183.827034	0.008926	14.9
681	-1.034223	183.685954	0.007788	27.5
682	-1.094365	183.545163	0.008784	10.8
683	-0.648695	183.404658	0.005650	9.8
684	-0.504820	183.264441	0.009915	9.3
685	-0.802130	183.124509	0.007909	11.4
686	-0.945022	182.984861	0.010162	9.5
687	-0.775656	182.845497	0.006982	10.8
688	-0.509790	182.706416	0.005764	10.2
689	-0.465354	182.567616	0.010288	12.2
690	-0.706091	182.429098	0.006150	10.4
691	-0.639836	182.290859	0.006219	9.4
692	-0.979144	182.152899	0.009038	9.3
693	-0.836284	182.015217	0.007984	11.6
694	-1.155367	181.877813	0.008558	9.7
695	-0.028651	181.740684	0.003309	9.8
696	-0.911946	181.603832	0.008024	9.5
697	-0.424723	181.467253	0.003585	12.2
698	-0.722722	181.330948	0.006045	10.4
699	-1.117353	181.194916	0.009468	9.4
700	-0.806399	181.059155	0.006575	9.9
701	-0.279836	180.923666	0.007958	12.6
702	-1.079964	180.788446	0.007785	10.5
703	-0.942965	180.653496	0.008478	10.3
704	-1.192116	180.518814	0.010209	10.3
705	-0.685280	180.384399	0.008338	12.2
706	-0.405540	180.250251	0.008319	9.4
707	-0.928544	180.116369	0.008998	9.5
708	-0.398934	179.982752	0.004921	9.5
709	-1.168492	179.849398	0.011112	11.1
710	-1.071825	179.716308	0.008982	10.6
711	-0.825078	179.583480	0.008164	9.5
712	-1.167433	179.450913	0.009116	9.7
713	-0.800558	179.318607	0.008005	12.9
714	-1.021259	179.186561	0.008087	9.3
715	-1.220573	179.054774	0.010153	9.6
716	-0.636572	178.923245	0.006816	9.6
717	-1.081716	178.791973	0.008859	11.5
718	-1.107331	178.660958	0.009169	10.5
719	-0.837758	178.530199	0.009649	9.6
720	-1.010342	178.399694	0.009490	9.8
721	-1.044393	178.269444	0.009159	12.3
722	-1.067046	178.139447	0.009913	9.5
723	-0.612444	178.009702	0.005587	10.6
724	-0.970014	177.880209	0.008877	10.0
725	-0.800460	177.750967	0.009617	12.6
726	-0.929155	177.621975	0.007612	10.7
727	-1.046095	177.493232	0.008564	10.4
728	-1.132068	177.364738	0.010414	9.3
729	-1.173881	177.236492	0.011562	13.5
730	-0.823082	177.108492	0.007915	11.9
731	-0.950179	176.980739	0.008263	9.6
732	-1.122023	176.853231	0.010471	9.7
733	-0.905479	176.725968	0.008064	12.5
734	-0.792337	176.598949	0.008731	9.8
735	-0.929808	176.472173	0.006934	11.0
736	-0.734028	176.345639	0.009424	9.7
737	-0.681177	176.219348	0.010780	12.3
738	-1.149311	176.093296	0.008003	10.5
739	-0.851232	175.967486	0.008945	9.6
740	-1.115354	175.841914	0.013501	9.6
741	-1.187118	175.716581	0.008621	12.8
742	-0.497718	175.591486	0.005625	9.6
743	-0.918653	175.466629	0.010283	10.1
744	-1.114851	175.342008	0.011540	9.5
745	-1.044892	175.217622	0.010127	11.4
746	-0.782403	175.093472	0.006702	10.6
747	-1.111375	174.969556	0.008068	9.4
748	-1.231982	174.845873	0.009481	10.0
749	-1.101782	174.722423	0.010742	12.7
750	-1.241497	174.599206	0.008130	10.1
751	-1.190669	174.476220	0.007735	10.4
752	-0.654816	174.353464	0.005827	9.5
753	-1.146765	174.230939	0.009741	12.5
754	-1.137803	174.108643	0.008480	9.6
755	-1.105508	173.986576	0.013029	9.3
756	-1.206062	173.864737	0.008862	9.2
757	-0.433327	173.743124	0.006915	11.0
758	-0.863645	173.621739	0.008639	10.0
759	-0.583076	173.500579	0.008304	9.8
760	-0.917240	173.379645	0.007378	9.6
761	-0.403485	173.258935	0.006471	11.7
762	-0.717122	173.138449	0.006516	10.3
763	-0.651573	173.018186	0.009244	10.1
764	-1.034543	172.898146	0.008050	9.1
765	-0.510046	172.778327	0.006788	11.4
766	-1.130377	172.658730	0.010165	9.8
767	-0.346134	172.539353	0.007061	9.8
768	-0.715749	172.420196	0.007709	9.5
769	-0.037890	172.301258	0.001471	11.4
770	-1.050392	172.182539	0.008887	10.1
771	-0.765870	172.064037	0.008606	10.5
772	-1.127869	171.945753	0.010478	8.5
773	-0.272203	171.827686	0.005149	11.7
774	-0.963793	171.709834	0.011221	10.1
775	-0.090069	171.592198	0.004728	9.2
776	-1.116025	171.474776	0.009778	9.3
777	-0.940028	171.357568	0.009712	11.3
778	-0.800740	171.240574	0.007044	10.7
779	-0.788735	171.123793	0.007241	10.5
780	-1.110822	171.007223	0.009381	9.4
781	-1.058843	170.890865	0.011649	12.2
782	-0.411997	170.774718	0.008975	11.5
783	-1.146106	170.658782	0.007337	9.3
784	-1.018972	170.543055	0.011216	9.2
785	-1.169208	170.427537	0.010984	13.2
786	-0.343913	170.312227	0.005213	9.6
787	-0.904843	170.197125	0.009300	9.8
788	-0.713104	170.082231	0.007453	9.4
789	-1.084769	169.967543	0.009234	11.3
790	-1.205227	169.853061	0.009994	11.3
791	-1.177530	169.738784	0.010120	9.2
792	-1.145468	169.624713	0.008840	9.8
793	-0.923369	169.510845	0.009971	12.3
794	-1.074563	169.397181	0.009387	9.3
795	-0.479737	169.283720	0.005055	10.0
796	-0.919550	169.170462	0.008138	9.5
797	-0.968812	169.057405	0.009305	11.6
798	-1.080772	168.944549	0.009173	10.4
799	-0.095709	168.831895	0.003163	8.4
800	-1.069623	168.719440	0.008411	9.4
801	-0.799506	168.607185	0.007900	10.8
802	-0.534890	168.495129	0.008176	10.1
803	-0.822984	168.383271	0.007281	9.4
804	-0.144011	168.271611	0.003765	8.0
805	-1.150729	168.160148	0.010959	10.2
806	-1.078488	168.048882	0.007757	10.2
807	-0.976713	167.937812	0.008449	10.7
808	-1.012418	167.826938	0.013986	9.4
809	-1.148712	167.716258	0.008528	11.3
810	-0.588257	167.605773	0.007473	10.5
811	-1.172491	167.495482	0.009779	9.5
812	-0.943955	167.385384	0.008053	9.5
813	-0.706614	167.275479	0.008543	11.4
814	-1.161049	167.165766	0.009507	9.3
815	-1.163048	167.056245	0.011151	10.4
816	-0.207856	166.946915	0.004163	9.7
817	-0.353767	166.837776	0.005236	11.6
818	-0.935974	166.728826	0.008676	10.6
819	-0.590217	166.620067	0.009376	9.6
820	-1.164867	166.511496	0.010165	9.3
821	-0.500883	166.403113	0.006080	10.3
822	-0.710050	166.294919	0.010519	8.8
823	-0.620276	166.186912	0.006542	10.4
824	-0.865650	166.079091	0.008508	9.7
825	-0.889252	165.971458	0.007349	11.3
826	-0.872948	165.864009	0.007861	10.4
827	-0.841064	165.756747	0.010350	9.2
828	-1.130776	165.649669	0.009835	9.6
829	-0.369913	165.542775	0.004357	11.1
830	-0.119685	165.436065	0.007464	9.3
831	-0.879073	165.329538	0.007834	10.3
832	-1.177602	165.223194	0.009497	9.0
833	-0.438288	165.117032	0.007937	12.6
834	-1.056899	165.011052	0.008967	10.7
835	-0.958448	164.905253	0.007828	9.8
836	-0.101826	164.799635	0.002882	9.7
837	-0.788356	164.694197	0.006497	13.6
838	-0.933079	164.588939	0.007626	9.2
839	-1.226655	164.483859	0.010047	10.6
840	-0.480974	164.378959	0.006833	9.7
841	-0.811514	164.274237	0.008053	12.1
842	-1.181017	164.169692	0.010335	10.6
843	-1.073200	164.065325	0.008794	9.4
844	-1.076249	163.961135	0.009790	9.6
845	-1.070686	163.857120	0.009184	11.9
846	-1.139014	163.753282	0.008553	10.3
847	-1.126812	163.649619	0.008795	10.5
848	-0.454855	163.546130	0.006329	10.1
849	-1.016859	163.442816	0.008179	12.6
850	-1.118143	163.339676	0.008254	10.6
851	-1.048147	163.236709	0.009043	9.3
852	-0.748555	163.133915	0.006670	9.4
853	-0.362546	163.031294	0.006899	11.7
854	-1.164876	162.928844	0.009658	9.6
855	-1.138498	162.826566	0.008896	10.2
856	-0.046365	162.724459	0.001538	9.4
857	-0.000000	162.622523	0.000000	11.2
858	-1.183003	162.520757	0.009460	11.0
859	-0.717289	162.419160	0.008040	10.2
860	-1.015530	162.317733	0.008879	10.1
861	-1.147766	162.216474	0.009746	13.5
862	-1.168857	162.115383	0.009069	10.2
863	-0.995230	162.014461	0.010678	9.6
864	-0.399281	161.913705	0.006746	8.6
865	-1.178135	161.813117	0.009218	11.1
866	-0.880691	161.712695	0.009181	9.9
867	-1.142868	161.612439	0.008724	9.4
868	-1.237388	161.512349	0.009693	9.6
869	-1.189550	161.412424	0.008136	11.4
870	-0.791046	161.312663	0.007440	10.2
871	-0.611030	161.213067	0.008357	9.8
872	-0.813712	161.113635	0.006879	10.3
873	-1.056746	161.014366	0.010469	13.1
874	-1.194478	160.915260	0.011022	10.0
875	-0.000000	160.816316	0.000000	10.0
876	-0.965721	160.717535	0.007297	9.3
877	-1.118480	160.618915	0.008517	12.1
878	-0.634797	160.520456	0.007935	10.4
879	-1.066403	160.422158	0.008000	10.2
880	-1.139551	160.324021	0.009081	9.6
881	-1.050300	160.226043	0.008006	12.6
882	-0.726997	160.128225	0.006820	9.2
883	-0.219899	160.030566	0.005789	10.2
884	-0.862566	159.933066	0.009018	9.5
885	-0.784468	159.835723	0.006512	11.2
886	-0.239999	159.738539	0.003870	10.6
887	-1.172843	159.641512	0.009633	9.3
888	-1.174265	159.544642	0.008926	9.6
889	-1.182307	159.447929	0.008925	11.6
890	-1.052563	159.351372	0.009081	9.5
891	-0.593020	159.254971	0.007305	10.5
892	-0.287107	159.158725	0.006508	9.0
893	-0.567158	159.062634	0.004995	10.4
894	-1.220430	158.966697	0.009044	11.0
895	-0.570307	158.870915	0.008184	9.3
896	-0.658504	158.775286	0.007155	9.3
897	-1.128396	158.679811	0.010762	13.0
898	-0.238682	158.584489	0.005062	9.6
899	-1.030070	158.489319	0.009642	9.2
900	-1.019380	158.394302	0.009215	9.3
901	-0.890169	158.299436	0.009788	12.0
902	-0.915897	158.204721	0.007863	10.9
903	-1.126749	158.110158	0.007608	9.2
904	-1.159203	158.015745	0.008267	9.2
905	-0.955175	157.921482	0.008567	11.3
906	-0.474249	157.827369	0.008055	9.3
907	-1.181942	157.733406	0.009740	11.2
908	-0.407732	157.639591	0.004606	9.3
909	-1.031969	157.545925	0.009488	12.2
910	-0.770648	157.452408	0.007302	10.6
911	-0.899456	157.359038	0.007233	9.1
912	-0.737688	157.265816	0.009713	9.3
913	-1.220168	157.172741	0.010605	12.7
914	-0.806554	157.079813	0.007267	9.5
915	-0.701696	156.987031	0.008707	9.4
916	-0.939356	156.894395	0.009021	9.2
917	-0.817691	156.801904	0.008180	11.7
918	-0.723150	156.709559	0.008927	11.3
919	-0.184155	156.617359	0.006057	9.3
920	-0.176018	156.525304	0.005696	10.2
921	-1.243034	156.433392	0.010499	13.5
922	-1.121599	156.341624	0.008311	10.2
923	-0.680255	156.250000	0.005996	9.6
924	-1.041424	156.158519	0.008761	9.4
925	-0.763745	156.067180	0.009927	11.3
926	-1.117948	155.975984	0.008815	10.7
927	-0.460093	155.884930	0.005411	8.3
928	-1.150662	155.794017	0.009397	9.7
929	-0.652617	155.703246	0.008840	11.7
930	-1.239731	155.612615	0.009967	9.4
931	-0.892794	155.522125	0.008087	10.3
932	-0.913552	155.431775	0.006819	9.4
933	-1.026114	155.341565	0.009064	12.0
934	-1.212870	155.251495	0.010583	10.5
935	-1.180267	155.161563	0.009127	9.4
936	-1.013823	155.071771	0.008408	9.0
937	-1.028053	154.982117	0.008958	11.3
938	-0.990826	154.892601	0.009821	9.4
939	-1.218643	154.803222	0.009682	10.5
940	-0.788803	154.713981	0.007803	9.5
941	-1.023034	154.624878	0.008310	11.8
942	-1.198179	154.535910	0.009500	10.7
943	-1.143141	154.447080	0.009433	9.1
944	-0.684476	154.358385	0.008926	10.0
945	-1.162862	154.269826	0.009097	11.9
946	-0.914646	154.181402	0.008884	10.0
947	-0.685520	154.093114	0.008617	8.8
948	-0.118123	154.004960	0.003301	9.3
949	-0.983106	153.916940	0.008771	11.0
950	-0.011844	153.829054	0.000338	10.4
951	-0.000000	153.741303	0.000000	8.3
952	-0.818535	153.653684	0.007991	9.4
953	-1.231014	153.566198	0.010067	10.5
954	-0.227305	153.478846	0.003906	10.3
955	-0.973683	153.391625	0.008208	9.6
956	-0.818985	153.304537	0.008871	10.2
957	-1.098638	153.217580	0.009738	12.1
958	-0.183860	153.130755	0.004839	9.3
959	-1.144420	153.044061	0.009139	10.2
960	-0.280038	152.957498	0.005183	9.1
961	-1.274276	152.871065	0.009313	10.7
962	-0.249821	152.784762	0.004105	10.6
963	-1.177710	152.698589	0.008885	9.5
964	-1.183368	152.612545	0.007965	9.3
965	-1.126251	152.526631	0.009169	11.3
966	-1.158717	152.440845	0.008512	9.6
967	-0.579758	152.355188	0.006564	10.8
968	-1.013535	152.269660	0.008796	9.6
969	-0.960082	152.184259	0.007600	13.0
970	-0.894057	152.098986	0.006767	11.0
971	-0.445318	152.013840	0.005570	9.5
972	-0.751535	151.928821	0.006506	9.1
973	-0.625986	151.843928	0.007387	11.4
974	-1.076365	151.759163	0.008493	9.4
975	-0.812560	151.674523	0.007318	10.7
976	-0.945401	151.590009	0.007787	9.3
977	-0.876910	151.505620	0.008887	11.0
978	-1.140529	151.421357	0.007964	10.6
979	-1.071971	151.337218	0.009992	10.2
980	-1.134087	151.253204	0.009164	9.4
981	-0.440837	151.169314	0.005364	11.2
982	-0.532756	151.085549	0.005198	9.5
983	-0.809854	151.001907	0.008748	10.7
984	-1.170427	150.918388	0.009736	9.4
985	-0.750884	150.834992	0.007252	11.6
986	-0.474254	150.751719	0.004845	9.9
987	-0.866094	150.668569	0.007581	9.5
988	-0.745707	150.585541	0.007767	9.8
989	-1.146984	150.502634	0.009599	11.3
990	-0.773575	150.419849	0.007792	9.3
991	-0.990004	150.337186	0.008017	10.5
992	-0.882125	150.254644	0.007016	9.6
993	-1.247365	150.172222	0.010011	12.9
994	-1.161620	150.089921	0.007993	10.4
995	-0.884143	150.007740	0.008076	9.6
996	-1.083235	149.925679	0.009822	9.2
997	-1.231346	149.843737	0.009257	11.2
998	-0.912997	149.761915	0.009569	9.6
999	-1.071241	149.680212	0.009656	10.1
1000	-1.177786	149.598627	0.009231	9.6
1001	-1.049857	149.517161	0.007939	11.4
1002	-0.243786	149.435814	0.007169	9.4
1003	-1.013027	149.354584	0.008598	9.5
1004	-0.693401	149.273472	0.007303	9.6
1005	-1.124416	149.192477	0.008143	11.0
1006	-1.251857	149.111599	0.008931	9.3
1007	-1.249345	149.030838	0.009988	10.2
1008	-1.249155	148.950194	0.010372	9.4
1009	-1.258598	148.869666	0.009249	11.6
1010	-1.198646	148.789253	0.008602	10.3
1011	-1.169519	148.708957	0.009420	9.2
1012	-1.165761	148.628776	0.009427	9.6
1013	-1.140679	148.548710	0.006936	11.5
1014	-0.751883	148.468759	0.007319	9.3
1015	-1.167095	148.388923	0.009712	10.4
1016	-0.056755	148.309201	0.004566	9.6
1017	-1.070676	148.229594	0.009904	14.9
1018	-1.209777	148.150100	0.008226	10.8
1019	-0.374571	148.070719	0.005453	9.7
1020	-1.237734	147.991452	0.009745	9.2
1021	-0.634587	147.912298	0.007259	11.6
1022	-0.654593	147.833257	0.007740	9.9
1023	-1.290539	147.754329	0.009854	10.7
1024	-0.302864	147.675512	0.005143	9.4
1025	-0.573634	147.596808	0.010867	12.1
1026	-1.069304	147.518216	0.009291	10.4
1027	-1.081486	147.439735	0.008978	9.5
1028	-1.097914	147.361365	0.008007	9.3
1029	-1.129700	147.283106	0.009676	11.5
1030	-1.185483	147.204958	0.008451	9.3
1031	-0.200005	147.126920	0.005747	9.4
1032	-0.496675	147.048993	0.006172	9.7
1033	-0.679569	146.971175	0.010048	11.0
1034	-1.159709	146.893468	0.008538	10.3
1035	-0.772305	146.815869	0.007073	9.5
1036	-0.767443	146.738380	0.008756	9.7
1037	-1.045892	146.661000	0.009499	11.2
1038	-0.974768	146.583729	0.008292	9.3
1039	-1.171031	146.506566	0.009858	10.5
1040	-0.335647	146.429511	0.005774	9.4
1041	-1.136467	146.352565	0.008714	11.4
1042	-0.946095	146.275726	0.008579	10.4
1043	-1.091143	146.198994	0.008203	9.4
1044	-0.966637	146.122370	0.008851	8.6
1045	-0.267892	146.045853	0.004606	11.6
1046	-1.188088	145.969442	0.008541	9.3
1047	-0.732889	145.893139	0.006743	11.3
1048	-0.608461	145.816941	0.006731	9.7
1049	-1.218952	145.740849	0.010098	12.3
1050	-0.710105	145.664863	0.008774	10.3
1051	-0.511033	145.588983	0.005725	9.4
1052	-0.677140	145.513208	0.006550	11.1
1053	-1.233924	145.437538	0.009233	12.0
1054	-0.374286	145.361973	0.009187	9.4
1055	-0.222641	145.286513	0.005195	10.6
1056	-0.799227	145.211157	0.010505	10.1
1057	-1.114669	145.135905	0.009745	12.1
1058	-0.876681	145.060757	0.009243	10.8
1059	-0.897434	144.985712	0.009386	10.4
1060	-1.165975	144.910771	0.008970	9.6
1061	-0.839236	144.835934	0.006893	12.6
1062	-0.679790	144.761199	0.006869	10.4
1063	-1.208967	144.686567	0.012358	9.7
1064	-1.137244	144.612037	0.008566	9.5
1065	-1.208178	144.537610	0.011555	14.3
1066	-1.043347	144.463285	0.007987	10.1
1067	-1.256304	144.389062	0.008054	9.4
1068	-0.921422	144.314940	0.008629	9.4
1069	-1.001569	144.240920	0.008931	12.2
1070	-1.156271	144.167001	0.009208	10.3
1071	-1.104560	144.093182	0.009856	9.7
1072	-0.627513	144.019465	0.006622	9.7
1073	-1.049693	143.945848	0.007924	15.6
1074	-0.393939	143.872331	0.005289	9.4
1075	-0.677056	143.798914	0.006320	9.9
1076	-1.040423	143.725597	0.009475	9.5
1077	-1.215089	143.652380	0.009579	11.6
1078	-0.040604	143.579262	0.001950	10.6
1079	-1.041699	143.506243	0.008501	9.6
1080	-1.163439	143.433323	0.010489	9.3
1081	-0.754905	143.360502	0.007979	14.1
1082	-1.185109	143.287780	0.009336	11.8
1083	-0.658974	143.215155	0.009257	10.5
1084	-1.271661	143.142629	0.011359	10.9
1085	-1.286567	143.070201	0.008691	19.5
1086	-0.758288	142.997870	0.007846	9.9
1087	-0.365643	142.925637	0.004998	11.3
1088	-1.064811	142.853501	0.010605	13.0
1089	-0.792868	142.781462	0.008204	10.7
1090	-0.520619	142.709519	0.006211	9.6
1091	-0.636764	142.637674	0.009581	13.2
1092	-0.674205	142.565924	0.007662	10.5
1093	-1.169325	142.494271	0.009008	10.4
1094	-0.244729	142.422714	0.005540	9.3
1095	-1.186390	142.351252	0.010896	12.6
1096	-0.457381	142.279886	0.005442	8.2
1097	-0.885031	142.208616	0.008706	10.4
1098	-0.837863	142.137440	0.008670	9.3
1099	-0.983539	142.066360	0.008295	10.7
1100	-0.799427	141.995374	0.007020	10.8
1101	-0.746893	141.924483	0.008137	9.6
1102	-1.186375	141.853685	0.008222	10.3
1103	-1.234591	141.782983	0.007814	12.4
1104	-1.099593	141.712373	0.008033	9.1
1105	-0.361488	141.641858	0.006095	10.1
1106	-0.927509	141.571436	0.009372	9.5
1107	-0.669996	141.501108	0.007420	11.3
1108	-0.671725	141.430872	0.007038	10.9
1109	-0.296196	141.360730	0.007760	8.7
1110	-0.491099	141.290680	0.006415	9.8
1111	-0.889186	141.220722	0.009928	12.4
1112	-1.019704	141.150857	0.010319	11.2
1113	-1.104874	141.081084	0.009792	9.5
1114	-0.905922	141.011403	0.008317	9.4
1115	-0.574561	140.941813	0.009538	13.1
1116	-0.447184	140.872315	0.005951	11.6
1117	-0.944089	140.802909	0.009476	9.7
1118	-0.768605	140.733593	0.007171	9.4
1119	-1.182872	140.664369	0.009962	12.4
1120	-1.193533	140.595235	0.009588	10.6
1121	-0.688112	140.526192	0.008761	9.6
1122	-1.184685	140.457239	0.008371	9.7
1123	-0.330124	140.388376	0.004990	10.3
1124	-0.253266	140.319603	0.003363	9.4
1125	-0.846717	140.250920	0.008112	11.1
1126	-0.835974	140.182326	0.008326	10.3
1127	-0.782945	140.113822	0.008576	12.6
1128	-0.530126	140.045407	0.009535	10.4
1129	-0.912682	139.977081	0.008648	9.5
1130	-0.457107	139.908844	0.007807	9.7
1131	-1.102997	139.840696	0.011342	11.8
1132	-0.321691	139.772635	0.005118	9.3
1133	-0.498033	139.704664	0.005871	10.8
1134	-1.150266	139.636780	0.008773	9.8
1135	-1.105991	139.568984	0.009668	12.6
1136	-0.816712	139.501276	0.008009	10.6
1137	-1.034212	139.433655	0.010714	10.4
1138	-0.800999	139.366122	0.008156	9.3
1139	-0.743820	139.298676	0.005812	12.4
1140	-1.196750	139.231317	0.008660	10.7
1141	-1.169951	139.164045	0.008339	9.7
1142	-0.989559	139.096859	0.010008	8.4
1143	-0.535465	139.029760	0.005261	11.4
1144	-1.023102	138.962747	0.008550	10.9
1145	-1.113104	138.895820	0.009043	9.6
1146	-0.822727	138.828978	0.007631	9.5
1147	-0.379878	138.762223	0.006217	11.9
1148	-0.292035	138.695553	0.006222	10.3
1149	-0.550712	138.628969	0.005577	9.7
1150	-0.957337	138.562469	0.009162	9.6
1151	-1.033353	138.496055	0.007416	13.9
1152	-1.012706	138.429725	0.008755	9.7
1153	-1.129261	138.363481	0.009289	8.9
1154	-1.154074	138.297320	0.009755	9.5
1155	-1.182987	138.231244	0.010530	12.1
1156	-0.938628	138.165252	0.007983	10.9
1157	-1.190369	138.099344	0.009881	9.6
1158	-0.881482	138.033520	0.008683	10.5
1159	-0.981267	137.967779	0.010786	13.0
1160	-1.025637	137.902122	0.009548	9.4
1161	-0.416795	137.836548	0.005769	9.6
1162	-1.260121	137.771057	0.011846	9.6
1163	-1.042768	137.705649	0.009886	11.7
1164	-1.168412	137.640324	0.008616	11.4
1165	-1.158855	137.575081	0.010074	9.5
1166	-1.027594	137.509921	0.007842	9.6
1167	-0.410047	137.444842	0.006592	12.1
1168	-1.197551	137.379846	0.007619	9.3
1169	-0.890688	137.314932	0.009943	10.8
1170	-0.810255	137.250100	0.007794	10.0
1171	-0.938681	137.185349	0.007771	12.3
1172	-0.937573	137.120680	0.008119	10.8
1173	-0.552533	137.056092	0.008319	9.1
1174	-0.836452	136.991585	0.007613	9.3
1175	-0.527496	136.927158	0.005958	11.9
1176	-0.893198	136.862813	0.008467	9.4
1177	-1.232417	136.798548	0.009709	10.6
1178	-1.211375	136.734363	0.009568	9.6
1179	-1.170051	136.670259	0.008334	13.2
1180	-1.107540	136.606235	0.008285	16.5
1181	-1.188456	136.542291	0.009998	10.2
1182	-0.985399	136.478426	0.007570	9.9
1183	-1.218421	136.414641	0.007730	11.3
1184	-1.122272	136.350936	0.009116	10.5
1185	-1.202508	136.287310	0.009526	9.6
1186	-0.933539	136.223763	0.010692	10.3
1187	-0.860592	136.160295	0.008841	11.0
1188	-0.972750	136.096905	0.009379	10.4
1189	-1.117979	136.033594	0.008871	9.3
1190	-0.961016	135.970362	0.007646	12.1
1191	-1.062428	135.907208	0.012756	9.3
1192	-1.126938	135.844133	0.010605	10.6
1193	-1.107133	135.781135	0.007606	9.9
1194	-1.214154	135.718215	0.010025	12.2
1195	-1.152594	135.655373	0.010314	10.7
1196	-1.005929	135.592608	0.007184	10.1
1197	-1.026195	135.529921	0.009310	11.7
1198	-0.085701	135.467311	0.004767	12.1
1199	-1.152631	135.404778	0.010611	10.9
1200	-1.232261	135.342322	0.009098	9.4
1201	-0.747589	135.279942	0.006745	9.6
1202	-0.363976	135.217640	0.006902	13.3
1203	-0.442001	135.155413	0.005381	9.2
1204	-0.891229	135.093263	0.010077	9.4
1205	-0.108143	135.031190	0.003774	10.4
1206	-1.211187	134.969192	0.008965	12.3
1207	-1.242537	134.907270	0.010433	10.7
1208	-0.842151	134.845424	0.008862	10.6
1209	-0.831276	134.783653	0.008694	10.1
1210	-1.260871	134.721958	0.011602	12.4
1211	-0.530625	134.660338	0.008119	9.4
1212	-1.177558	134.598793	0.010084	10.3
1213	-1.100936	134.537323	0.008536	9.4
1214	-1.038160	134.475927	0.009376	11.2
1215	-0.987459	134.414607	0.008755	10.8
1216	-1.189405	134.353361	0.009844	9.7
1217	-0.739928	134.292189	0.006763	9.3
1218	-1.153178	134.231092	0.009919	11.7
1219	-1.061582	134.170068	0.009048	9.5
1220	-1.147877	134.109119	0.007884	11.0
1221	-1.079372	134.048243	0.008491	9.8
1222	-1.131593	133.987441	0.008498	12.0
1223	-1.148062	133.926713	0.007104	10.6
1224	-1.014682	133.866057	0.007394	9.5
1225	-0.307514	133.805475	0.004875	9.5
1226	-0.474212	133.744966	0.007302	10.1
1227	-0.011394	133.684530	0.000444	9.4
1228	-0.812539	133.624167	0.007002	10.7
1229	-0.966573	133.563877	0.007416	10.0
1230	-1.174232	133.503658	0.009146	12.2
1231	-0.538320	133.443513	0.007376	10.6
1232	-1.216781	133.383439	0.008928	9.5
1233	-0.863752	133.323437	0.008540	9.2
1234	-1.249698	133.263508	0.011282	11.3
1235	-0.355403	133.203650	0.005819	9.2
1236	-0.926181	133.143864	0.008723	10.2
1237	-1.280584	133.084149	0.009260	9.6
1238	-0.491767	133.024506	0.007183	12.6
1239	-1.138654	132.964934	0.008031	10.7
1240	-1.248460	132.905433	0.011547	9.5
1241	-1.264576	132.846003	0.010445	9.2
1242	-0.938005	132.786643	0.008111	11.3
1243	-1.161931	132.727355	0.008643	9.3
1244	-0.364155	132.668137	0.006338	10.3
1245	-1.197268	132.608989	0.007695	9.5
1246	-0.924997	132.549912	0.007623	11.3
1247	-0.819781	132.490904	0.006680	10.9
1248	-1.271202	132.431967	0.009296	9.9
1249	-1.064419	132.373100	0.009220	10.6
1250	-1.184268	132.314302	0.009818	15.1
1251	-0.451047	132.255574	0.004558	12.7
1252	-0.266625	132.196916	0.005583	14.0
1253	-1.202649	132.138326	0.008052	10.2
1254	-0.946057	132.079806	0.007305	12.6
1255	-0.589112	132.021355	0.006096	10.6
1256	-0.370259	131.962973	0.004569	12.9
1257	-0.693420	131.904660	0.007536	13.5
1258	-0.769794	131.846415	0.009709	9.3
1259	-1.183006	131.788239	0.007353	9.7
1260	-0.742702	131.730131	0.006672	9.3
1261	-0.814262	131.672092	0.006367	10.8
1262	-1.109644	131.614121	0.008731	9.4
1263	-0.797258	131.556217	0.007835	10.6
1264	-0.762770	131.498382	0.007121	9.7
1265	-0.561467	131.440614	0.007083	11.2
1266	-1.087753	131.382914	0.010046	10.6
1267	-0.347124	131.325282	0.003817	9.6
1268	-0.621192	131.267717	0.007147	9.9
1269	-0.905849	131.210219	0.007788	11.9
1270	-1.122610	131.152788	0.009894	9.3
1271	-1.084463	131.095424	0.009166	10.8
1272	-1.245172	131.038127	0.008633	9.6
1273	-0.247806	130.980897	0.005196	11.0
1274	-1.021846	130.923733	0.008201	10.4
1275	-1.097881	130.866636	0.007848	10.1
1276	-0.661765	130.809605	0.006973	9.4
1277	-0.687003	130.752641	0.008027	13.4
1278	-1.139714	130.695742	0.008611	9.3
1279	-0.204426	130.638910	0.005080	10.3
1280	-1.011310	130.582143	0.008994	9.5
1281	-0.969022	130.525442	0.008445	11.4
1282	-1.110606	130.468807	0.008667	10.6
1283	-1.227372	130.412237	0.008344	9.9
1284	-0.730611	130.355733	0.006961	9.4
1285	-0.243327	130.299294	0.010963	12.4
1286	-0.742447	130.242920	0.006865	11.0
1287	-0.874860	130.186611	0.008721	9.7
1288	-0.187735	130.130366	0.004917	9.4
1289	-1.264209	130.074187	0.009337	12.2
1290	-1.160820	130.018072	0.007326	10.2
1291	-0.940981	129.962022	0.008621	9.4
1292	-0.482646	129.906036	0.007664	8.3
1293	-0.415302	129.850114	0.007293	10.4
1294	-1.014319	129.794257	0.007769	9.8
1295	-0.543151	129.738463	0.005163	11.3
1296	-1.106280	129.682734	0.011224	9.6
1297	-0.444251	129.627068	0.005936	12.1
1298	-1.120815	129.571466	0.011885	10.9
1299	-1.141134	129.515927	0.008639	10.2
1300	-0.762284	129.460452	0.007400	9.3
1301	-0.282730	129.405040	0.008713	10.4
1302	-0.743595	129.349692	0.006502	9.8
1303	-0.958523	129.294406	0.007089	13.2
1304	-0.909317	129.239183	0.011106	9.4
1305	-0.773930	129.184024	0.007771	12.0
1306	-0.269211	129.128927	0.003430	9.4
1307	-1.076365	129.073892	0.010395	9.6
1308	-0.749601	129.018921	0.006534	9.2
1309	-1.066014	128.964011	0.008162	10.8
1310	-0.882921	128.909164	0.008809	11.0
1311	-1.265656	128.854379	0.009218	9.6
1312	-0.225533	128.799656	0.003772	9.1
1313	-0.911000	128.744995	0.009358	11.0
1314	-1.221221	128.690396	0.010471	10.2
1315	-1.173995	128.635858	0.012857	9.6
1316	-0.496869	128.581382	0.005628	8.8
1317	-1.100026	128.526968	0.009645	11.5
1318	-1.167719	128.472615	0.009328	9.3
1319	-0.333701	128.418323	0.005628	10.4
1320	-0.938402	128.364092	0.008140	9.3
1321	-0.880315	128.309922	0.008727	11.3
1322	-0.925788	128.255814	0.009160	10.8
1323	-1.103268	128.201766	0.010774	9.8
1324	-0.242309	128.147778	0.003657	9.2
1325	-1.178108	128.093852	0.008566	12.0
1326	-1.037447	128.039985	0.008755	9.6
1327	-0.715644	127.986180	0.006392	10.2
1328	-0.707834	127.932434	0.006747	9.4
1329	-1.189410	127.878749	0.008650	11.4
1330	-1.265895	127.825123	0.008999	10.6
1331	-0.452917	127.771558	0.007807	9.7
1332	-0.935553	127.718052	0.007217	10.4
1333	-0.573896	127.664606	0.009570	12.4
1334	-1.312414	127.611220	0.008725	9.8
1335	-1.227245	127.557893	0.011829	9.7
1336	-1.264707	127.504625	0.009481	9.4
1337	-0.324004	127.451417	0.006254	11.2
1338	-0.917463	127.398268	0.010013	10.5
1339	-0.921062	127.345178	0.008212	9.4
1340	-0.954330	127.292147	0.008032	9.3
1341	-1.078966	127.239175	0.009772	11.2
1342	-1.080563	127.186261	0.009329	9.5
1343	-0.899934	127.133407	0.008109	10.1
1344	-1.121720	127.080610	0.008471	9.4
1345	-0.842973	127.027872	0.008104	11.3
1346	-0.911964	126.975193	0.010792	10.7
1347	-1.123494	126.922572	0.008152	9.6
1348	-1.249507	126.870008	0.010548	10.0
1349	-1.083254	126.817503	0.009783	12.1
1350	-1.122716	126.765056	0.008499	8.8
1351	-1.222735	126.712667	0.009603	10.4
1352	-0.591866	126.660335	0.006653	9.4
1353	-1.042732	126.608061	0.011505	11.2
1354	-0.966654	126.555844	0.010882	10.5
1355	-0.064325	126.503685	0.004702	9.6
1356	-0.449036	126.451583	0.005972	9.5
1357	-1.208861	126.399538	0.010414	11.4
1358	-0.007101	126.347550	0.003851	8.7
1359	-1.046659	126.295619	0.007811	10.7
1360	-0.928571	126.243745	0.009276	9.7
1361	-0.126087	126.191928	0.005325	11.3
1362	-1.086539	126.140168	0.007819	10.4
1363	-1.096593	126.088464	0.009059	9.4
1364	-1.036674	126.036817	0.009610	10.2
1365	-0.576142	125.985226	0.006566	11.9
1366	-0.905535	125.933691	0.006197	10.0
1367	-0.317132	125.882212	0.005534	10.6
1368	-0.516626	125.830790	0.005023	9.5
1369	-1.148224	125.779423	0.009512	12.5
1370	-0.009280	125.728113	0.001379	10.6
1371	-0.660926	125.676858	0.008009	9.7
1372	-1.259138	125.625659	0.009576	9.7
1373	-0.306762	125.574515	0.003748	9.8
1374	-1.164721	125.523427	0.010764	9.6
1375	-1.156455	125.472394	0.008146	10.5
1376	-1.011265	125.421417	0.007417	9.5
1377	-1.250733	125.370495	0.009477	11.3
1378	-1.190340	125.319628	0.009328	10.6
1379	-0.935700	125.268815	0.009335	9.5
1380	-1.149613	125.218058	0.009586	9.4
1381	-1.268022	125.167356	0.008748	11.5
1382	-1.290553	125.116708	0.009290	9.3
1383	-1.150854	125.066115	0.009403	10.8
1384	-1.167002	125.015576	0.010700	9.5
1385	-1.060174	124.965092	0.008967	11.3
1386	-1.106859	124.914662	0.009281	10.3
1387	-1.343189	124.864287	0.009526	9.3
1388	-1.132309	124.813965	0.009366	9.5
1389	-0.502333	124.763698	0.007870	11.2
1390	-1.316157	124.713485	0.010325	9.2
1391	-1.199943	124.663325	0.009792	10.5
1392	-0.574530	124.613219	0.007225	9.5
1393	-0.578614	124.563167	0.004760	11.3
1394	-1.181012	124.513168	0.009516	10.3
1395	-1.195214	124.463223	0.009915	9.5
1396	-0.863555	124.413332	0.009941	10.3
1397	-0.194842	124.363493	0.005303	11.0
1398	-1.039228	124.313708	0.008900	9.6
1399	-1.114313	124.263976	0.008324	10.4
1400	-1.142355	124.214297	0.010931	9.4
1401	-0.661905	124.164671	0.006082	11.7
1402	-0.916037	124.115097	0.009099	10.3
1403	-1.244010	124.065577	0.011084	9.3
1404	-0.000000	124.016109	0.000000	9.5
1405	-1.231921	123.966693	0.009106	11.4
1406	-1.248151	123.917330	0.010096	9.5
1407	-1.115957	123.868020	0.010092	10.2
1408	-0.361380	123.818762	0.005271	9.4
1409	-1.165851	123.769556	0.008803	11.6
1410	-0.655742	123.720402	0.010225	10.5
1411	-0.811513	123.671300	0.007350	9.3
1412	-0.788324	123.622250	0.007099	9.5
1413	-0.896987	123.573252	0.008172	12.4
1414	-0.009434	123.524305	0.001639	9.4
1415	-0.541300	123.475411	0.009403	10.1
1416	-0.871065	123.426568	0.007977	9.2
1417	-1.014290	123.377776	0.008642	12.1
1418	-0.765841	123.329036	0.006652	11.1
1419	-1.106717	123.280347	0.007537	9.5
1420	-1.242880	123.231709	0.008929	9.8
1421	-0.552340	123.183122	0.006668	15.7
1422	-0.010799	123.134587	0.003311	9.4
1423	-0.110800	123.086102	0.003941	9.7
1424	-0.774689	123.037669	0.007868	9.7
1425	-1.079106	122.989286	0.010181	12.9
1426	-1.016574	122.940954	0.008760	13.7
1427	-0.823605	122.892672	0.007391	15.4
1428	-0.995102	122.844441	0.009217	16.8
1429	-0.593608	122.796261	0.006999	11.3
1430	-1.217094	122.748130	0.011164	9.5
1431	-0.345527	122.700050	0.004553	10.3
1432	-1.149990	122.652021	0.007836	12.4
1433	-0.564118	122.604041	0.006957	9.6
1434	-1.208965	122.556111	0.010675	11.0
1435	-1.164021	122.508232	0.012124	10.9
1436	-1.176636	122.460402	0.008462	12.1
1437	-0.604833	122.412622	0.009133	9.6
1438	-0.827058	122.364891	0.007161	9.5
1439	-0.797929	122.317210	0.007834	11.3
1440	-0.253660	122.269579	0.004206	11.5
1441	-0.588003	122.221997	0.009222	11.4
1442	-0.782515	122.174465	0.006834	10.1
1443	-0.703111	122.126981	0.006815	10.0
1444	-1.094102	122.079547	0.010555	14.6
1445	-0.456885	122.032162	0.006050	12.9
1446	-1.015217	121.984826	0.007391	9.5
1447	-0.644040	121.937539	0.007214	11.1
1448	-0.228045	121.890301	0.004969	14.3
1449	-0.872809	121.843112	0.008737	9.3
1450	-0.812907	121.795971	0.009119	9.9
1451	-1.191572	121.748879	0.013002	10.5
1452	-0.925485	121.701835	0.010216	11.0
1453	-0.477333	121.654840	0.005957	11.1
1454	-0.780842	121.607893	0.010752	10.1
1455	-0.404911	121.560994	0.005483	12.3
1456	-0.720207	121.514144	0.008895	11.0
1457	-1.119984	121.467342	0.007469	10.1
1458	-1.211017	121.420588	0.012237	9.4
1459	-0.675328	121.373882	0.006590	13.3
1460	-1.136167	121.327223	0.008982	9.3
1461	-1.083652	121.280613	0.008657	9.9
1462	-0.752485	121.234050	0.005984	9.3
1463	-1.203587	121.187535	0.012055	10.9
1464	-0.000000	121.141067	0.000000	10.3
1465	-1.138826	121.094647	0.009360	9.8
1466	-1.221149	121.048274	0.009691	9.3
1467	-0.943945	121.001949	0.007086	11.4
1468	-1.077248	120.955671	0.009801	9.4
1469	-1.211557	120.909440	0.009051	10.6
1470	-0.433425	120.863256	0.008158	9.5
1471	-0.083657	120.817119	0.003883	11.8
1472	-0.830330	120.771029	0.007159	10.5
1473	-1.181437	120.724986	0.008812	10.4
1474	-0.969794	120.678990	0.010652	9.3
1475	-1.192115	120.633040	0.009908	12.3
1476	-1.089375	120.587137	0.008338	11.7
1477	-1.201710	120.541281	0.009297	9.3
1478	-1.330178	120.495471	0.008918	10.4
1479	-1.153712	120.449707	0.008690	13.6
1480	-0.976737	120.403990	0.007712	9.2
1481	-1.203959	120.358319	0.011408	9.4
1482	-1.000257	120.312694	0.008300	9.8
1483	-0.698884	120.267115	0.007565	10.6
1484	-1.233762	120.221582	0.008433	11.0
1485	-0.907572	120.176096	0.007034	9.4
1486	-0.821312	120.130655	0.009468	9.4
1487	-0.681019	120.085260	0.005550	13.6
1488	-0.335767	120.039910	0.005976	10.3
1489	-0.703253	119.994606	0.007063	9.6
1490	-1.220705	119.949348	0.010493	9.5
1491	-0.793254	119.904135	0.007062	11.3
1492	-0.973647	119.858968	0.007970	10.1
1493	-0.774124	119.813846	0.008761	10.2
1494	-0.821944	119.768769	0.009261	9.9
1495	-1.143771	119.723738	0.010486	12.3
1496	-1.111296	119.678752	0.007784	9.3
1497	-0.819070	119.633810	0.007379	10.6
1498	-0.279837	119.588914	0.003764	9.7
1499	-1.237515	119.544062	0.011394	12.0
1500	-0.816677	119.499256	0.008252	10.8
1501	-1.299526	119.454494	0.008343	9.6
1502	-0.277722	119.409777	0.005841	9.4
1503	-1.004141	119.365104	0.009246	13.4
1504	-1.192684	119.320476	0.009990	10.3
1505	-1.158632	119.275893	0.008020	9.6
1506	-0.912941	119.231353	0.008229	9.2
1507	-1.143890	119.186859	0.008402	11.2
1508	-0.530182	119.142408	0.007215	10.4
1509	-1.070513	119.098002	0.010485	9.5
1510	-0.550783	119.053639	0.009507	9.3
1511	-0.330418	119.009321	0.007119	11.3
1512	-1.255661	118.965047	0.009983	9.5
1513	-0.259516	118.920816	0.007531	9.9
1514	-1.254411	118.876630	0.009018	9.5
1515	-1.281347	118.832487	0.010434	11.2
1516	-1.237310	118.788388	0.010278	10.7
1517	-0.285298	118.744332	0.006325	9.3
1518	-1.148126	118.700320	0.011151	9.3
1519	-0.448189	118.656352	0.006898	9.2
1520	-0.451900	118.612427	0.005308	11.2
1521	-0.283019	118.568545	0.005850	10.6
1522	-0.535231	118.524706	0.008169	9.8
1523	-0.852839	118.480911	0.013108	12.2
1524	-1.268081	118.437159	0.009067	10.6
1525	-0.778228	118.393450	0.007108	8.9
1526	-0.935101	118.349784	0.008902	9.2
1527	-0.838290	118.306160	0.007241	11.0
1528	-0.676789	118.262580	0.007705	9.2
1529	-0.760490	118.219042	0.006154	10.7
1530	-0.460146	118.175548	0.008295	9.7
1531	-1.113452	118.132095	0.008780	11.4
1532	-0.884787	118.088686	0.010917	10.2
1533	-1.129139	118.045319	0.008061	9.4
1534	-0.695158	118.001994	0.006693	9.6
1535	-0.166851	117.958712	0.003516	12.0
1536	-1.254519	117.915472	0.009710	9.2
1537	-1.146971	117.872274	0.010688	9.5
1538	-0.915969	117.829118	0.007976	9.4
1539	-1.154481	117.786005	0.009413	10.7
1540	-1.159310	117.742933	0.009764	10.8
1541	-0.755568	117.699904	0.007020	9.2
1542	-1.000407	117.656916	0.009134	9.9
1543	-1.212948	117.613971	0.011331	12.9
1544	-1.223547	117.571067	0.008239	11.2
1545	-0.092530	117.528205	0.003564	10.5
1546	-1.233390	117.485384	0.009743	9.5
1547	-1.003197	117.442605	0.008783	12.3
1548	-1.158158	117.399867	0.008283	10.7
1549	-0.912324	117.357171	0.008019	9.5
1550	-0.534783	117.314517	0.005966	8.7
1551	-0.789602	117.271903	0.009346	11.3
1552	-0.685705	117.229331	0.006611	9.3
1553	-0.934809	117.186800	0.011255	10.5
1554	-1.152578	117.144311	0.010436	9.8
1555	-0.679164	117.101862	0.007604	13.9
1556	-0.886868	117.059454	0.009093	10.5
1557	-0.590534	117.017087	0.006145	9.3
1558	-1.033085	116.974762	0.007670	9.2
1559	-0.801282	116.932476	0.006565	11.6
1560	-1.137139	116.890232	0.008546	9.4
1561	-0.362043	116.848028	0.006278	10.9
1562	-1.039126	116.805865	0.011167	9.3
1563	-0.879976	116.763743	0.010394	11.6
1564	-1.101373	116.721661	0.009184	10.3
1565	-0.139900	116.679619	0.003955	9.6
1566	-1.180797	116.637618	0.008981	9.3
1567	-1.112757	116.595657	0.009364	11.4
1568	-1.122914	116.553736	0.010181	9.5
1569	-1.241204	116.511855	0.008895	10.5
1570	-0.946056	116.470015	0.008381	9.4
1571	-1.336422	116.428214	0.008572	11.3
1572	-1.041731	116.386454	0.008943	10.6
1573	-1.261653	116.344733	0.008569	9.7
1574	-0.720525	116.303052	0.005699	9.8
1575	-0.586322	116.261412	0.007426	13.4
1576	-0.954114	116.219810	0.008521	9.8
1577	-0.807003	116.178249	0.011443	10.5
1578	-1.210225	116.136727	0.012488	11.4
1579	-0.880090	116.095245	0.007387	18.2
1580	-1.178237	116.053802	0.009328	9.3
1581	-1.145655	116.012398	0.008862	9.4
1582	-1.296252	115.971034	0.009845	9.4
1583	-0.074469	115.929710	0.002605	9.9
1584	-0.309892	115.888424	0.005990	10.5
1585	-0.880039	115.847178	0.008244	9.6
1586	-0.871799	115.805970	0.008033	9.5
1587	-1.168494	115.764802	0.010460	11.8
1588	-0.903482	115.723673	0.007759	9.4
1589	-0.898046	115.682583	0.007832	10.5
1590	-0.493971	115.641532	0.006074	9.6
1591	-0.040358	115.600519	0.001684	10.7
1592	-0.814839	115.559546	0.007339	10.5
1593	-0.815764	115.518610	0.008283	9.7
1594	-1.278089	115.477714	0.009751	9.5
1595	-1.328529	115.436856	0.008814	11.5
1596	-0.414143	115.396037	0.007221	8.3
1597	-1.086039	115.355256	0.008126	9.9
1598	-1.013464	115.314514	0.007985	9.4
1599	-1.138126	115.273810	0.007694	11.9
1600	-1.178048	115.233144	0.009778	10.5
1601	-1.100619	115.192517	0.008494	9.4
1602	-1.058077	115.151927	0.007856	9.5
1603	-1.143613	115.111376	0.009943	13.3
1604	-0.000000	115.070863	0.000000	9.3
1605	-1.154913	115.030388	0.010010	9.6
1606	-1.144455	114.989951	0.008675	10.3
1607	-1.233014	114.949551	0.008587	11.2
1608	-0.042194	114.909190	0.003833	10.4
1609	-0.848226	114.868866	0.007195	9.6
1610	-0.993658	114.828580	0.008163	9.5
1611	-0.819077	114.788332	0.005382	11.4
1612	-1.049570	114.748121	0.009673	9.3
1613	-1.194320	114.707948	0.009233	10.3
1614	-1.076986	114.667812	0.011339	9.4
1615	-1.061773	114.627714	0.008568	12.2
1616	-1.218239	114.587653	0.008944	10.3
1617	-1.233503	114.547629	0.010063	9.3
1618	-1.061264	114.507643	0.009909	9.8
1619	-0.853593	114.467693	0.007507	11.3
1620	-1.212387	114.427781	0.008673	9.2
1621	-0.949879	114.387907	0.009125	10.3
1622	-1.126996	114.348069	0.010886	9.5
1623	-0.676134	114.308268	0.006601	11.4
1624	-1.001631	114.268504	0.007535	10.5
1625	-1.051963	114.228777	0.008440	9.4
1626	-1.275335	114.189086	0.009099	9.4
1627	-0.943963	114.149433	0.008733	11.7
1628	-0.370778	114.109816	0.005063	9.5
1629	-0.772084	114.070235	0.006901	11.0
1630	-1.242225	114.030692	0.008024	9.4
1631	-1.216531	113.991185	0.010674	12.3
1632	-0.855047	113.951714	0.007765	10.3
1633	-1.155081	113.912280	0.009439	10.3
1634	-0.147759	113.872882	0.003364	9.6
1635	-0.512123	113.833521	0.006026	12.1
1636	-0.802150	113.794195	0.007071	9.8
1637	-1.275926	113.754906	0.009682	10.7
1638	-0.886271	113.715653	0.007161	9.8
1639	-1.163304	113.676437	0.010617	11.9
1640	-1.250622	113.637256	0.010891	10.5
1641	-0.997055	113.598111	0.007913	9.7
1642	-0.989704	113.559002	0.007869	9.4
1643	-0.324652	113.519929	0.004353	11.5
1644	-0.944731	113.480892	0.008165	9.3
1645	-1.076582	113.441891	0.010140	10.4
1646	-0.399677	113.402925	0.005511	9.8
1647	-1.274955	113.363995	0.009945	12.0
1648	-1.193116	113.325101	0.010864	10.5
1649	-1.182117	113.286242	0.012581	9.5
1650	-0.857686	113.247419	0.007715	9.3
1651	-0.201315	113.208631	0.004661	11.0
1652	-1.023160	113.169879	0.009086	9.6
1653	-0.499829	113.131162	0.005543	10.5
1654	-1.098872	113.092480	0.010417	9.8
1655	-0.694522	113.053833	0.006840	12.1
1656	-1.174914	113.015222	0.008555	10.6
1657	-0.000014	112.976646	0.000033	9.8
1658	-1.061047	112.938105	0.010059	9.3
1659	-0.540226	112.899599	0.007195	12.2
1660	-1.269999	112.861128	0.008956	10.2
1661	-1.265811	112.822692	0.011214	10.6
1662	-0.015000	112.784291	0.004071	9.5
1663	-1.126669	112.745924	0.009287	12.0
1664	-0.440380	112.707593	0.005339	10.2
1665	-1.048445	112.669296	0.008814	9.5
1666	-0.872831	112.631034	0.008062	9.2
1667	-0.452373	112.592806	0.008517	11.7
1668	-1.244361	112.554613	0.010007	9.3
1669	-0.168099	112.516455	0.004628	11.1
1670	-0.024139	112.478331	0.000892	9.3
1671	-1.119328	112.440241	0.009747	13.7
1672	-0.664528	112.402186	0.006344	16.5
1673	-0.860283	112.364165	0.008640	12.4
1674	-0.914097	112.326179	0.007263	12.0
1675	-1.023981	112.288227	0.010084	9.9
1676	-0.899167	112.250309	0.007406	10.0
1677	-1.082451	112.212425	0.008706	9.2
1678	-1.219111	112.174575	0.009453	11.6
1679	-1.214928	112.136759	0.010248	11.3
1680	-1.122826	112.098977	0.010289	9.7
1681	-1.279899	112.061229	0.011036	9.2
1682	-0.617448	112.023515	0.006161	12.4
1683	-0.947677	111.985834	0.008284	10.6
1684	-0.960030	111.948188	0.010924	10.0
1685	-1.097278	111.910575	0.007842	9.6
1686	-0.745121	111.872996	0.009296	13.8
1687	-1.051167	111.835450	0.008054	9.2
1688	-0.907626	111.797939	0.007884	9.3
1689	-1.169768	111.760460	0.008042	9.7
1690	-0.900600	111.723015	0.007987	10.9
1691	-1.087605	111.685604	0.009774	10.0
1692	-0.830817	111.648226	0.008499	9.4
1693	-0.229956	111.610881	0.004633	9.4
1694	-1.159779	111.573570	0.008920	11.8
1695	-1.189522	111.536292	0.010235	10.0
1696	-0.434117	111.499047	0.006134	10.0
1697	-0.835047	111.461835	0.006839	8.5
1698	-0.303847	111.424656	0.005616	11.5
1699	-1.169094	111.387510	0.008130	10.6
1700	-1.125756	111.350398	0.010073	8.4
1701	-0.947687	111.313318	0.009875	9.4
1702	-1.240476	111.276271	0.010396	11.0
1703	-1.142614	111.239257	0.009134	12.3
1704	-0.409925	111.202276	0.005372	9.3
1705	-1.235776	111.165328	0.008147	9.1
1706	-0.744359	111.128412	0.008010	12.4
1707	-0.645397	111.091529	0.006480	11.4
1708	-0.481520	111.054679	0.006124	9.4
1709	-0.995922	111.017861	0.008852	9.5
1710	-1.086187	110.981076	0.008342	13.7
1711	-0.184176	110.944323	0.003053	8.8
1712	-0.852979	110.907603	0.007659	9.6
1713	-1.179545	110.870915	0.007568	9.5
1714	-1.203658	110.834259	0.009004	10.3
1715	-1.021822	110.797636	0.008889	11.5
1716	-1.298944	110.761045	0.008942	9.2
1717	-0.856442	110.724486	0.008941	8.3
1718	-0.959845	110.687959	0.008233	10.5
1719	-1.240030	110.651465	0.009396	10.6
1720	-0.090849	110.615002	0.003305	9.6
1721	-1.107565	110.578572	0.009890	9.2
1722	-0.367968	110.542173	0.005647	11.4
1723	-0.236629	110.505807	0.006767	9.2
1724	-1.211390	110.469472	0.008184	10.2
1725	-0.794179	110.433169	0.010998	9.4
1726	-1.252275	110.396898	0.010335	11.3
1727	-0.779805	110.360659	0.006361	10.7
1728	-0.840848	110.324451	0.008874	10.1
1729	-1.206189	110.288276	0.010054	9.2
1730	-0.856211	110.252131	0.010236	12.2
1731	-1.110918	110.216019	0.008036	10.9
1732	-1.184189	110.179937	0.009629	10.0
1733	-0.713783	110.143888	0.008503	9.6
1734	-1.240952	110.107869	0.011030	10.8
1735	-0.599816	110.071882	0.007465	10.3
1736	-0.899103	110.035927	0.008648	9.5
1737	-1.070634	110.000003	0.007886	9.2
1738	-0.862165	109.964110	0.006907	11.1
1739	-1.223310	109.928248	0.010309	9.3
1740	-0.961338	109.892417	0.007805	10.5
1741	-1.080966	109.856618	0.008011	9.4
1742	-1.154218	109.820850	0.008820	11.9
1743	-1.029599	109.785112	0.009217	10.7
1744	-1.129458	109.749406	0.010222	9.7
1745	-1.191053	109.713730	0.007146	9.3
1746	-0.708101	109.678086	0.009322	11.6
1747	-0.780772	109.642472	0.009683	9.4
1748	-0.814470	109.606890	0.008149	9.8
1749	-1.215462	109.571337	0.008436	9.6
1750	-0.991953	109.535816	0.007172	11.0
1751	-1.026042	109.500326	0.009286	10.5
1752	-0.832720	109.464866	0.007961	10.0
1753	-1.088371	109.429436	0.008810	9.4
1754	-0.300844	109.394038	0.006658	12.2
1755	-1.212522	109.358669	0.010445	9.3
1756	-1.168757	109.323331	0.008909	11.3
1757	-1.204696	109.288024	0.009838	9.2
1758	-1.215675	109.252747	0.008195	12.3
1759	-1.176770	109.217501	0.011102	10.5
1760	-0.939964	109.182284	0.008249	9.5
1761	-1.141975	109.147098	0.007772	9.3
1762	-0.701537	109.111942	0.007511	11.2
1763	-0.591850	109.076817	0.005705	9.3
1764	-0.233239	109.041721	0.006263	11.2
1765	-1.161689	109.006656	0.010819	8.6
1766	-1.317065	108.971620	0.009112	11.9
1767	-0.035183	108.936615	0.003724	10.5
1768	-1.167813	108.901640	0.007806	9.8
1769	-0.967512	108.866694	0.008558	9.3
1770	-1.238423	108.831779	0.009849	11.5
1771	-0.892293	108.796893	0.008186	9.4
1772	-0.780924	108.762037	0.007669	10.4
1773	-0.370829	108.727211	0.008152	10.3
1774	-1.140604	108.692415	0.008233	12.0
1775	-1.031770	108.657648	0.008832	11.5
1776	-1.213446	108.622911	0.009215	10.0
1777	-1.060025	108.588203	0.007467	9.6
1778	-0.528217	108.553525	0.006885	12.6
1779	-0.235213	108.518877	0.009464	11.1
1780	-0.367159	108.484258	0.006102	9.3
1781	-1.183933	108.449668	0.007732	9.3
1782	-0.935952	108.415108	0.008786	12.8
1783	-1.267919	108.380578	0.008434	9.7
1784	-1.095761	108.346076	0.009449	9.4
1785	-0.067535	108.311604	0.002057	9.3
1786	-0.693214	108.277161	0.006034	11.1
1787	-1.177163	108.242747	0.010858	11.1
1788	-1.178577	108.208363	0.010580	9.4
1789	-1.184111	108.174007	0.009856	9.5
1790	-0.649331	108.139681	0.006708	13.2
1791	-0.885034	108.105383	0.009024	9.5
1792	-0.796870	108.071115	0.010635	15.9
1793	-1.287924	108.036875	0.008170	13.7
1794	-1.286894	108.002665	0.008995	15.7
1795	-1.099893	107.968483	0.008993	10.4
1796	-0.306349	107.934330	0.004277	17.9
1797	-0.435451	107.900206	0.006083	13.6
1798	-0.664270	107.866111	0.007966	13.6
1799	-1.192212	107.832044	0.008240	16.1
1800	-1.151091	107.798007	0.007540	15.3
1801	-0.031866	107.763997	0.006923	14.1
1802	-0.224231	107.730017	0.004752	16.9
1803	-1.087264	107.696065	0.009382	16.1
1804	-0.295495	107.662141	0.005650	16.8
1805	-1.091892	107.628246	0.009602	17.5
1806	-1.087098	107.594379	0.007427	17.9
1807	-1.159315	107.560541	0.010126	14.2
1808	-1.086698	107.526731	0.010310	18.2
1809	-0.345121	107.492949	0.008311	19.3
1810	-1.193247	107.459196	0.007903	13.5
1811	-0.082868	107.425471	0.003107	12.1
1812	-0.670945	107.391774	0.008493	9.8
1813	-0.969232	107.358106	0.008795	10.8
1814	-0.768377	107.324465	0.006633	10.3
1815	-0.671059	107.290853	0.008198	14.4
1816	-1.112020	107.257268	0.009817	10.4
1817	-1.223139	107.223712	0.007357	13.0
1818	-1.160471	107.190184	0.007201	19.1
1819	-1.187888	107.156683	0.007946	15.9
1820	-0.836321	107.123211	0.008017	16.1
1821	-1.231428	107.089766	0.008395	16.8
1822	-0.943036	107.056349	0.007460	15.8
1823	-0.991269	107.022960	0.011162	17.3
1824	-1.055998	106.989599	0.007550	17.1
1825	-0.508536	106.956265	0.005440	15.2
1826	-1.028606	106.922960	0.008613	17.1
1827	-1.332632	106.889681	0.010954	16.9
1828	-0.293144	106.856431	0.004171	16.4
1829	-0.651327	106.823208	0.007734	16.9
1830	-1.002595	106.790012	0.009165	19.2
1831	-0.838636	106.756844	0.009392	16.3
1832	-1.089931	106.723703	0.008837	26.3
1833	-1.085085	106.690590	0.008738	13.7
1834	-0.843038	106.657505	0.007421	9.8
1835	-0.461748	106.624446	0.005622	11.0
1836	-0.941401	106.591415	0.009350	14.7
1837	-0.810963	106.558411	0.006870	12.6
1838	-0.892864	106.525435	0.009166	10.1
1839	-0.914408	106.492485	0.007871	13.3
1840	-1.101815	106.459563	0.007549	12.3
1841	-0.961052	106.426668	0.009629	12.9
1842	-1.176070	106.393800	0.008298	11.5
1843	-1.225834	106.360959	0.009581	12.4
1844	-1.184557	106.328145	0.010767	12.6
1845	-1.207988	106.295358	0.011121	10.2
1846	-1.002337	106.262598	0.007809	14.0
1847	-1.202475	106.229865	0.009435	11.3
1848	-0.173293	106.197158	0.003451	16.0
1849	-0.529938	106.164479	0.006293	11.8
1850	-1.017414	106.131826	0.008145	9.9
1851	-0.862984	106.099201	0.009210	12.5
1852	-1.065708	106.066602	0.009176	12.2
1853	-1.167935	106.034029	0.009720	14.3
1854	-0.898967	106.001483	0.009288	10.1
1855	-1.258129	105.968964	0.009649	12.7
1856	-1.269123	105.936472	0.009774	12.5
1857	-1.003150	105.904006	0.008408	10.1
1858	-1.174197	105.871566	0.008279	11.6
1859	-0.491350	105.839153	0.007111	9.9
1860	-1.144531	105.806767	0.010404	13.8
1861	-1.178981	105.774407	0.010535	10.7
1862	-0.808681	105.742073	0.008869	9.9
1863	-0.599199	105.709766	0.006455	9.5
1864	-0.286610	105.677485	0.003520	12.4
1865	-0.611419	105.645230	0.007939	10.3
1866	-0.386884	105.613001	0.004946	8.4
1867	-0.666442	105.580799	0.007513	11.1
1868	-0.177804	105.548623	0.004963	13.2
1869	-0.816405	105.516473	0.011607	10.2
1870	-0.521759	105.484349	0.006281	11.3
1871	-1.263254	105.452251	0.009387	10.0
1872	-1.115042	105.420179	0.011772	14.6
1873	-1.176945	105.388133	0.011359	11.4
1874	-1.131503	105.356113	0.008953	11.7
1875	-0.250393	105.324119	0.004146	13.9
1876	-0.517384	105.292151	0.005080	13.4
1877	-0.742466	105.260209	0.006718	11.4
1878	-0.351505	105.228293	0.005998	12.2
1879	-1.059266	105.196402	0.008706	12.1
1880	-1.192837	105.164537	0.007918	11.6
1881	-0.413167	105.132698	0.005264	10.7
1882	-1.181659	105.100885	0.008827	10.0
1883	-0.992961	105.069097	0.007839	13.8
1884	-0.908623	105.037335	0.007518	11.9
1885	-1.107155	105.005598	0.009235	10.1
1886	-0.797122	104.973887	0.008643	11.0
1887	-1.248610	104.942202	0.010073	12.5
1888	-0.992884	104.910542	0.010127	12.6
1889	-0.891830	104.878907	0.007599	10.1
1890	-0.332225	104.847298	0.003760	17.0
1891	-1.346817	104.815715	0.009902	11.1
1892	-0.594680	104.784156	0.009060	11.5
1893	-1.220074	104.752623	0.009589	9.9
1894	-0.644127	104.721116	0.009526	14.7
1895	-0.881490	104.689633	0.007811	10.7
1896	-1.058777	104.658176	0.007336	12.0
1897	-0.912129	104.626744	0.009996	10.5
1898	-0.710196	104.595337	0.006591	12.4
1899	-0.979741	104.563955	0.008681	11.8
1900	-1.286391	104.532599	0.009816	13.4
1901	-1.185178	104.501267	0.009832	10.6
1902	-1.223660	104.469960	0.010336	12.7
1903	-1.199269	104.438679	0.009293	11.9
1904	-0.716822	104.407422	0.005471	11.0
1905	-1.119456	104.376191	0.010508	17.6
1906	-1.141400	104.344984	0.010785	10.6
1907	-1.219645	104.313802	0.010846	10.3
1908	-0.915141	104.282645	0.009060	11.7
1909	-0.773475	104.251513	0.007492	14.3
1910	-0.990204	104.220405	0.009424	10.1
1911	-0.064269	104.189323	0.005178	12.4
1912	-0.640887	104.158265	0.006651	10.2
1913	-0.057211	104.127231	0.001234	11.3
1914	-0.191654	104.096222	0.006157	12.1
1915	-0.489820	104.065238	0.007317	10.2
1916	-0.847312	104.034279	0.007357	9.9
1917	-1.110558	104.003344	0.008306	14.0
1918	-0.480623	103.972433	0.007519	11.6
1919	-0.805092	103.941547	0.006558	9.8
1920	-1.213810	103.910686	0.009317	10.6
1921	-0.455268	103.879849	0.008445	12.2
1922	-0.913947	103.849036	0.007257	9.9
1923	-0.767554	103.818248	0.007337	10.4
1924	-1.110804	103.787484	0.010666	9.4
1925	-0.659997	103.756744	0.007440	12.2
1926	-1.249125	103.726029	0.009436	12.1
1927	-0.790554	103.695338	0.012427	9.3
1928	-1.054317	103.664671	0.008747	10.1
1929	-0.905958	103.634028	0.009821	13.5
1930	-0.890746	103.603409	0.006254	11.8
1931	-1.266341	103.572814	0.009616	10.3
1932	-0.815163	103.542244	0.010443	10.9
1933	-0.268375	103.511698	0.004550	12.6
1934	-0.655286	103.481175	0.005309	14.2
1935	-0.372307	103.450677	0.005934	10.3
1936	-1.157040	103.420202	0.008720	10.3
1937	-1.224923	103.389752	0.008743	16.6
1938	-0.915605	103.359325	0.008135	12.7
1939	-0.148801	103.328922	0.005702	10.2
1940	-0.989114	103.298543	0.009919	13.7
1941	-1.244754	103.268188	0.010381	11.8
1942	-1.018217	103.237857	0.007787	12.5
1943	-0.883436	103.207549	0.009171	15.1
1944	-0.430944	103.177265	0.006108	9.9
1945	-1.020763	103.147005	0.010040	12.9
1946	-0.966573	103.116768	0.008888	10.3
1947	-0.657803	103.086556	0.008930	12.6
1948	-0.918098	103.056366	0.009933	11.7
1949	-0.510005	103.026200	0.008076	10.5
1950	-0.805518	102.996058	0.008183	10.4
1951	-1.093810	102.965939	0.011698	14.2
1952	-0.346513	102.935844	0.004148	11.6
1953	-0.503363	102.905772	0.007663	12.9
1954	-0.708624	102.875724	0.007096	18.6
1955	-0.912392	102.845699	0.009709	13.1
1956	-0.613693	102.815697	0.007174	12.6
1957	-0.796497	102.785719	0.007378	12.7
1958	-0.951828	102.755764	0.007029	14.5
1959	-1.180187	102.725832	0.009215	11.2
1960	-0.980361	102.695924	0.009314	10.7
1961	-0.455351	102.666038	0.005994	15.0
1962	-1.236812	102.636176	0.009262	11.8
1963	-1.107669	102.606337	0.008014	12.8
1964	-1.125132	102.576521	0.008792	15.1
1965	-0.292033	102.546728	0.006220	10.3
1966	-1.175585	102.516959	0.007806	11.6
1967	-1.228667	102.487212	0.011120	15.3
1968	-0.084843	102.457488	0.006563	12.7
1969	-1.166422	102.427788	0.008867	11.4
1970	-1.005012	102.398110	0.010031	14.0
1971	-0.091986	102.368455	0.003886	10.5
1972	-1.089425	102.338823	0.011322	12.2
1973	-1.048852	102.309214	0.007987	9.6
1974	-0.986378	102.279628	0.008787	14.5
1975	-1.056157	102.250064	0.008422	10.8
1976	-0.577732	102.220524	0.005955	9.6
1977	-1.190434	102.191006	0.009904	11.3
1978	-1.255924	102.161511	0.009590	12.4
1979	-0.411039	102.132038	0.004860	9.7
1980	-0.417989	102.102588	0.005059	11.1
1981	-1.050804	102.073161	0.009442	9.5
1982	-1.100564	102.043757	0.008661	17.1
1983	-1.138807	102.014375	0.007837	11.6
1984	-0.543187	101.985015	0.008947	15.1
1985	-0.436736	101.955678	0.005626	20.7
1986	-0.945116	101.926364	0.009009	10.2
1987	-0.893585	101.897072	0.006547	12.3
1988	-0.759904	101.867802	0.008481	12.3
1989	-0.082606	101.838555	0.004843	18.5
1990	-0.377722	101.809330	0.004771	14.9
1991	-0.973954	101.780128	0.007246	15.5
1992	-0.663549	101.750948	0.006216	14.4
1993	-1.156403	101.721790	0.008881	12.7
1994	-0.706680	101.692654	0.007016	15.9
1995	-1.188333	101.663541	0.009505	14.7
1996	-0.822879	101.634450	0.008295	13.1
1997	-0.798717	101.605381	0.007100	15.8
1998	-0.393218	101.576335	0.004723	13.8
1999	-0.391371	101.547310	0.006755	10.7
